#Date  :
#Flux  :
#Fluxerr  :
#ZP  :
#end  :
@INSTRUMENT  PS
@BAND  PS_z
@MAGSYS  AB
54892.1477625  0.0  2.5435883088154636  25.0
54897.134107499995  0.0  2.5435883088154636  25.0
54902.12045249999  0.0  2.5435883088154636  25.0
54907.10679749999  0.0  2.5435883088154636  25.0
54912.09314249999  0.0  2.5435883088154636  25.0
54917.079487499985  0.0  2.5435883088154636  25.0
54922.06583249998  0.0  2.5435883088154636  25.0
54927.05217749998  0.0  2.5435883088154636  25.0
54932.03852249998  0.0  2.5435883088154636  25.0
54937.024867499975  0.0  2.5435883088154636  25.0
54942.01121249997  0.0  2.5435883088154636  25.0
54946.99755749997  0.0  2.5435883088154636  25.0
54951.98390249997  0.0  2.5435883088154636  25.0
54956.970247499965  0.0  2.5435883088154636  25.0
54961.95659249996  0.0  2.5435883088154636  25.0
54966.94293749996  0.0  2.5435883088154636  25.0
54971.92928249996  0.0  2.5435883088154636  25.0
54976.915627499955  0.0  2.5435883088154636  25.0
54981.90197249995  0.0  2.5435883088154636  25.0
54986.88831749995  0.0  2.5435883088154636  25.0
54991.87466249995  0.0  2.5435883088154636  25.0
54996.861007499945  0.0  2.5435883088154636  25.0
55001.84735249994  0.0  2.5435883088154636  25.0
55006.83369749994  0.0  2.5435883088154636  25.0
55011.82004249994  0.0  2.5435883088154636  25.0
55016.806387499935  0.0  2.5435883088154636  25.0
55021.79273249993  0.0  2.5435883088154636  25.0
55026.77907749993  0.0  2.5435883088154636  25.0
55031.76542249993  0.0  2.5435883088154636  25.0
55036.751767499925  0.0  2.5435883088154636  25.0
55041.73811249992  0.0  2.5435883088154636  25.0
55046.72445749992  0.0  2.5435883088154636  25.0
55051.71080249992  0.0  2.5435883088154636  25.0
55056.697147499915  0.0  2.5435883088154636  25.0
55061.68349249991  0.0  2.5435883088154636  25.0
55066.66983749991  0.0  2.5435883088154636  25.0
55071.65618249991  0.0  2.5435883088154636  25.0
55076.642527499906  0.0  2.5435883088154636  25.0
55081.6288724999  0.0  2.5435883088154636  25.0
55086.6152174999  0.0  2.5435883088154636  25.0
55091.6015624999  0.0  2.5435883088154636  25.0
55096.587907499896  0.0  2.5435883088154636  25.0
55101.57425249989  0.0  2.5435883088154636  25.0
55106.56059749989  0.0  2.5435883088154636  25.0
55111.54694249989  0.0  2.5435883088154636  25.0
55116.533287499886  0.0  2.5435883088154636  25.0
55121.51963249988  0.0  2.5435883088154636  25.0
55126.50597749988  0.0  2.5435883088154636  25.0
55131.49232249988  0.0  2.5435883088154636  25.0
55136.478667499876  0.0  2.5435883088154636  25.0
55141.46501249987  0.0  2.5435883088154636  25.0
55146.45135749987  0.0  2.5435883088154636  25.0
55151.43770249987  0.0  2.5435883088154636  25.0
55156.424047499866  0.0  2.5435883088154636  25.0
55161.41039249986  0.0  2.5435883088154636  25.0
55166.39673749986  0.0  2.5435883088154636  25.0
55171.38308249986  0.0  2.5435883088154636  25.0
55176.369427499856  0.0  2.5435883088154636  25.0
55181.35577249985  0.0  2.5435883088154636  25.0
55186.34211749985  0.0  2.5435883088154636  25.0
55191.32846249985  0.0  2.5435883088154636  25.0
55196.314807499846  0.0  2.5435883088154636  25.0
55201.301152499844  0.0  2.5435883088154636  25.0
55206.28749749984  0.0  2.5435883088154636  25.0
55211.27384249984  0.0  2.5435883088154636  25.0
55216.260187499836  0.0  2.5435883088154636  25.0
55221.246532499834  0.0  2.5435883088154636  25.0
55226.23287749983  0.0  2.5435883088154636  25.0
55231.21922249983  0.0  2.5435883088154636  25.0
55236.20556749983  0.0  2.5435883088154636  25.0
55241.191912499824  0.0  2.5435883088154636  25.0
55246.17825749982  0.0  2.5435883088154636  25.0
55251.16460249982  0.0  2.5435883088154636  25.0
55256.15094749982  0.0  2.5435883088154636  25.0
55261.137292499814  0.0  2.5435883088154636  25.0
55266.12363749981  0.0  2.5435883088154636  25.0
55271.10998249981  0.0  2.5435883088154636  25.0
55276.09632749981  0.0  2.5435883088154636  25.0
55281.082672499804  0.0  2.5435883088154636  25.0
55286.0690174998  0.0  2.5435883088154636  25.0
55291.0553624998  0.0  2.5435883088154636  25.0
55296.0417074998  0.0  2.5435883088154636  25.0
55301.028052499794  0.0  2.5435883088154636  25.0
55306.01439749979  0.0  2.5435883088154636  25.0
55311.00074249979  0.0  2.5435883088154636  25.0
55315.98708749979  0.0  2.5435883088154636  25.0
55320.973432499784  0.0  2.5435883088154636  25.0
55325.95977749978  0.0  2.5435883088154636  25.0
55330.94612249978  0.0  2.5435883088154636  25.0
55335.93246749978  0.0  2.5435883088154636  25.0
55340.918812499775  0.0  2.5435883088154636  25.0
55345.90515749977  0.0  2.5435883088154636  25.0
55350.89150249977  0.0  2.5435883088154636  25.0
55355.87784749977  0.0  2.5435883088154636  25.0
55360.864192499765  0.0  2.5435883088154636  25.0
55365.85053749976  0.0  2.5435883088154636  25.0
55370.83688249976  0.0  2.5435883088154636  25.0
55375.82322749976  0.0  2.5435883088154636  25.0
55380.809572499755  0.0  2.5435883088154636  25.0
55385.79591749975  0.0  2.5435883088154636  25.0
55390.78226249975  0.0  2.5435883088154636  25.0
55395.76860749975  0.0  2.5435883088154636  25.0
55400.754952499745  0.0  2.5435883088154636  25.0
55405.74129749974  0.0  2.5435883088154636  25.0
55091.6015625  -0.6044753854313402  2.345729714674802  25.0
55094.6015625  -0.8005665421852068  8.378209084357945  25.0
55097.6015625  -7.353566616766519  3.701969806187239  25.0
55103.5  -5.543282592192139  3.087282352201022  25.0
55172.30078125  -1.9687671777698543  2.5435883088154636  25.0
55181.30078125  0.16820440998795153  2.0857148968674566  25.0
55184.30078125  -0.17154296005658096  2.191763200243759  25.0
55187.30078125  2.9682725916041504  2.4008160015062514  25.0
55199.19921875  1.2765074456312218  1.953940144221017  25.0
55200.30078125  0.2615858368451523  2.329527986793118  25.0
55202.30078125  0.42370228468777416  2.2274073012443534  25.0
55205.30078125  2.143845176477074  2.233397147859217  25.0
55211.19921875  -1.0633307486582457  2.7532301310148504  25.0
55214.19921875  -2.4560985662206463  2.1819440620308868  25.0
55406.6015625  0.19108334335642602  21.509640704102118  25.0
55424.6015625  2.6464944804721244  2.2136603579158876  25.0
55427.6015625  4.804381391678196  2.0895445630415774  25.0
55439.6015625  20.411256186396564  2.2161151424691057  25.0
55442.6015625  16.904297821318934  2.1793909512481395  25.0
55445.6015625  20.689043329725276  2.1977530468586224  25.0
55448.6015625  14.379266762268562  2.6624017915293896  25.0
55451.6015625  11.829787120355821  2.7299584662979313  25.0
55454.6015625  9.971585446590868  2.254410305905864  25.0
55457.6015625  10.607286058623734  2.74036700002381  25.0
55466.5  6.075880754685397  3.6996129732874374  25.0
55472.6015625  10.028733774921589  2.2942766288464718  25.0
55475.6015625  7.363778310745283  2.81911750733807  25.0
55478.6015625  8.899810066764541  2.5116757350475165  25.0
55481.6015625  6.255770183557579  3.503914559587519  25.0
55484.6015625  4.497823057148955  2.514523262654683  25.0
55487.30078125  25.700119566037824  5.206088426574382  25.0
55499.5  2.946375621220078  2.299480802065383  25.0
55502.3984375  -0.7728761435352587  2.1309818581979774  25.0
55508.5  0.6508223901602184  2.246849487075208  25.0
55511.5  0.16594597355070054  2.176150680587025  25.0
55535.30078125  0.30901300202742304  2.5565497660360332  25.0
55568.30078125  4.136768018589329  2.824125402674035  25.0
55586.30078125  1.2253489639153665  2.3416056316762623  25.0
55589.30078125  -1.388643734563861  2.895904486670646  25.0
55799.6015625  -7.567725265018393  3.368703071108963  25.0
55811.5  1.7747380625152576  2.109870373921801  25.0
55823.6015625  0.07659044392855247  2.5979872484804893  25.0
55827.6015625  0.9806523425843636  4.098865410918462  25.0
55832.5  -9.28747536693173  7.0845183341422535  25.0
55838.5  0.2995864898134639  23.647300130657495  25.0
55842.5  -5.749880421613358  5.70392630040447  25.0
55851.6015625  -2.8130297090697893  2.49822320854347  25.0
55854.6015625  -0.6905905273373388  2.5507563845921717  25.0
55857.5  -4.6189931854746265  2.5871859717006624  25.0
55862.3984375  0.26335329764295407  2.6732030683092165  25.0
55870.30078125  -0.9426516896160521  7.541311655869889  25.0
55878.5  -0.6840116129635669  2.420749069332527  25.0
55880.3984375  1.423305790641529  2.272772401516347  25.0
55883.3984375  4.505383875979612  6.063508505689777  25.0
55889.30078125  3.787004951516894  2.297222482683167  25.0
55891.3984375  0.33788170007223667  2.040939004820413  25.0
55894.30078125  30.31469649914617  5.200392996783937  25.0
55897.19921875  -1.8599694857278588  2.45943716311129  25.0
55899.30078125  -30.47425992985007  26.194718854799305  25.0
55905.19921875  -1.8866780735649507  5.964039069865232  25.0
55910.3984375  6.808301413877111  4.058410067040961  25.0
55919.30078125  7.889503376150419  3.857507292834075  25.0
55921.30078125  0.11910796977136606  3.082078178982111  25.0
56144.6015625  0.7050248646542421  3.118213161978127  25.0
56155.6015625  -1.7281947330814194  2.283279074183699  25.0
56157.6015625  18.523988904606664  4.314398753503183  25.0
56160.6015625  0.2751364554686582  2.342587582955161  25.0
56163.6015625  0.43028119906154605  2.3782314966676994  25.0
56165.6015625  -0.3357214493984727  2.136971704812841  25.0
56170.6015625  -2.9821178611621453  2.3905056067218458  25.0
56196.6015625  0.4494288276019394  2.03612757465545  25.0
56205.6015625  -1.7584381956921007  2.2453766538008884  25.0
56208.6015625  -0.0712880322713884  2.2795477342391073  25.0
56211.5  -0.7376249260546544  2.2974187605661127  25.0
56214.5  0.14267425030626385  2.70442829491074  25.0
56216.6015625  -4.5414207200341545  3.079328790316418  25.0
56219.5  -0.6958929331417512  2.3444531592834283  25.0
56222.5  -3.418584997433445  2.5154070749921082  25.0
56224.5  -1.1083030122322632  2.2553922571847624  25.0
56226.5  -2.4386200956595325  2.525619143546985  25.0
56232.5  2.779644114739467  2.4103407228947047  25.0
56234.3984375  0.41731974184097637  2.3032121420099743  25.0
56237.5  0.48772403786071217  2.5646997930916395  25.0
56251.3984375  -1.1976585184434043  2.991249652208594  25.0
56262.30078125  -0.5449705051329042  6.440962111878202  25.0
56270.30078125  9.606209672573645  3.5369075981519495  25.0
56273.3984375  -1.8202996279582535  3.2516574003579444  25.0
56275.30078125  7.831471048194218  5.918674156881295  25.0
56289.30078125  -0.047328967713280184  2.3055687876217195  25.0
56292.30078125  2.137757190920737  2.349951936614815  25.0
56294.30078125  -6.968650705265023  3.9825067127577545  25.0
56300.19921875  -3.714243916241385  2.3328663963957053  25.0
56303.30078125  2.606628157531517  2.9550165302711053  25.0
56315.30078125  -2.2596144791247754  3.2392847767862123  25.0
56327.19921875  1.0861114377357157  3.7556813986858413  25.0
56335.19921875  0.679592925852552  2.3999321891688257  25.0
56498.6015625  -1.6241103322629138  3.028857655766986  25.0
56506.6015625  0.33395398860067094  2.1741867780292283  25.0
56511.6015625  9.566441675862565  2.84474600495479  25.0
56517.6015625  -1.0360330462402316  2.4188834930042593  25.0
56519.6015625  -0.8039051390758504  2.020711332881662  25.0
56521.6015625  0.9874275816630955  2.126170428033014  25.0
56525.6015625  0.3856034459559755  2.4693546275536913  25.0
56536.6015625  -3.2945673415006076  2.2192572741887466  25.0
56544.5  -0.21003456525333478  2.96355930038066  25.0
56549.6015625  2.2144458440237837  2.142077739090279  25.0
56554.5  0.1375682277343291  3.673788572363884  25.0
56562.6015625  -3.167407741136185  2.9178995959961913  25.0
56568.6015625  0.24764245175669122  6.892256656274451  25.0
56573.5  -3.443428008942269  2.1936289638600828  25.0
56589.5  1.2896652743787655  2.08021611953607  25.0
56592.5  0.5166909450800198  2.5957287418102175  25.0
56595.5  -2.329135056451114  2.5013655275511675  25.0
56600.3984375  0.5543969939358563  3.4232982886569348  25.0
56608.3984375  3.196865530350914  2.76884283795964  25.0
56618.5  -0.9937119387464063  2.5706896397065035  25.0
56621.3984375  0.4349944434630221  2.24645674402126  25.0
56624.30078125  -0.18961045155458886  2.7488114439038354  25.0
56629.30078125  -2.2920181221761995  2.8680176696717092  25.0
56632.19921875  -3.696176237455321  2.6714354436343655  25.0
56643.30078125  1.3853051376732173  2.2930983996846273  25.0
56648.3984375  -0.9648432641125997  2.731922368855728  25.0
56651.3984375  0.807636479020442  3.086889609147074  25.0
56662.30078125  1.046048743268134  2.074717342204684  25.0
56673.19921875  6.31743515065273  4.842676555114955  25.0
