53678.08079059142    28.71498971760363     14.520112743517245    25    
53678.58079059142    35.151070944067435    13.74862673871517     25    
53679.08079059142    42.34387582504487     14.445981692422054    25    
53679.58079059142    50.332457529649105    20.092922739875533    25    
53680.08079059142    59.12762550324881     25.566055077852273    25    
53680.58079059142    68.77999507441793     27.026537275205754    25    
53681.08079059142    79.29086129099359     26.59979432672292     25    
53681.58079059142    90.71830611715235     26.550688954283533    25    
53682.08079059142    103.05820572705738    26.603768496682893    25    
53682.58079059142    116.3720131966303     26.627220835275672    25    
53683.08079059142    130.65428135021844    26.62223817328359     25    
53683.58079059142    145.96573885163014    26.587686493797158    25    
53684.08079059142    162.30371069925488    26.52038859711784     25    
53684.58079059142    179.72796930376555    26.444450793735932    25    
53685.08079059142    198.28995318585947    26.375849968106007    25    
53685.58079059142    217.85933814465804    26.27886116672734     25    
53686.08079059142    238.75556550344552    26.079020620811846    25    
53686.58079059142    259.88691335247614    25.952232812277906    25    
53687.08079059142    280.6942338009444     26.10330239433693     25    
53687.58079059142    300.42159906468225    26.358014583063273    25    
53688.08079059142    317.61351396632773    26.548862130244114    25    
53688.58079059142    332.1613944807814     26.698562938109255    25    
53689.08079059142    342.2419714962994     26.70531667099022     25    
53689.58079059142    348.33079415346765    26.61447618761885     25    
53690.08079059142    351.12146147906736    26.629625985343313    25    
53690.58079059142    350.577170441402      26.731135253816717    25    
53691.08079059142    348.67771197332246    26.898777030457794    25    
53691.58079059142    345.288342286881      27.15631076983586     25    
53692.08079059142    342.12236735849916    27.297590277501403    25    
53692.58079059142    339.4437393338628     27.546674721291485    25    
53693.08079059142    337.36197948229704    26.555115705195917    25    
53693.58079059142    336.11245755020195    22.65287875655275     25    
53694.08079059142    335.29840348430037    18.677339707755415    25    
53694.58079059142    334.808890616721      18.345681838533757    25    
53695.08079059142    334.4631449824163     19.181369507582897    25    
53695.58079059142    334.0768639395597     19.16996188595457     25    
53696.08079059142    333.4991598467225     19.040723778316114    25    
53696.58079059142    332.35584659588227    18.86692058496819     25    
53697.08079059142    330.5943941971321     18.680884964248662    25    
53697.58079059142    327.6772097653273     18.735826346813887    25    
53698.08079059142    323.64010361788183    18.959019095621777    25    
53698.58079059142    317.9020123774877     19.002192740643032    25    
53699.08079059142    310.48488335153155    18.888063726903418    25    
53699.58079059142    301.7278737158821     18.511270282069752    25    
53700.08079059142    291.5304155314347     17.759209603687864    25    
53700.58079059142    280.7562482933809     17.294938109614368    25    
53701.08079059142    269.4330933458232     17.413607067999514    25    
53701.58079059142    258.2344285404223     17.535836057391144    25    
53702.08079059142    247.41456854557603    17.43059718671369     25    
53702.58079059142    237.1785945915499     17.247396822554563    25    
53703.08079059142    227.78729922285413    16.960021502395353    25    
53703.58079059142    219.23872768120592    16.70420787919375     25    
53704.08079059142    211.6562520081142     16.750648304295783    25    
53704.58079059142    205.06157713107035    16.91744979476742     25    
53705.08079059142    199.62909109103362    16.978547316418574    25    
53705.58079059142    195.30803573577268    16.927193679949692    25    
53706.08079059142    192.05952329103408    16.338670009739708    25    
53706.58079059142    189.87512504381777    15.25799249710188     25    
53707.08079059142    188.4969029705938     14.838479828176323    25    
53707.58079059142    187.94683025262216    15.173766161276939    25    
53708.08079059142    187.97610089444024    15.402756994329435    25    
53708.58079059142    188.5902302801262     15.436785590398541    25    
53709.08079059142    189.58607524832018    15.364567984505126    25    
53709.58079059142    190.94062757044688    15.111319115296487    25    
53710.08079059142    192.50211265906898    14.948316307428849    25    
53710.58079059142    194.21566343360632    15.098972650783127    25    
53711.08079059142    195.9727262929908     15.304215649869683    25    
53711.58079059142    197.65096580098677    15.390767908495421    25    
53712.08079059142    199.23921845756027    15.415175101915105    25    
53712.58079059142    200.6355894512058     15.31313744005656     25    
53713.08079059142    201.8612017803361     15.177573242605689    25    
53713.58079059142    202.89539390586668    15.31821769284352     25    
53714.08079059142    203.73942587229848    15.629854114597453    25    
53714.58079059142    204.37525123000822    15.77787413034015     25    
53715.08079059142    204.8043898703614     15.794163825446901    25    
53715.58079059142    204.9910935596492     15.682295176656435    25    
53716.08079059142    204.94030194636093    15.401436771587585    25    
53716.58079059142    204.59794732068872    15.319054683544717    25    
53717.08079059142    203.96452155129893    15.564763042560447    25    
53717.58079059142    202.99275371345874    15.791204291322755    25    
53718.08079059142    201.6745302224372     15.91254507121498     25    
53718.58079059142    199.97478738365754    15.912433318795516    25    
53719.08079059142    197.87481288901446    15.599761291935119    25    
53719.58079059142    195.35356168226718    15.35945045054832     25    
53720.08079059142    192.38248449399921    15.762983089276075    25    
53720.58079059142    188.9517291045121     16.352253036216887    25    
53721.08079059142    185.01053666400534    16.555652782391835    25    
53721.58079059142    180.57904256491983    16.541417377730447    25    
53722.08079059142    175.67102609680404    16.334888746181445    25    
53722.58079059142    170.29799382333374    15.96089904380557     25    
53723.08079059142    164.60892404103976    15.849644004663284    25    
53723.58079059142    158.59047892352734    15.994800515704405    25    
53724.08079059142    152.39595424398814    16.160514427424143    25    
53724.58079059142    146.01154317593353    16.369175638560165    25    
53725.08079059142    139.61140327091817    16.384136720242044    25    
53725.58079059142    133.1907178444176     16.340162286640894    25    
53726.08079059142    126.9451485222178     15.383337224637609    25    
53726.58079059142    120.92014195210798    11.95421406801551     25    
53727.08079059142    115.25989381291964    7.556099034073171     25    
53727.58079059142    110.10000693701039    6.591864081098443     25    
53728.08079059142    105.44124775365691    7.380462703817523     25    
53728.58079059142    101.40417641369586    7.224353309652145     25    
53729.08079059142    97.89628149531822     6.995148869722428     25    
53729.58079059142    94.78749050623297     6.879187551232415     25    
53730.08079059142    92.07036042774027     6.846612589196018     25    
53730.58079059142    89.56079765773885     6.9150062356857305    25    
53731.08079059142    87.27525767200282     7.070643470681753     25    
53731.58079059142    85.07303218446714     7.081770119287196     25    
53732.08079059142    82.95691503063537     6.939197237878244     25    
53732.58079059142    80.90965993272047     6.806171597856126     25    
53733.08079059142    78.92963079975503     6.727074237602937     25    
53733.58079059142    77.0055529851776      6.544131964335963     25    
53734.08079059142    75.13461602568007     6.117722828872133     25    
53734.58079059142    73.31150127874393     5.766483995590139     25    
53735.08079059142    71.52990088203154     5.781264593185703     25    
53735.58079059142    69.79632825977187     5.87047157139794      25    
53736.08079059142    68.11326486031284     5.8105089904401845    25    
53736.58079059142    66.48354129120041     5.703436007047753     25    
53737.08079059142    64.91299095408534     5.5871403260734605    25    
53737.58079059142    63.40235973747786     5.463545006960263     25    
53738.08079059142    61.958720266905395    5.381732698064277     25    
53738.58079059142    60.581840146699925    5.334047514181215     25    
53739.08079059142    59.2795054294811      5.310249460902452     25    
53739.58079059142    58.05103514957489     5.311055821113514     25    
53740.08079059142    56.904399072520704    5.417057108289482     25    
53740.58079059142    55.83899737681099     5.643738279728215     25    
53741.08079059142    54.86245382673259     5.802745084197518     25    
53741.58079059142    53.97477945911647     5.803948090051418     25    
53742.08079059142    53.18272232282488     5.971477590722678     25    