56048.37075267147    3.582942647748871     1.0242511941111567     25    
56048.87075267147    4.1255528845170435    1.0265417746522214     25    
56049.37075267147    4.7048703044666755    1.0320563577028856     25    
56049.87075267147    5.319925205856293     1.0677754023687198     25    
56050.37075267147    5.970990796210114     1.1476562943753965     25    
56050.87075267147    6.6575519334435835    1.228439732729088      25    
56051.37075267147    7.378829153109112     1.2698845374873151     25    
56051.87075267147    8.135204481594485     1.2806601430089608     25    
56052.37075267147    8.925863720657693     1.2845825249774687     25    
56052.87075267147    9.750344468007608     1.295851752286414      25    
56053.37075267147    10.608883919170415    1.307552751812084      25    
56053.87075267147    11.5004969228129      1.319111670126706      25    
56054.37075267147    12.425161129052059    1.3304069734644302     25    
56054.87075267147    13.382719087438185    1.3416893531200018     25    
56055.37075267147    14.372220380432505    1.353291670176063      25    
56055.87075267147    15.393969114742696    1.364896256942632      25    
56056.37075267147    16.447399964898068    1.3773663867927048     25    
56056.87075267147    17.532654611283327    1.394432221819025      25    
56057.37075267147    18.65122043077326     1.419119335950732      25    
56057.87075267147    19.795206317316786    1.4301292020632395     25    
56058.37075267147    20.972504301572137    1.4022783239975658     25    
56058.87075267147    22.177814949621247    1.3478453811022986     25    
56059.37075267147    23.350236824252146    1.3187087918192855     25    
56059.87075267147    24.49913373108854     1.3428813656989658     25    
56060.37075267147    25.60042163875913     1.388729466786457      25    
56060.87075267147    26.57734663878713     1.423408196415305      25    
56061.37075267147    27.453208089384216    1.4488712146602023     25    
56061.87075267147    28.18763757965102     1.4695033131700588     25    
56062.37075267147    28.71895930073053     1.482942753151044      25    
56062.87075267147    29.061209497656325    1.4882088245179586     25    
56063.37075267147    29.24891560756851     1.4955666462397101     25    
56063.87075267147    29.281961990935745    1.5126363089187422     25    
56064.37075267147    29.164251050035258    1.5343265113289961     25    
56064.87075267147    28.975534169062133    1.5541324325437296     25    
56065.37075267147    28.710449103120062    1.5758187641824488     25    
56065.87075267147    28.38797991737172     1.5925966563373575     25    
56066.37075267147    28.077129957308237    1.5899559524173472     25    
56066.87075267147    27.770204672731662    1.568008999618563      25    
56067.37075267147    27.463356051451356    1.5317597642954797     25    
56067.87075267147    27.166904772916872    1.4778968297265114     25    
56068.37075267147    26.88056672578462     1.3999096098538815     25    
56068.87075267147    26.579136137128355    1.3370903288049631     25    
56069.37075267147    26.254515074331305    1.3262960221123719     25    
56069.87075267147    25.909839138741336    1.3451226740311197     25    
56070.37075267147    25.521591776264614    1.3536880713072759     25    
56070.87075267147    25.08315397673229     1.343110863068007      25    
56071.37075267147    24.60411998527584     1.3260433684897686     25    
56071.87075267147    24.089465797869003    1.3076042490543944     25    
56072.37075267147    23.532002970042093    1.2838936322387804     25    
56072.87075267147    22.951668363712493    1.2643130770887103     25    
56073.37075267147    22.36410946140757     1.262202472028463      25    
56073.87075267147    21.761072199607575    1.2747212560176269     25    
56074.37075267147    21.164538223720964    1.280547704027984      25    
56074.87075267147    20.585047055513915    1.2714488622746538     25    
56075.37075267147    20.01615178657953     1.2519917736991786     25    
56075.87075267147    19.46240385063139     1.2133738301884982     25    
56076.37075267147    18.927236808154518    1.1376379467356916     25    
56076.87075267147    18.40433302590974     1.0505280023905375     25    
56077.37075267147    17.886423989172133    1.0008113902442297     25    
56077.87075267147    17.376641039639903    0.9933932554525965     25    
56078.37075267147    16.868973083341263    0.9963209918251222     25    
56078.87075267147    16.357266707980266    0.9863691154776626     25    
56079.37075267147    15.844029493361328    0.9731062040736282     25    
56079.87075267147    15.330128732618169    0.957390929537804      25    
56080.37075267147    14.813791945397734    0.9351970866078569     25    
56080.87075267147    14.297225140911733    0.910844106047414      25    
56081.37075267147    13.78748355354013     0.8987272384410753     25    
56081.87075267147    13.282926647133456    0.9061036227725673     25    
56082.37075267147    12.786755426093448    0.9183442185088835     25    
56082.87075267147    12.305147345470797    0.9214631437825884     25    
56083.37075267147    11.836467240255722    0.9218289066346054     25    
56083.87075267147    11.381713815543845    0.907415804184242      25    
56084.37075267147    10.942703091267148    0.8570864370044825     25    
56084.87075267147    10.518712893584969    0.772252576205816      25    
56085.37075267147    10.107379582371069    0.7010559320695466     25    
56085.87075267147    9.708494919677301     0.6820485983773404     25    
56086.37075267147    9.321852994576004     0.6891838249410769     25    
56086.87075267147    8.945125164885393     0.6896355629732762     25    
56087.37075267147    8.578169962557268     0.6835961438696929     25    
56087.87075267147    8.221499361114885     0.6734432475638656     25    
56088.37075267147    7.874956900343976     0.6523796802261161     25    
56088.87075267147    7.538095723097105     0.6174540070565808     25    
56089.37075267147    7.21307053507968      0.5834903267405248     25    
56089.87075267147    6.900998612233232     0.5647536551957516     25    
56090.37075267147    6.601306071912855     0.5559036138028468     25    
56090.87075267147    6.316331540204555     0.5502359161557523     25    
56091.37075267147    6.047019626853826     0.5470535358338591     25    
56091.87075267147    5.792495506172216     0.5461685108232056     25    
56092.37075267147    5.552437271564052     0.5429946930619093     25    
56092.87075267147    5.3279030490276025    0.539265544620902      25    
56093.37075267147    5.116430301602877     0.5314339300874892     25    
56093.87075267147    4.915469566239957     0.5117121496161753     25    
56094.37075267147    4.726337761758779     0.47696974416781013    25    
56094.87075267147    4.546015747152731     0.44601041669464825    25    
56095.37075267147    4.37285360639982      0.4400150719190363     25    
56095.87075267147    4.207672217765808     0.4494197713492455     25    
56096.37075267147    4.047804817430505     0.45031556465141087    25    
56096.87075267147    3.8930168957071603    0.43100344233117827    25    
56097.37075267147    3.7432209312417206    0.4038454491170357     25    
56097.87075267147    3.596870196951677     0.38489432491145864    25    
56098.37075267147    3.4544734988187806    0.3762896086523069     25    
56098.87075267147    3.3151135928010076    0.3717591621021551     25    
56099.37075267147    3.177371659572993     0.3675093452121001     25    
56099.87075267147    3.0415121016435505    0.36541007836963263    25    
56100.37075267147    2.908666755842819     0.36182863132522486    25    
56100.87075267147    2.778399474665357     0.3527732285019132     25    
56101.37075267147    2.6511731794789437    0.340441528396945      25    
56101.87075267147    2.5316063972812013    0.3309443792997306     25    
56102.37075267147    2.4192203544728246    0.32572237840383117    25    
56102.87075267147    2.3153937860964025    0.32382484598246775    25    
56103.37075267147    2.2246854975436596    0.32673147616149745    25    
56103.87075267147    2.1468204920557614    0.33708858539427833    25    
56104.37075267147    2.0809032802276612    0.34617990493219464    25    
56104.87075267147    2.027826642394082     0.3441689899973474     25    
56105.37075267147    1.9882648414474882    0.33260388334592694    25    
56105.87075267147    1.954845954704839     0.32537730272468       25    
56106.37075267147    1.925458831758735     0.33303243458896625    25    
56106.87075267147    1.9007568540298376    0.34809540897946617    25    
56107.37075267147    1.872436169277412     0.3609618531866169     25    
56107.87075267147    1.840005579007601     0.3731488472283324     25    
56108.37075267147    1.803588548996233     0.38180781383140044    25    
56108.87075267147    1.7598545176325469    0.3788121656172141     25    
56109.37075267147    1.7077687162149007    0.3628985599410863     25    
56109.87075267147    1.6522089358449352    0.34024849946410646    25    
56110.37075267147    1.5963723995390993    0.31416993421118317    25    
56110.87075267147    1.5384410523686933    0.28029656954127685    25    
56111.37075267147    1.4841649582729837    0.2509871327107186     25    
56111.87075267147    1.4358324222052021    0.23896005952822014    25    
56112.37075267147    1.3922482096463127    0.23897461294963365    25    
56112.87075267147    1.3563570176456023    0.24235546183895032    25    
56113.37075267147    1.3296620069890215    0.24391083980298064    25    
56113.87075267147    1.3094486223996762    0.25277330518606944    25    
56114.37075267147    1.29293911351118      0.2794496968290638     25    
56114.87075267147    1.2815458095618895    0.3219577957852932     25    
56115.37075267147    1.272225377599441     0.3620266044616358     25    
56115.87075267147    1.2624189751232775    0.3933113551331389     25    
56116.37075267147    1.2533556221273099    0.4215634193857278     25    
56116.87075267147    1.2427959056773317    0.434596784161976      25    
56117.37075267147    1.2293904178982       0.4238717738314591     25    
56117.87075267147    1.2142165890211158    0.3970271069444373     25    
56118.37075267147    1.1982060989731782    0.36632311264665246    25    
56118.87075267147    1.1809959096043778    0.32809235684186294    25    
56119.37075267147    1.163306815347617     0.2850567606036889     25    
56119.87075267147    1.1463077124800014    0.2508096192054969     25    
56120.37075267147    1.1295646326496247    0.22696753712355153    25    
56120.87075267147    1.1137538378945055    0.2108748195202645     25    
56121.37075267147    1.0995620936801844    0.20263974917253919    25    
56121.87075267147    1.086687469050348     0.2043763983976519     25    
56122.37075267147    1.0749535713773364    0.20735461747858863    25    
56122.87075267147    1.0643935759598426    0.20820901318046878    25    
56123.37075267147    1.0549339760879755    0.20945708685705935    25    
56123.87075267147    1.0462753362247241    0.2106976545985629     25    
56124.37075267147    1.038500983101627     0.21192757026306333    25    
56124.87075267147    1.0314534815558984    0.21318639769745745    25    
56125.37075267147    1.0248915610771456    0.21458011683035924    25    
56125.87075267147    1.0189330625679638    0.21637924089088864    25    
56126.37075267147    1.0133278694551648    0.21726399039491967    25    
56126.87075267147    1.0079319784377112    0.2156859587744495     25    
56127.37075267147    1.0028195446492365    0.21232538104731183    25    
56127.87075267147    0.9976871985909911    0.2100939466810784     25    
56128.37075267147    0.9925263185968077    0.20677652457220075    25    
56128.87075267147    0.9872901596358266    0.20609972299003518    25    
56129.37075267147    0.9816851607237294    0.21659712080269355    25    
56129.87075267147    0.9758043118448172    0.22439247751890537    25    
56130.37075267147    0.9694746378181187    0.2564196694775596     25    
56130.87075267147    0.9624662961289734    0.3234987888430554     25    