56048.37075267147    3.974984550204422     0.6699781403069104     25    
56048.87075267147    4.53605364243101      0.6691875389246851     25    
56049.37075267147    5.127721630753802     0.6693456774580147     25    
56049.87075267147    5.746044967507598     0.6804253785965679     25    
56050.37075267147    6.392134723084606     0.7081649178564796     25    
56050.87075267147    7.063895936448952     0.7368634239037791     25    
56051.37075267147    7.758158710021866     0.7505241507878785     25    
56051.87075267147    8.476476654779932     0.7520355225386639     25    
56052.37075267147    9.215538619016474     0.7506578941075098     25    
56052.87075267147    9.973464121963408     0.7519894465455935     25    
56053.37075267147    10.751217781733152    0.7532990550896563     25    
56053.87075267147    11.544793220824436    0.7543242013340457     25    
56054.37075267147    12.354099547548396    0.7549883989860154     25    
56054.87075267147    13.178496448160443    0.7553984798807979     25    
56055.37075267147    14.014118799287209    0.755701872500489      25    
56055.87075267147    14.862203330992973    0.7557009968680245     25    
56056.37075267147    15.72045099827799     0.7558585721361545     25    
56056.87075267147    16.586109322074975    0.7543337339162991     25    
56057.37075267147    17.461045028263424    0.7479158896757446     25    
56057.87075267147    18.339697812728453    0.7558667920835007     25    
56058.37075267147    19.22290755589465     0.7985036350883215     25    
56058.87075267147    20.109819176315074    0.8601174801203038     25    
56059.37075267147    20.978371015325862    0.9040258306446305     25    
56059.87075267147    21.831527260846652    0.9194091127138478     25    
56060.37075267147    22.661205887466366    0.9229046626201981     25    
56060.87075267147    23.440807348779607    0.9274604203267894     25    
56061.37075267147    24.17843221532989     0.932682656950194      25    
56061.87075267147    24.860023023059497    0.9361967063942986     25    
56062.37075267147    25.464232232831954    0.9369494700911161     25    
56062.87075267147    25.996033387716462    0.9343980663334203     25    
56063.37075267147    26.466670173072345    0.9338853088012103     25    
56063.87075267147    26.8759087094267      0.939267951214534      25    
56064.37075267147    27.225158436741907    0.948154070138536      25    
56064.87075267147    27.54096309907377     0.9580571697087429     25    
56065.37075267147    27.821753086383573    0.9711130137027676     25    
56065.87075267147    28.07349458486851     0.9834070955153801     25    
56066.37075267147    28.318888081597848    0.9881871398053184     25    
56066.87075267147    28.557226397000317    0.9908240520215769     25    
56067.37075267147    28.782069044818158    0.9789114415503797     25    
56067.87075267147    28.992978891354646    0.929790669572942      25    
56068.37075267147    29.192401583357416    0.8377164267069183     25    
56068.87075267147    29.363036504689802    0.7554182965658229     25    
56069.37075267147    29.49910639872524     0.7361613030813166     25    
56069.87075267147    29.602872242161826    0.7534480213913805     25    
56070.37075267147    29.657858537674226    0.7654949537957881     25    
56070.87075267147    29.659038257603683    0.764342423027459      25    
56071.37075267147    29.61381837675704     0.7611006005143406     25    
56071.87075267147    29.526673335973022    0.7582413201892555     25    
56072.37075267147    29.391956962281736    0.7542734027820851     25    
56072.87075267147    29.225042939246613    0.752610450261495      25    
56073.37075267147    29.038077618629384    0.7584196751308013     25    
56073.87075267147    28.824664229756163    0.7706149884328181     25    
56074.37075267147    28.60176378988513     0.7790916645112287     25    
56074.87075267147    28.377780671602473    0.7822225733803342     25    
56075.37075267147    28.147454682735365    0.7799784037783583     25    
56075.87075267147    27.913300342627526    0.7596702718216576     25    
56076.37075267147    27.678387935842064    0.7045434906572701     25    
56076.87075267147    27.437009435667054    0.6375354688576784     25    
56077.37075267147    27.182125099792753    0.6028995085399051     25    
56077.87075267147    26.91678773053253     0.6056704089619985     25    
56078.37075267147    26.63510601881681     0.6175683079509103     25    
56078.87075267147    26.331348230119083    0.6185313557347212     25    
56079.37075267147    26.00796596532927     0.6168960404041337     25    
56079.87075267147    25.664157246971143    0.6139050298086939     25    
56080.37075267147    25.29827589897035     0.607844442603725      25    
56080.87075267147    24.912028069884503    0.6007078747396308     25    
56081.37075267147    24.509417706570197    0.599238933746513      25    
56081.87075267147    24.089381275760903    0.6069794601474088     25    
56082.37075267147    23.65400509637507     0.6165229774961689     25    
56082.87075267147    23.206563451486186    0.6204959489178097     25    
56083.37075267147    22.744674012910483    0.6217471342154466     25    
56083.87075267147    22.274764273975105    0.6159882225899623     25    
56084.37075267147    21.80033119401771     0.5949011227886093     25    
56084.87075267147    21.319354982026955    0.5597623073335112     25    
56085.37075267147    20.842278149556805    0.5311493647753208     25    
56085.87075267147    20.370145756945433    0.5229550690383756     25    
56086.37075267147    19.90380423094322     0.5247147826927304     25    
56086.87075267147    19.45360804072169     0.5246560924246351     25    
56087.37075267147    19.0186016795751      0.522887477819754      25    
56087.87075267147    18.599988497992097    0.5201630417529265     25    
56088.37075267147    18.20189401598775     0.5139600981946258     25    
56088.87075267147    17.823581939936915    0.5035218520899011     25    
56089.37075267147    17.463668069370417    0.49436408501897916    25    
56089.87075267147    17.121709959027203    0.4915306965507724     25    
56090.37075267147    16.79793994568793     0.4927672798053868     25    
56090.87075267147    16.491016937199042    0.4938820551443586     25    
56091.37075267147    16.20139604477085     0.4937286162078155     25    
56091.87075267147    15.928181081112427    0.49315149132153907    25    
56092.37075267147    15.668654703782897    0.49149929188520686    25    
56092.87075267147    15.42421038769294     0.4889101006689768     25    
56093.37075267147    15.191983290424211    0.48511799036927045    25    
56093.87075267147    14.968574106965388    0.4791068580189102     25    
56094.37075267147    14.75571258752464     0.47019393265903       25    
56094.87075267147    14.549507315541486    0.4628593481818126     25    
56095.37075267147    14.347713901205815    0.46147165690360137    25    
56095.87075267147    14.151461165027882    0.4637525158024623     25    
56096.37075267147    13.957820400676953    0.46431607741980846    25    
56096.87075267147    13.766273145289542    0.4596515816924193     25    
56097.37075267147    13.577116870889055    0.4541641839929946     25    
56097.87075267147    13.389396293520178    0.45438938085359587    25    
56098.37075267147    13.203405215020267    0.46214615823652677    25    
56098.87075267147    13.018629975126057    0.470833502450587      25    
56099.37075267147    12.834294295213235    0.47496686822564843    25    
56099.87075267147    12.6505812380119      0.476567301223161      25    
56100.37075267147    12.467876360351832    0.4746655929802616     25    
56100.87075267147    12.285919007699686    0.46818107139666054    25    
56101.37075267147    12.104949803286917    0.4575553250915214     25    
56101.87075267147    11.926960017881607    0.44301157658082374    25    
56102.37075267147    11.751743464309508    0.41989817460105777    25    
56102.87075267147    11.579894036428989    0.39425592311930335    25    
56103.37075267147    11.413402385399857    0.3808606983498344     25    
56103.87075267147    11.252283278000498    0.38399535553186637    25    
56104.37075267147    11.09576469904632     0.3897878021794217     25    
56104.87075267147    10.944015130628062    0.38527840661482404    25    
56105.37075267147    10.797551036146825    0.37355018910915844    25    
56105.87075267147    10.652072533738018    0.3637955631791406     25    
56106.37075267147    10.50633076433854     0.3620671588283934     25    
56106.87075267147    10.3607184623631      0.36472209657834304    25    
56107.37075267147    10.21040176812317     0.3685238413362606     25    
56107.87075267147    10.054960346708794    0.3746739842113324     25    
56108.37075267147    9.894701631291511     0.38067182577725606    25    
56108.87075267147    9.727999624758969     0.38158983022560156    25    
56109.37075267147    9.553930196239198     0.3783162318244027     25    
56109.87075267147    9.376177386639444     0.3706067610077581     25    
56110.37075267147    9.197260051672314     0.35532331969380104    25    
56110.87075267147    9.015758127893818     0.33120056793192043    25    
56111.37075267147    8.836083295279003     0.31084299712356417    25    
56111.87075267147    8.659858987850244     0.30566897490456496    25    
56112.37075267147    8.486307558782745     0.30856026706396555    25    
56112.87075267147    8.318177352259562     0.3079355488322378     25    
56113.37075267147    8.156213128671958     0.2999347719775756     25    
56113.87075267147    7.999121572948399     0.2910373740336922     25    
56114.37075267147    7.845990296726786     0.2880031607477701     25    
56114.87075267147    7.697335671934863     0.290606465858574      25    
56115.37075267147    7.5519769883342285    0.2957561516722608     25    
56115.87075267147    7.408914093219332     0.3027237942476644     25    
56116.37075267147    7.26861617097579      0.3121190142070024     25    
56116.87075267147    7.130360654965986     0.31722310816201504    25    
56117.37075267147    6.993573595670824     0.3140518884960459     25    
56117.87075267147    6.858763180203909     0.3059857067197651     25    
56118.37075267147    6.726698564875535     0.2971615365678639     25    
56118.87075267147    6.597131219396656     0.2889905257610592     25    
56119.37075267147    6.470552361660078     0.278354573481776      25    
56119.87075267147    6.347793938772543     0.2604938192128279     25    
56120.37075267147    6.228547107999936     0.23119099664015882    25    
56120.87075267147    6.1132930790248095    0.2022175268097754     25    
56121.37075267147    6.002520633973489     0.1905370011619555     25    
56121.87075267147    5.896014901148056     0.19275341020097       25    
56122.37075267147    5.793649935384321     0.19543466148181546    25    
56122.87075267147    5.695449322359471     0.19326839667918908    25    
56123.37075267147    5.601360695272747     0.19042103132670543    25    
56123.87075267147    5.5111705020669       0.18762835809595324    25    
56124.37075267147    5.424938169873386     0.1846353912547318     25    
56124.87075267147    5.342551418755847     0.18193740435164707    25    
56125.37075267147    5.263838178910613     0.1804082981148379     25    
56125.87075267147    5.188882492357318     0.1799170515388043     25    
56126.37075267147    5.117505980438865     0.1802198134960193     25    
56126.87075267147    5.0496059425819375    0.17981447051225233    25    
56127.37075267147    4.985235264898763     0.1793380821509045     25    
56127.87075267147    4.924177589700169     0.18555871104457738    25    
56128.37075267147    4.866426768168381     0.20362836589898295    25    
56128.87075267147    4.811949462585208     0.22467739798194225    25    
56129.37075267147    4.7605363105181855    0.23782945852089457    25    
56129.87075267147    4.712253630757436     0.24066778675934983    25    
56130.37075267147    4.6669780605041575    0.2441132063465872     25    
56130.87075267147    4.6245456801964115    0.25608864839664286    25    