56420.69271613561    3.586170011974248     0.5731760878590446     25    
56421.19271613561    4.158149586600461     0.5689542044826721     25    
56421.69271613561    4.768518470652907     0.5689645987755279     25    
56422.19271613561    5.415071019668176     0.5994448990471682     25    
56422.69271613561    6.098525454430498     0.6612657007760459     25    
56423.19271613561    6.816858132670573     0.7099196307193562     25    
56423.69271613561    7.569307597334864     0.7226620869795365     25    
56424.19271613561    8.355796719619574     0.7193576985058053     25    
56424.69271613561    9.173981533393818     0.7191332034978373     25    
56425.19271613561    10.024522018739722    0.7213461071134676     25    
56425.69271613561    10.905605655933098    0.7234175856425361     25    
56426.19271613561    11.816150664058855    0.7252866751165112     25    
56426.69271613561    12.75635655764818     0.7270179139294936     25    
56427.19271613561    13.723799289604788    0.7287110368550106     25    
56427.69271613561    14.719022358606628    0.7302773528866849     25    
56428.19271613561    15.740453487825635    0.7320392630405117     25    
56428.69271613561    16.78751914218031     0.7353383990744705     25    
56429.19271613561    17.860117617911193    0.7393886882057403     25    
56429.69271613561    18.9520471217584      0.738253778876618      25    
56430.19271613561    20.07292588920154     0.727396633688228      25    
56430.69271613561    21.19813895173892     0.7167960845682606     25    
56431.19271613561    22.305797194872536    0.7183252865735041     25    
56431.69271613561    23.40397241064111     0.728382702105122      25    
56432.19271613561    24.44520811474686     0.737653622487667      25    
56432.69271613561    25.430050110638764    0.7442594984019032     25    
56433.19271613561    26.343304772809617    0.7497147729694082     25    
56433.69271613561    27.146963436153662    0.7530295225740007     25    
56434.19271613561    27.84930522441388     0.7541086861278926     25    
56434.69271613561    28.465856622880295    0.7565750471815892     25    
56435.19271613561    28.989871322562262    0.7620161131744595     25    
56435.69271613561    29.438442642940334    0.7688304948122653     25    
56436.19271613561    29.84430100117475     0.776386753893223      25    
56436.69271613561    30.196706718145002    0.7854565601734731     25    
56437.19271613561    30.525350287972465    0.7915332335998645     25    
56437.69271613561    30.847880712407058    0.7914687072908844     25    
56438.19271613561    31.15240511044006     0.7881215193061475     25    
56438.69271613561    31.435935235302587    0.7847156568496396     25    
56439.19271613561    31.7039078006945      0.7801593249967079     25    
56439.69271613561    31.93335403886477     0.7775676713137336     25    
56440.19271613561    32.11488190489415     0.7806159060360504     25    
56440.69271613561    32.24918397649705     0.7863285000574533     25    
56441.19271613561    32.31240883830635     0.7887178304843736     25    
56441.69271613561    32.304104726261386    0.7874125308894391     25    
56442.19271613561    32.230454223927225    0.784938017921695      25    
56442.69271613561    32.08968214916006     0.7820779281625414     25    
56443.19271613561    31.884581854250285    0.7787700069997846     25    
56443.69271613561    31.63450983567112     0.7780691936442067     25    
56444.19271613561    31.33573125658213     0.7816894091813801     25    
56444.69271613561    30.99942985736594     0.7849330044767647     25    
56445.19271613561    30.638716341897023    0.7878223909256142     25    
56445.69271613561    30.248869810742345    0.7896740718638893     25    
56446.19271613561    29.835386502021375    0.7658688432398183     25    
56446.69271613561    29.40009015393266     0.6917525719205778     25    
56447.19271613561    28.93985561813589     0.6042375717922        25    
56447.69271613561    28.452651691180765    0.5678625160045196     25    
56448.19271613561    27.939172583343034    0.5738880994150123     25    
56448.69271613561    27.397377394652224    0.5803330198346106     25    
56449.19271613561    26.8233767511804      0.5766541333696616     25    
56449.69271613561    26.224288024480902    0.5718386526863605     25    
56450.19271613561    25.60744187126691     0.5655004101539178     25    
56450.69271613561    24.969017622240646    0.5572461964294325     25    
56451.19271613561    24.32879353329607     0.5512367252757014     25    
56451.69271613561    23.68886627798964     0.5505752255360777     25    
56452.19271613561    23.053993269119967    0.5518192451540725     25    
56452.69271613561    22.442573208514492    0.5508275608806446     25    
56453.19271613561    21.85018759379939     0.5487630665523626     25    
56453.69271613561    21.28423959503436     0.5428177252082635     25    
56454.19271613561    20.749412703874473    0.5279515599040246     25    
56454.69271613561    20.243193751630702    0.5092740134797882     25    
56455.19271613561    19.76641020969778     0.4996217086923777     25    
56455.69271613561    19.31889407587504     0.5002305031378735     25    
56456.19271613561    18.90098352122979     0.5023106902599043     25    
56456.69271613561    18.513362159643304    0.5009851062510744     25    
56457.19271613561    18.15542499982764     0.4986106049864915     25    
56457.69271613561    17.825657252852288    0.4946154343707522     25    
56458.19271613561    17.524975310029415    0.4878330722151457     25    
56458.69271613561    17.250559406734315    0.48195760186239517    25    
56459.19271613561    17.00061355881609     0.48090704720737626    25    
56459.69271613561    16.77557946664366     0.48275951866828126    25    
56460.19271613561    16.571725231956794    0.48373367484973157    25    
56460.69271613561    16.390371827813137    0.4836669150067736     25    
56461.19271613561    16.227671108416533    0.4827043331805628     25    
56461.69271613561    16.080376124329455    0.4819986404496198     25    
56462.19271613561    15.94953917704593     0.48101394914456225    25    
56462.69271613561    15.827018474076409    0.46923777859642796    25    
56463.19271613561    15.713677689728385    0.4358881928774485     25    
56463.69271613561    15.605673630655991    0.3978855750500584     25    
56464.19271613561    15.496746954445223    0.3827685962378121     25    
56464.69271613561    15.388961507330048    0.38634353799897864    25    
56465.19271613561    15.277547683484713    0.3896260481107658     25    
56465.69271613561    15.16139581734029     0.3860013402132477     25    
56466.19271613561    15.040882362547189    0.38230785633119735    25    
56466.69271613561    14.914804636664789    0.3834957274865367     25    
56467.19271613561    14.783561181150116    0.38912993311776756    25    
56467.69271613561    14.646059394704967    0.39354920318297587    25    
56468.19271613561    14.501707797705837    0.3947286582778709     25    
56468.69271613561    14.350974681612541    0.3939340071865336     25    
56469.19271613561    14.19393904912121     0.38923541770743714    25    
56469.69271613561    14.03019020455037     0.3775798297940017     25    
56470.19271613561    13.861850020588594    0.37596255229435327    25    
56470.69271613561    13.68951972344593     0.40068658384145067    25    
56471.19271613561    13.513381502684394    0.4342024509044038     25    
56471.69271613561    13.33579480074972     0.4515414833714616     25    
56472.19271613561    13.15649268220022     0.4544082247800185     25    
56472.69271613561    12.975702334115043    0.45200614752230894    25    
56473.19271613561    12.794272012964525    0.4470367115881072     25    
56473.69271613561    12.61150052026532     0.4389969152252367     25    
56474.19271613561    12.425344993549496    0.4347809744683798     25    
56474.69271613561    12.236340702746887    0.435365915715438      25    
56475.19271613561    12.042959216025984    0.437595416209971      25    
56475.69271613561    11.843538267404773    0.4404916059648354     25    
56476.19271613561    11.638767201112305    0.44413011881730186    25    
56476.69271613561    11.42873966128442     0.4443423783663024     25    
56477.19271613561    11.212260148565756    0.44600807144595606    25    
56477.69271613561    10.992402461982659    0.4360633080987735     25    
56478.19271613561    10.77176517046092     0.3886055476760067     25    
56478.69271613561    10.549447707345793    0.2968131905796103     25    
56479.19271613561    10.329944059749526    0.21306783096131732    25    
56479.69271613561    10.113423610289578    0.1974978133954677     25    
56480.19271613561    9.900718563263624     0.2126551060920464     25    
56480.69271613561    9.694313305649557     0.21107153489985545    25    
56481.19271613561    9.493586599361537     0.20511774514812864    25    
56481.69271613561    9.29782501267527      0.20133643553754402    25    
56482.19271613561    9.107120968798702     0.20161093244217054    25    
56482.69271613561    8.921100021298388     0.20404077371232782    25    
56483.19271613561    8.738942784674485     0.2074455077645603     25    
56483.69271613561    8.56084658801615      0.21261638228572627    25    
56484.19271613561    8.38659505528552      0.21505237812280562    25    
56484.69271613561    8.215769402730162     0.2118254878690521     25    
56485.19271613561    8.048909531224888     0.20556907235400085    25    
56485.69271613561    7.886916493358147     0.19904162478506193    25    
56486.19271613561    7.729462789004884     0.1908982123638623     25    
56486.69271613561    7.577541952424313     0.18542841005594246    25    
56487.19271613561    7.431669078958697     0.18748076046576806    25    
56487.69271613561    7.291684196876675     0.19318760554568476    25    
56488.19271613561    7.158232184687704     0.19578518447153284    25    
56488.69271613561    7.03148357129536      0.19529632177899672    25    
56489.19271613561    6.910636371810611     0.1938337114406271     25    
56489.69271613561    6.795371709182149     0.19217964277788535    25    
56490.19271613561    6.685710029703179     0.19003944153352031    25    
56490.69271613561    6.580625983624334     0.18811340267607427    25    
56491.19271613561    6.480348945680094     0.18630483283569366    25    
56491.69271613561    6.384215362131355     0.1849103708671187     25    
56492.19271613561    6.291645787340404     0.18438611662661314    25    
56492.69271613561    6.202816596416187     0.1845484726087572     25    
56493.19271613561    6.116695542572462     0.18498741424379073    25    
56493.69271613561    6.033438261934251     0.18475416845527928    25    
56494.19271613561    5.952494881118685     0.18611009881002208    25    
56494.69271613561    5.873175346573883     0.19229306977624108    25    
56495.19271613561    5.795723627134115     0.20198917890567533    25    
56495.69271613561    5.719122838223427     0.20950741506291284    25    
56496.19271613561    5.643430297820951     0.2111850090087862     25    
56496.69271613561    5.568222102668231     0.21389898518429817    25    
56497.19271613561    5.492709881067512     0.2233611788036695     25    