55659.127639659266    2.7909681420923977    0.4805131342953345     25    
55659.627639659266    3.242301518127082     0.4768671376684376     25    
55660.127639659266    3.725369396172566     0.47733457159852455    25    
55660.627639659266    4.238985125940478     0.5075051131762686     25    
55661.127639659266    4.783536763237169     0.5680508713142504     25    
55661.627639659266    5.357959017721653     0.615770820317286      25    
55662.127639659266    5.961806119798015     0.6287638408373206     25    
55662.627639659266    6.595081477307608     0.625893765137467      25    
55663.127639659266    7.256513342366947     0.6255069548410171     25    
55663.627639659266    7.946441420979341     0.6275044441500237     25    
55664.127639659266    8.663945957652718     0.6292129789558237     25    
55664.627639659266    9.408374725248692     0.6305470142795181     25    
55665.127639659266    10.179901326798777    0.6315734648897081     25    
55665.627639659266    10.977217266627449    0.6323916410443233     25    
55666.127639659266    11.800565551131957    0.6328973642951028     25    
55666.627639659266    12.649196134570625    0.6334217684987352     25    
55667.127639659266    13.522916621313271    0.6352323422547328     25    
55667.627639659266    14.421831116422931    0.6379454534549892     25    
55668.127639659266    15.340930398266764    0.6358191832814177     25    
55668.627639659266    16.288717541069243    0.6235738769368251     25    
55669.127639659266    17.245921024035283    0.6104896680058435     25    
55669.627639659266    18.190062541507256    0.6094566514171931     25    
55670.127639659266    19.130655609901236    0.6181160316921198     25    
55670.627639659266    20.026881815181962    0.6268253840682131     25    
55671.127639659266    20.873858066031577    0.6326813568149127     25    
55671.627639659266    21.663732083033032    0.6375217942870396     25    
55672.127639659266    22.36067342048227     0.6402616688555256     25    
55672.627639659266    22.96866457872255     0.6404660114388643     25    
55673.127639659266    23.501186303924545    0.641641647212886      25    
55673.627639659266    23.955036533633635    0.6458717179628617     25    
55674.127639659266    24.3394075220532      0.6516472379551215     25    
55674.627639659266    24.685327889973607    0.6582408782164659     25    
55675.127639659266    24.984304987597714    0.6667243481614741     25    
55675.627639659266    25.258188715303934    0.6729907197669486     25    
55676.127639659266    25.526483054185647    0.6737393474966936     25    
55676.627639659266    25.779440256435358    0.6708227513293434     25    
55677.127639659266    26.014350328125882    0.6656511209359628     25    
55677.627639659266    26.23660359604898     0.6561829810636504     25    
55678.127639659266    26.430392783211293    0.6481406681251923     25    
55678.627639659266    26.58391344806649     0.6488103353799004     25    
55679.127639659266    26.701042768102255    0.6550987979098485     25    
55679.627639659266    26.763058096615712    0.658650340190394      25    
55680.127639659266    26.766248270015126    0.6576247217104751     25    
55680.627639659266    26.715897126530606    0.6550074880168472     25    
55681.127639659266    26.611712274634282    0.6520615858890388     25    
55681.627639659266    26.45308341020848     0.6482569315854397     25    
55682.127639659266    26.25469524818445     0.6465883152240128     25    
55682.627639659266    26.01659733380278     0.6495675572161853     25    
55683.127639659266    25.74348296196716     0.6533820905372992     25    
55683.627639659266    25.447612469697635    0.6552799669120166     25    
55684.127639659266    25.12579857472769     0.6581221007170989     25    
55684.627639659266    24.781894228447335    0.6445846686330097     25    
55685.127639659266    24.418383843126588    0.591837949762112      25    
55685.627639659266    24.03341159694616     0.5190135301607245     25    
55686.127639659266    23.626026530021825    0.4795842012174421     25    
55686.627639659266    23.19641440534567     0.4812588078284069     25    
55687.127639659266    22.74431232536175     0.489868016815271      25    
55687.627639659266    22.267065250362545    0.48724816114256125    25    
55688.127639659266    21.76785037288276     0.4830597576465917     25    
55688.627639659266    21.255882582389678    0.4775353361106741     25    
55689.127639659266    20.726657210449943    0.4695411936568434     25    
55689.627639659266    20.1937312278885      0.4627012527620804     25    
55690.127639659266    19.66584140945515     0.46114517052313114    25    
55690.627639659266    19.14066599257438     0.46277230249019424    25    
55691.127639659266    18.6356471670878      0.46281138508584024    25    
55691.627639659266    18.150444533526723    0.46195726789426084    25    
55692.127639659266    17.687366599927316    0.45796181498131217    25    
55692.627639659266    17.252356699318145    0.4452060971350845     25    
55693.127639659266    16.84336325070397     0.4248496879055735     25    
55693.627639659266    16.45879863941895     0.41115539615754587    25    
55694.127639659266    16.09885786791871     0.41104514463100195    25    
55694.627639659266    15.76278778029847     0.41532566563462514    25    
55695.127639659266    15.44946998459869     0.4156516335976668     25    
55695.627639659266    15.159385982931154    0.41417776387965083    25    
55696.127639659266    14.890378482065575    0.4112400397422387     25    
55696.627639659266    14.64248105381456     0.405310242887884      25    
55697.127639659266    14.414780987871604    0.39884059179695475    25    
55697.627639659266    14.204850582342333    0.39681023396474796    25    
55698.127639659266    14.013557834309891    0.3991222199977418     25    
55698.627639659266    13.838353828142688    0.4014486950135693     25    
55699.127639659266    13.678938352471967    0.4019239022261574     25    
55699.627639659266    13.534461359192623    0.40149646904500835    25    
55700.127639659266    13.400813024435791    0.39992713556127807    25    
55700.627639659266    13.279631762260191    0.39861097917711563    25    
55701.127639659266    13.166003512283005    0.3920067698433205     25    
55701.627639659266    13.057401373393756    0.3714384549422082     25    
55702.127639659266    12.954218177629205    0.34159818408006243    25    
55702.627639659266    12.850294350703123    0.32332087023298794    25    
55703.127639659266    12.746428988675117    0.32318492901671164    25    
55703.627639659266    12.640501467412882    0.3272085590958111     25    
55704.127639659266    12.529839496572599    0.3243192378833989     25    
55704.627639659266    12.415443619630304    0.3190170042476331     25    
55705.127639659266    12.296246861756476    0.3172459139574775     25    
55705.627639659266    12.172351128181955    0.3215190088662907     25    
55706.127639659266    12.043316371480483    0.32688140486442446    25    
55706.627639659266    11.908281629090498    0.32905956577891093    25    
55707.127639659266    11.767486734390976    0.3294421696318541     25    
55707.627639659266    11.621449366669555    0.32742690177820344    25    
55708.127639659266    11.469586132513717    0.3173598168119483     25    
55708.627639659266    11.313179665164126    0.3095975589020089     25    
55709.127639659266    11.154109823276176    0.32377548370492704    25    
55709.627639659266    10.991674357931506    0.35660250727237575    25    
55710.127639659266    10.828116226090804    0.38114471020401486    25    
55710.627639659266    10.664255597480448    0.3878164699058959     25    
55711.127639659266    10.49980215199389     0.3866498493403405     25    
55711.627639659266    10.335719417148672    0.38323160801987083    25    
55712.127639659266    10.172185230766154    0.37557234953276525    25    
55712.627639659266    10.007704867204112    0.3689558896612852     25    
55713.127639659266    9.84182658411532      0.3679388962502822     25    
55713.627639659266    9.674483025339418     0.3697422802263723     25    
55714.127639659266    9.503955652985615     0.3719715927800895     25    
55714.627639659266    9.330229879150549     0.37575758913859353    25    
55715.127639659266    9.153694170868587     0.37765299827400356    25    
55715.627639659266    8.973788395135724     0.3777232495052201     25    
55716.127639659266    8.791052558251952     0.3746089272886958     25    
55716.627639659266    8.608796027458967     0.35083924271716677    25    
55717.127639659266    8.426305848940878     0.2849788731124126     25    
55717.627639659266    8.24570921162673      0.1990497593547337     25    
55718.127639659266    8.069490830883732     0.157574861482588      25    
55718.627639659266    7.896781240955876     0.1660553293945461     25    
55719.127639659266    7.729583963912166     0.17332373473447263    25    
55719.627639659266    7.568604870775591     0.16820609719414265    25    
55720.127639659266    7.412856935571149     0.16314393944150765    25    
55720.627639659266    7.2617692601072825    0.16136756620707285    25    
55721.127639659266    7.115585121417075     0.16226627940697985    25    
55721.627639659266    6.97321125993817      0.16433137622494984    25    
55722.127639659266    6.834409434564495     0.16836826018916537    25    
55722.627639659266    6.699174198864651     0.1723293501541051     25    
55723.127639659266    6.5669093118392885    0.17198911270391856    25    
55723.627639659266    6.43761206229795      0.16757005859087343    25    
55724.127639659266    6.311954399053879     0.16220695121927078    25    
55724.627639659266    6.190048409141431     0.1559808466366458     25    
55725.127639659266    6.07201383033313      0.15001005924690494    25    
55725.627639659266    5.958627368514351     0.15077747801475075    25    
55726.127639659266    5.849752963707738     0.15964152719225896    25    
55726.627639659266    5.745623977772022     0.16771250539654003    25    
55727.127639659266    5.6466255355937305    0.1696036338549882     25    
55727.627639659266    5.5524795079243265    0.16861914389661065    25    
55728.127639659266    5.462536211271878     0.16726485374888453    25    
55728.627639659266    5.376990031384627     0.16540131670431785    25    
55729.127639659266    5.295290135320291     0.1632729452340763     25    
55729.627639659266    5.216988178183761     0.1613759852164775     25    
55730.127639659266    5.142224638884389     0.15954121294792242    25    
55730.627639659266    5.070192916058098     0.15835337063373672    25    
55731.127639659266    5.001010548472204     0.15799796716941855    25    
55731.627639659266    4.934261523563464     0.15817106268452016    25    
55732.127639659266    4.869391180674504     0.1585581009732548     25    
55732.627639659266    4.806603142384506     0.15922944278253257    25    
55733.127639659266    4.745109852082082     0.16077158084672075    25    
55733.627639659266    4.6849276153593316    0.16352003924622896    25    
55734.127639659266    4.625765780167981     0.16690123855787378    25    
55734.627639659266    4.566978259078725     0.1695222032653616     25    
55735.127639659266    4.508802040359895     0.1708923136410211     25    
55735.627639659266    4.4504983901334505    0.17764430090630243    25    