53978.87503644276    498.39691481024647    130.16125599724015    25    
53979.37503644276    596.4089174664681     128.7400148590491     25    
53979.87503644276    701.9142362517018     131.35094856051694    25    
53980.37503644276    814.5506409042084     147.6885452134091     25    
53980.87503644276    934.0698607726362     163.73324846945192    25    
53981.37503644276    1060.056018114855     166.97820508107185    25    
53981.87503644276    1192.3118239000626    165.69917695991234    25    
53982.37503644276    1330.3730846254227    166.10517028497506    25    
53982.87503644276    1474.0881611609952    166.45970006160786    25    
53983.37503644276    1622.9498759629234    166.66496655230367    25    
53983.87503644276    1776.8469080824434    166.74358694388462    25    
53984.37503644276    1935.23442765437      166.6977212876893     25    
53984.87503644276    2098.036100191423     166.57044616781536    25    
53985.37503644276    2264.8213506570187    167.40747368734318    25    
53985.87503644276    2435.3020090298846    167.69680200960326    25    
53986.37503644276    2608.9598031179994    159.6704536868748     25    
53986.87503644276    2784.4826993377715    145.8344156846425     25    
53987.37503644276    2954.9219250331166    141.61578591373095    25    
53987.87503644276    3119.866705689606     144.87764605414617    25    
53988.37503644276    3269.395959024694     146.6210601225023     25    
53988.87503644276    3403.795072386303     147.6317444972284     25    
53989.37503644276    3513.5656963962847    147.93213806176394    25    
53989.87503644276    3599.3682353004124    147.58077322089963    25    
53990.37503644276    3664.176548919793     148.05390174307746    25    
53990.87503644276    3707.8360527523664    149.32065623240658    25    
53991.37503644276    3738.680723277461     150.95993586208476    25    
53991.87503644276    3756.522834100646     153.0504682327639     25    
53992.37503644276    3768.7923209825294    153.91640157382272    25    
53992.87503644276    3776.0157478762344    153.83713778692865    25    
53993.37503644276    3778.445131788641     147.76850536556998    25    
53993.87503644276    3776.5566842392345    132.3480631289361     25    
53994.37503644276    3767.522422909323     122.48851622183177    25    
53994.87503644276    3751.219284978243     124.1290399809459     25    
53995.37503644276    3725.558441217703     125.86866143900377    25    
53995.87503644276    3689.7326472973086    125.30093222147308    25    
53996.37503644276    3645.1516904989694    124.54855045922706    25    
53996.87503644276    3591.4890591082135    123.60851528540755    25    
53997.37503644276    3531.5720156486013    123.45670451524164    25    
53997.87503644276    3465.909838635231     125.03608423654184    25    
53998.37503644276    3396.711093429111     126.08770644933118    25    
53998.87503644276    3325.0596515616976    126.64738845925575    25    
53999.37503644276    3251.3738284712913    123.39134494448255    25    
53999.87503644276    3176.281701838401     110.37290062641866    25    
54000.37503644276    3099.4705422630295    97.48720919612208     25    
54000.87503644276    3020.916501744592     96.47879674841325     25    
54001.37503644276    2940.567350164126     98.58735187436316     25    
54001.87503644276    2858.352292366345     98.2646487276201      25    
54002.37503644276    2774.3189396728635    97.48490436342551     25    
54002.87503644276    2688.463921776457     95.85597982969564     25    
54003.37503644276    2600.860781578262     94.37789742688035     25    
54003.87503644276    2511.57630573584      94.83025809684585     25    
54004.37503644276    2420.6815611078046    95.80726581444263     25    
54004.87503644276    2328.1071302764667    96.66926949476903     25    
54005.37503644276    2234.3519632575535    95.71614649175605     25    
54005.87503644276    2140.1049240843536    86.26782686323214     25    
54006.37503644276    2045.8875060071687    72.09227104838723     25    
54006.87503644276    1953.2501780917069    67.4271430555624      25    
54007.37503644276    1862.409155634275     68.68347881191448     25    
54007.87503644276    1775.1668060449579    68.47206275083776     25    
54008.37503644276    1691.3186624973964    68.05990984590623     25    
54008.87503644276    1611.5868827497113    66.7425328017128      25    
54009.37503644276    1535.7445938871203    64.88376398939054     25    
54009.87503644276    1463.2830028382773    64.1396182305108      25    
54010.37503644276    1394.1928681215763    64.21540838516084     25    
54010.87503644276    1327.9225865200178    64.17565861882105     25    
54011.37503644276    1264.5098529983197    64.07026048559827     25    
54011.87503644276    1203.7189990991928    63.79932070645369     25    
54012.37503644276    1145.5704712756133    63.26228193628007     25    
54012.87503644276    1090.1887762679082    58.348194323662966    25    
54013.37503644276    1037.5705578148643    47.7354155331517      25    
54013.87503644276    987.8428015820009     41.64967781219782     25    
54014.37503644276    941.0129719677332     42.71247981160352     25    
54014.87503644276    896.9914292344528     42.96120970718932     25    
54015.37503644276    855.8027496142329     41.793730142714054    25    
54015.87503644276    817.1090332937974     41.46721730751185     25    
54016.37503644276    780.9123478716489     42.32802185991892     25    
54016.87503644276    746.8942143219127     42.957923052119455    25    
54017.37503644276    715.0441579386519     43.23627869528999     25    
54017.87503644276    685.0673488286061     42.788168927618415    25    
54018.37503644276    656.9413970216306     41.38267439605569     25    
54018.87503644276    630.3978790222519     39.382722728250805    25    
54019.37503644276    605.4043130598434     36.38657120663365     25    
54019.87503644276    581.7056406205443     34.31170933264446     25    
54020.37503644276    559.2242857334786     34.737816512609356    25    
54020.87503644276    537.845114273856      35.04002025740422     25    
54021.37503644276    517.4822484618611     33.81907815467534     25    
54021.87503644276    498.1840328938864     32.7297840699349      25    
54022.37503644276    479.9502408885357     32.63667845775033     25    
54022.87503644276    462.8013441284109     32.92708279542586     25    
54023.37503644276    446.7715820025895     33.57936995061868     25    
54023.87503644276    431.79965901420815    34.017699606476754    25    
54024.37503644276    417.8960853251247     33.962906028098715    25    
54024.87503644276    404.91159952672734    32.83306493813736     25    
54025.37503644276    392.729953125773      28.604737366219716    25    
54025.87503644276    381.25198891838403    23.40652544359426     25    
54026.37503644276    370.3030980378365     22.366397641836933    25    
54026.87503644276    359.87611956843654    23.01005648723484     25    
54027.37503644276    349.8393109505808     22.200558700257414    25    
54027.87503644276    340.27661687909267    21.309402698837854    25    
54028.37503644276    331.26270320697677    21.662083592642823    25    
54028.87503644276    322.8270619808945     22.66204520861856     25    
54029.37503644276    315.09358608915807    23.858730334122736    25    
54029.87503644276    308.0404779719089     24.95461733091848     25    
54030.37503644276    301.7237865012338     24.68234769063726     25    
54030.87503644276    296.07944978955084    23.528633359805053    25    
54031.37503644276    290.9235024950902     22.44557645615038     25    
54031.87503644276    286.24095117012536    21.327760123848158    25    
54032.37503644276    281.8058779873301     20.535163301573824    25    
54032.87503644276    277.62643903314483    20.05021115279865     25    
54033.37503644276    273.52696576454684    19.960751287160004    25    
54033.87503644276    269.5259770533877     20.20813675179408     25    
54034.37503644276    265.6214896832825     20.07550823464416     25    
54034.87503644276    261.8149147979083     19.61408924348799     25    
54035.37503644276    258.1215232973225     19.107602635345227    25    
54035.87503644276    254.5408749435087     18.54461125795875     25    
54036.37503644276    251.08655472160075    18.141648433069264    25    
54036.87503644276    247.7581432892634     17.915375149018455    25    
54037.37503644276    244.56914982404234    17.7647898278071      25    
54037.87503644276    241.5192857030979     17.642549104881493    25    
54038.37503644276    238.62187447257185    18.1572750137883      25    
54038.87503644276    235.87686805293657    19.402950479546192    25    
54039.37503644276    233.29729453511507    20.401596035698713    25    
54039.87503644276    230.8834562067046     20.701850092755553    25    
54040.37503644276    228.64797587959652    22.67175855182451     25    