53978.87503644276    260.63376753419425    81.41521816500736     25    
53979.37503644276    314.344819232836      81.09784826375277     25    
53979.87503644276    372.8721623726019     83.24064027133922     25    
53980.37503644276    436.1559246590105     93.45802118088001     25    
53980.87503644276    504.155069947047      103.47211078578523    25    
53981.37503644276    576.8008586606045     105.95121113779233    25    
53981.87503644276    654.0606813018077     105.81659615388979    25    
53982.37503644276    735.8578122818973     106.67665787374024    25    
53982.87503644276    822.1671874811636     107.53516171606917    25    
53983.37503644276    912.9049765671674     108.33072899383595    25    
53983.87503644276    1008.0527795293909    109.10860400685132    25    
53984.37503644276    1107.5205425606925    109.89692384839685    25    
53984.87503644276    1211.2956484907702    110.76301911375846    25    
53985.37503644276    1319.4262481913133    112.36373433549822    25    
53985.87503644276    1431.6681254663742    113.90356091584884    25    
53986.37503644276    1548.0055163334694    111.52536727961892    25    
53986.87503644276    1667.1716959753076    106.87186134792474    25    
53987.37503644276    1782.8708971412134    107.60682735248322    25    
53987.87503644276    1894.703572372403     112.13356877234219    25    
53988.37503644276    1993.485083216567     115.4239864426609     25    
53988.87503644276    2079.479949874507     117.93668416328316    25    
53989.37503644276    2143.903200503656     119.6579635142779     25    
53989.87503644276    2187.3673941188144    120.63747762155607    25    
53990.37503644276    2212.679635353204     122.73933494403738    25    
53990.87503644276    2219.694835726008     125.8876997095984     25    
53991.37503644276    2216.202076514661     128.88159454167146    25    
53991.87503644276    2202.0258161775528    131.8468142437922     25    
53992.37503644276    2184.1127440630016    132.15217145302847    25    
53992.87503644276    2162.9545670634266    129.55617249160554    25    
53993.37503644276    2138.7934536888415    124.28124373806145    25    
53993.87503644276    2112.074216714543     115.02381923303987    25    
53994.37503644276    2080.15923411625      109.61760002125989    25    
53994.87503644276    2042.9223665666093    111.24907505965548    25    
53995.37503644276    1998.466183018639     112.1741259491443     25    
53995.87503644276    1945.9024715073044    110.60283850578709    25    
53996.37503644276    1887.3130120859646    108.47886522597487    25    
53996.87503644276    1822.3828519197748    105.67580238301868    25    
53997.37503644276    1754.7904867496795    104.0588068033267     25    
53997.87503644276    1685.221857363187     105.28456472028788    25    
53998.37503644276    1616.556381877457     105.8411004120414     25    
53998.87503644276    1550.3577728201494    104.53060115859235    25    
53999.37503644276    1486.6413738504223    100.6573072104004     25    
53999.87503644276    1426.1617185320476    91.03754901096235     25    
54000.37503644276    1367.8067404482663    81.74832829282921     25    
54000.87503644276    1311.1790642619933    80.20479104454616     25    
54001.37503644276    1255.7121727371295    80.72219372806013     25    
54001.87503644276    1200.6887001172372    79.55742020040252     25    
54002.37503644276    1146.3485966267097    77.98842000586365     25    
54002.87503644276    1092.4961130868182    75.40308339471542     25    
54003.37503644276    1039.6093307834474    73.22273606331485     25    
54003.87503644276    988.148266697307      74.13686108863902     25    
54004.37503644276    938.3202689088232     75.8956990196747      25    
54004.87503644276    890.7913718114673     76.38032483599117     25    
54005.37503644276    845.3105025279269     75.29203922950946     25    
54005.87503644276    801.9059266411407     69.01272090515005     25    
54006.37503644276    760.2520736402055     60.054002286724256    25    
54006.87503644276    719.6372965923492     57.55642325025045     25    
54007.37503644276    679.9699702223481     58.763075958241636    25    
54007.87503644276    640.3441724700914     58.43758166631101     25    
54008.37503644276    601.0294456231697     57.35650216226617     25    
54008.87503644276    562.2007375230417     54.16994464990106     25    
54009.37503644276    524.1129864653877     49.36841529989327     25    
54009.87503644276    488.165342321519      46.644040821385346    25    
54010.37503644276    454.3680142631334     45.65753810166494     25    
54010.87503644276    424.26992563235575    45.14003876839483     25    
54011.37503644276    397.7170165456688     45.141079353282336    25    
54011.87503644276    374.85709631928296    44.76633310139571     25    
54012.37503644276    355.6244491027868     44.04241695326806     25    
54012.87503644276    338.5708097437062     42.24101997625953     25    
54013.37503644276    323.7404741217447     39.20471824260668     25    
54013.87503644276    309.6840397701871     38.05227514542435     25    
54014.37503644276    296.40964372540935    39.18937070927931     25    
54014.87503644276    283.1571500826207     38.44228898521911     25    
54015.37503644276    269.8697914472932     35.131969870844735    25    
54015.87503644276    256.5822733159836     32.67132346008715     25    
54016.37503644276    243.2876769671419     31.824648781361645    25    
54016.87503644276    229.97743199704536    31.320493972426156    25    
54017.37503644276    216.59378800153763    31.120412552618177    25    
54017.87503644276    203.48175598868818    30.50817385791028     25    
54018.37503644276    190.5719502073065     28.97983954466022     25    
54018.87503644276    178.6294685057316     28.080213780952704    25    
54019.37503644276    167.73187957986192    28.454706441953114    25    
54019.87503644276    158.56379587316485    29.295248848726136    25    
54020.37503644276    151.44970681280063    30.685546911998458    25    
54020.87503644276    146.21758733377501    31.358048411958862    25    
54021.37503644276    143.1764494150526     30.11735452026036     25    
54021.87503644276    141.15988678742326    29.443353518033838    25    
54022.37503644276    139.83680979602448    31.128063114707277    25    
54022.87503644276    138.3093998287335     33.069161466171465    25    
54023.37503644276    135.87577710874456    34.71738230214225     25    
54023.87503644276    132.44568514808094    35.302466647134786    25    
54024.37503644276    127.43536343049588    33.47271966156401     25    
54024.87503644276    121.63308465560739    30.440090405346687    25    
54025.37503644276    115.48320692889205    26.777282123054547    25    
54025.87503644276    109.42848013940288    23.10418936155535     25    
54026.37503644276    104.22410660225549    21.846220555223844    25    
54026.87503644276    99.88244582537234     22.07338676521107     25    
54027.37503644276    96.95893431769414     22.210163244772563    25    
54027.87503644276    95.05614945237001     23.541324090823952    25    
54028.37503644276    93.78682644659315     28.005429033501052    25    
54028.87503644276    93.004674263168       33.140070743051545    25    
54029.37503644276    92.13193410296923     37.12882144324595     25    
54029.87503644276    91.18527204687044     39.939589689644905    25    
54030.37503644276    89.74831094566166     39.17657581953108     25    
54030.87503644276    87.96250884372238     35.82298118323777     25    
54031.37503644276    86.02319732600915     31.685536418949123    25    
54031.87503644276    83.95624798539592     26.375121854691034    25    
54032.37503644276    82.04552348402841     22.324970775391257    25    
54032.87503644276    80.2780302544743      19.69856145303559     25    
54033.37503644276    78.85904809497222     18.277187073128527    25    
54033.87503644276    77.76136319380008     18.2840491608783      25    
54034.37503644276    76.92741419960772     18.261760080405843    25    
54034.87503644276    76.3566615025795      18.311254671343946    25    
54035.37503644276    75.96489697710258     18.465627443402845    25    
54035.87503644276    75.75477215015187     18.724422553451223    25    
54036.37503644276    75.6444654769967      19.06736435114635     25    
54036.87503644276    75.63650263118447     19.50373936880673     25    
54037.37503644276    75.649518652512       19.67843495112764     25    
54037.87503644276    75.68525189889942     19.54550538267354     25    
54038.37503644276    75.66345545687037     19.426142448836835    25    
54038.87503644276    75.5844189065185      19.129582791484378    25    
54039.37503644276    75.36967484329396     20.271925522152223    25    
54039.87503644276    75.01740260726368     21.907814318581202    25    
54040.37503644276    74.45157576500463     29.059139756105328    25    