56148.73193779597    1.6395074359277808    0.40757208998569305    25    
56149.23193779597    1.8944755512320728    0.4059214326087663     25    
56149.73193779597    2.1652314742285057    0.4066928466254396     25    
56150.23193779597    2.45029483668935      0.4243918363046674     25    
56150.73193779597    2.7501494869916       0.46018224907514726    25    
56151.23193779597    3.0634622926538446    0.4890879749919262     25    
56151.73193779597    3.3896834939720835    0.4973638454160708     25    
56152.23193779597    3.728809516966909     0.4961646851711336     25    
56152.73193779597    4.079255514924988     0.49649633045747155    25    
56153.23193779597    4.441448326542329     0.49826304393729914    25    
56153.73193779597    4.814230559924357     0.49986412493305515    25    
56154.23193779597    5.196800741135125     0.5012340117936839     25    
56154.73193779597    5.5893642531664325    0.5024337976441791     25    
56155.23193779597    5.990288780500329     0.5035365491397608     25    
56155.73193779597    6.3998871424708454    0.5044661428894703     25    
56156.23193779597    6.8172061926107395    0.5054853817761862     25    
56156.73193779597    7.241551509071039     0.5087886548214348     25    
56157.23193779597    7.673164105155643     0.5135760089825007     25    
56157.73193779597    8.108564170981602     0.5079375978056614     25    
56158.23193779597    8.552149423626668     0.48130511841188867    25    
56158.73193779597    8.99356372420805      0.45095892520042596    25    
56159.23193779597    9.420951507508944     0.44292687341180464    25    
56159.73193779597    9.839237956139199     0.4528335969318081     25    
56160.23193779597    10.226753715978015    0.4632225483770358     25    
56160.73193779597    10.581351681186087    0.46901701971371107    25    
56161.23193779597    10.898461389702133    0.47382148717968164    25    
56161.73193779597    11.159313301712933    0.476814542458108      25    
56162.23193779597    11.366224638566699    0.47762257821404047    25    
56162.73193779597    11.526648564878512    0.4793566367472934     25    
56163.23193779597    11.638721679587043    0.48391614337325545    25    
56163.73193779597    11.707817682870603    0.4897953215246746     25    
56164.23193779597    11.75061718347436     0.49599622640743557    25    
56164.73193779597    11.762297350103136    0.5035729784740008     25    
56165.23193779597    11.755447898086159    0.5085526340184201     25    
56165.73193779597    11.73965890337614     0.5090266923415941     25    
56166.23193779597    11.710544411439763    0.5054114962313956     25    
56166.73193779597    11.670735841462756    0.4928971797520227     25    
56167.23193779597    11.621585497362334    0.46531773316778124    25    
56167.73193779597    11.558669001965537    0.43845691794171165    25    
56168.23193779597    11.479217560343677    0.43178326941116335    25    
56168.73193779597    11.384113456464195    0.4379500910503398     25    
56169.23193779597    11.269001068590718    0.44106318550715573    25    
56169.73193779597    11.132156565475352    0.43854452117738923    25    
56170.23193779597    10.97720783706365     0.43473236063341325    25    
56170.73193779597    10.80597411751948     0.43089330343775084    25    
56171.23193779597    10.617633578566434    0.42653500423343194    25    
56171.73193779597    10.42088982069427     0.42481129809415524    25    
56172.23193779597    10.215489732991024    0.4284778195912724     25    
56172.73193779597    10.004541937276933    0.43301385898924505    25    
56173.23193779597    9.795189407518562     0.4336183129607174     25    
56173.73193779597    9.58551419691418      0.4319777343914572     25    
56174.23193779597    9.377362290680868     0.4229540282463668     25    
56174.73193779597    9.172138050493231     0.39774290776317495    25    
56175.23193779597    8.96845148284929      0.3657568554147162     25    
56175.73193779597    8.764994190880298     0.3495410100442063     25    
56176.23193779597    8.5622223181718       0.35042589984062544    25    
56176.73193779597    8.358824015798971     0.35353925883837395    25    
56177.23193779597    8.154273200884255     0.35157360955940486    25    
56177.73193779597    7.9486152637467375    0.3485634730945146     25    
56178.23193779597    7.740704775633156     0.3441327800038683     25    
56178.73193779597    7.530808166954892     0.3372400327188269     25    
56179.23193779597    7.3182757187675485    0.331588567369787      25    
56179.73193779597    7.102664927670499     0.3311980239024493     25    
56180.23193779597    6.88409294942876      0.3337687814886895     25    
56180.73193779597    6.6617192826920615    0.3347071063818594     25    
56181.23193779597    6.4349343853575425    0.3361840516324784     25    
56181.73193779597    6.205478966527986     0.33197768270945227    25    
56182.23193779597    5.974111556545278     0.3106590583113008     25    
56182.73193779597    5.740671773253871     0.273800884266639      25    
56183.23193779597    5.509592101583619     0.2460006954232263     25    
56183.73193779597    5.28033951763248      0.24049646581224712    25    
56184.23193779597    5.0550224059186455    0.24318050768245694    25    
56184.73193779597    4.837068408036577     0.24192584954079657    25    
56185.23193779597    4.625379337133278     0.24035050365576105    25    
56185.73193779597    4.421595722001224     0.23729861323501208    25    
56186.23193779597    4.226449397073965     0.230938048702588      25    
56186.73193779597    4.039170214136569     0.22377522191949595    25    
56187.23193779597    3.859309380277323     0.21974183640244954    25    
56187.73193779597    3.687041408145574     0.21846417732479492    25    
56188.23193779597    3.5217814899411697    0.21767113578434716    25    
56188.73193779597    3.363320146621864     0.2167600087042477     25    
56189.23193779597    3.2117163628562397    0.21579070466095215    25    
56189.73193779597    3.0666930110601194    0.21402474003713376    25    
56190.23193779597    2.928257764902686     0.2125390076408804     25    
56190.73193779597    2.7965475212269646    0.20655862080914164    25    
56191.23193779597    2.6716042795060893    0.18850000135359016    25    
56191.73193779597    2.5534243946539577    0.1621703267269372     25    
56192.23193779597    2.4421577928209195    0.14593859049757135    25    
56192.73193779597    2.3380246921218517    0.14622540030833012    25    
56193.23193779597    2.2402519281149886    0.1499149626764481     25    
56193.73193779597    2.148646050031131     0.14745964458873267    25    
56194.23193779597    2.063109851613991     0.1432232539071834     25    
56194.73193779597    1.981561183657665     0.1411390406046135     25    
56195.23193779597    1.904402274518828     0.1424161301832342     25    
56195.73193779597    1.8304094636337391    0.1443867780278115     25    
56196.23193779597    1.7579763435892974    0.14519751843840362    25    
56196.73193779597    1.687663677279913     0.14550701024612694    25    
56197.23193779597    1.6191546446249725    0.14412862244908656    25    
56197.73193779597    1.5517691434022802    0.14039263960867862    25    
56198.23193779597    1.4868760946998472    0.13512135341463735    25    
56198.73193779597    1.425920166621613     0.12859397232501665    25    
56199.23193779597    1.3683540596005472    0.12009385859294835    25    
56199.73193779597    1.3161653870206207    0.114047117065496      25    
56200.23193779597    1.2701169670076473    0.11428733721627382    25    
56200.73193779597    1.229626133757912     0.1167302253137438     25    
56201.23193779597    1.1949370339443994    0.11583336666028596    25    
56201.73193779597    1.166518519090923     0.11192161619514805    25    
56202.23193779597    1.1411778670685844    0.10894828795483162    25    
56202.73193779597    1.1182326344239724    0.10934559484296254    25    
56203.23193779597    1.0972384372916557    0.11133558595258125    25    
56203.73193779597    1.0747412673715422    0.11339926370249115    25    
56204.23193779597    1.0513028588197508    0.1161280240915956     25    
56204.73193779597    1.026125502577491     0.11769020574810152    25    
56205.23193779597    0.9978271000007972    0.11696207035139898    25    
56205.73193779597    0.967433748077273     0.11436787180464272    25    
56206.23193779597    0.9372241203297683    0.10852680018073631    25    
56206.73193779597    0.9065529842532778    0.09668156720291479    25    
56207.23193779597    0.877235888846742     0.0843796676764118     25    
56207.73193779597    0.8509811869098106    0.08043563323008271    25    
56208.23193779597    0.8271615939869508    0.08235222388911066    25    
56208.73193779597    0.8069683182411501    0.08293630279759495    25    
56209.23193779597    0.7910457741851248    0.08031167957801098    25    
56209.73193779597    0.7779816631795261    0.07806988212116897    25    
56210.23193779597    0.7667378912518161    0.07939135376130528    25    
56210.73193779597    0.7577006518694879    0.08322319975729213    25    
56211.23193779597    0.748957963477481     0.08718844908205342    25    
56211.73193779597    0.740348935608076     0.09178713929216284    25    
56212.23193779597    0.7316177158028679    0.09541634461868552    25    
56212.73193779597    0.7216738941743374    0.09507796409383283    25    
56213.23193779597    0.7107117338177905    0.0911785086293181     25    
56213.73193779597    0.6993604295928851    0.08665937793052601    25    
56214.23193779597    0.6876166080075469    0.08234781657820156    25    
56214.73193779597    0.6757092155583502    0.07804382408656167    25    
56215.23193779597    0.6643350242139179    0.0752746157396057     25    
56215.73193779597    0.6533073418474741    0.07413388507187386    25    
56216.23193779597    0.6430256868637283    0.07381580097812816    25    
56216.73193779597    0.6337953351677179    0.07432290641490823    25    
56217.23193779597    0.6254181602201139    0.07531621260736707    25    
56217.73193779597    0.6177726957343419    0.07516513183689248    25    
56218.23193779597    0.6109169740009025    0.0737803726603226     25    
56218.73193779597    0.6046707046846275    0.07191574878552368    25    
56219.23193779597    0.5989343038348957    0.06986084571257647    25    
56219.73193779597    0.5937275435147531    0.06751917777135684    25    
56220.23193779597    0.5888266899952834    0.06556333901707462    25    
56220.73193779597    0.5842808584163122    0.0640813010945136     25    
56221.23193779597    0.5799490399365494    0.06295543690918638    25    
56221.73193779597    0.5756995997203336    0.06196572837395552    25    
56222.23193779597    0.5715758203076791    0.06124360104491906    25    
56222.73193779597    0.567352717757844     0.06202745617297776    25    
56223.23193779597    0.5630583971573402    0.064731801877089      25    
56223.73193779597    0.5585826503380875    0.0683283774530194     25    
56224.23193779597    0.5537657208165586    0.07098672549498079    25    
56224.73193779597    0.5486665431353923    0.07291611353404095    25    
56225.23193779597    0.5430667416163639    0.08079659717672234    25    