#Date  :
#Flux  :
#Fluxerr  :
#ZP  :
#end  :
@INSTRUMENT  SDSS
@BAND  SDSS_g
@MAGSYS  AB
53774.724511  0.0  1.6852805295543463  25.0
53779.710856  0.0  1.6852805295543463  25.0
53784.697200999995  0.0  1.6852805295543463  25.0
53789.68354599999  0.0  1.6852805295543463  25.0
53794.66989099999  0.0  1.6852805295543463  25.0
53799.65623599999  0.0  1.6852805295543463  25.0
53804.642580999986  0.0  1.6852805295543463  25.0
53809.62892599998  0.0  1.6852805295543463  25.0
53814.61527099998  0.0  1.6852805295543463  25.0
53819.60161599998  0.0  1.6852805295543463  25.0
53824.587960999976  0.0  1.6852805295543463  25.0
53829.57430599997  0.0  1.6852805295543463  25.0
53834.56065099997  0.0  1.6852805295543463  25.0
53839.54699599997  0.0  1.6852805295543463  25.0
53844.533340999966  0.0  1.6852805295543463  25.0
53849.51968599996  0.0  1.6852805295543463  25.0
53854.50603099996  0.0  1.6852805295543463  25.0
53859.49237599996  0.0  1.6852805295543463  25.0
53864.478720999956  0.0  1.6852805295543463  25.0
53869.46506599995  0.0  1.6852805295543463  25.0
53874.45141099995  0.0  1.6852805295543463  25.0
53879.43775599995  0.0  1.6852805295543463  25.0
53884.424100999946  0.0  1.6852805295543463  25.0
53889.41044599994  0.0  1.6852805295543463  25.0
53894.39679099994  0.0  1.6852805295543463  25.0
53899.38313599994  0.0  1.6852805295543463  25.0
53904.369480999936  0.0  1.6852805295543463  25.0
53909.35582599993  0.0  1.6852805295543463  25.0
53914.34217099993  0.0  1.6852805295543463  25.0
53919.32851599993  0.0  1.6852805295543463  25.0
53924.314860999926  0.0  1.6852805295543463  25.0
53929.301205999924  0.0  1.6852805295543463  25.0
53934.28755099992  0.0  1.6852805295543463  25.0
53939.27389599992  0.0  1.6852805295543463  25.0
53944.260240999916  0.0  1.6852805295543463  25.0
53949.246585999914  0.0  1.6852805295543463  25.0
53954.23293099991  0.0  1.6852805295543463  25.0
53959.21927599991  0.0  1.6852805295543463  25.0
53964.20562099991  0.0  1.6852805295543463  25.0
53969.191965999904  0.0  1.6852805295543463  25.0
53974.1783109999  0.0  1.6852805295543463  25.0
53979.1646559999  0.0  1.6852805295543463  25.0
53984.1510009999  0.0  1.6852805295543463  25.0
53989.137345999894  0.0  1.6852805295543463  25.0
53994.12369099989  0.0  1.6852805295543463  25.0
53974.178311  0.9406859199708462  1.3110499301531435  25.0
53989.167271  0.3107080622334709  2.0169786475475893  25.0
53989.185764  -1.3905911940849118  2.040730552749437  25.0
53995.174638  0.3040796235724902  1.324306807475105  25.0
53997.152887  0.5421510454793809  1.6852805295543463  25.0
54005.124518  -0.9299147071467525  1.3626965147199517  25.0
54007.13689  1.5946918678542765  1.7515649161641533  25.0
54009.133795  8.423640798329656  2.0233309012643628  25.0
54011.198182  14.996842470468863  3.051843633493203  25.0
54019.147669  36.04213521908263  1.8659054830660706  25.0
54025.196023  35.765950274875095  1.6054630806783703  25.0
54029.126147  33.52885222679411  1.4659896838535678  25.0
54031.112604  30.7117657958773  1.5460833176737512  25.0
54036.116923  21.91527532286748  2.1089482339686967  25.0
54039.114976  17.31127230292796  5.178467703891182  25.0
54048.108684  9.10857945996433  1.5132173093130554  25.0
54052.112572  3.543452834182606  1.6184437730561239  25.0
54054.131077  5.53198443247682  3.7699244884327805  25.0
54055.108283  3.20650720224942  1.893247792542616  25.0
54058.106353  2.7171074811136773  1.5314455156307523  25.0
54063.096572  2.2906779272572515  1.6363957944296135  25.0
