54007.3080143429    6.8148989602644185    1.06130804057534       25    
54007.8080143429    7.911843935942428     1.050854538183829      25    
54008.3080143429    9.071214788905708     1.054390453718271      25    
54008.8080143429    10.283910238064665    1.1362494144121997     25    
54009.3080143429    11.552010384584563    1.2698196269041122     25    
54009.8080143429    12.864375352821162    1.3474904339382605     25    
54010.3080143429    14.222282161236272    1.3551948890644638     25    
54010.8080143429    15.618122215069555    1.3468121942006925     25    
54011.3080143429    17.0470265327961      1.3508782158719332     25    
54011.8080143429    18.508150275567942    1.3549414247587293     25    
54012.3080143429    19.99123991319933     1.3584790034935061     25    
54012.8080143429    21.498724713248254    1.3615361224678444     25    
54013.3080143429    23.019918716381145    1.3643666487852861     25    
54013.8080143429    24.554841942045805    1.3666569721821344     25    
54014.3080143429    26.097605439966294    1.3693631306766962     25    
54014.8080143429    27.642383786875197    1.371583766750941      25    
54015.3080143429    29.1888339995765      1.375163105833235      25    
54015.8080143429    30.723621707648743    1.3916480265818514     25    
54016.3080143429    32.25528533010537     1.4226764864336283     25    
54016.8080143429    33.739601543659425    1.4523662918575535     25    
54017.3080143429    35.17320238607791     1.4749198837817685     25    
54017.8080143429    36.53197720232247     1.4937090845508163     25    
54018.3080143429    37.770166350751325    1.5084252938110843     25    
54018.8080143429    38.89772397828139     1.519198726440466      25    
54019.3080143429    39.86275632898477     1.524607752815031      25    
54019.8080143429    40.65360930468087     1.5211116572106        25    
54020.3080143429    41.3076958533554      1.5220998226584452     25    
54020.8080143429    41.82635255579349     1.5378089513909863     25    
54021.3080143429    42.23223046436973     1.5608105847591787     25    
54021.8080143429    42.5880389057446      1.587030065883267      25    
54022.3080143429    42.87934852557461     1.617989640051085      25    
54022.8080143429    43.16959974177316     1.631895206482704      25    
54023.3080143429    43.47414552623941     1.6241183751597714     25    
54023.8080143429    43.77503487418811     1.6005636991772798     25    
54024.3080143429    44.0767668713121      1.552823073199987      25    
54024.8080143429    44.36811158238642     1.4916985108715117     25    
54025.3080143429    44.605992913842755    1.4694188807637591     25    
54025.8080143429    44.79963246026051     1.4882635468784293     25    
54026.3080143429    44.91159777480364     1.5041580680636382     25    
54026.8080143429    44.926470735755764    1.5016589694803195     25    
54027.3080143429    44.85596576050284     1.4948389680909948     25    
54027.8080143429    44.697666278938044    1.4885152277632236     25    
54028.3080143429    44.455374237888165    1.482247036185057      25    
54028.8080143429    44.159483230991874    1.4885191861773912     25    
54029.3080143429    43.80482858742787     1.5123095396467194     25    
54029.8080143429    43.4136435165727      1.5286525075364843     25    
54030.3080143429    43.00134547407133     1.5348992642193517     25    
54030.8080143429    42.55771477587986     1.5194281619873458     25    
54031.3080143429    42.081500906395036    1.433009589973474      25    
54031.8080143429    41.57296388190907     1.2739502618889382     25    
54032.3080143429    41.00358237511597     1.1664284041568516     25    
54032.8080143429    40.37588711449256     1.1632988586963886     25    
54033.3080143429    39.673575209935585    1.1833038990109437     25    
54033.8080143429    38.8746176390242      1.1783752347767043     25    
54034.3080143429    37.99563386363699     1.1697427489951615     25    
54034.8080143429    37.05596569990041     1.156256955072271      25    
54035.3080143429    36.04730233459464     1.1365477009718228     25    
54035.8080143429    35.03283473204498     1.127475567564465      25    
54036.3080143429    34.012294885211645    1.1394445679240341     25    
54036.8080143429    33.018211381836515    1.1537990758026422     25    
54037.3080143429    32.09524857657428     1.1538595262295506     25    
54037.8080143429    31.2301070974215      1.146525679661715      25    
54038.3080143429    30.441014536215317    1.1373198260193849     25    
54038.8080143429    29.730638033625798    1.1245354724239491     25    
54039.3080143429    29.07650275596245     1.1158124750824316     25    
54039.8080143429    28.4758640369187      1.1174489074344223     25    
54040.3080143429    27.92095095784645     1.1216902175044747     25    
54040.8080143429    27.39363389120342     1.1207240413186939     25    
54041.3080143429    26.89866864520278     1.1165377211387908     25    
54041.8080143429    26.432132212646934    1.106008508295172      25    
54042.3080143429    25.99089271084173     1.0851463314937306     25    
54042.8080143429    25.586802258191184    1.0683066996241197     25    
54043.3080143429    25.223892617877688    1.0678198723253414     25    
54043.8080143429    24.90426573353559     1.074157523119926      25    
54044.3080143429    24.640909348672412    1.076482879553691      25    
54044.8080143429    24.43178691378591     1.076893773643705      25    
54045.3080143429    24.267095552293064    1.0743483595830672     25    
54045.8080143429    24.153686933155495    1.0710773449940016     25    
54046.3080143429    24.067716840682735    1.059618986819813      25    
54046.8080143429    23.993524629470144    1.0257146309986842     25    
54047.3080143429    23.930389447146737    0.9802814898103418     25    
54047.8080143429    23.84628356697733     0.9596572759131039     25    
54048.3080143429    23.745532122360608    0.9649275532932299     25    
54048.8080143429    23.620847523024846    0.9689702436963105     25    
54049.3080143429    23.46416525127112     0.9593068121850442     25    
54049.8080143429    23.288802305275038    0.951970642700618      25    
54050.3080143429    23.105072303714355    0.9639089280709962     25    
54050.8080143429    22.911585868229555    0.9871254886492598     25    
54051.3080143429    22.726162147324015    1.0002964680480204     25    
54051.8080143429    22.547880952837872    1.00392795945381       25    
54052.3080143429    22.379427542332124    0.9994496593923667     25    
54052.8080143429    22.226369540080885    0.9796514338613412     25    
54053.3080143429    22.08138441475748     0.9571429619163806     25    
54053.8080143429    21.93593847052384     0.9570968918683008     25    
54054.3080143429    21.791928964801468    0.973648835489914      25    
54054.8080143429    21.637214784965764    0.9876097388242995     25    
54055.3080143429    21.47197932864886     0.999709899948213      25    
54055.8080143429    21.292415723649366    1.003622663332294      25    
54056.3080143429    21.09391646413716     0.9863246002320829     25    
54056.8080143429    20.878862872647257    0.9603831872555335     25    
54057.3080143429    20.6482466707751      0.9542713359538285     25    
54057.8080143429    20.40177939063138     0.9652729570168501     25    
54058.3080143429    20.141227727010552    0.9788014753055784     25    
54058.8080143429    19.86676514409066     0.9969710908933634     25    
54059.3080143429    19.57880585522912     1.008214052096091      25    
54059.8080143429    19.278193337083266    1.0037353729058591     25    
54060.3080143429    18.964584699425366    0.9823281667998481     25    
54060.8080143429    18.63776185918006     0.9067510772575816     25    
54061.3080143429    18.29778352819151     0.7433240710635923     25    
54061.8080143429    17.944366196010932    0.5884515959195176     25    
54062.3080143429    17.576526351791024    0.5560651812309397     25    
54062.8080143429    17.19620801487001     0.5755629265398848     25    
54063.3080143429    16.804560508019467    0.5640347295983238     25    
54063.8080143429    16.401833938336118    0.545113601688699      25    
54064.3080143429    15.997405649136603    0.5363135946515424     25    
54064.8080143429    15.589578222630003    0.5402416499039874     25    
54065.3080143429    15.186084224347137    0.549498035060125      25    
54065.8080143429    14.790735638340312    0.5650431875046652     25    
54066.3080143429    14.404037114973939    0.5801595339872582     25    
54066.8080143429    14.03264829789525     0.577730568442833      25    
54067.3080143429    13.675257501110286    0.5606229556184847     25    
54067.8080143429    13.332150581749394    0.5408125980994267     25    
54068.3080143429    13.003490383656404    0.5213239250748807     25    
54068.8080143429    12.68904149268572     0.4963810075872988     25    
54069.3080143429    12.388830128371477    0.4561413758150626     25    
54069.8080143429    12.10271950581044     0.40685809839716197    25    
54070.3080143429    11.830280291712128    0.3805322063629897     25    
54070.8080143429    11.571744988879331    0.38133899952021166    25    
54071.3080143429    11.325577278131624    0.38281028635410164    25    
54071.8080143429    11.091756428429127    0.37638433013167166    25    
54072.3080143429    10.869445949848018    0.3689910444060765     25    
54072.8080143429    10.657552354954335    0.36231422757597953    25    
54073.3080143429    10.456230964428883    0.35609076416439145    25    
54073.8080143429    10.263807138183436    0.35288539214630665    25    
54074.3080143429    10.080613669791765    0.3529585939310912     25    
54074.8080143429    9.905228117487377     0.3550585882785483     25    
54075.3080143429    9.73730140530761      0.35095076154979715    25    
54075.8080143429    9.576334904903463     0.356439035877579      25    
54076.3080143429    9.421001510347383     0.40221100523306924    25    
54076.8080143429    9.271593809683626     0.47000612458333835    25    
54077.3080143429    9.126421324282019     0.509714721552842      25    
54077.8080143429    8.98571125743676      0.5141278432165428     25    
54078.3080143429    8.848258033570993     0.5236679922850812     25    
54078.8080143429    8.713394587533855     0.5505964327827962     25    