#Date  :
#Flux  :
#Fluxerr  :
#ZP  :
#end  :
@INSTRUMENT  UVOT
@BAND  UVOT_uvw1
@MAGSYS AB
56367.246999999996  0.0  12.230746162313498  25.0
56372.23334499999  0.0  12.230746162313498  25.0
56377.21968999999  0.0  12.230746162313498  25.0
56382.20603499999  0.0  12.230746162313498  25.0
56387.192379999986  0.0  12.230746162313498  25.0
56392.17872499998  0.0  12.230746162313498  25.0
56397.16506999998  0.0  12.230746162313498  25.0
56402.15141499998  0.0  12.230746162313498  25.0
56407.137759999976  0.0  12.230746162313498  25.0
56412.12410499997  0.0  12.230746162313498  25.0
56417.11044999997  0.0  12.230746162313498  25.0
56422.09679499997  0.0  12.230746162313498  25.0
56427.083139999966  0.0  12.230746162313498  25.0
56432.06948499996  0.0  12.230746162313498  25.0
56437.05582999996  0.0  12.230746162313498  25.0
56442.04217499996  0.0  12.230746162313498  25.0
56447.028519999956  0.0  12.230746162313498  25.0
56452.014864999954  0.0  12.230746162313498  25.0
56457.00120999995  0.0  12.230746162313498  25.0
56461.98755499995  0.0  12.230746162313498  25.0
56466.973899999946  0.0  12.230746162313498  25.0
56471.960244999944  0.0  12.230746162313498  25.0
56476.94658999994  0.0  12.230746162313498  25.0
56481.93293499994  0.0  12.230746162313498  25.0
56486.91927999994  0.0  12.230746162313498  25.0
56491.905624999934  0.0  12.230746162313498  25.0
56496.89196999993  0.0  12.230746162313498  25.0
56501.87831499993  0.0  12.230746162313498  25.0
56506.86465999993  0.0  12.230746162313498  25.0
56511.851004999924  0.0  12.230746162313498  25.0
56516.83734999992  0.0  12.230746162313498  25.0
56521.82369499992  0.0  12.230746162313498  25.0
56526.81003999992  0.0  12.230746162313498  25.0
56531.796384999914  0.0  12.230746162313498  25.0
56536.78272999991  0.0  12.230746162313498  25.0
56541.76907499991  0.0  12.230746162313498  25.0
56566.7008  158.34213311210164  15.518581152182717  25.0
56569.6267  155.44883832101672  18.674902742457167  25.0
56572.6982  144.6647395542457  12.625286361097805  25.0
56574.4028  130.46129239801064  13.414366758666416  25.0
56575.3394  118.62508643448146  11.836205963529192  25.0
56581.2724  75.75171816658683  9.731991570012891  25.0
56584.209  69.70210178522747  10.521071967581504  25.0
57194.2912  7.8908039756861275  7.364750377307053  25.0
