#Date  :
#Flux  :
#Fluxerr  :
#ZP  :
#end  :
@INSTRUMENT  UVOT
@BAND  UVOT_b
@MAGSYS AB
56367.268899999995  0.0  165.54050688279523  25.0
56372.25524499999  0.0  165.54050688279523  25.0
56377.24158999999  0.0  165.54050688279523  25.0
56382.22793499999  0.0  165.54050688279523  25.0
56387.214279999986  0.0  165.54050688279523  25.0
56392.20062499998  0.0  165.54050688279523  25.0
56397.18696999998  0.0  165.54050688279523  25.0
56402.17331499998  0.0  165.54050688279523  25.0
56407.159659999976  0.0  165.54050688279523  25.0
56412.14600499997  0.0  165.54050688279523  25.0
56417.13234999997  0.0  165.54050688279523  25.0
56422.11869499997  0.0  165.54050688279523  25.0
56427.105039999966  0.0  165.54050688279523  25.0
56432.09138499996  0.0  165.54050688279523  25.0
56437.07772999996  0.0  165.54050688279523  25.0
56442.06407499996  0.0  165.54050688279523  25.0
56447.050419999956  0.0  165.54050688279523  25.0
56452.03676499995  0.0  165.54050688279523  25.0
56457.02310999995  0.0  165.54050688279523  25.0
56462.00945499995  0.0  165.54050688279523  25.0
56466.995799999946  0.0  165.54050688279523  25.0
56471.98214499994  0.0  165.54050688279523  25.0
56476.96848999994  0.0  165.54050688279523  25.0
56481.95483499994  0.0  165.54050688279523  25.0
56486.941179999936  0.0  165.54050688279523  25.0
56491.927524999934  0.0  165.54050688279523  25.0
56496.91386999993  0.0  165.54050688279523  25.0
56501.90021499993  0.0  165.54050688279523  25.0
56506.886559999926  0.0  165.54050688279523  25.0
56511.872904999924  0.0  165.54050688279523  25.0
56516.85924999992  0.0  165.54050688279523  25.0
56521.84559499992  0.0  165.54050688279523  25.0
56526.831939999916  0.0  165.54050688279523  25.0
56531.818284999914  0.0  165.54050688279523  25.0
56536.80462999991  0.0  165.54050688279523  25.0
56541.79097499991  0.0  165.54050688279523  25.0
56566.7227  2950.3053861908998  170.1459614792254  25.0
56569.6296  3470.9776141761986  213.64192155662136  25.0
56572.7013  3203.6053889945583  172.4486887774405  25.0
56574.4059  3205.3963991153923  179.3568706720857  25.0
56575.3407  2916.020335306364  160.93505228636508  25.0
56581.2747  1936.5936577988828  113.85707196730121  25.0
56584.2101  1581.4619366963793  103.62272841967864  25.0
57194.3135  64.73222293871282  45.286970198229916  25.0
