55499.72847468728    7.205969397847956     1.2665309091326278     25    
55500.22847468728    8.399128690711073     1.2576968352379374     25    
55500.72847468728    9.673504028182492     1.2617865828150439     25    
55501.22847468728    11.02387573453698     1.3433130546171097     25    
55501.72847468728    12.451721695012004    1.4872684374156353     25    
55502.22847468728    13.951159521584518    1.5830462400244432     25    
55502.72847468728    15.522180957243041    1.5998985994674122     25    
55503.22847468728    17.162024704691667    1.5914539488127426     25    
55503.72847468728    18.866440373782122    1.5956166470976458     25    
55504.22847468728    20.636497085379766    1.601039743038108      25    
55504.72847468728    22.46605850353577     1.6058535065114754     25    
55505.22847468728    24.35603303146233     1.6100004446913627     25    
55505.72847468728    26.302436138360793    1.613773101193129      25    
55506.22847468728    28.302191101845867    1.6171466664732055     25    
55506.72847468728    30.35554951403879     1.6203703023581875     25    
55507.22847468728    32.4571102196451      1.625441284762244      25    
55507.72847468728    34.61014953413856     1.634882021694084      25    
55508.22847468728    36.80093380645026     1.6366596022165283     25    
55508.72847468728    39.041788032142655    1.6161487326796953     25    
55509.22847468728    41.302287845169054    1.5897276672025957     25    
55509.72847468728    43.515850450572565    1.5894573302993127     25    
55510.22847468728    45.70431822569047     1.6126948357125166     25    
55510.72847468728    47.767178076954764    1.635382504327211      25    
55511.22847468728    49.694752039580614    1.6510169437354665     25    
55511.72847468728    51.455557165631355    1.6634608444422583     25    
55512.22847468728    52.96553711619293     1.6697636629166732     25    
55512.72847468728    54.24774843184825     1.6707075582617745     25    
55513.22847468728    55.34196295495048     1.6769742444110203     25    
55513.72847468728    56.22751222668453     1.6909600927381983     25    
55514.22847468728    56.97238221476921     1.7080569166302186     25    
55514.72847468728    57.63054187293656     1.728454068867386      25    
55515.22847468728    58.19242258729046     1.7501473757381087     25    
55515.72847468728    58.74621634413737     1.7587260092860537     25    
55516.22847468728    59.29397931430552     1.7520637766296876     25    
55516.72847468728    59.81703387033875     1.7412682014774632     25    
55517.22847468728    60.325095694661506    1.7296875779781702     25    
55517.72847468728    60.79799996039704     1.718446994343331      25    
55518.22847468728    61.18367173898781     1.7196775733524903     25    
55518.72847468728    61.49565447416537     1.7339617979901811     25    
55519.22847468728    61.68662935659709     1.744242838984976      25    
55519.72847468728    61.736314423978364    1.7429165392546817     25    
55520.22847468728    61.657641316569176    1.7370532197704267     25    
55520.72847468728    61.44619926152293     1.7304131290817388     25    
55521.22847468728    61.10228105617856     1.7218634411091622     25    
55521.72847468728    60.65806624737781     1.7196292410473226     25    
55522.22847468728    60.111295747732406    1.729581673055609      25    
55522.72847468728    59.47829738054305     1.738992892780539      25    
55523.22847468728    58.78048997641605     1.7465157943984593     25    
55523.72847468728    58.01126136393396     1.7473398047862168     25    
55524.22847468728    57.18123961250031     1.678012450910876      25    
55524.72847468728    56.291413428453055    1.4916851129673756     25    
55525.22847468728    55.33811298462135     1.3040100308543439     25    
55525.72847468728    54.31994182963292     1.2548859638437535     25    
55526.22847468728    53.23746984266428     1.2790566307351792     25    
55526.72847468728    52.087685121926285    1.2815118110875183     25    
55527.22847468728    50.8658402726243      1.2713979857362137     25    
55527.72847468728    49.603515435352506    1.2583358237302043     25    
55528.22847468728    48.298617313475766    1.239121448823873      25    
55528.72847468728    46.97345207971073     1.2197512629694423     25    
55529.22847468728    45.673786490928826    1.2127867104410661     25    
55529.72847468728    44.386783999196616    1.216388258645887      25    
55530.22847468728    43.16603801862241     1.2170609915597908     25    
55530.72847468728    42.02060917331679     1.2141018148384637     25    
55531.22847468728    40.949849667906385    1.204213580583358      25    
55531.72847468728    39.969365187781285    1.1752606319044168     25    
55532.22847468728    39.07275521367703     1.13194305729903       25    
55532.72847468728    38.24104016704522     1.1070175338416222     25    
55533.22847468728    37.477542892328096    1.1094276810432058     25    
55533.72847468728    36.76924756216968     1.1165174138910872     25    
55534.22847468728    36.1053419778063      1.1146128999530094     25    
55534.72847468728    35.48916322720076     1.1095554446294091     25    
55535.22847468728    34.91319410978281     1.0996565269959775     25    
55535.72847468728    34.37727019215388     1.0827642956610564     25    
55536.22847468728    33.88574487422437     1.0703098776876305     25    
55536.72847468728    33.43942452616191     1.0709414134547168     25    
55537.22847468728    33.03906305346002     1.0766404797507103     25    
55537.72847468728    32.68930591152332     1.0783624260842397     25    
55538.22847468728    32.39015221356978     1.0779374785457114     25    
55538.72847468728    32.1303502098333      1.0745732694455654     25    
55539.22847468728    31.91443391231203     1.0741699817063048     25    
55539.72847468728    31.727174467238       1.0623838340526082     25    
55540.22847468728    31.550788584263778    1.010277589306219      25    
55540.72847468728    31.389693149470915    0.9230389254590721     25    
55541.22847468728    31.21722540847166     0.8663899077091254     25    
55541.72847468728    31.033358148696816    0.8653203443879094     25    
55542.22847468728    30.83326299224938     0.8768104333370988     25    
55542.72847468728    30.607547496158283    0.8699279742235768     25    
55543.22847468728    30.36118435118728     0.8595505219392583     25    
55543.72847468728    30.10046812499332     0.8604176163195618     25    
55544.22847468728    29.823749053270703    0.8749301712949031     25    
55544.72847468728    29.537075986644997    0.8875484973594557     25    
55545.22847468728    29.24355857296834     0.891007058402785      25    
55545.72847468728    28.94242891786617     0.8891129583272395     25    
55546.22847468728    28.636812884932198    0.8764841767847672     25    
55546.72847468728    28.326529951236296    0.8487218684449281     25    
55547.22847468728    28.00832818021295     0.8521026879969711     25    
55547.72847468728    27.682193415798707    0.919304497692036      25    
55548.22847468728    27.34669650132622     0.9931733066352978     25    
55548.72847468728    26.99913228882309     1.0221870950532617     25    
55549.22847468728    26.640236793399538    1.0245857071498683     25    
55549.72847468728    26.268532566860042    1.0179312865946863     25    
55550.22847468728    25.883438766428437    0.9991457148802958     25    
55550.72847468728    25.486215513475692    0.9799416114278743     25    
55551.22847468728    25.07748676989324     0.9760900705607736     25    
55551.72847468728    24.65721188466214     0.9807878594095735     25    
55552.22847468728    24.22677561672749     0.9869842319605293     25    
55552.72847468728    23.785561808664763    0.9974502929021102     25    
55553.22847468728    23.335958591599447    1.0013580350226392     25    
55553.72847468728    22.878320237850208    1.0017685232894447     25    
55554.22847468728    22.41386186300781     0.9858025554543711     25    
55554.72847468728    21.947165988318517    0.8968606879239276     25    
55555.22847468728    21.47694630075329     0.6968829415238851     25    
55555.72847468728    21.008061696037494    0.49525208998612863    25    
55556.22847468728    20.541200972029827    0.4493888539696596     25    
55556.72847468728    20.0777786586513      0.48091255052208315    25    
55557.22847468728    19.62149153912373     0.4749390802825888     25    
55557.72847468728    19.17135074342232     0.45976611281787727    25    
55558.22847468728    18.730489684080272    0.4506475403797023     25    
55558.72847468728    18.298667151680593    0.45078924712827545    25    
55559.22847468728    17.87758554700507     0.4556119986377204     25    
55559.72847468728    17.469284821296597    0.46430751534205883    25    
55560.22847468728    17.073230976484417    0.47567812650137875    25    
55560.72847468728    16.691448631008384    0.47707502529917084    25    
55561.22847468728    16.324115487805916    0.4663173723167948     25    
55561.72847468728    15.970536802207004    0.45157100400754396    25    
55562.22847468728    15.63061219599074     0.4347707440645957     25    
55562.72847468728    15.304205209429485    0.4174849909981057     25    
55563.22847468728    14.990613710629807    0.4139105759673703     25    
55563.72847468728    14.690046392705343    0.42544194575645683    25    
55564.22847468728    14.401692140520987    0.4349492299886235     25    
55564.72847468728    14.125512548534685    0.43509299663587575    25    
55565.22847468728    13.861070648977373    0.4317919453736776     25    
55565.72847468728    13.607392455561218    0.4279908118900767     25    
55566.22847468728    13.364755765874175    0.4229109289003575     25    
55566.72847468728    13.13192300833182     0.41817758901196816    25    
55567.22847468728    12.908958375414553    0.41387765846278984    25    
55567.72847468728    12.695213310357675    0.41054413962665753    25    
55568.22847468728    12.489882035199653    0.4093663782285606     25    
55568.72847468728    12.293142493983728    0.40991586398265767    25    
55569.22847468728    12.103733135349358    0.41105207815497913    25    
55569.72847468728    11.92188129137457     0.41089758034130147    25    
55570.22847468728    11.746699486346897    0.4157432136904459     25    
55570.72847468728    11.577636092650156    0.43273975187241415    25    
55571.22847468728    11.414675451934784    0.45515228579603867    25    
55571.72847468728    11.256613287930406    0.4693525073508996     25    
55572.22847468728    11.103755984927497    0.47310564537687483    25    
55572.72847468728    10.955019267335253    0.48882697705850453    25    