54801.774847406785    752.1656838163113     230.23467716963825    25    
54802.274847406785    930.2182987405927     219.5217342274783     25    
54802.774847406785    1129.7539866035033    233.51116994456783    25    
54803.274847406785    1351.526233514979     318.3514366851227     25    
54803.774847406785    1596.1484828566727    388.2524837872723     25    
54804.274847406785    1864.4419985767113    399.1540412133423     25    
54804.774847406785    2156.9542410393005    392.5249097311881     25    
54805.274847406785    2474.5706623892665    393.40656717428806    25    
54805.774847406785    2817.776329614864     394.0849917034843     25    
54806.274847406785    3187.517293416122     394.36131894787104    25    
54806.774847406785    3584.219817046839     394.278626020485      25    
54807.274847406785    4008.886960120755     393.77692015997064    25    
54807.774847406785    4461.88977179871      393.013802343997      25    
54808.274847406785    4945.082454743487     392.7306966700561     25    
54808.774847406785    5456.957564069424     391.80686348288145    25    
54809.274847406785    6000.828536094695     386.730096604111      25    
54809.774847406785    6564.865811521225     380.79002672138387    25    
54810.274847406785    7127.792254550326     381.50027727239194    25    
54810.774847406785    7680.775851584306     385.6030384677704     25    
54811.274847406785    8189.6494630233765    388.61020525014135    25    
54811.774847406785    8651.291697983332     391.15778416156195    25    
54812.274847406785    9028.915100421398     391.9757714211568     25    
54812.774847406785    9333.101242351782     391.9053474707032     25    
54813.274847406785    9570.899281938076     393.27866858926194    25    
54813.774847406785    9749.006542194535     395.56282309271063    25    
54814.274847406785    9897.082310582004     398.7981473057154     25    
54814.774847406785    10016.252858356751    402.336702462774      25    
54815.274847406785    10136.963865082083    405.81393179612206    25    
54815.774847406785    10254.47142286614     405.9764030430021     25    
54816.274847406785    10369.659605255914    375.7068232823432     25    
54816.774847406785    10479.91938031675     318.9736832195926     25    
54817.274847406785    10569.957942024597    297.68335793354794    25    
54817.774847406785    10639.725232247629    307.8436148688558     25    
54818.274847406785    10674.202054722733    310.34337175894245    25    
54818.774847406785    10674.510302780167    308.8089272938787     25    
54819.274847406785    10637.037834050236    306.5522091759311     25    
54819.774847406785    10562.288278245911    303.6299072612327     25    
54820.274847406785    10453.300293957487    303.28275849419816    25    
54820.774847406785    10310.054268584301    305.22090494335964    25    
54821.274847406785    10135.237578831116    305.71295309975164    25    
54821.774847406785    9928.85607184871      304.8042023043367     25    
54822.274847406785    9697.813700050508     294.68404744021734    25    
54822.774847406785    9441.952770546184     274.1637855404141     25    
54823.274847406785    9170.84041825009      264.17091754629524    25    
54823.774847406785    8884.314831545687     266.74141120682197    25    
54824.274847406785    8591.736179465202     267.1695727789234     25    
54824.774847406785    8292.941543164598     264.8436183729323     25    
54825.274847406785    7997.949363949968     261.5666485530408     25    
54825.774847406785    7706.653438287653     257.09152862864937    25    
54826.274847406785    7429.516799431558     255.01916664615177    25    
54826.774847406785    7166.626457372312     256.1175916571195     25    
54827.274847406785    6928.189100104842     256.45942826886136    25    
54827.774847406785    6715.553937742231     256.2330173364923     25    
54828.274847406785    6528.8764241728695    249.20549642993606    25    
54828.774847406785    6369.353551141658     231.3284750633337     25    
54829.274847406785    6229.713405962918     220.67674998587245    25    
54829.774847406785    6109.683459324922     223.67303743167295    25    
54830.274847406785    6002.969577118103     226.41279778597067    25    
54830.774847406785    5908.73960061953      226.34536588198978    25    
54831.274847406785    5823.142219583349     224.99623240922173    25    
54831.774847406785    5745.375073898456     221.60773236399683    25    
54832.274847406785    5673.525867882909     220.10714072636804    25    
54832.774847406785    5607.290939515351     222.42926619293144    25    
54833.274847406785    5544.5806283441       224.41598399066467    25    
54833.774847406785    5484.899197652387     224.9147717001715     25    
54834.274847406785    5426.924940766121     224.38415294333973    25    
54834.774847406785    5370.191059503705     222.3858740029383     25    
54835.274847406785    5314.051767604731     220.52104095583158    25    
54835.774847406785    5258.308593867234     219.54602907936152    25    
54836.274847406785    5202.2228600173985    219.02053111172407    25    
54836.774847406785    5145.761034440327     219.3715295771646     25    
54837.274847406785    5087.500315026192     218.74851530775206    25    
54837.774847406785    5027.206871002503     214.95461947025797    25    
54838.274847406785    4962.856732224494     212.44179195648212    25    
54838.774847406785    4893.636417148057     214.80257421200207    25    
54839.274847406785    4817.823542528992     217.65585248569616    25    
54839.774847406785    4733.888622169863     219.02638660561118    25    
54840.274847406785    4642.186365788199     218.8393423410909     25    
54840.774847406785    4541.793835378006     213.81580265227493    25    
54841.274847406785    4435.0298510530265    211.99283061649624    25    
54841.774847406785    4323.077503483608     223.51326449975411    25    
54842.274847406785    4207.526188483423     235.22828346292152    25    
54842.774847406785    4090.131848890222     237.5558673934216     25    
54843.274847406785    3971.4490066162166    236.11090683943513    25    
54843.774847406785    3852.882678026198     232.04133650926528    25    
54844.274847406785    3734.0183629655103    227.786537616467      25    
54844.774847406785    3614.9325427989816    228.05400599383927    25    
54845.274847406785    3495.576313523955     230.0470145919541     25    
54845.774847406785    3375.634948449778     232.4866309163301     25    
54846.274847406785    3255.834460410537     233.9223553774108     25    
54846.774847406785    3136.526448037988     234.69715451598125    25    
54847.274847406785    3019.212889774861     227.10551547329837    25    
54847.774847406785    2906.2199970712377    182.9771363793813     25    
54848.274847406785    2798.4704212524757    109.85475911618815    25    
54848.774847406785    2698.9970270000213    85.57500706705501     25    
54849.274847406785    2607.60102028794      99.58800453665553     25    
54849.774847406785    2526.1572518057997    98.19164093060814     25    
54850.274847406785    2453.2928894964207    95.36584769224076     25    
54850.774847406785    2387.08574916761      93.81593132839951     25    
54851.274847406785    2327.010517660402     93.18558638152138     25    
54851.774847406785    2270.527233056387     94.02254746342486     25    
54852.274847406785    2217.6000273614013    95.4537346636092      25    
54852.774847406785    2166.2558869501227    94.6943414580517      25    
54853.274847406785    2116.8973093355426    92.7419666555562      25    
54853.774847406785    2069.5335057810225    91.64820131038023     25    
54854.274847406785    2024.230331606258     90.9066837349733      25    
54854.774847406785    1981.2384195817772    89.4880408315533      25    
54855.274847406785    1940.5331224509223    87.81171498859013     25    
54855.774847406785    1902.2375249838117    87.74452354836036     25    
54856.274847406785    1866.277636127377     88.67650776235457     25    
54856.774847406785    1832.3528991965702    88.18939144069499     25    
54857.274847406785    1800.4473855064355    86.68344395743358     25    
54857.774847406785    1770.2085709012558    85.07956770273589     25    
54858.274847406785    1741.6333434652222    83.35271345320943     25    
54858.774847406785    1714.367908883456     82.21148922371712     25    
54859.274847406785    1688.4129233252106    81.60588213012446     25    
54859.774847406785    1663.4112789771154    81.42339808398704     25    
54860.274847406785    1639.366490920345     81.66593544520747     25    
54860.774847406785    1615.9190470161825    82.23033504627858     25    
54861.274847406785    1593.0744120845734    83.11012082669023     25    
54861.774847406785    1570.4715788345966    83.7615006339406      25    
54862.274847406785    1548.1170526518354    84.22780893061572     25    
54862.774847406785    1525.6492402663052    88.13125937636404     25    