54883.882266157896    37.21650937390866     37.21650937391        25    
54884.382266157896    159.6443723369242     159.6443723369245     25    
54884.882266157896    327.14304047654196    327.1430404765421     25    
54885.382266157896    545.9389784472177     545.9389784472178     25    
54885.882266157896    821.3912391321038     821.3912391321039     25    
54886.382266157896    1160.1498414605055    1160.1498414605055    25    
54886.882266157896    1567.1584053294027    1385.7064317147886    25    
54887.382266157896    2049.474261365598     1410.6468117627012    25    
54887.882266157896    2611.6418390572403    1428.592506925001     25    
54888.382266157896    3261.1095381512973    1438.8341566216786    25    
54888.882266157896    4002.038840304428     1442.5147960586683    25    
54889.382266157896    4842.252971806414     1439.4922468719851    25    
54889.882266157896    5785.546709059771     1432.141541742358     25    
54890.382266157896    6843.282543597363     1429.640903669685     25    
54890.882266157896    8011.006175298801     1418.0185573876402    25    
54891.382266157896    9307.948192835902     1357.5529662149168    25    
54891.882266157896    10682.738181530998    1289.8758908635343    25    
54892.382266157896    12068.628076727413    1303.1301289444464    25    
54892.882266157896    13422.217951350973    1352.1863972424946    25    
54893.382266157896    14630.821155035015    1385.5864638646192    25    
54893.882266157896    15673.493316376203    1411.3035057399077    25    
54894.382266157896    16424.236055645033    1413.6004990918213    25    
54894.882266157896    16923.32296733168     1405.6630518860484    25    
54895.382266157896    17179.755550149788    1414.275068466226     25    
54895.882266157896    17225.09637901641     1431.9716752387178    25    
54896.382266157896    17140.53523835235     1461.7433974603944    25    
54896.882266157896    16936.52014504036     1491.3137369484657    25    
54897.382266157896    16699.7128629858      1494.3674220101254    25    
54897.882266157896    16416.218687489294    1462.0078363184168    25    
54898.382266157896    16103.846405058295    1304.3835816238397    25    
54898.882266157896    15752.271082509895    1051.6643065249114    25    
54899.382266157896    15339.150689783764    970.4268011001363     25    
54899.882266157896    14863.653554846804    1014.0108940817979    25    
54900.382266157896    14301.271725785879    1008.204213731232     25    
54900.882266157896    13662.390508850785    983.7457171263037     25    
54901.382266157896    12968.906549777894    951.8758444203177     25    
54901.882266157896    12228.54834152917     916.7640295910909     25    
54902.382266157896    11493.159033237422    916.1502706764614     25    
54902.882266157896    10764.31812454108     938.1082594101077     25    
54903.382266157896    10096.042382334059    935.0096657943244     25    
54903.882266157896    9481.731460526067     914.9636381025747     25    
54904.382266157896    8927.839640377044     896.0229863932203     25    
54904.882266157896    8429.771589115619     877.9685465955946     25    
54905.382266157896    7960.794893874579     880.1937244619949     25    
54905.882266157896    7520.749344434662     897.3562322068556     25    
54906.382266157896    7082.737348536778     896.3943744692988     25    
54906.882266157896    6649.084255739029     881.0177794425662     25    
54907.382266157896    6217.576215491578     860.9316413127439     25    
54907.882266157896    5789.634254324682     837.2083293906037     25    
54908.382266157896    5381.941910002372     846.9222006165638     25    
54908.882266157896    4994.357506293244     884.538824077498      25    
54909.382266157896    4643.490092533566     899.338063183334      25    
54909.882266157896    4328.592471110388     893.312741878779      25    
54910.382266157896    4048.9897434715435    818.8448022263999     25    
54910.882266157896    3804.4834224560377    656.4076648146719     25    
54911.382266157896    3579.8995534208575    553.7891115554861     25    
54911.882266157896    3375.4289948317846    544.6295335856278     25    
54912.382266157896    3176.2407198875767    537.1971768190767     25    
54912.882266157896    2982.253302273549     530.9738058118775     25    
54913.382266157896    2790.1172325501025    512.3434032911879     25    
54913.882266157896    2599.4324144841316    477.8539101958062     25    
54914.382266157896    2417.3996926625086    471.5965962198644     25    
54914.882266157896    2243.9584136606272    497.79612204771144    25    
54915.382266157896    2085.839732702414     519.7582591103321     25    
54915.882266157896    1943.4363726096162    537.4711394974267     25    
54916.382266157896    1817.8426672332866    535.0672293001409     25    
54916.882266157896    1709.5922934498205    510.559041371385      25    
54917.382266157896    1614.1212470110245    463.6411644477377     25    
54917.882266157896    1531.4125814176748    380.19716379142335    25    
54918.382266157896    1457.2600077835714    319.17481751442716    25    
54918.882266157896    1391.3652638288827    311.617948735453      25    
54919.382266157896    1331.409090912527     301.0076817476413     25    
54919.882266157896    1277.028942154307     274.8386531879007     25    
54920.382266157896    1227.9631765956583    266.86688331025437    25    
54920.882266157896    1184.1705947869632    287.43857612720984    25    
54921.382266157896    1145.2468050675534    300.23433260288965    25    
54921.882266157896    1111.1641199013798    301.09945227893303    25    
54922.382266157896    1081.5311951150366    288.88362752407573    25    
54922.882266157896    1056.3138700117868    254.0515001913427     25    
54923.382266157896    1035.157252998921     234.9522787095038     25    
54923.882266157896    1018.0320015147463    249.87981845582286    25    
54924.382266157896    1004.5969298493229    270.9701150039083     25    
54924.882266157896    995.0284870093917     297.99922304182707    25    
54925.382266157896    987.9079685856963     302.5566999567996     25    
54925.882266157896    983.4030713118711     268.0893131051937     25    
54926.382266157896    978.6483785896681     229.4668768044094     25    
54926.882266157896    973.249173084759      200.66904454169105    25    
54927.382266157896    964.531630554403      183.2714586018903     25    
54927.882266157896    951.3219709520419     187.39351161537553    25    
54928.382266157896    933.9366975479464     192.54230976538102    25    
54928.882266157896    911.1647142178062     188.7593133104359     25    
54929.382266157896    887.6694463266903     188.75270648590384    25    
54929.882266157896    864.3000608895073     196.84731663025227    25    
54930.382266157896    845.1124528603933     208.74553511173508    25    
54930.882266157896    832.1758693775798     221.991792004538      25    
54931.382266157896    825.9557985968692     240.54295624774025    25    
54931.882266157896    828.5649674819974     262.52382173204137    25    
54932.382266157896    834.8717713556953     295.79221504047194    25    
54932.882266157896    843.5998119241517     350.6705513447187     25    
54933.382266157896    850.5221318109525     389.9203271550246     25    
54933.882266157896    853.0284855564792     402.9704685686646     25    
54934.382266157896    849.832107343453      391.60691035419643    25    
54934.882266157896    838.2883265030263     331.83631081504535    25    
54935.382266157896    821.9405141880854     265.0011891001129     25    
54935.882266157896    801.8346174143442     241.20404065163618    25    
54936.382266157896    780.6254543607308     264.041503354105      25    
54936.882266157896    760.3497288270752     343.47523444447876    25    
54937.382266157896    742.2609209344795     416.2819975744405     25    
54937.882266157896    728.4225559743167     463.655958752951      25    
54938.382266157896    717.8316603865779     492.1982961153814     25    
54938.882266157896    710.4125472786837     494.6799294037614     25    
54939.382266157896    705.6164046365701     480.25748266389274    25    
54939.882266157896    702.9905119037941     450.3934465457398     25    
54940.382266157896    702.1362229065184     408.3847223926282     25    
54940.882266157896    702.5695126359935     358.7696240567186     25    
54941.382266157896    703.9224495539044     301.5229486531482     25    
54941.882266157896    705.6808908716844     240.46864112877876    25    
54942.382266157896    707.5064259751297     178.13069614626298    25    
54942.882266157896    708.8559880072703     116.3622783030259     25    
54943.382266157896    709.4194935665992     117.73726578804472    25    
54943.882266157896    708.6261454391541     197.0528857885147     25    
54944.382266157896    706.1929937247136     335.60692344190136    25    
54944.882266157896    701.5227045637381     505.54912892050794    25    