#Date  :
#Flux  :
#Fluxerr  :
#ZP  :
#end  :
@INSTRUMENT  PS
@BAND  PS_r
@MAGSYS  AB
55052.1477625  0.0  0.9496678282509228  25.0
55057.134107499995  0.0  0.9496678282509228  25.0
55062.12045249999  0.0  0.9496678282509228  25.0
55067.10679749999  0.0  0.9496678282509228  25.0
55072.09314249999  0.0  0.9496678282509228  25.0
55077.079487499985  0.0  0.9496678282509228  25.0
55082.06583249998  0.0  0.9496678282509228  25.0
55087.05217749998  0.0  0.9496678282509228  25.0
55092.03852249998  0.0  0.9496678282509228  25.0
55097.024867499975  0.0  0.9496678282509228  25.0
55102.01121249997  0.0  0.9496678282509228  25.0
55106.99755749997  0.0  0.9496678282509228  25.0
55111.98390249997  0.0  0.9496678282509228  25.0
55116.970247499965  0.0  0.9496678282509228  25.0
55121.95659249996  0.0  0.9496678282509228  25.0
55126.94293749996  0.0  0.9496678282509228  25.0
55131.92928249996  0.0  0.9496678282509228  25.0
55136.915627499955  0.0  0.9496678282509228  25.0
55141.90197249995  0.0  0.9496678282509228  25.0
55146.88831749995  0.0  0.9496678282509228  25.0
55151.87466249995  0.0  0.9496678282509228  25.0
55156.861007499945  0.0  0.9496678282509228  25.0
55161.84735249994  0.0  0.9496678282509228  25.0
55166.83369749994  0.0  0.9496678282509228  25.0
55171.82004249994  0.0  0.9496678282509228  25.0
55176.806387499935  0.0  0.9496678282509228  25.0
55181.79273249993  0.0  0.9496678282509228  25.0
55186.77907749993  0.0  0.9496678282509228  25.0
55191.76542249993  0.0  0.9496678282509228  25.0
55196.751767499925  0.0  0.9496678282509228  25.0
55201.73811249992  0.0  0.9496678282509228  25.0
55206.72445749992  0.0  0.9496678282509228  25.0
55211.71080249992  0.0  0.9496678282509228  25.0
55216.697147499915  0.0  0.9496678282509228  25.0
55221.68349249991  0.0  0.9496678282509228  25.0
55226.66983749991  0.0  0.9496678282509228  25.0
55231.65618249991  0.0  0.9496678282509228  25.0
55236.642527499906  0.0  0.9496678282509228  25.0
55241.6288724999  0.0  0.9496678282509228  25.0
55246.6152174999  0.0  0.9496678282509228  25.0
55251.6015624999  0.0  0.9496678282509228  25.0
55256.587907499896  0.0  0.9496678282509228  25.0
55261.57425249989  0.0  0.9496678282509228  25.0
55266.56059749989  0.0  0.9496678282509228  25.0
55271.54694249989  0.0  0.9496678282509228  25.0
55276.533287499886  0.0  0.9496678282509228  25.0
55281.51963249988  0.0  0.9496678282509228  25.0
55286.50597749988  0.0  0.9496678282509228  25.0
55291.49232249988  0.0  0.9496678282509228  25.0
55296.478667499876  0.0  0.9496678282509228  25.0
55301.46501249987  0.0  0.9496678282509228  25.0
55306.45135749987  0.0  0.9496678282509228  25.0
55311.43770249987  0.0  0.9496678282509228  25.0
55316.424047499866  0.0  0.9496678282509228  25.0
55321.41039249986  0.0  0.9496678282509228  25.0
55326.39673749986  0.0  0.9496678282509228  25.0
55331.38308249986  0.0  0.9496678282509228  25.0
55336.369427499856  0.0  0.9496678282509228  25.0
55341.35577249985  0.0  0.9496678282509228  25.0
55346.34211749985  0.0  0.9496678282509228  25.0
55351.32846249985  0.0  0.9496678282509228  25.0
55356.314807499846  0.0  0.9496678282509228  25.0
55361.301152499844  0.0  0.9496678282509228  25.0
55366.28749749984  0.0  0.9496678282509228  25.0
55371.27384249984  0.0  0.9496678282509228  25.0
55376.260187499836  0.0  0.9496678282509228  25.0
55381.246532499834  0.0  0.9496678282509228  25.0
55386.23287749983  0.0  0.9496678282509228  25.0
55391.21922249983  0.0  0.9496678282509228  25.0
55396.20556749983  0.0  0.9496678282509228  25.0
55401.191912499824  0.0  0.9496678282509228  25.0
55406.17825749982  0.0  0.9496678282509228  25.0
55411.16460249982  0.0  0.9496678282509228  25.0
55416.15094749982  0.0  0.9496678282509228  25.0
55421.137292499814  0.0  0.9496678282509228  25.0
55426.12363749981  0.0  0.9496678282509228  25.0
55431.10998249981  0.0  0.9496678282509228  25.0
55436.09632749981  0.0  0.9496678282509228  25.0
55441.082672499804  0.0  0.9496678282509228  25.0
55446.0690174998  0.0  0.9496678282509228  25.0
55451.0553624998  0.0  0.9496678282509228  25.0
55456.0417074998  0.0  0.9496678282509228  25.0
55461.028052499794  0.0  0.9496678282509228  25.0
55466.01439749979  0.0  0.9496678282509228  25.0
55471.00074249979  0.0  0.9496678282509228  25.0
55475.98708749979  0.0  0.9496678282509228  25.0
55480.973432499784  0.0  0.9496678282509228  25.0
55485.95977749978  0.0  0.9496678282509228  25.0
55490.94612249978  0.0  0.9496678282509228  25.0
55495.93246749978  0.0  0.9496678282509228  25.0
55500.918812499775  0.0  0.9496678282509228  25.0
55505.90515749977  0.0  0.9496678282509228  25.0
55510.89150249977  0.0  0.9496678282509228  25.0
55515.87784749977  0.0  0.9496678282509228  25.0
55520.864192499765  0.0  0.9496678282509228  25.0
55525.85053749976  0.0  0.9496678282509228  25.0
55530.83688249976  0.0  0.9496678282509228  25.0
55535.82322749976  0.0  0.9496678282509228  25.0
55540.809572499755  0.0  0.9496678282509228  25.0
55545.79591749975  0.0  0.9496678282509228  25.0
55550.78226249975  0.0  0.9496678282509228  25.0
55555.76860749975  0.0  0.9496678282509228  25.0
55560.754952499745  0.0  0.9496678282509228  25.0
55565.74129749974  0.0  0.9496678282509228  25.0
55570.72764249974  0.0  0.9496678282509228  25.0
55575.71398749974  0.0  0.9496678282509228  25.0
55580.700332499735  0.0  0.9496678282509228  25.0
55585.68667749973  0.0  0.9496678282509228  25.0
55590.67302249973  0.0  0.9496678282509228  25.0
55595.65936749973  0.0  0.9496678282509228  25.0
55600.645712499725  0.0  0.9496678282509228  25.0
55605.63205749972  0.0  0.9496678282509228  25.0
55610.61840249972  0.0  0.9496678282509228  25.0
55615.60474749972  0.0  0.9496678282509228  25.0
55620.591092499715  0.0  0.9496678282509228  25.0
55625.57743749971  0.0  0.9496678282509228  25.0
55630.56378249971  0.0  0.9496678282509228  25.0
55635.55012749971  0.0  0.9496678282509228  25.0
55640.536472499705  0.0  0.9496678282509228  25.0
55645.5228174997  0.0  0.9496678282509228  25.0
55650.5091624997  0.0  0.9496678282509228  25.0
55655.4955074997  0.0  0.9496678282509228  25.0
55660.481852499695  0.0  0.9496678282509228  25.0
55665.46819749969  0.0  0.9496678282509228  25.0
55670.45454249969  0.0  0.9496678282509228  25.0
55675.44088749969  0.0  0.9496678282509228  25.0
55680.427232499685  0.0  0.9496678282509228  25.0
55685.41357749968  0.0  0.9496678282509228  25.0
55690.39992249968  0.0  0.9496678282509228  25.0
55695.38626749968  0.0  0.9496678282509228  25.0
55700.372612499676  0.0  0.9496678282509228  25.0
55705.35895749967  0.0  0.9496678282509228  25.0
55710.34530249967  0.0  0.9496678282509228  25.0
55715.33164749967  0.0  0.9496678282509228  25.0
55720.317992499666  0.0  0.9496678282509228  25.0
55725.30433749966  0.0  0.9496678282509228  25.0
55730.29068249966  0.0  0.9496678282509228  25.0
55735.27702749966  0.0  0.9496678282509228  25.0
55740.263372499656  0.0  0.9496678282509228  25.0
55745.24971749965  0.0  0.9496678282509228  25.0
55750.23606249965  0.0  0.9496678282509228  25.0
55755.22240749965  0.0  0.9496678282509228  25.0
55760.208752499646  0.0  0.9496678282509228  25.0
55765.19509749964  0.0  0.9496678282509228  25.0
55770.18144249964  0.0  0.9496678282509228  25.0
55775.16778749964  0.0  0.9496678282509228  25.0
55780.154132499636  0.0  0.9496678282509228  25.0
55785.14047749963  0.0  0.9496678282509228  25.0
55790.12682249963  0.0  0.9496678282509228  25.0
55795.11316749963  0.0  0.9496678282509228  25.0
55800.099512499626  0.0  0.9496678282509228  25.0
55805.085857499624  0.0  0.9496678282509228  25.0
55810.07220249962  0.0  0.9496678282509228  25.0
55815.05854749962  0.0  0.9496678282509228  25.0
55820.044892499616  0.0  0.9496678282509228  25.0
55825.031237499614  0.0  0.9496678282509228  25.0
55830.01758249961  0.0  0.9496678282509228  25.0
55835.00392749961  0.0  0.9496678282509228  25.0
55839.99027249961  0.0  0.9496678282509228  25.0
55844.976617499604  0.0  0.9496678282509228  25.0
55849.9629624996  0.0  0.9496678282509228  25.0
55854.9493074996  0.0  0.9496678282509228  25.0
55859.9356524996  0.0  0.9496678282509228  25.0
55864.921997499594  0.0  0.9496678282509228  25.0
55869.90834249959  0.0  0.9496678282509228  25.0
55874.89468749959  0.0  0.9496678282509228  25.0
55879.88103249959  0.0  0.9496678282509228  25.0
55884.867377499584  0.0  0.9496678282509228  25.0
55889.85372249958  0.0  0.9496678282509228  25.0
55894.84006749958  0.0  0.9496678282509228  25.0
55899.82641249958  0.0  0.9496678282509228  25.0
55904.812757499574  0.0  0.9496678282509228  25.0
55909.79910249957  0.0  0.9496678282509228  25.0
55914.78544749957  0.0  0.9496678282509228  25.0
55919.77179249957  0.0  0.9496678282509228  25.0
55924.758137499564  0.0  0.9496678282509228  25.0
55929.74448249956  0.0  0.9496678282509228  25.0
55934.73082749956  0.0  0.9496678282509228  25.0
55939.71717249956  0.0  0.9496678282509228  25.0
55944.703517499554  0.0  0.9496678282509228  25.0
55949.68986249955  0.0  0.9496678282509228  25.0
55954.67620749955  0.0  0.9496678282509228  25.0
55959.66255249955  0.0  0.9496678282509228  25.0
55964.648897499545  0.0  0.9496678282509228  25.0
55969.63524249954  0.0  0.9496678282509228  25.0
55974.62158749954  0.0  0.9496678282509228  25.0
55979.60793249954  0.0  0.9496678282509228  25.0
55984.594277499535  0.0  0.9496678282509228  25.0
55989.58062249953  0.0  0.9496678282509228  25.0
55994.56696749953  0.0  0.9496678282509228  25.0
55999.55331249953  0.0  0.9496678282509228  25.0
56004.539657499525  0.0  0.9496678282509228  25.0
56009.52600249952  0.0  0.9496678282509228  25.0
56014.51234749952  0.0  0.9496678282509228  25.0
56019.49869249952  0.0  0.9496678282509228  25.0
56024.485037499515  0.0  0.9496678282509228  25.0
56029.47138249951  0.0  0.9496678282509228  25.0
56034.45772749951  0.0  0.9496678282509228  25.0
56039.44407249951  0.0  0.9496678282509228  25.0
56044.430417499505  0.0  0.9496678282509228  25.0
56049.4167624995  0.0  0.9496678282509228  25.0
56054.4031074995  0.0  0.9496678282509228  25.0
56059.3894524995  0.0  0.9496678282509228  25.0
56064.375797499495  0.0  0.9496678282509228  25.0
56069.36214249949  0.0  0.9496678282509228  25.0
56074.34848749949  0.0  0.9496678282509228  25.0
56079.33483249949  0.0  0.9496678282509228  25.0
56084.321177499485  0.0  0.9496678282509228  25.0
56089.30752249948  0.0  0.9496678282509228  25.0
56094.29386749948  0.0  0.9496678282509228  25.0
56099.28021249948  0.0  0.9496678282509228  25.0
56104.266557499475  0.0  0.9496678282509228  25.0
56109.25290249947  0.0  0.9496678282509228  25.0
56114.23924749947  0.0  0.9496678282509228  25.0
56119.22559249947  0.0  0.9496678282509228  25.0
56124.211937499465  0.0  0.9496678282509228  25.0
56129.19828249946  0.0  0.9496678282509228  25.0
56134.18462749946  0.0  0.9496678282509228  25.0
56139.17097249946  0.0  0.9496678282509228  25.0
56144.157317499456  0.0  0.9496678282509228  25.0
56149.14366249945  0.0  0.9496678282509228  25.0
56154.13000749945  0.0  0.9496678282509228  25.0
56159.11635249945  0.0  0.9496678282509228  25.0
56164.102697499446  0.0  0.9496678282509228  25.0
56169.08904249944  0.0  0.9496678282509228  25.0
56174.07538749944  0.0  0.9496678282509228  25.0
56179.06173249944  0.0  0.9496678282509228  25.0
56184.048077499436  0.0  0.9496678282509228  25.0
56189.03442249943  0.0  0.9496678282509228  25.0
56194.02076749943  0.0  0.9496678282509228  25.0
56199.00711249943  0.0  0.9496678282509228  25.0
56203.993457499426  0.0  0.9496678282509228  25.0
56208.97980249942  0.0  0.9496678282509228  25.0
56213.96614749942  0.0  0.9496678282509228  25.0
56218.95249249942  0.0  0.9496678282509228  25.0
56223.938837499416  0.0  0.9496678282509228  25.0
56228.92518249941  0.0  0.9496678282509228  25.0
56233.91152749941  0.0  0.9496678282509228  25.0
56238.89787249941  0.0  0.9496678282509228  25.0
56243.884217499406  0.0  0.9496678282509228  25.0
56248.8705624994  0.0  0.9496678282509228  25.0
56253.8569074994  0.0  0.9496678282509228  25.0
56258.8432524994  0.0  0.9496678282509228  25.0
56263.829597499396  0.0  0.9496678282509228  25.0
56268.815942499394  0.0  0.9496678282509228  25.0
56273.80228749939  0.0  0.9496678282509228  25.0
56278.78863249939  0.0  0.9496678282509228  25.0
56283.774977499386  0.0  0.9496678282509228  25.0
56288.761322499384  0.0  0.9496678282509228  25.0
56293.74766749938  0.0  0.9496678282509228  25.0
56298.73401249938  0.0  0.9496678282509228  25.0
56303.72035749938  0.0  0.9496678282509228  25.0
56308.706702499374  0.0  0.9496678282509228  25.0
56313.69304749937  0.0  0.9496678282509228  25.0
56318.67939249937  0.0  0.9496678282509228  25.0
56323.66573749937  0.0  0.9496678282509228  25.0
56328.652082499364  0.0  0.9496678282509228  25.0
56333.63842749936  0.0  0.9496678282509228  25.0
56338.62477249936  0.0  0.9496678282509228  25.0
56343.61111749936  0.0  0.9496678282509228  25.0
56348.597462499354  0.0  0.9496678282509228  25.0
56353.58380749935  0.0  0.9496678282509228  25.0
56358.57015249935  0.0  0.9496678282509228  25.0
56363.55649749935  0.0  0.9496678282509228  25.0
56368.542842499344  0.0  0.9496678282509228  25.0
56373.52918749934  0.0  0.9496678282509228  25.0
56378.51553249934  0.0  0.9496678282509228  25.0
56383.50187749934  0.0  0.9496678282509228  25.0
56388.488222499334  0.0  0.9496678282509228  25.0
56393.47456749933  0.0  0.9496678282509228  25.0
56398.46091249933  0.0  0.9496678282509228  25.0
56403.44725749933  0.0  0.9496678282509228  25.0
56408.433602499324  0.0  0.9496678282509228  25.0
56413.41994749932  0.0  0.9496678282509228  25.0
56418.40629249932  0.0  0.9496678282509228  25.0
56423.39263749932  0.0  0.9496678282509228  25.0
56428.378982499315  0.0  0.9496678282509228  25.0
56433.36532749931  0.0  0.9496678282509228  25.0
56438.35167249931  0.0  0.9496678282509228  25.0
56443.33801749931  0.0  0.9496678282509228  25.0
56448.324362499305  0.0  0.9496678282509228  25.0
55251.6015625  1.110621847948015  0.8884778896604195  25.0
55266.6015625  -0.5546255996495838  1.7133182805340903  25.0
55269.6015625  0.6230604153915165  1.5795816269393308  25.0
55272.6015625  -0.8394280886664917  0.7421115677561482  25.0
55275.6015625  -0.4257840664473152  0.9644513196552308  25.0
55281.5  -0.8922961918739489  1.8229707326524964  25.0
55305.5  -1.6691635999326535  1.1693642263422726  25.0
55326.5  0.20040928014908874  0.9725773614267895  25.0
55329.5  -1.040522693140004  1.0494319093575117  25.0
55332.3984375  1.321898467166357  0.7835249510598905  25.0
55338.3984375  1.7347592215711478  1.9564136491458068  25.0
55347.3984375  -0.021245145966688393  1.0604950420382522  25.0
55350.30078125  1.32640209370431  0.7567971623547126  25.0
55353.3984375  -0.6935512507909384  0.7908677250170636  25.0
55359.30078125  3.7615659493632876  3.039622524116875  25.0
55362.30078125  0.28215904184073853  0.6674108896044406  25.0
55365.30078125  0.26610279859332675  0.8687991844951839  25.0
55368.3984375  1.732507361617953  1.4007111379488248  25.0
55377.3984375  2.50232582618937  0.8609668798250745  25.0
55389.30078125  -1.1030832803793547  0.7265448552216729  25.0
55596.69921875  -0.5266251057855206  0.6307948232558823  25.0
55602.6015625  0.07391744535048572  0.37996504677980003  25.0
55605.69921875  3.031202745243867  2.4983117303643536  25.0
55629.6015625  0.5672552212748773  0.8555822287196471  25.0
55635.6015625  -0.005776330237956669  0.7189083441630506  25.0
55650.6015625  -0.09545630653539595  1.0308302091081107  25.0
55653.6015625  0.135988525219009  1.0106619732299387  25.0
55662.5  0.29704043005079017  3.640654570952654  25.0
55665.3984375  0.5305412581205753  1.1103281108465657  25.0
55674.3984375  -0.44144867578753416  0.671424938745239  25.0
55677.3984375  0.3881889620149932  0.6149344203041761  25.0
55710.30078125  0.36860820033971947  0.6372564792771445  25.0
55719.3984375  -0.5278978576286243  0.6991317421920714  25.0
55722.30078125  -0.5272125333042006  1.9006084550291675  25.0
55737.30078125  -0.5724441254530357  1.3112269217085908  25.0
55740.30078125  -0.1302121935221705  0.9651366439796545  25.0
55743.30078125  -0.1755416941478038  0.899638965831122  25.0
55746.30078125  -0.10573621808596922  0.33502714504819586  25.0
55752.30078125  -0.047287585546451585  1.3780953418744073  25.0
55970.69921875  -0.02408436049447218  1.2080362189798837  25.0
55977.6015625  1.977560853081415  1.7071503616142774  25.0
55981.6015625  -0.5605977249579095  0.734475056697526  25.0
55984.6015625  0.012237987718100645  0.6868937544739707  25.0
56000.6015625  0.07636504055989493  0.33982443866127066  25.0
56006.6015625  -1.0217251059106793  0.7842102753843141  25.0
56014.6015625  -0.7777485726788337  1.1743572902247255  25.0
56029.6015625  -0.8360013736759367  1.2167497349543406  25.0
56032.6015625  0.9808012533198734  0.9343948061336783  25.0
56036.5  0.050126800074235374  2.735239180056257  25.0
56040.5  -0.38858059592218597  0.7952734080650548  25.0
56046.5  0.2877395565839806  0.9348843368466148  25.0
56059.30078125  -0.8034972999581387  2.912151639563454  25.0
56062.5  0.08870093675479378  0.7073556807693736  25.0
56065.3984375  -0.003426636575656999  0.4492810271418619  25.0
56088.30078125  -0.6562498601179565  1.2744151084327635  25.0
56091.30078125  0.09085481820486296  0.7337897323731023  25.0
56094.30078125  -0.7448528650538428  0.620514911705309  25.0
56384.5  -0.20354221135397618  1.276960612118971  25.0
56387.6015625  -1.3596893418680571  1.4395790175663596  25.0
56390.6015625  -0.4114901057559435  2.0706674845552544  25.0
56395.5  1.9116714943414714  1.3518570371979475  25.0
56401.5  -0.10505088209049099  0.7785318404932192  25.0
56416.5  0.6240394768173892  0.9685632656017729  25.0
56420.3984375  -0.14107952092036927  0.4957853711338007  25.0
56424.5  0.5030302482852301  0.8935688970328344  25.0
56427.3984375  -0.04317562209332774  0.8467708626236647  25.0
56443.3984375  -0.24759897180756035  0.8434420911230717  25.0
56450.3984375  -0.1851362813739534  0.9698360641290948  25.0
56460.30078125  2.565571737753144  0.863708177122769  25.0
56475.30078125  34.62401004569941  1.0204524007517939  25.0
56478.30078125  34.915860357782364  1.517216739943031  25.0
56486.30078125  34.875817996601214  1.1365664155230255  25.0
56489.30078125  35.15366752488363  1.2564986391393498  25.0
56508.30078125  14.804636740874935  0.6759285185989737  25.0
