55901.940712472846    5.363419809747996     2.499045194584684     25    
55902.440712472846    6.350030451347572     2.497834858485936     25    
55902.940712472846    7.424646417956318     2.5901080298393797    25    
55903.440712472846    8.589430885413972     3.089609016672095     25    
55903.940712472846    9.844137910288227     3.7297890842048993    25    
55904.440712472846    11.191595758946127    4.03533910598447      25    
55904.940712472846    12.63132497271508     4.065086018971815     25    
55905.440712472846    14.165955757915391    4.064110044254293     25    
55905.940712472846    15.7956382912082      4.093765107141196     25    
55906.440712472846    17.521987015499292    4.112430150160475     25    
55906.940712472846    19.346508551738953    4.117021695415402     25    
55907.440712472846    21.269443170947028    4.109376190896759     25    
55907.940712472846    23.29336644027865     4.089633780025329     25    
55908.440712472846    25.41781808503288     4.057537749910425     25    
55908.940712472846    27.646396724599533    4.023829554040822     25    
55909.440712472846    29.983343477965626    3.976999038786513     25    
55909.940712472846    32.41230792498161     3.9693891354528965    25    
55910.440712472846    34.96552438292765     4.046428152867319     25    
55910.940712472846    37.55695371983129     4.157272655168125     25    
55911.440712472846    40.08708527364371     4.256372747449068     25    
55911.940712472846    42.55548389606464     4.352765998709044     25    
55912.440712472846    44.75551792818        4.4217473235902975    25    
55912.940712472846    46.71928694154442     4.467508645298626     25    
55913.440712472846    48.27953500870486     4.474059422177825     25    
55913.940712472846    49.370835414949966    4.406977826314663     25    
55914.440712472846    50.06463292556794     4.353223049059769     25    
55914.940712472846    50.35801698817092     4.397485746590596     25    
55915.440712472846    50.29784697783742     4.494870536513949     25    
55915.940712472846    50.015084592887874    4.628398852427343     25    
55916.440712472846    49.48713095192668     4.796765325746598     25    
55916.940712472846    48.85763156280491     4.852262033037962     25    
55917.440712472846    48.122042205732726    4.791225638542884     25    
55917.940712472846    47.34056131205688     4.60350348810033      25    
55918.440712472846    46.53966508724734     4.1439251833800155    25    
55918.940712472846    45.73241488962812     3.6254537736692813    25    
55919.440712472846    44.9574703606874      3.550817960882789     25    
55919.940712472846    44.21087467179352     3.754480285946706     25    
55920.440712472846    43.544148472510386    3.8265905382686385    25    
55920.940712472846    42.95692138098127     3.793892793824072     25    
55921.440712472846    42.41621822653789     3.7415940313025993    25    
55921.940712472846    41.934209211607005    3.654834744851541     25    
55922.440712472846    41.45620337316749     3.608330201974615     25    
55922.940712472846    40.948671201780336    3.7121963608488495    25    
55923.440712472846    40.402723123038705    3.8622885186969134    25    
55923.940712472846    39.75148147459901     3.903945639171853     25    
55924.440712472846    39.00810019848783     3.871395686959504     25    
55924.940712472846    38.174823018506274    3.7864593288477177    25    
55925.440712472846    37.242227240366105    3.6196424817022392    25    
55925.940712472846    36.255985044052046    3.496168733239861     25    
55926.440712472846    35.224021645540475    3.5212788153653953    25    
55926.940712472846    34.16661631798139     3.5765903971968456    25    
55927.440712472846    33.115063674894756    3.5491321065105184    25    
55927.940712472846    32.06819316919856     3.4789358606663616    25    
55928.440712472846    31.070512144219514    3.3879361244471173    25    
55928.940712472846    30.113950458261414    3.263198031270271     25    
55929.440712472846    29.242463874505173    3.2129179034275257    25    
55929.940712472846    28.45534859649645     3.2981678473750042    25    
55930.440712472846    27.78108896014613     3.386399783912467     25    
55930.940712472846    27.247627786637214    3.3720784336490977    25    
55931.440712472846    26.843342709709287    3.3395134620469173    25    
55931.940712472846    26.57411488244677     3.393134642545324     25    
55932.440712472846    26.436940825590106    3.507037628353956     25    
55932.940712472846    26.39554163761079     3.6661348436237273    25    
55933.440712472846    26.45508633856558     3.890587589765875     25    
55933.940712472846    26.58495823852274     4.039299138643974     25    
55934.440712472846    26.77703461156195     4.055464532668439     25    
55934.940712472846    27.02300550883835     3.9968682695368605    25    
55935.440712472846    27.305949965121872    3.852874258901261     25    
55935.940712472846    27.62876250192907     3.65731847450309      25    
55936.440712472846    27.979467333937308    3.6283134844499987    25    
55936.940712472846    28.360269867321854    3.7566069866331757    25    
55937.440712472846    28.759113874119205    3.8757809090101047    25    
55937.940712472846    29.176949979279943    3.9689799593737347    25    
55938.440712472846    29.6040197553209      4.033334294772678     25    
55938.940712472846    30.035670192742607    4.045676959420069     25    
55939.440712472846    30.46817343281392     4.026512313407126     25    
55939.940712472846    30.889680733171396    3.992972343622092     25    
55940.440712472846    31.301865250843967    3.9427385109566364    25    
55940.940712472846    31.68994587828254     3.9137777595228953    25    
55941.440712472846    32.05612622005594     3.9250364358302083    25    
55941.940712472846    32.38787729244009     3.864853249449143     25    
55942.440712472846    32.68352980014346     3.6300254954270907    25    
55942.940712472846    32.9364547412724      3.3750189006044358    25    
55943.440712472846    33.138729323109345    3.3035735463738187    25    
55943.940712472846    33.289925445099726    3.3305496601301967    25    
55944.440712472846    33.37721879256795     3.3396424883664344    25    
55944.940712472846    33.40273562623266     3.3492137080540507    25    
55945.440712472846    33.35737613862248     3.2782354984566675    25    
55945.940712472846    33.240541043412925    3.046658743203318     25    
55946.440712472846    33.05007128659378     2.876988124581341     25    
55946.940712472846    32.784482662025525    2.9904770987510947    25    
55947.440712472846    32.44294625418844     3.191182253324268     25    
55947.940712472846    32.02100615290404     3.2885500440411004    25    
55948.440712472846    31.520436731044974    3.3358436777922718    25    
55948.940712472846    30.947221366172734    3.3240635332083874    25    
55949.440712472846    30.297877144096788    3.232063643174285     25    
55949.940712472846    29.59428510516869     3.1975660619909605    25    
55950.440712472846    28.8376506051783      3.2969969669752723    25    
55950.940712472846    28.040923856074528    3.421125232882142     25    
55951.440712472846    27.216706335881316    3.5168574472565868    25    
55951.940712472846    26.366880894351542    3.581391195358766     25    
55952.440712472846    25.51350028570786     3.523134005616465     25    
55952.940712472846    24.65251402481005     3.349634005672715     25    
55953.440712472846    23.809939009549566    3.0661645461073226    25    
55953.940712472846    22.983317639727147    2.5572455212759104    25    
55954.440712472846    22.192779683099428    2.0826860038177055    25    
55954.940712472846    21.44928544853034     2.046403068231527     25    
55955.440712472846    20.753237753300894    2.1894545852810525    25    
55955.940712472846    20.118350279920502    2.19612883687655      25    
55956.440712472846    19.53934010648338     2.1615409885055836    25    
55956.940712472846    19.002790095645004    2.1767295884235245    25    
55957.440712472846    18.511294701987417    2.243103954563595     25    
55957.940712472846    18.049823555953786    2.314633393235839     25    
55958.440712472846    17.616689608829653    2.4050422672969707    25    
55958.940712472846    17.205694696377943    2.4514287374051724    25    
55959.440712472846    16.808872814656382    2.373390345181406     25    
55959.940712472846    16.428098921764015    2.2189091011821342    25    
55960.440712472846    16.059696304488856    2.068136579596371     25    
55960.940712472846    15.704313066971029    1.9047902091744313    25    
55961.440712472846    15.358979391370836    1.733329517113107     25    
55961.940712472846    15.023810519735086    1.5330052510991832    25    
55962.440712472846    14.697328700032983    1.3858061656560192    25    
55962.940712472846    14.378410588832894    1.398546535281673     25    
55963.440712472846    14.067754463476678    1.47151922788465      25    
55963.940712472846    13.765506379769493    1.4925647647837095    25    
55964.440712472846    13.471717704753711    1.4953846948896867    25    
55964.940712472846    13.187017017094712    1.4850498541434864    25    
55965.440712472846    12.911294234604512    1.460446195914798     25    
55965.940712472846    12.645147270980708    1.4271352604294303    25    
55966.440712472846    12.388583383590108    1.384824882471899     25    
55966.940712472846    12.141993106206368    1.3359221395528516    25    
55967.440712472846    11.90567549666712     1.2676507825803245    25    
55967.940712472846    11.679714248216806    1.2056322809404063    25    
55968.440712472846    11.464660918792209    1.2075145427566834    25    
55968.940712472846    11.260421701849296    1.2650564013272305    25    
55969.440712472846    11.067629994922015    1.4777344431123014    25    
55969.940712472846    10.886205812060533    1.7277492207365361    25    
55970.440712472846    10.716673070013194    2.2603355701765704    25    