55901.940712472846    3.7671032551169477    1.5738349206340474     25    
55902.440712472846    4.729772118377986     1.2536883648338797     25    
55902.940712472846    5.837762792828826     1.378062820513462      25    
55903.440712472846    7.110022457306382     2.9331999822786594     25    
55903.940712472846    8.544396902194485     4.406899469650114      25    
55904.440712472846    10.165658810170799    4.992495090457978      25    
55904.940712472846    11.969608620086897    4.971993506415494      25    
55905.440712472846    13.979284213844197    4.898519382993858      25    
55905.940712472846    16.196000983379       4.91031513803187       25    
55906.440712472846    18.633899775632624    4.917786477197664      25    
55906.940712472846    21.306177028943793    4.919746875885907      25    
55907.440712472846    24.21493726847332     4.916716438853176      25    
55907.940712472846    27.382739793654203    4.9083111199597536     25    
55908.440712472846    30.805553075050366    4.894619467608546      25    
55908.940712472846    34.509615500646035    4.882519503442971      25    
55909.440712472846    38.50028399733397     4.894712538739859      25    
55909.940712472846    42.7646306065278      4.839466365432436      25    
55910.440712472846    47.364316543374414    4.6004549309829565     25    
55910.940712472846    52.1551969321567      4.321915357128857      25    
55911.440712472846    56.977170767452215    4.246141333077431      25    
55911.940712472846    61.82815495100625     4.299685282297981      25    
55912.440712472846    66.36570978431112     4.3346756103608985     25    
55912.940712472846    70.64346562008139     4.358759585854418      25    
55913.440712472846    74.38102568315394     4.3739878623970325     25    
55913.940712472846    77.47701086054319     4.372134781409469      25    
55914.440712472846    80.02697827399797     4.369363937381923      25    
55914.940712472846    82.01463951028606     4.378375955000477      25    
55915.440712472846    83.50936157454016     4.393595738417888      25    
55915.940712472846    84.69295601576098     4.4169733716945245     25    
55916.440712472846    85.53401363205407     4.4478437936273645     25    
55916.940712472846    86.22325660567705     4.470400903965335      25    
55917.440712472846    86.77702154542312     4.537290046394062      25    
55917.940712472846    87.17497274680488     4.406713431839993      25    
55918.440712472846    87.44476015011557     3.738456074712102      25    
55918.940712472846    87.52984510548328     2.827508080523771      25    
55919.440712472846    87.36870376311377     2.516417464280451      25    
55919.940712472846    86.96735854338287     2.667717468531983      25    
55920.440712472846    86.24217062062607     2.716588930979568      25    
55920.940712472846    85.19406176309599     2.702143722925305      25    
55921.440712472846    83.87353984322979     2.6822109910289624     25    
55921.940712472846    82.26130149971222     2.6534064632370122     25    
55922.440712472846    80.44291461914646     2.632074205987287      25    
55922.940712472846    78.46989513752        2.6414158339723595     25    
55923.440712472846    76.35758046431795     2.6610324565989174     25    
55923.940712472846    74.20756692505168     2.6619361450730747     25    
55924.440712472846    72.00105851426031     2.649212846879285      25    
55924.940712472846    69.77984463361064     2.59297180273938       25    
55925.440712472846    67.54704401990868     2.468939779717328      25    
55925.940712472846    65.295952609325       2.371242765298446      25    
55926.440712472846    63.02637998875105     2.369253081624383      25    
55926.940712472846    60.73828792591712     2.3946797646675586     25    
55927.440712472846    58.428388588039205    2.3889754401345193     25    
55927.940712472846    56.10070899386367     2.370983886228664      25    
55928.440712472846    53.769705071368456    2.3416939733618474     25    
55928.940712472846    51.43156547593382     2.2981428990676127     25    
55929.440712472846    49.11452506476333     2.2703436970569557     25    
55929.940712472846    46.817785971964305    2.272061561628916      25    
55930.440712472846    44.56010004895974     2.276883490040319      25    
55930.940712472846    42.35475537351103     2.2982189039678267     25    
55931.440712472846    40.20347173188354     2.286496219038124      25    
55931.940712472846    38.124036279361704    2.077109957658183      25    
55932.440712472846    36.11331533320129     1.6586574472942428     25    
55932.940712472846    34.18484784885877     1.3765165491208786     25    
55933.440712472846    32.33678175358002     1.38112878184555       25    
55933.940712472846    30.580252314106396    1.4261522835007068     25    
55934.440712472846    28.920993956424567    1.425251478838826      25    
55934.940712472846    27.355249389637443    1.42107636698362       25    
55935.440712472846    25.885018104424173    1.4004915280921901     25    
55935.940712472846    24.50659244848499     1.372423697287824      25    
55936.440712472846    23.206336942629033    1.364908455236242      25    
55936.940712472846    21.98674681995565     1.3766009889222535     25    
55937.440712472846    20.83348297449716     1.3854225232212052     25    
55937.940712472846    19.745821608277193    1.3900784525291168     25    
55938.440712472846    18.71867551415478     1.3855570077851989     25    
55938.940712472846    17.747299641088837    1.383233541408631      25    
55939.440712472846    16.83280478102251     1.3508259643098934     25    
55939.940712472846    15.973111758549864    1.1825920101340202     25    
55940.440712472846    15.168536815947041    0.854272248038259      25    
55940.940712472846    14.416897667159036    0.614125752783512      25    
55941.440712472846    13.718830861032048    0.6285009565964493     25    
55941.940712472846    13.070670492511644    0.6682279518727489     25    
55942.440712472846    12.472552744779662    0.6475951772202675     25    
55942.940712472846    11.921109614574187    0.6287430403802649     25    
55943.440712472846    11.41296224965048     0.6336782864130388     25    
55943.940712472846    10.947857158321963    0.6504064613895402     25    
55944.440712472846    10.520446079196342    0.6607221582969026     25    
55944.940712472846    10.131823580722756    0.6674862205680197     25    
55945.440712472846    9.774088626207806     0.6630888513139778     25    
55945.940712472846    9.4484821515167       0.6425750167560866     25    
55946.440712472846    9.146755338244143     0.6185669391127173     25    
55946.940712472846    8.865516505253856     0.5966133491996567     25    
55947.440712472846    8.601841917612937     0.5782150888398794     25    
55947.940712472846    8.346656539683199     0.5774966653418363     25    
55948.440712472846    8.101692118949966     0.5885528848469744     25    
55948.940712472846    7.8610541549240205    0.5792320591648469     25    
55949.440712472846    7.624493005510221     0.5443584972852422     25    
55949.940712472846    7.394656602073623     0.5145878270469156     25    
55950.440712472846    7.171509809936895     0.5033892143674461     25    
55950.940712472846    6.956570089575666     0.5012174562732601     25    
55951.440712472846    6.751294723004482     0.5074838718467566     25    
55951.940712472846    6.555759543323405     0.5180607505970105     25    
55952.440712472846    6.372101075855811     0.5175778081713821     25    
55952.940712472846    6.199947201170199     0.5084376714929085     25    
55953.440712472846    6.041104636577482     0.4846822999371819     25    
55953.940712472846    5.895416534161315     0.43352213593408895    25    
55954.440712472846    5.764241217955427     0.38955672917030915    25    
55954.940712472846    5.648900054143885     0.39281908570203056    25    
55955.440712472846    5.548182656175496     0.4102196229107224     25    
55955.940712472846    5.462119218692273     0.40362490771211107    25    
55956.440712472846    5.389838630002759     0.38502688131341467    25    
55956.940712472846    5.324245049986723     0.3757656398575149     25    
55957.440712472846    5.266622414316236     0.37643765957946446    25    
55957.940712472846    5.209740856001646     0.38094151921372893    25    
55958.440712472846    5.152334512310398     0.39157962793153506    25    
55958.940712472846    5.092662362593718     0.398592527807413      25    
55959.440712472846    5.026911010307338     0.3891862977834573     25    
55959.940712472846    4.957443651640682     0.3722795885797525     25    
55960.440712472846    4.886915317069406     0.36297018557855243    25    
55960.940712472846    4.814855914931384     0.35913382940734423    25    
55961.440712472846    4.745344832124953     0.3716692910469327     25    
55961.940712472846    4.678229835886982     0.4054339546443903     25    
55962.440712472846    4.6154668551551       0.43384063015743723    25    
55962.940712472846    4.55854500721345      0.44668195437949704    25    
55963.440712472846    4.50653553032215      0.45148004574615536    25    
55963.940712472846    4.459240243120325     0.44861809735467634    25    
55964.440712472846    4.416591336737656     0.43866163125466906    25    
55964.940712472846    4.377748721748025     0.42643070423129487    25    
55965.440712472846    4.342859537241091     0.41084667969417604    25    
55965.940712472846    4.311124594185774     0.39627967043281526    25    
55966.440712472846    4.2825341921721085    0.38411133893194205    25    
55966.940712472846    4.256566332273785     0.3741746244736751     25    
55967.440712472846    4.2328212849905995    0.369970943673122      25    
55967.940712472846    4.211187183470849     0.3666124417657922     25    
55968.440712472846    4.190926799156474     0.34850852356826556    25    
55968.940712472846    4.1721655166328135    0.31676433917953384    25    
55969.440712472846    4.154056718129631     0.302140299579667      25    
55969.940712472846    4.136707315219601     0.30587712317448185    25    
55970.440712472846    4.119417025369979     0.3392132167226566     25    