#Date  :
#Flux  :
#Fluxerr  :
#ZP  :
#end  :
@INSTRUMENT  SDSS
@BAND  SDSS_i
@MAGSYS  AB
54146.990722999995  0.0  3.418104292515879  25.0
54151.97706799999  0.0  3.418104292515879  25.0
54156.96341299999  0.0  3.418104292515879  25.0
54161.94975799999  0.0  3.418104292515879  25.0
54166.936102999985  0.0  3.418104292515879  25.0
54171.92244799998  0.0  3.418104292515879  25.0
54176.90879299998  0.0  3.418104292515879  25.0
54181.89513799998  0.0  3.418104292515879  25.0
54186.881482999976  0.0  3.418104292515879  25.0
54191.86782799997  0.0  3.418104292515879  25.0
54196.85417299997  0.0  3.418104292515879  25.0
54201.84051799997  0.0  3.418104292515879  25.0
54206.826862999966  0.0  3.418104292515879  25.0
54211.81320799996  0.0  3.418104292515879  25.0
54216.79955299996  0.0  3.418104292515879  25.0
54221.78589799996  0.0  3.418104292515879  25.0
54226.772242999956  0.0  3.418104292515879  25.0
54231.75858799995  0.0  3.418104292515879  25.0
54236.74493299995  0.0  3.418104292515879  25.0
54241.73127799995  0.0  3.418104292515879  25.0
54246.717622999946  0.0  3.418104292515879  25.0
54251.70396799994  0.0  3.418104292515879  25.0
54256.69031299994  0.0  3.418104292515879  25.0
54261.67665799994  0.0  3.418104292515879  25.0
54266.663002999936  0.0  3.418104292515879  25.0
54271.64934799993  0.0  3.418104292515879  25.0
54276.63569299993  0.0  3.418104292515879  25.0
54281.62203799993  0.0  3.418104292515879  25.0
54286.608382999926  0.0  3.418104292515879  25.0
54291.59472799992  0.0  3.418104292515879  25.0
54296.58107299992  0.0  3.418104292515879  25.0
54301.56741799992  0.0  3.418104292515879  25.0
54306.553762999916  0.0  3.418104292515879  25.0
54311.540107999914  0.0  3.418104292515879  25.0
54316.52645299991  0.0  3.418104292515879  25.0
54321.51279799991  0.0  3.418104292515879  25.0
54326.499142999906  0.0  3.418104292515879  25.0
54331.485487999904  0.0  3.418104292515879  25.0
54336.4718329999  0.0  3.418104292515879  25.0
54341.4581779999  0.0  3.418104292515879  25.0
54346.4445229999  0.0  3.418104292515879  25.0
54351.430867999894  0.0  3.418104292515879  25.0
54356.41721299989  0.0  3.418104292515879  25.0
54346.444523  -1.9421171311912766  3.847075015077824  25.0
54348.449043  1.5850058354024472  3.382584423768712  25.0
54358.405632  -0.3778767575179426  3.740515408836322  25.0
54365.439264  2.8716447733286885  3.079299390619821  25.0
54381.459513  36.640110761501155  3.366190638193096  25.0
54386.452218  44.235898078203114  3.4044428045362  25.0
54388.456385  48.634897207659996  3.418104292515879  25.0
54392.454068  51.47648670743339  3.6722079689379235  25.0
54393.460324  48.279698520188326  4.027406656409597  25.0
54396.323683  51.01199611612428  7.546605959975107  25.0
54406.364551  28.30660309389649  3.199520484841003  25.0
54409.369386  28.44321797369329  3.3197415790621854  25.0
54412.390112  29.290230228433437  5.082073528440876  25.0
54416.363295  23.279175517374334  3.188591294457259  25.0
54421.368998  28.96235451692112  4.431786700608119  25.0
54423.345515  18.50038702208235  3.4071751021321357  25.0
54433.368079  12.746168285041229  5.491918167831269  25.0
