55576.61684571014    2.7073296381934226    0.5977895240951597     25    
55577.11684571014    3.129795260605747     0.5920030237512005     25    
55577.61684571014    3.579541252396572     0.5910689099125468     25    
55578.11684571014    4.054626957872128     0.6281261254675892     25    
55578.61684571014    4.555690549206444     0.7064701291973917     25    
55579.11684571014    5.081126701439549     0.7708534282600349     25    
55579.61684571014    5.630007189664736     0.7900770342394089     25    
55580.11684571014    6.202573288442451     0.7866800549624393     25    
55580.61684571014    6.796720834813156     0.7850785380775261     25    
55581.11684571014    7.412858902993533     0.7877226046564136     25    
55581.61684571014    8.049832047736071     0.7902324351590153     25    
55582.11684571014    8.706213206134468     0.7925268026935345     25    
55582.61684571014    9.382570667280778     0.7946518474933377     25    
55583.11684571014    10.076865858906979    0.7966868832987603     25    
55583.61684571014    10.789049659315115    0.7985631547507956     25    
55584.11684571014    11.518531051948775    0.8004637344659254     25    
55584.61684571014    12.263887628234135    0.8033732687112752     25    
55585.11684571014    13.02651324561094     0.8084603872435344     25    
55585.61684571014    13.800600575159175    0.8089562429854462     25    
55586.11684571014    14.591339602298628    0.7968050680104546     25    
55586.61684571014    15.390138247685913    0.7786071895012138     25    
55587.11684571014    16.16226601129931     0.7714498549015123     25    
55587.61684571014    16.920180590120804    0.7786630208270071     25    
55588.11684571014    17.63081824433438     0.7893893379885609     25    
55588.61684571014    18.264628096946726    0.7961778970712476     25    
55589.11684571014    18.832668564181592    0.8018452532463394     25    
55589.61684571014    19.295106361558354    0.805732788410633      25    
55590.11684571014    19.63455024034101     0.8067058371474242     25    
55590.61684571014    19.876694397456927    0.8067376372736811     25    
55591.11684571014    20.038843847083058    0.8084333299035021     25    
55591.61684571014    20.109506965290084    0.8112127823784282     25    
55592.11684571014    20.142939699765986    0.814570653672533      25    
55592.61684571014    20.151941964317068    0.8192721968298986     25    
55593.11684571014    20.140270565742625    0.8240775226282508     25    
55593.61684571014    20.15988654110704     0.8258034320601448     25    
55594.11684571014    20.20794563709251     0.8249051352631034     25    
55594.61684571014    20.2769305694952      0.8208956520441177     25    
55595.11684571014    20.37229753535735     0.810921593345065      25    
55595.61684571014    20.489545635432687    0.796779705324255      25    
55596.11684571014    20.59948113629497     0.7892009113973001     25    
55596.61684571014    20.70650336383308     0.7923069885898185     25    
55597.11684571014    20.796970648143613    0.7981142095637743     25    
55597.61684571014    20.849065636861763    0.7994075114358156     25    
55598.11684571014    20.86985772418883     0.7982233368996094     25    
55598.61684571014    20.851947340783806    0.7963161142899655     25    
55599.11684571014    20.791465658353275    0.7934767453106791     25    
55599.61684571014    20.69186370463583     0.7904967913605869     25    
55600.11684571014    20.55505076035802     0.7898904392594451     25    
55600.61684571014    20.380261042581832    0.7920762388667111     25    
55601.11684571014    20.169649182666333    0.7933953109757754     25    
55601.61684571014    19.92343307980139     0.7971184785234403     25    
55602.11684571014    19.64228274199632     0.798370233754287      25    
55602.61684571014    19.331750779768736    0.7712148317203619     25    
55603.11684571014    18.989914903866868    0.6948655319089737     25    
55603.61684571014    18.62187533362701     0.6093904019384014     25    
55604.11684571014    18.232327227787888    0.575432163388953      25    
55604.61684571014    17.819456790979416    0.5807698462586721     25    
55605.11684571014    17.391288240517397    0.5859743597640248     25    
55605.61684571014    16.945730484147195    0.5814490711351142     25    
55606.11684571014    16.488976349489867    0.5759775298434097     25    
55606.61684571014    16.031633201762425    0.569496561982521      25    
55607.11684571014    15.568917925070316    0.5615008139025327     25    
55607.61684571014    15.116700554683623    0.555039586254179      25    
55608.11684571014    14.679370364489838    0.5526496693972222     25    
55608.61684571014    14.257792191268555    0.5522494503184872     25    
55609.11684571014    13.868880982929843    0.5509462299226088     25    
55609.61684571014    13.510881360005934    0.550251475098895      25    
55610.11684571014    13.185444916637936    0.5457101580870475     25    
55610.61684571014    12.897083293690983    0.5299553160949698     25    
55611.11684571014    12.64359980679087     0.5059798067785924     25    
55611.61684571014    12.419261914955232    0.49041118371126935    25    
55612.11684571014    12.224955839095223    0.4900239827745886     25    
55612.61684571014    12.057828570566505    0.494565078140545      25    
55613.11684571014    11.913590616223757    0.49517994614378974    25    
55613.61684571014    11.793969823062953    0.49427326728828547    25    
55614.11684571014    11.693376657073081    0.4923688559073855     25    
55614.61684571014    11.61120410135339     0.4884208328316731     25    
55615.11684571014    11.54626033857546     0.4840100477491176     25    
55615.61684571014    11.493079785192275    0.48272073815740707    25    
55616.11684571014    11.453517180635723    0.48483667564220195    25    
55616.61684571014    11.42288451917039     0.4872214174368449     25    
55617.11684571014    11.398282327230497    0.4880717951617732     25    
55617.61684571014    11.380706959951413    0.4882436883538631     25    
55618.11684571014    11.366315853113571    0.48765363865585243    25    
55618.61684571014    11.355266074497042    0.48911985786940526    25    
55619.11684571014    11.347072842323179    0.48529047809506975    25    
55619.61684571014    11.340728038988717    0.4640609511664084     25    
55620.11684571014    11.33662491159566     0.4263463354292386     25    
55620.61684571014    11.333337522446975    0.39763917453253556    25    
55621.11684571014    11.331255866740928    0.39374248393890554    25    
55621.61684571014    11.32923061857998     0.3995829747839144     25    
55622.11684571014    11.325169213376547    0.39957199957627554    25    
55622.61684571014    11.320125455386611    0.39584310957866564    25    
55623.11684571014    11.310467305215024    0.3935786762448092     25    
55623.61684571014    11.29504528913525     0.39596626558082226    25    
55624.11684571014    11.27376649463178     0.4004443770334487     25    
55624.61684571014    11.242540701040289    0.4030129469869178     25    
55625.11684571014    11.201809837569279    0.40388349305269194    25    
55625.61684571014    11.150884017470732    0.4031849597000794     25    
55626.11684571014    11.088262248003034    0.3969972349509155     25    
55626.61684571014    11.014598715143112    0.3872089243457522     25    
55627.11684571014    10.931735759718457    0.3939465295185734     25    
55627.61684571014    10.839407401359276    0.4289511132906628     25    
55628.11684571014    10.738527988058179    0.4657973996292472     25    
55628.61684571014    10.63071392597255     0.48084641104044695    25    
55629.11684571014    10.515437273347814    0.4810439158215881     25    
55629.61684571014    10.393667127858858    0.47738962265269447    25    
55630.11684571014    10.265939691073445    0.4724982492752097     25    
55630.61684571014    10.131862441719193    0.46575171908054036    25    
55631.11684571014    9.991286469392817     0.4620968661125406     25    
55631.61684571014    9.844283286083721     0.4615749423770785     25    
55632.11684571014    9.69064254469157      0.4621230061523592     25    
55632.61684571014    9.530059927229951     0.46337880395073444    25    
55633.11684571014    9.362735259766271     0.46519798855132605    25    
55633.61684571014    9.189250369543469     0.46466074702153193    25    
55634.11684571014    9.009052701123368     0.4678233054634527     25    
55634.61684571014    8.823544728528027     0.4595420486759534     25    
55635.11684571014    8.634106041766847     0.4115073282524088     25    
55635.61684571014    8.440177173425003     0.313227527493976      25    
55636.11684571014    8.243895837710799     0.21433808047540437    25    
55636.61684571014    8.045220949231789     0.1890724060533009     25    
55637.11684571014    7.844935931836583     0.20621254445767176    25    
55637.61684571014    7.645159276356876     0.20767964239994585    25    
55638.11684571014    7.444991974779009     0.20256082226048827    25    
55638.61684571014    7.247101087479899     0.19799102061816012    25    
55639.11684571014    7.052487327293823     0.1949887630199488     25    
55639.61684571014    6.861114509142717     0.193044607474065      25    
55640.11684571014    6.676152089132269     0.19199735728019432    25    
55640.61684571014    6.497156706477694     0.1924840244707698     25    
55641.11684571014    6.3251165574715005    0.1926804783375386     25    
55641.61684571014    6.1616198148255075    0.190534711928275      25    
55642.11684571014    6.006055599035658     0.18676911887940914    25    
55642.61684571014    5.857405632409244     0.18297094309968884    25    
55643.11684571014    5.715858190660918     0.17770706220823104    25    
55643.61684571014    5.580812347860327     0.17420012563066553    25    
55644.11684571014    5.451216639041214     0.17909635510440458    25    
55644.61684571014    5.3274509391418325    0.19172134589273965    25    
55645.11684571014    5.208555180000373     0.20129270619813988    25    
55645.61684571014    5.094172496708583     0.20279690988692847    25    
55646.11684571014    4.9843978003315       0.20080672519514048    25    
55646.61684571014    4.878693809969223     0.19915083974412437    25    
55647.11684571014    4.7772087698662435    0.19749314278403954    25    
55647.61684571014    4.679593204997443     0.1957371356798549     25    
55648.11684571014    4.585611338685188     0.19415786924881662    25    
55648.61684571014    4.495334523180592     0.19265566871912457    25    
55649.11684571014    4.408271495582258     0.19158374869112108    25    
55649.61684571014    4.324504638190043     0.1910371100596031     25    
55650.11684571014    4.243783238351536     0.19085266405218093    25    
55650.61684571014    4.165759413664626     0.19083661892393883    25    
55651.11684571014    4.090572504690488     0.19100229068455435    25    
55651.61684571014    4.017754713243175     0.19190857792624588    25    
55652.11684571014    3.9472735038815734    0.19399543164945457    25    
55652.61684571014    3.8790137343932174    0.19666782767382315    25    
55653.11684571014    3.812542099563636     0.19878320256329846    25    
55653.61684571014    3.7480125624398073    0.19969674798559453    25    
55654.11684571014    3.6850271235049363    0.2032140178475442     25    
55654.61684571014    3.623406059364372     0.2096744861659115     25    