55901.87311935687    1.7896548835336332    0.34921034174184856    25    
55902.37311935687    2.053908226189037     0.34770773720952336    25    
55902.87311935687    2.335562013776544     0.3469451783385899     25    
55903.37311935687    2.6341075414435555    0.35660968327719583    25    
55903.87311935687    2.9496640195025368    0.38287346789712284    25    
55904.37311935687    3.282026729333351     0.41098368796320195    25    
55904.87311935687    3.630741392500448     0.42561722628520604    25    
55905.37311935687    3.996007544157034     0.4276383154600461     25    
55905.87311935687    4.377485714425186     0.4256956650666619     25    
55906.37311935687    4.774812335564437     0.42617814236095536    25    
55906.87311935687    5.18819469901265      0.42711277725981517    25    
55907.37311935687    5.617194867912156     0.42788571765824585    25    
55907.87311935687    6.06157626949561      0.4284559622400655     25    
55908.37311935687    6.52148138292948      0.4288512971109411     25    
55908.87311935687    6.996410088654367     0.4291086436457646     25    
55909.37311935687    7.486289093154077     0.42919225295043023    25    
55909.87311935687    7.991123494767625     0.4291560011382418     25    
55910.37311935687    8.510420421160317     0.42916416295329246    25    
55910.87311935687    9.04500327112339      0.4282889225626889     25    
55911.37311935687    9.593480565500487     0.4280995649279836     25    
55911.87311935687    10.154159474688592    0.43152026417611533    25    
55912.37311935687    10.732385347490752    0.4396966801213738     25    
55912.87311935687    11.315434829809867    0.4484900829949136     25    
55913.37311935687    11.89114309729564     0.45386180388879455    25    
55913.87311935687    12.46762910247074     0.45669518522946984    25    
55914.37311935687    13.025494865432941    0.45877005441689866    25    
55914.87311935687    13.552153890046972    0.4612147597713245     25    
55915.37311935687    14.054945280322508    0.4635267611761925     25    
55915.87311935687    14.514977422044712    0.4652355715764333     25    
55916.37311935687    14.921142271034055    0.4657875002995579     25    
55916.87311935687    15.281427730763301    0.4656377758432687     25    
55917.37311935687    15.600920636297555    0.4660499371899171     25    
55917.87311935687    15.875003727737264    0.467346992908449      25    
55918.37311935687    16.111170286381924    0.46909984926005033    25    
55918.87311935687    16.325229360451345    0.4711927648089179     25    
55919.37311935687    16.512050339396986    0.47413779159674657    25    
55919.87311935687    16.679710432879396    0.4767696577411693     25    
55920.37311935687    16.84168933509921     0.478802055133555      25    
55920.87311935687    16.99521266465743     0.4830393190403929     25    
55921.37311935687    17.137661280067388    0.4793728941922066     25    
55921.87311935687    17.26978877235179     0.4537658226828231     25    
55922.37311935687    17.39232489527806     0.40533990774690615    25    
55922.87311935687    17.49570045820488     0.3612501237043445     25    
55923.37311935687    17.576810813438524    0.3492298873533355     25    
55923.87311935687    17.637264680033965    0.35647500792195896    25    
55924.37311935687    17.668131305065756    0.36270284995140906    25    
55924.87311935687    17.666019586903083    0.3625194654643186     25    
55925.37311935687    17.634739463805026    0.3615966769535274     25    
55925.87311935687    17.576828032379797    0.36051573912638346    25    
55926.37311935687    17.48909721547165     0.358914925052712      25    
55926.87311935687    17.37782944699608     0.3574640193719461     25    
55927.37311935687    17.251230747583243    0.35736707036953624    25    
55927.87311935687    17.105384230659748    0.3588805948356319     25    
55928.37311935687    16.947125397365784    0.3602891931843763     25    
55928.87311935687    16.783437145574585    0.35941506289342084    25    
55929.37311935687    16.611385183512613    0.35641487233108804    25    
55929.87311935687    16.432421991671333    0.35607237716251505    25    
55930.37311935687    16.248424260939732    0.3629292435530768     25    
55930.87311935687    16.058270850723584    0.3739892616502559     25    
55931.37311935687    15.859039247511058    0.38213811479832066    25    
55931.87311935687    15.650617512810497    0.38466178301951237    25    
55932.37311935687    15.432761109065765    0.3845505823567063     25    
55932.87311935687    15.202788135417505    0.38396849867157934    25    
55933.37311935687    14.959833322116332    0.3829566825075512     25    
55933.87311935687    14.705726802007268    0.38129416492039403    25    
55934.37311935687    14.441914384199002    0.3792213389357527     25    
55934.87311935687    14.16669188588991     0.37630099830214053    25    
55935.37311935687    13.88426031235857     0.3736578192893006     25    
55935.87311935687    13.598275280530034    0.3726918675830318     25    
55936.37311935687    13.306605619234974    0.373201849643189      25    
55936.87311935687    13.013986348120934    0.3736334506926073     25    
55937.37311935687    12.722973470426554    0.3747699728352232     25    
55937.87311935687    12.432102535677327    0.37636758969135176    25    
55938.37311935687    12.145377372563269    0.37028036919013985    25    
55938.87311935687    11.863507939239218    0.34691309730074543    25    
55939.37311935687    11.586262923224421    0.31314670559942964    25    
55939.87311935687    11.316600244479828    0.28963795121939145    25    
55940.37311935687    11.053934712333682    0.2864052365329179     25    
55940.87311935687    10.799288619277094    0.291590773600781      25    
55941.37311935687    10.555325054139901    0.29331081751164895    25    
55941.87311935687    10.321758660803347    0.29278342381048256    25    
55942.37311935687    10.098248522269257    0.2917582942801055     25    
55942.87311935687    9.885172457907402     0.2899507965093369     25    
55943.37311935687    9.682892138837252     0.28709335871875125    25    
55943.87311935687    9.489128672261673     0.28477589524737146    25    
55944.37311935687    9.302705359405344     0.28452219796881334    25    
55944.87311935687    9.124338263433888     0.2856812720642801     25    
55945.37311935687    8.95159145131983      0.28663774000879594    25    
55945.87311935687    8.783644027689897     0.28676765468082693    25    
55946.37311935687    8.620995859761257     0.2865026239539131     25    
55946.87311935687    8.462522882649612     0.2855931461165633     25    
55947.37311935687    8.307892667878418     0.28552259189675444    25    
55947.87311935687    8.157593193320434     0.28385555654822614    25    
55948.37311935687    8.011975818396275     0.27559003497901036    25    
55948.87311935687    7.870895081944278     0.25653739907285733    25    
55949.37311935687    7.734598500440229     0.23537983501462698    25    
55949.87311935687    7.603551426084742     0.22509595129553983    25    
55950.37311935687    7.477857641001952     0.22560670525972262    25    
55950.87311935687    7.356561196981785     0.22837679581388953    25    
55951.37311935687    7.239420986266594     0.22712741942177123    25    
55951.87311935687    7.126777616451422     0.22450318390126425    25    
55952.37311935687    7.015992207643043     0.22269629512630504    25    
55952.87311935687    6.906422646686186     0.22314729771517172    25    
55953.37311935687    6.798331204438449     0.22480922996840794    25    
55953.87311935687    6.688920796976712     0.22606587363899042    25    
55954.37311935687    6.577665979443673     0.22682913885215894    25    
55954.87311935687    6.465107492568436     0.2271072746630344     25    
55955.37311935687    6.350770753882936     0.22615261597838254    25    
55955.87311935687    6.233755816798383     0.2243783319478637     25    
55956.37311935687    6.116139949042215     0.22095722840841503    25    
55956.87311935687    6.000146759255388     0.2139940483648052     25    
55957.37311935687    5.884584492784889     0.20188817856888727    25    
55957.87311935687    5.771742410680989     0.19023297759334062    25    
55958.37311935687    5.663741457000644     0.185733873401786      25    
55958.87311935687    5.559629122459961     0.18688073300133484    25    
55959.37311935687    5.459986993534309     0.18826803652783475    25    
55959.87311935687    5.365866099637121     0.18656581722647195    25    
55960.37311935687    5.276540432544284     0.1838492588912732     25    
55960.87311935687    5.189395663850797     0.18189997948249265    25    
55961.37311935687    5.104603973702791     0.18146196533831352    25    
55961.87311935687    5.021617298517311     0.18177218091985312    25    
55962.37311935687    4.937661363677314     0.18224940121195318    25    
55962.87311935687    4.852979506040673     0.18324627519124706    25    
55963.37311935687    4.767392580425578     0.18410792787238933    25    
55963.87311935687    4.679759499408215     0.1842033664420019     25    
55964.37311935687    4.589796270118329     0.1849989595328785     25    
55964.87311935687    4.499168261549352     0.18228053491262242    25    
55965.37311935687    4.409004284284048     0.16953379967625876    25    
55965.87311935687    4.31858702015417      0.1445605857723048     25    
55966.37311935687    4.229797456696653     0.11938914781839727    25    
55966.87311935687    4.143633275795508     0.11063011653800653    25    
55967.37311935687    4.059526538647323     0.11361080104416019    25    
55967.87311935687    3.978610223458739     0.11648492019794517    25    
55968.37311935687    3.9014828547954137    0.11496072582291238    25    
55968.87311935687    3.8275552326714126    0.11290127266861083    25    
55969.37311935687    3.756232068241778     0.11155157288994472    25    
55969.87311935687    3.6877307537657034    0.11111972649010762    25    
55970.37311935687    3.621672054116731     0.11122072176247597    25    
55970.87311935687    3.5573355432404337    0.1117553733161762     25    
55971.37311935687    3.494950882692653     0.1130768872528502     25    
55971.87311935687    3.434230856015942     0.11420053636683658    25    
55972.37311935687    3.374750553208985     0.11404779738335058    25    
55972.87311935687    3.3166170746576484    0.1128522489856172     25    
55973.37311935687    3.260032962047777     0.11132306707385788    25    
55973.87311935687    3.205059696238673     0.11037709902120156    25    
55974.37311935687    3.151656473534266     0.10961409784813868    25    
55974.87311935687    3.1000857796738046    0.10676596574494346    25    
55975.37311935687    3.0504241294010637    0.09894931148627764    25    
55975.87311935687    3.0026240969282547    0.0879427236229642     25    
55976.37311935687    2.956802145183087     0.08000779673927855    25    
55976.87311935687    2.913063202828585     0.07868765070580168    25    
55977.37311935687    2.8712284623282045    0.08022352135688982    25    
55977.87311935687    2.8310681870998646    0.08054293063417539    25    
55978.37311935687    2.7926951685083194    0.07993743578953136    25    
55978.87311935687    2.7559048971123894    0.07918786859068151    25    
55979.37311935687    2.720467696428654     0.07842848601432657    25    
55979.87311935687    2.686511416981184     0.07757702303110006    25    
55980.37311935687    2.653777032533852     0.07680761796714293    25    
55980.87311935687    2.622108954854852     0.07626843177827655    25    
55981.37311935687    2.591601741282777     0.07589341419913383    25    
55981.87311935687    2.561955570515372     0.07568896253845914    25    
55982.37311935687    2.5331109771927887    0.07521475414124028    25    
55982.87311935687    2.5050851562274428    0.07491088329802721    25    
55983.37311935687    2.4775641605446532    0.07642449665620736    25    
55983.87311935687    2.4505927782567936    0.08096579611865601    25    
55984.37311935687    2.4240806766295107    0.08623522968501374    25    
55984.87311935687    2.397737856884207     0.08945474222811466    25    
55985.37311935687    2.3716733728612107    0.09014915073309093    25    
55985.87311935687    2.345707317303317     0.09071894871621408    25    
55986.37311935687    2.319597034847178     0.09304272680411195    25    