55335.479052719274    1.5799721224308225    0.4621766278865164     25    
55335.979052719274    1.8306413628660878    0.4562093603473556     25    
55336.479052719274    2.100298114854683     0.45385494181380304    25    
55336.979052719274    2.3892948158660845    0.4891927998515729     25    
55337.479052719274    2.697528178241014     0.5725188685576822     25    
55337.979052719274    3.025199281465362     0.6492701701986731     25    
55338.479052719274    3.37257965528648      0.6816832325012347     25    
55338.979052719274    3.7395351900556917    0.6834729503092487     25    
55339.479052719274    4.126378694970416     0.6794471764491714     25    
55339.979052719274    4.533246853574441     0.6829984839044545     25    
55340.479052719274    4.9600826111925524    0.6868520773166784     25    
55340.979052719274    5.407251614718262     0.69069554248189       25    
55341.479052719274    5.874716623612403     0.6945189958484831     25    
55341.979052719274    6.3625906545340385    0.6984394459380853     25    
55342.479052719274    6.871198074926615     0.702559940479098      25    
55342.979052719274    7.400409178282794     0.7068136635489933     25    
55343.479052719274    7.950479532962573     0.7115649475298872     25    
55343.979052719274    8.522308756243612     0.7186787994284908     25    
55344.479052719274    9.115858457651477     0.7281945344183712     25    
55344.979052719274    9.727376343219984     0.7310914037256466     25    
55345.479052719274    10.36415882041855     0.7177956252981974     25    
55345.979052719274    11.016579122496275    0.6973529305022454     25    
55346.479052719274    11.653368085287267    0.6904620876400731     25    
55346.979052719274    12.286205820976502    0.7030201490134602     25    
55347.479052719274    12.891079850538013    0.7217616529846963     25    
55347.979052719274    13.43292746988867     0.735525253978776      25    
55348.479052719274    13.927010350939524    0.7470205636833025     25    
55348.979052719274    14.343189357322492    0.7565093655505513     25    
55349.479052719274    14.654316965172464    0.7626435057993982     25    
55349.979052719274    14.874264779420965    0.7660671459047269     25    
55350.479052719274    15.017402631210093    0.7701236296511871     25    
55350.979052719274    15.07542687549675     0.7760891433743772     25    
55351.479052719274    15.06375424134276     0.7824046380187893     25    
55351.979052719274    15.017035037729574    0.7880851905517755     25    
55352.479052719274    14.923484739117413    0.7944335236257151     25    
55352.979052719274    14.805082390234316    0.7981606242306091     25    
55353.479052719274    14.68876307420958     0.7970012084819609     25    
55353.979052719274    14.564771664941787    0.792631933125633      25    
55354.479052719274    14.435177507726225    0.7773875742459229     25    
55354.979052719274    14.30519994989558     0.738111453478391      25    
55355.479052719274    14.170148597418764    0.6832158564091911     25    
55355.979052719274    14.017910186353404    0.6464128518090677     25    
55356.479052719274    13.850493549066618    0.6429704558196828     25    
55356.979052719274    13.663546212237627    0.6513697418893223     25    
55357.479052719274    13.446821892001964    0.6504572183637132     25    
55357.979052719274    13.200974614453482    0.6437829610326565     25    
55358.479052719274    12.932246467444143    0.6354570229186277     25    
55358.979052719274    12.641578297724326    0.6260638879172378     25    
55359.479052719274    12.328259886450947    0.6152219942726105     25    
55359.979052719274    12.00790003606555     0.6072093686390843     25    
55360.479052719274    11.681164446579542    0.6055579660975089     25    
55360.979052719274    11.350316562772203    0.6063235805953263     25    
55361.479052719274    11.029775677803011    0.6037546382899222     25    
55361.979052719274    10.718655537901972    0.6005953266829859     25    
55362.479052719274    10.416156544534859    0.5908044693634926     25    
55362.979052719274    10.124864369920063    0.5624103377165338     25    
55363.479052719274    9.844882279132433     0.5120017544382166     25    
55363.979052719274    9.570001439368859     0.4657113633904939     25    
55364.479052719274    9.298179902012286     0.4496470669362774     25    
55364.979052719274    9.030130653516217     0.4514573291195181     25    
55365.479052719274    8.759676744127223     0.45116556256967033    25    
55365.979052719274    8.485706096875107     0.44531022121847186    25    
55366.479052719274    8.20972171779283      0.4384019802047411     25    
55366.979052719274    7.931507601191801     0.43014100245798054    25    
55367.479052719274    7.649915656214055     0.41929816389707586    25    
55367.979052719274    7.369131250250461     0.410032424969489      25    
55368.479052719274    7.091857015646985     0.40725651409408903    25    
55368.979052719274    6.816709418286261     0.40937834878703194    25    
55369.479052719274    6.548331483912253     0.4103044056702721     25    
55369.979052719274    6.288148563390653     0.40990316409673155    25    
55370.479052719274    6.035356698597395     0.40698323942487075    25    
55370.979052719274    5.791584936236213     0.3931598719380789     25    
55371.479052719274    5.557221416306659     0.3599891415502048     25    
55371.979052719274    5.331162266701769     0.3221037330072351     25    
55372.479052719274    5.11258017417795      0.3037675406092896     25    
55372.979052719274    4.901892449421149     0.3044085009973891     25    
55373.479052719274    4.69809833481216      0.3079685192941521     25    
55373.979052719274    4.500569071893602     0.3055423793275577     25    
55374.479052719274    4.309632073073058     0.30184638808299163    25    
55374.979052719274    4.124967049006413     0.2950660181249019     25    
55375.479052719274    3.946346650033771     0.28227508148787445    25    
55375.979052719274    3.774112014222413     0.26718937478339294    25    
55376.479052719274    3.6086797397543156    0.2568863673404023     25    
55376.979052719274    3.449881444023113     0.2518506548796961     25    
55377.479052719274    3.2980510055689267    0.2491102710764109     25    
55377.979052719274    3.1535785514569854    0.24699276133287404    25    
55378.479052719274    3.0163266511709006    0.24635254294804854    25    
55378.979052719274    2.886122679822831     0.2451199411472851     25    
55379.479052719274    2.7631276518880057    0.24323418778958045    25    
55379.979052719274    2.647112831063448     0.24019494338797992    25    
55380.479052719274    2.5372705576042156    0.23203881070306817    25    
55380.979052719274    2.433817290713432     0.21407890952535016    25    
55381.479052719274    2.33631666312802      0.19377409999392062    25    
55381.979052719274    2.2441257349206154    0.1844302796866575     25    
55382.479052719274    2.1576259479958653    0.18685580253799655    25    
55382.979052719274    2.0757941569460607    0.18941591904272623    25    
55383.479052719274    1.9981902305846169    0.18344745775367485    25    
55383.979052719274    1.9250114237230118    0.17293154462129715    25    
55384.479052719274    1.8546443439192752    0.16413128660847603    25    
55384.979052719274    1.787151004653296     0.15989006190224836    25    
55385.479052719274    1.7221496537800154    0.1577838863920581     25    
55385.979052719274    1.6580889263795275    0.15612539005886666    25    
55386.479052719274    1.5950549640249831    0.15558528856393594    25    
55386.979052719274    1.5333134459657887    0.15490209487405057    25    
55387.479052719274    1.4725682426755122    0.15211401705560978    25    
55387.979052719274    1.4126754461752407    0.14750969854458473    25    
55388.479052719274    1.3557770187235314    0.1436688836173177     25    
55388.979052719274    1.3023793362440468    0.14218423926158474    25    
55389.479052719274    1.2524198650308562    0.1420925674715756     25    
55389.979052719274    1.2082463997202089    0.142877630013388      25    
55390.479052719274    1.1701776005078253    0.14542603237243948    25    
55390.979052719274    1.1376497852465388    0.14787202672399513    25    
55391.479052719274    1.1108964274861777    0.14712024864808684    25    
55391.979052719274    1.0906896722839448    0.1425761110587968     25    
55392.479052719274    1.0737348392857555    0.139036194071756      25    
55392.979052719274    1.0582391218506324    0.14101151910249704    25    
55393.479052719274    1.045102546076143     0.14640804503701052    25    
55393.979052719274    1.0303971950495754    0.1514214803564584     25    
55394.479052719274    1.0132192908623023    0.1560359088546184     25    
55394.979052719274    0.9940525789415513    0.15971007033089119    25    
55395.479052719274    0.971386236342033     0.15925868447813876    25    
55395.979052719274    0.944387683529607     0.1541605915644745     25    
55396.479052719274    0.9155196434786487    0.14602558810980693    25    
55396.979052719274    0.886767910906006     0.13513852699374548    25    
55397.479052719274    0.8570586640616991    0.11935265782465711    25    
55397.979052719274    0.8293546893561877    0.1051284451248488     25    
55398.479052719274    0.8051417222541344    0.10018730806932849    25    
55398.979052719274    0.7836588806058016    0.10152160918054311    25    
55399.479052719274    0.7663693274012365    0.10308358932122903    25    
55399.979052719274    0.7542126984452185    0.10257763426927541    25    
55400.479052719274    0.7455922019603195    0.10372054323866473    25    
55400.979052719274    0.7387396318145967    0.11034835100795604    25    
55401.479052719274    0.7345143698394746    0.12216209439060262    25    
55401.979052719274    0.731024498288597     0.1339579061661248     25    
55402.479052719274    0.7267114882375111    0.143841832686797      25    
55402.979052719274    0.7223058192239749    0.15318755485488       25    
55403.479052719274    0.7164720809871674    0.15762914204095155    25    
55403.979052719274    0.7083993620981692    0.15446965373932187    25    
55404.479052719274    0.6988423232379386    0.14651010068673936    25    
55404.979052719274    0.6886022199452374    0.13764213533283604    25    
55405.479052719274    0.677352427404979     0.1266752885198012     25    
55405.979052719274    0.6657657516412081    0.11495991099765962    25    
55406.479052719274    0.6547243920338703    0.10624655003492585    25    
55406.979052719274    0.6438648425173457    0.1004157317077084     25    
55407.479052719274    0.6338075901012692    0.09640321138115793    25    
55407.979052719274    0.6250405469611954    0.09412120283523553    25    
55408.479052719274    0.6172912394545865    0.09376881463344676    25    
55408.979052719274    0.6104177853894615    0.0932092695143393     25    
55409.479052719274    0.6044766193236881    0.091833946896735      25    
55409.979052719274    0.5993539727602537    0.09034975683510454    25    
55410.479052719274    0.5948159726188359    0.08906948476926754    25    
55410.979052719274    0.5909561389521396    0.08789561953733982    25    
55411.479052719274    0.5875902036999983    0.08701782109589802    25    
55411.979052719274    0.5845592965725647    0.08673457361469077    25    
55412.479052719274    0.5819458260980298    0.08697736730581608    25    
55412.979052719274    0.5795016329502654    0.08728935453564346    25    
55413.479052719274    0.5771817399657024    0.08728864526477123    25    
55413.979052719274    0.5749796634764126    0.0873311659101644     25    
55414.479052719274    0.5726365294719151    0.08799449037651412    25    
55414.979052719274    0.5702172855133041    0.08849468051188589    25    
55415.479052719274    0.5675916338023442    0.09046022129998925    25    
55415.979052719274    0.5645530832298368    0.09469385884447318    25    
55416.479052719274    0.5611999159304234    0.09850420357806865    25    
55416.979052719274    0.5573157197908771    0.11144055165397956    25    
55417.479052719274    0.5527856737792476    0.13245740317101926    25    