#Date  :
#Flux  :
#Fluxerr  :
#ZP  :
#end  :
@INSTRUMENT  PS
@BAND  PS_i
@MAGSYS  AB
54786.1477625  0.0  1.210874560655604  25.0
54791.134107499995  0.0  1.210874560655604  25.0
54796.12045249999  0.0  1.210874560655604  25.0
54801.10679749999  0.0  1.210874560655604  25.0
54806.09314249999  0.0  1.210874560655604  25.0
54811.079487499985  0.0  1.210874560655604  25.0
54816.06583249998  0.0  1.210874560655604  25.0
54821.05217749998  0.0  1.210874560655604  25.0
54826.03852249998  0.0  1.210874560655604  25.0
54831.024867499975  0.0  1.210874560655604  25.0
54836.01121249997  0.0  1.210874560655604  25.0
54840.99755749997  0.0  1.210874560655604  25.0
54845.98390249997  0.0  1.210874560655604  25.0
54850.970247499965  0.0  1.210874560655604  25.0
54855.95659249996  0.0  1.210874560655604  25.0
54860.94293749996  0.0  1.210874560655604  25.0
54865.92928249996  0.0  1.210874560655604  25.0
54870.915627499955  0.0  1.210874560655604  25.0
54875.90197249995  0.0  1.210874560655604  25.0
54880.88831749995  0.0  1.210874560655604  25.0
54885.87466249995  0.0  1.210874560655604  25.0
54890.861007499945  0.0  1.210874560655604  25.0
54895.84735249994  0.0  1.210874560655604  25.0
54900.83369749994  0.0  1.210874560655604  25.0
54905.82004249994  0.0  1.210874560655604  25.0
54910.806387499935  0.0  1.210874560655604  25.0
54915.79273249993  0.0  1.210874560655604  25.0
54920.77907749993  0.0  1.210874560655604  25.0
54925.76542249993  0.0  1.210874560655604  25.0
54930.751767499925  0.0  1.210874560655604  25.0
54935.73811249992  0.0  1.210874560655604  25.0
54940.72445749992  0.0  1.210874560655604  25.0
54945.71080249992  0.0  1.210874560655604  25.0
54950.697147499915  0.0  1.210874560655604  25.0
54955.68349249991  0.0  1.210874560655604  25.0
54960.66983749991  0.0  1.210874560655604  25.0
54965.65618249991  0.0  1.210874560655604  25.0
54970.642527499906  0.0  1.210874560655604  25.0
54975.6288724999  0.0  1.210874560655604  25.0
54980.6152174999  0.0  1.210874560655604  25.0
54985.6015624999  0.0  1.210874560655604  25.0
54990.587907499896  0.0  1.210874560655604  25.0
54995.57425249989  0.0  1.210874560655604  25.0
55000.56059749989  0.0  1.210874560655604  25.0
55005.54694249989  0.0  1.210874560655604  25.0
55010.533287499886  0.0  1.210874560655604  25.0
55015.51963249988  0.0  1.210874560655604  25.0
55020.50597749988  0.0  1.210874560655604  25.0
55025.49232249988  0.0  1.210874560655604  25.0
55030.478667499876  0.0  1.210874560655604  25.0
55035.46501249987  0.0  1.210874560655604  25.0
55040.45135749987  0.0  1.210874560655604  25.0
55045.43770249987  0.0  1.210874560655604  25.0
55050.424047499866  0.0  1.210874560655604  25.0
55055.41039249986  0.0  1.210874560655604  25.0
55060.39673749986  0.0  1.210874560655604  25.0
55065.38308249986  0.0  1.210874560655604  25.0
55070.369427499856  0.0  1.210874560655604  25.0
55075.35577249985  0.0  1.210874560655604  25.0
55080.34211749985  0.0  1.210874560655604  25.0
55085.32846249985  0.0  1.210874560655604  25.0
55090.314807499846  0.0  1.210874560655604  25.0
55095.301152499844  0.0  1.210874560655604  25.0
55100.28749749984  0.0  1.210874560655604  25.0
55105.27384249984  0.0  1.210874560655604  25.0
55110.260187499836  0.0  1.210874560655604  25.0
55115.246532499834  0.0  1.210874560655604  25.0
55120.23287749983  0.0  1.210874560655604  25.0
55125.21922249983  0.0  1.210874560655604  25.0
55130.20556749983  0.0  1.210874560655604  25.0
55135.191912499824  0.0  1.210874560655604  25.0
55140.17825749982  0.0  1.210874560655604  25.0
55145.16460249982  0.0  1.210874560655604  25.0
55150.15094749982  0.0  1.210874560655604  25.0
55155.137292499814  0.0  1.210874560655604  25.0
55160.12363749981  0.0  1.210874560655604  25.0
55165.10998249981  0.0  1.210874560655604  25.0
55170.09632749981  0.0  1.210874560655604  25.0
55175.082672499804  0.0  1.210874560655604  25.0
55180.0690174998  0.0  1.210874560655604  25.0
55185.0553624998  0.0  1.210874560655604  25.0
55190.0417074998  0.0  1.210874560655604  25.0
55195.028052499794  0.0  1.210874560655604  25.0
55200.01439749979  0.0  1.210874560655604  25.0
55205.00074249979  0.0  1.210874560655604  25.0
55209.98708749979  0.0  1.210874560655604  25.0
55214.973432499784  0.0  1.210874560655604  25.0
55219.95977749978  0.0  1.210874560655604  25.0
55224.94612249978  0.0  1.210874560655604  25.0
55229.93246749978  0.0  1.210874560655604  25.0
55234.918812499775  0.0  1.210874560655604  25.0
55239.90515749977  0.0  1.210874560655604  25.0
55244.89150249977  0.0  1.210874560655604  25.0
55249.87784749977  0.0  1.210874560655604  25.0
55254.864192499765  0.0  1.210874560655604  25.0
55259.85053749976  0.0  1.210874560655604  25.0
55264.83688249976  0.0  1.210874560655604  25.0
55269.82322749976  0.0  1.210874560655604  25.0
55274.809572499755  0.0  1.210874560655604  25.0
55279.79591749975  0.0  1.210874560655604  25.0
55284.78226249975  0.0  1.210874560655604  25.0
55289.76860749975  0.0  1.210874560655604  25.0
55294.754952499745  0.0  1.210874560655604  25.0
55299.74129749974  0.0  1.210874560655604  25.0
55304.72764249974  0.0  1.210874560655604  25.0
55309.71398749974  0.0  1.210874560655604  25.0
55314.700332499735  0.0  1.210874560655604  25.0
55319.68667749973  0.0  1.210874560655604  25.0
55324.67302249973  0.0  1.210874560655604  25.0
55329.65936749973  0.0  1.210874560655604  25.0
55334.645712499725  0.0  1.210874560655604  25.0
55339.63205749972  0.0  1.210874560655604  25.0
55344.61840249972  0.0  1.210874560655604  25.0
55349.60474749972  0.0  1.210874560655604  25.0
55354.591092499715  0.0  1.210874560655604  25.0
55359.57743749971  0.0  1.210874560655604  25.0
55364.56378249971  0.0  1.210874560655604  25.0
55369.55012749971  0.0  1.210874560655604  25.0
55374.536472499705  0.0  1.210874560655604  25.0
55379.5228174997  0.0  1.210874560655604  25.0
55384.5091624997  0.0  1.210874560655604  25.0
55389.4955074997  0.0  1.210874560655604  25.0
55394.481852499695  0.0  1.210874560655604  25.0
55399.46819749969  0.0  1.210874560655604  25.0
55404.45454249969  0.0  1.210874560655604  25.0
55409.44088749969  0.0  1.210874560655604  25.0
55414.427232499685  0.0  1.210874560655604  25.0
55419.41357749968  0.0  1.210874560655604  25.0
55424.39992249968  0.0  1.210874560655604  25.0
55429.38626749968  0.0  1.210874560655604  25.0
55434.372612499676  0.0  1.210874560655604  25.0
55439.35895749967  0.0  1.210874560655604  25.0
55444.34530249967  0.0  1.210874560655604  25.0
55449.33164749967  0.0  1.210874560655604  25.0
55454.317992499666  0.0  1.210874560655604  25.0
55459.30433749966  0.0  1.210874560655604  25.0
55464.29068249966  0.0  1.210874560655604  25.0
55469.27702749966  0.0  1.210874560655604  25.0
55474.263372499656  0.0  1.210874560655604  25.0
55479.24971749965  0.0  1.210874560655604  25.0
55484.23606249965  0.0  1.210874560655604  25.0
55489.22240749965  0.0  1.210874560655604  25.0
55494.208752499646  0.0  1.210874560655604  25.0
55499.19509749964  0.0  1.210874560655604  25.0
55504.18144249964  0.0  1.210874560655604  25.0
55509.16778749964  0.0  1.210874560655604  25.0
55514.154132499636  0.0  1.210874560655604  25.0
55519.14047749963  0.0  1.210874560655604  25.0
55524.12682249963  0.0  1.210874560655604  25.0
55529.11316749963  0.0  1.210874560655604  25.0
55534.099512499626  0.0  1.210874560655604  25.0
55539.085857499624  0.0  1.210874560655604  25.0
55544.07220249962  0.0  1.210874560655604  25.0
55549.05854749962  0.0  1.210874560655604  25.0
55554.044892499616  0.0  1.210874560655604  25.0
55559.031237499614  0.0  1.210874560655604  25.0
55564.01758249961  0.0  1.210874560655604  25.0
55569.00392749961  0.0  1.210874560655604  25.0
55573.99027249961  0.0  1.210874560655604  25.0
55578.976617499604  0.0  1.210874560655604  25.0
55583.9629624996  0.0  1.210874560655604  25.0
55588.9493074996  0.0  1.210874560655604  25.0
55593.9356524996  0.0  1.210874560655604  25.0
55598.921997499594  0.0  1.210874560655604  25.0
55603.90834249959  0.0  1.210874560655604  25.0
55608.89468749959  0.0  1.210874560655604  25.0
55613.88103249959  0.0  1.210874560655604  25.0
55618.867377499584  0.0  1.210874560655604  25.0
55623.85372249958  0.0  1.210874560655604  25.0
55628.84006749958  0.0  1.210874560655604  25.0
55633.82641249958  0.0  1.210874560655604  25.0
55638.812757499574  0.0  1.210874560655604  25.0
55643.79910249957  0.0  1.210874560655604  25.0
55648.78544749957  0.0  1.210874560655604  25.0
55653.77179249957  0.0  1.210874560655604  25.0
55658.758137499564  0.0  1.210874560655604  25.0
55663.74448249956  0.0  1.210874560655604  25.0
55668.73082749956  0.0  1.210874560655604  25.0
55673.71717249956  0.0  1.210874560655604  25.0
55678.703517499554  0.0  1.210874560655604  25.0
55683.68986249955  0.0  1.210874560655604  25.0
55688.67620749955  0.0  1.210874560655604  25.0
55693.66255249955  0.0  1.210874560655604  25.0
55698.648897499545  0.0  1.210874560655604  25.0
55703.63524249954  0.0  1.210874560655604  25.0
55708.62158749954  0.0  1.210874560655604  25.0
55713.60793249954  0.0  1.210874560655604  25.0
55718.594277499535  0.0  1.210874560655604  25.0
55723.58062249953  0.0  1.210874560655604  25.0
55728.56696749953  0.0  1.210874560655604  25.0
55733.55331249953  0.0  1.210874560655604  25.0
55738.539657499525  0.0  1.210874560655604  25.0
55743.52600249952  0.0  1.210874560655604  25.0
55748.51234749952  0.0  1.210874560655604  25.0
55753.49869249952  0.0  1.210874560655604  25.0
55758.485037499515  0.0  1.210874560655604  25.0
55763.47138249951  0.0  1.210874560655604  25.0
55768.45772749951  0.0  1.210874560655604  25.0
55773.44407249951  0.0  1.210874560655604  25.0
55778.430417499505  0.0  1.210874560655604  25.0
55783.4167624995  0.0  1.210874560655604  25.0
55788.4031074995  0.0  1.210874560655604  25.0
55793.3894524995  0.0  1.210874560655604  25.0
55798.375797499495  0.0  1.210874560655604  25.0
55803.36214249949  0.0  1.210874560655604  25.0
55808.34848749949  0.0  1.210874560655604  25.0
55813.33483249949  0.0  1.210874560655604  25.0
55818.321177499485  0.0  1.210874560655604  25.0
55823.30752249948  0.0  1.210874560655604  25.0
55828.29386749948  0.0  1.210874560655604  25.0
55833.28021249948  0.0  1.210874560655604  25.0
55838.266557499475  0.0  1.210874560655604  25.0
55843.25290249947  0.0  1.210874560655604  25.0
55848.23924749947  0.0  1.210874560655604  25.0
55853.22559249947  0.0  1.210874560655604  25.0
55858.211937499465  0.0  1.210874560655604  25.0
55863.19828249946  0.0  1.210874560655604  25.0
55868.18462749946  0.0  1.210874560655604  25.0
55873.17097249946  0.0  1.210874560655604  25.0
55878.157317499456  0.0  1.210874560655604  25.0
55883.14366249945  0.0  1.210874560655604  25.0
55888.13000749945  0.0  1.210874560655604  25.0
55893.11635249945  0.0  1.210874560655604  25.0
55898.102697499446  0.0  1.210874560655604  25.0
55903.08904249944  0.0  1.210874560655604  25.0
55908.07538749944  0.0  1.210874560655604  25.0
55913.06173249944  0.0  1.210874560655604  25.0
55918.048077499436  0.0  1.210874560655604  25.0
55923.03442249943  0.0  1.210874560655604  25.0
55928.02076749943  0.0  1.210874560655604  25.0
55933.00711249943  0.0  1.210874560655604  25.0
55937.993457499426  0.0  1.210874560655604  25.0
55942.97980249942  0.0  1.210874560655604  25.0
55947.96614749942  0.0  1.210874560655604  25.0
55952.95249249942  0.0  1.210874560655604  25.0
55957.938837499416  0.0  1.210874560655604  25.0
55962.92518249941  0.0  1.210874560655604  25.0
55967.91152749941  0.0  1.210874560655604  25.0
55972.89787249941  0.0  1.210874560655604  25.0
55977.884217499406  0.0  1.210874560655604  25.0
55982.8705624994  0.0  1.210874560655604  25.0
55987.8569074994  0.0  1.210874560655604  25.0
55992.8432524994  0.0  1.210874560655604  25.0
55997.829597499396  0.0  1.210874560655604  25.0
56002.815942499394  0.0  1.210874560655604  25.0
56007.80228749939  0.0  1.210874560655604  25.0
56012.78863249939  0.0  1.210874560655604  25.0
56017.774977499386  0.0  1.210874560655604  25.0
56022.761322499384  0.0  1.210874560655604  25.0
56027.74766749938  0.0  1.210874560655604  25.0
56032.73401249938  0.0  1.210874560655604  25.0
56037.72035749938  0.0  1.210874560655604  25.0
56042.706702499374  0.0  1.210874560655604  25.0
56047.69304749937  0.0  1.210874560655604  25.0
56052.67939249937  0.0  1.210874560655604  25.0
56057.66573749937  0.0  1.210874560655604  25.0
56062.652082499364  0.0  1.210874560655604  25.0
56067.63842749936  0.0  1.210874560655604  25.0
56072.62477249936  0.0  1.210874560655604  25.0
56077.61111749936  0.0  1.210874560655604  25.0
56082.597462499354  0.0  1.210874560655604  25.0
56087.58380749935  0.0  1.210874560655604  25.0
56092.57015249935  0.0  1.210874560655604  25.0
56097.55649749935  0.0  1.210874560655604  25.0
56102.542842499344  0.0  1.210874560655604  25.0
56107.52918749934  0.0  1.210874560655604  25.0
56112.51553249934  0.0  1.210874560655604  25.0
56117.50187749934  0.0  1.210874560655604  25.0
56122.488222499334  0.0  1.210874560655604  25.0
56127.47456749933  0.0  1.210874560655604  25.0
56132.46091249933  0.0  1.210874560655604  25.0
56137.44725749933  0.0  1.210874560655604  25.0
56142.433602499324  0.0  1.210874560655604  25.0
56147.41994749932  0.0  1.210874560655604  25.0
56152.40629249932  0.0  1.210874560655604  25.0
56157.39263749932  0.0  1.210874560655604  25.0
56162.378982499315  0.0  1.210874560655604  25.0
56167.36532749931  0.0  1.210874560655604  25.0
56172.35167249931  0.0  1.210874560655604  25.0
56177.33801749931  0.0  1.210874560655604  25.0
56182.324362499305  0.0  1.210874560655604  25.0
56187.3107074993  0.0  1.210874560655604  25.0
56192.2970524993  0.0  1.210874560655604  25.0
56197.2833974993  0.0  1.210874560655604  25.0
56202.269742499295  0.0  1.210874560655604  25.0
56207.25608749929  0.0  1.210874560655604  25.0
56212.24243249929  0.0  1.210874560655604  25.0
56217.22877749929  0.0  1.210874560655604  25.0
56222.215122499285  0.0  1.210874560655604  25.0
56227.20146749928  0.0  1.210874560655604  25.0
56232.18781249928  0.0  1.210874560655604  25.0
56237.17415749928  0.0  1.210874560655604  25.0
56242.160502499275  0.0  1.210874560655604  25.0
56247.14684749927  0.0  1.210874560655604  25.0
56252.13319249927  0.0  1.210874560655604  25.0
56257.11953749927  0.0  1.210874560655604  25.0
56262.105882499265  0.0  1.210874560655604  25.0
56267.09222749926  0.0  1.210874560655604  25.0
56272.07857249926  0.0  1.210874560655604  25.0
56277.06491749926  0.0  1.210874560655604  25.0
56282.051262499255  0.0  1.210874560655604  25.0
56287.03760749925  0.0  1.210874560655604  25.0
56292.02395249925  0.0  1.210874560655604  25.0
56297.01029749925  0.0  1.210874560655604  25.0
56301.996642499245  0.0  1.210874560655604  25.0
56306.98298749924  0.0  1.210874560655604  25.0
56311.96933249924  0.0  1.210874560655604  25.0
56316.95567749924  0.0  1.210874560655604  25.0
56321.942022499235  0.0  1.210874560655604  25.0
56326.92836749923  0.0  1.210874560655604  25.0
56331.91471249923  0.0  1.210874560655604  25.0
56336.90105749923  0.0  1.210874560655604  25.0
56341.887402499226  0.0  1.210874560655604  25.0
56346.87374749922  0.0  1.210874560655604  25.0
56351.86009249922  0.0  1.210874560655604  25.0
56356.84643749922  0.0  1.210874560655604  25.0
56361.832782499216  0.0  1.210874560655604  25.0
56366.81912749921  0.0  1.210874560655604  25.0
56371.80547249921  0.0  1.210874560655604  25.0
56376.79181749921  0.0  1.210874560655604  25.0
56381.778162499206  0.0  1.210874560655604  25.0
56386.7645074992  0.0  1.210874560655604  25.0
56391.7508524992  0.0  1.210874560655604  25.0
56396.7371974992  0.0  1.210874560655604  25.0
56401.723542499196  0.0  1.210874560655604  25.0
56406.70988749919  0.0  1.210874560655604  25.0
56411.69623249919  0.0  1.210874560655604  25.0
56416.68257749919  0.0  1.210874560655604  25.0
56421.668922499186  0.0  1.210874560655604  25.0
56426.65526749918  0.0  1.210874560655604  25.0
56431.64161249918  0.0  1.210874560655604  25.0
56436.62795749918  0.0  1.210874560655604  25.0
56441.614302499176  0.0  1.210874560655604  25.0
54985.6015625  -1.8657383426711343  0.9705648030643278  25.0
54986.6015625  -2.238277380843747  1.3316183912762765  25.0
55012.5  -0.8813320951096903  1.2993219058920384  25.0
55072.5  0.490239763794293  2.0887708694072002  25.0
55087.5  -3.161918797690361  1.9076551234761916  25.0
55090.3984375  1.7727753256368073  1.0264211401949286  25.0
55093.5  -3.44100425968651  1.4287043519403158  25.0
55096.3984375  -2.1648492901363405  1.0758966509877923  25.0
55408.5  0.6904978951203564  2.548971890098045  25.0
55411.5  0.9742951121440173  1.0165063220525135  25.0
55414.5  -0.005693613480337735  0.7978912616677555  25.0
55417.5  1.3777563211576305  0.8278317525155415  25.0
55423.5  2.4102636713505436  0.9551527267489628  25.0
55426.5  -0.1108291295009536  1.028973452006392  25.0
55438.5  0.5032957987641277  1.0981803000193449  25.0
55441.5  0.7445872363486181  0.8870257641758087  25.0
55444.3984375  1.8373682964052833  1.5248086326111407  25.0
55447.3984375  -0.48189567108828385  0.7310403613821763  25.0
55450.3984375  1.7575595665964536  1.9120725898274997  25.0
55453.3984375  -0.12918612877326593  0.7189659595964777  25.0
55456.3984375  -0.2053627549489903  0.91549382865193  25.0
55465.5  1.702979432180663  1.6395643650622562  25.0
55468.30078125  -0.11259611370102296  1.1107454481834937  25.0
55477.19921875  0.07028668079253811  0.6997254623729958  25.0
55480.19921875  1.5314838880523167  2.1873292564429048  25.0
55483.19921875  -0.06370957228659829  0.6926575723817968  25.0
55498.19921875  -0.07725644725304018  6.961424427395513  25.0
55501.3984375  0.7153338559633724  1.3869838884102699  25.0
55507.30078125  0.3124615987747937  0.9496554685760128  25.0
55510.19921875  -0.21174353447764901  0.7813012348932429  25.0
55534.30078125  1.2303113751540973  1.2878365495495312  25.0
55738.6015625  1.6519331959513937  2.11154535843536  25.0
55741.6015625  -0.15942117744945658  1.3400606894288698  25.0
55747.6015625  1.0292678811098308  1.1556072689681944  25.0
55765.6015625  0.7137631773360449  1.3797196811440595  25.0
55768.6015625  0.9341452804322204  1.0106164293295405  25.0
55771.3984375  7.117115167040314  12.209365465406599  25.0
55774.6015625  0.8310712215986238  0.8055481971021459  25.0
55777.3984375  0.8215492252425455  1.3344652258093357  25.0
55792.6015625  -0.3772509804364382  0.9163773031985603  25.0
55801.30078125  -0.7830682307955819  1.632790904174496  25.0
55804.5  -0.7784544003601837  0.9759639494088505  25.0
55807.30078125  -58.68466597534996  33.647390145634674  25.0
55810.30078125  -0.07548946305297083  0.9261939158943912  25.0
55819.30078125  -0.06586922029236471  1.0359432301691638  25.0
55822.5  -1.021021993850406  0.8605209660679595  25.0
55825.30078125  0.42908248576575375  1.6574306413606574  25.0
55834.30078125  -2.7832936431379203  1.257012490536958  25.0
55850.30078125  -0.9983457102688303  0.923739715911355  25.0
55853.3984375  -0.6666436142705549  0.9562326121887614  25.0
55861.30078125  0.14911378326836652  0.8708284187603976  25.0
55882.19921875  0.5555199854525448  7.0522272990776145  25.0
56136.6015625  -0.06321874399226067  0.7729571421872337  25.0
56148.5  0.24197857145157003  1.071086550086461  25.0
56151.6015625  -0.11485392619542995  0.8687669469455414  25.0
56156.5  0.9486737885827983  1.5481720734643352  25.0
56166.3984375  1.057735945585952  1.6344597414393292  25.0
56174.30078125  1.1390171953846036  2.323092622447076  25.0
56207.3984375  -1.3537057230328176  0.8705338960388019  25.0
56210.30078125  0.5619989236187092  0.8988056432399116  25.0
56213.30078125  1.4925121472269027  1.8440436454646163  25.0
56215.19921875  -1.2896034986427918  1.2806703604935912  25.0
56218.19921875  1.0057081229816252  1.2174517042683526  25.0
56221.30078125  -0.17934883194455717  1.7727753256368073  25.0
56239.19921875  1.417022678322797  2.8100927767310515  25.0
56242.19921875  -0.5566979827207708  2.467298099367527  25.0
56284.19921875  0.9272737077160329  1.321212826755411  25.0
56473.5  29.072179446791992  1.1552145408000145  25.0
56476.6015625  31.54742853622472  0.8275373234121027  25.0
56481.6015625  28.11918855052208  1.0148375784058372  25.0
56484.5  25.060833153771412  2.070119324008753  25.0
56491.5  14.916777098708549  1.2375756760384646  25.0
56505.3984375  14.429089412680327  1.244349043308068  25.0
56508.6015625  11.708425942033394  0.8760311542117518  25.0
56513.6015625  10.801668934255654  1.0214146284004288  25.0
56516.5  8.166605412603156  0.9001799577831492  25.0
56520.5  6.618236741009338  0.8826082978245006  25.0
56538.3984375  5.121307127431127  1.0083586402396727  25.0
56540.3984375  5.262567938844562  1.210874560655604  25.0
56550.5  10.608969064826612  3.9496991111770035  25.0
56558.3984375  -0.14518714521139595  1.3555708775726623  25.0
56564.3984375  -1.2492573496559833  2.1060481002624103  25.0
56567.19921875  24.258426688396547  15.267031832522509  25.0
56569.30078125  6.316573575350825  2.633296385322924  25.0
56575.30078125  2.495766070225492  1.4927084645019142  25.0
56588.3984375  1.3819774702339271  0.8576742251530572  25.0
56597.19921875  2.1015325220826746  1.0692213955466163  25.0
56599.30078125  4.526521018858808  1.413390481071535  25.0
56626.19921875  -3.21168883120482  2.995822399906537  25.0
