53655.37343807902    4.62025873924856      1.1394452916722266     25    
53655.87343807902    5.463828747598599     1.116771440231334      25    
53656.37343807902    6.379050737137071     1.1220008896690792     25    
53656.87343807902    7.366434322415723     1.2810190870575693     25    
53657.37343807902    8.425856039451222     1.5297325445970327     25    
53657.87343807902    9.55793030511919      1.6709417261955772     25    
53658.37343807902    10.762598242667366    1.6846005219273836     25    
53658.87343807902    12.040252605549117    1.6665414267820675     25    
53659.37343807902    13.391200943261865    1.6704190153895637     25    
53659.87343807902    14.815449475462882    1.6743369307246767     25    
53660.37343807902    16.313587737711053    1.6771998009616849     25    
53660.87343807902    17.885476932247       1.6790857257798277     25    
53661.37343807902    19.531682222491284    1.680128762237419      25    
53661.87343807902    21.252258572377816    1.6801319591789303     25    
53662.37343807902    23.04745724753401     1.6797158639409118     25    
53662.87343807902    24.919734801012705    1.6823388547064826     25    
53663.37343807902    26.86766755589674     1.6860858818062139     25    
53663.87343807902    28.88282898787452     1.6723218826222512     25    
53664.37343807902    30.98673902732049     1.630693505302301      25    
53664.87343807902    33.09531420795803     1.597080052550236      25    
53665.37343807902    35.18481619759652     1.6010144490168017     25    
53665.87343807902    37.22652161523589     1.6215721613220613     25    
53666.37343807902    39.10453214608629     1.6359071540652486     25    
53666.87343807902    40.84593254607276     1.6479418995975503     25    
53667.37343807902    42.343673376868395    1.6562064216360992     25    
53667.87343807902    43.557398271242086    1.6579620798330765     25    
53668.37343807902    44.54345216400023     1.6588533107545833     25    
53668.87343807902    45.31331146678786     1.66421768341972       25    
53669.37343807902    45.88079451413543     1.6718998555573639     25    
53669.87343807902    46.362505469314655    1.6816358900859816     25    
53670.37343807902    46.73560155521152     1.6948662217918657     25    
53670.87343807902    47.08975143994303     1.703565346709514      25    
53671.37343807902    47.47392117060687     1.7118849345456382     25    
53671.87343807902    47.860165471326006    1.7061985667955946     25    
53672.37343807902    48.25594116312658     1.6490428163530313     25    
53672.87343807902    48.65892216772687     1.5452555138970478     25    
53673.37343807902    49.008837161483434    1.4825212539578125     25    
53673.87343807902    49.312160856384       1.4909928675023374     25    
53674.37343807902    49.53246310863504     1.5128911793055424     25    
53674.87343807902    49.63652252388413     1.5132716756778715     25    
53675.37343807902    49.63550006477345     1.5083660579412728     25    
53675.87343807902    49.51503949494587     1.5016227853889506     25    
53676.37343807902    49.27554491580194     1.491839309602082      25    
53676.87343807902    48.9297311492341      1.4859005130086498     25    
53677.37343807902    48.47773436266995     1.488849901614835      25    
53677.87343807902    47.92540946157771     1.4927389044999408     25    
53678.37343807902    47.279466837046265    1.497380792389214      25    
53678.87343807902    46.53966245861626     1.4987786155030642     25    
53679.37343807902    45.725342202740386    1.4461487742332806     25    
53679.87343807902    44.831742704902155    1.3086929811754495     25    
53680.37343807902    43.879067495290826    1.181291907608965      25    
53680.87343807902    42.87393947366943     1.1557793409526416     25    
53681.37343807902    41.82176899280694     1.174364181737119      25    
53681.87343807902    40.74264040781158     1.1722233137123417     25    
53682.37343807902    39.631214431035275    1.1620628027326172     25    
53682.87343807902    38.52123732155475     1.1494869233406817     25    
53683.37343807902    37.40832973294705     1.132332880288812      25    
53683.87343807902    36.31822516093092     1.1170915621058424     25    
53684.37343807902    35.27258691217323     1.112166729681651      25    
53684.87343807902    34.27030912517473     1.1127964311991898     25    
53685.37343807902    33.351155110337054    1.111257638368255      25    
53685.87343807902    32.511859219064576    1.110811216224556      25    
53686.37343807902    31.752250197334053    1.09416196391151       25    
53686.87343807902    31.081232807642607    1.038929124067799      25    
53687.37343807902    30.48218728414205     0.9759732314936954     25    
53687.87343807902    29.93656683253534     0.9573442108651609     25    
53688.37343807902    29.448346123332936    0.9702131408603527     25    
53688.87343807902    28.991391504215485    0.9775131760734815     25    
53689.37343807902    28.56640594147475     0.9764451695636712     25    
53689.87343807902    28.166618281864586    0.9723124521692381     25    
53690.37343807902    27.78432928231242     0.9627772736704442     25    
53690.87343807902    27.42325513175069     0.9516714976729104     25    
53691.37343807902    27.083828487653       0.9501550429946839     25    
53691.87343807902    26.76592563026548     0.9574431297679504     25    
53692.37343807902    26.470336846413222    0.9629319222744878     25    
53692.87343807902    26.198865190931265    0.9642934051074955     25    
53693.37343807902    25.94729007094509     0.9629817166254855     25    
53693.87343807902    25.71351059920809     0.9605331717854031     25    
53694.37343807902    25.496633030658526    0.954906968519199      25    
53694.87343807902    25.284551236017613    0.931939102274536      25    
53695.37343807902    25.07979682784271     0.8838073297588359     25    
53695.87343807902    24.87200763562728     0.8434932995843958     25    
53696.37343807902    24.657113790134776    0.8372520257617115     25    
53696.87343807902    24.43457683957031     0.8432947623746098     25    
53697.37343807902    24.19786918797555     0.8367895423385854     25    
53697.87343807902    23.948481731461598    0.8231000358925624     25    
53698.37343807902    23.68589255836681     0.8175056753846168     25    
53698.87343807902    23.410090919876765    0.8251405573959083     25    
53699.37343807902    23.12084715576819     0.834422268397883      25    
53699.87343807902    22.817686608423156    0.8385193953298049     25    
53700.37343807902    22.50096962970923     0.8396887377708037     25    
53700.87343807902    22.17122670621444     0.8310574763732788     25    
53701.37343807902    21.828112234023248    0.8071328412644455     25    
53701.87343807902    21.47384238059976     0.8143929084708427     25    
53702.37343807902    21.108531960057647    0.8865429628063622     25    
53702.87343807902    20.73321441766572     0.9617059106111695     25    
53703.37343807902    20.349586154685973    0.9863495042906798     25    
53703.87343807902    19.957273201372086    0.9826139439088578     25    
53704.37343807902    19.55808868977238     0.9739717422494062     25    
53704.87343807902    19.15189339905695     0.9581981392421004     25    
53705.37343807902    18.7393370911166      0.9446200094642191     25    
53705.87343807902    18.32073631745684     0.9427838380106445     25    
53706.37343807902    17.896252012891708    0.9462806095323464     25    
53706.87343807902    17.466347318151414    0.9506322748617878     25    
53707.37343807902    17.03070317214096     0.9571706836658818     25    
53707.87343807902    16.593427836937327    0.9570294835775419     25    
53708.37343807902    16.152822776577164    0.9631356847030813     25    
53708.87343807902    15.715286986062205    0.9358207012577172     25    
53709.37343807902    15.285891962276247    0.7949841304982485     25    
53709.87343807902    14.864394477591206    0.53564470401393       25    
53710.37343807902    14.460617120912545    0.33627203450799587    25    
53710.87343807902    14.073268740447475    0.3461309339452021     25    
53711.37343807902    13.706009948943258    0.3858510611185713     25    
53711.87343807902    13.362220593466441    0.3772502251561706     25    
53712.37343807902    13.03802266107301     0.3676437564192676     25    
53712.87343807902    12.730156652679971    0.36093802351120396    25    
53713.37343807902    12.439326796208093    0.3562677170439153     25    
53713.87343807902    12.15990619015531     0.3544297053176442     25    
53714.37343807902    11.89219909268059     0.35700786276154667    25    
53714.87343807902    11.633945665146252    0.3588181527897889     25    
53715.37343807902    11.382702776344836    0.35511490574860993    25    
53715.87343807902    11.139657987630804    0.34909385088267597    25    
53716.37343807902    10.90508396380518     0.34412355117714166    25    
53716.87343807902    10.678859385241061    0.3386868732105133     25    
53717.37343807902    10.461833922812989    0.34369878890637723    25    
53717.87343807902    10.254185462602099    0.3678641212871668     25    
53718.37343807902    10.055922663964703    0.3922039080808365     25    
53718.87343807902    9.867472949930162     0.4000688587392269     25    
53719.37343807902    9.688569450063108     0.3989394643423371     25    
53719.87343807902    9.518101834707739     0.3966295649899107     25    
53720.37343807902    9.356328745951396     0.39276344190061907    25    
53720.87343807902    9.202159327122551     0.38824617602751993    25    
53721.37343807902    9.055271013583171     0.3837252065292092     25    
53721.87343807902    8.91535455466266      0.3793599367496558     25    
53722.37343807902    8.781337769527033     0.3765500185669447     25    
53722.87343807902    8.653480977953143     0.3750414492215502     25    
53723.37343807902    8.53049744378662      0.3745313145846249     25    
53723.87343807902    8.412507026997629     0.37591311182406023    25    
53724.37343807902    8.298691678981763     0.37642981666056596    25    
53724.87343807902    8.188401131799807     0.37211912047998913    25    
53725.37343807902    8.081627059837347     0.36591790275257446    25    
53725.87343807902    7.977131722363279     0.3645056269765615     25    
53726.37343807902    7.875205633892537     0.36631832111165186    25    
53726.87343807902    7.7746672286917295    0.37790352348336337    25    