#Date  :
#Flux  :
#Fluxerr  :
#ZP  :
#end  :
@INSTRUMENT  PS
@BAND  PS_z
@MAGSYS  AB
54799.1477625  0.0  2.4979286044309945  25.0
54804.134107499995  0.0  2.4979286044309945  25.0
54809.12045249999  0.0  2.4979286044309945  25.0
54814.10679749999  0.0  2.4979286044309945  25.0
54819.09314249999  0.0  2.4979286044309945  25.0
54824.079487499985  0.0  2.4979286044309945  25.0
54829.06583249998  0.0  2.4979286044309945  25.0
54834.05217749998  0.0  2.4979286044309945  25.0
54839.03852249998  0.0  2.4979286044309945  25.0
54844.024867499975  0.0  2.4979286044309945  25.0
54849.01121249997  0.0  2.4979286044309945  25.0
54853.99755749997  0.0  2.4979286044309945  25.0
54858.98390249997  0.0  2.4979286044309945  25.0
54863.970247499965  0.0  2.4979286044309945  25.0
54868.95659249996  0.0  2.4979286044309945  25.0
54873.94293749996  0.0  2.4979286044309945  25.0
54878.92928249996  0.0  2.4979286044309945  25.0
54883.915627499955  0.0  2.4979286044309945  25.0
54888.90197249995  0.0  2.4979286044309945  25.0
54893.88831749995  0.0  2.4979286044309945  25.0
54898.87466249995  0.0  2.4979286044309945  25.0
54903.861007499945  0.0  2.4979286044309945  25.0
54908.84735249994  0.0  2.4979286044309945  25.0
54913.83369749994  0.0  2.4979286044309945  25.0
54918.82004249994  0.0  2.4979286044309945  25.0
54923.806387499935  0.0  2.4979286044309945  25.0
54928.79273249993  0.0  2.4979286044309945  25.0
54933.77907749993  0.0  2.4979286044309945  25.0
54938.76542249993  0.0  2.4979286044309945  25.0
54943.751767499925  0.0  2.4979286044309945  25.0
54948.73811249992  0.0  2.4979286044309945  25.0
54953.72445749992  0.0  2.4979286044309945  25.0
54958.71080249992  0.0  2.4979286044309945  25.0
54963.697147499915  0.0  2.4979286044309945  25.0
54968.68349249991  0.0  2.4979286044309945  25.0
54973.66983749991  0.0  2.4979286044309945  25.0
54978.65618249991  0.0  2.4979286044309945  25.0
54983.642527499906  0.0  2.4979286044309945  25.0
54988.6288724999  0.0  2.4979286044309945  25.0
54993.6152174999  0.0  2.4979286044309945  25.0
54998.6015624999  0.0  2.4979286044309945  25.0
55003.587907499896  0.0  2.4979286044309945  25.0
55008.57425249989  0.0  2.4979286044309945  25.0
55013.56059749989  0.0  2.4979286044309945  25.0
55018.54694249989  0.0  2.4979286044309945  25.0
55023.533287499886  0.0  2.4979286044309945  25.0
55028.51963249988  0.0  2.4979286044309945  25.0
55033.50597749988  0.0  2.4979286044309945  25.0
55038.49232249988  0.0  2.4979286044309945  25.0
55043.478667499876  0.0  2.4979286044309945  25.0
55048.46501249987  0.0  2.4979286044309945  25.0
55053.45135749987  0.0  2.4979286044309945  25.0
55058.43770249987  0.0  2.4979286044309945  25.0
55063.424047499866  0.0  2.4979286044309945  25.0
55068.41039249986  0.0  2.4979286044309945  25.0
55073.39673749986  0.0  2.4979286044309945  25.0
55078.38308249986  0.0  2.4979286044309945  25.0
55083.369427499856  0.0  2.4979286044309945  25.0
55088.35577249985  0.0  2.4979286044309945  25.0
55093.34211749985  0.0  2.4979286044309945  25.0
55098.32846249985  0.0  2.4979286044309945  25.0
55103.314807499846  0.0  2.4979286044309945  25.0
55108.301152499844  0.0  2.4979286044309945  25.0
55113.28749749984  0.0  2.4979286044309945  25.0
55118.27384249984  0.0  2.4979286044309945  25.0
55123.260187499836  0.0  2.4979286044309945  25.0
55128.246532499834  0.0  2.4979286044309945  25.0
55133.23287749983  0.0  2.4979286044309945  25.0
55138.21922249983  0.0  2.4979286044309945  25.0
55143.20556749983  0.0  2.4979286044309945  25.0
55148.191912499824  0.0  2.4979286044309945  25.0
55153.17825749982  0.0  2.4979286044309945  25.0
55158.16460249982  0.0  2.4979286044309945  25.0
55163.15094749982  0.0  2.4979286044309945  25.0
55168.137292499814  0.0  2.4979286044309945  25.0
55173.12363749981  0.0  2.4979286044309945  25.0
55178.10998249981  0.0  2.4979286044309945  25.0
55183.09632749981  0.0  2.4979286044309945  25.0
55188.082672499804  0.0  2.4979286044309945  25.0
55193.0690174998  0.0  2.4979286044309945  25.0
55198.0553624998  0.0  2.4979286044309945  25.0
55203.0417074998  0.0  2.4979286044309945  25.0
55208.028052499794  0.0  2.4979286044309945  25.0
55213.01439749979  0.0  2.4979286044309945  25.0
55218.00074249979  0.0  2.4979286044309945  25.0
55222.98708749979  0.0  2.4979286044309945  25.0
55227.973432499784  0.0  2.4979286044309945  25.0
55232.95977749978  0.0  2.4979286044309945  25.0
55237.94612249978  0.0  2.4979286044309945  25.0
55242.93246749978  0.0  2.4979286044309945  25.0
55247.918812499775  0.0  2.4979286044309945  25.0
55252.90515749977  0.0  2.4979286044309945  25.0
55257.89150249977  0.0  2.4979286044309945  25.0
55262.87784749977  0.0  2.4979286044309945  25.0
55267.864192499765  0.0  2.4979286044309945  25.0
55272.85053749976  0.0  2.4979286044309945  25.0
55277.83688249976  0.0  2.4979286044309945  25.0
55282.82322749976  0.0  2.4979286044309945  25.0
55287.809572499755  0.0  2.4979286044309945  25.0
55292.79591749975  0.0  2.4979286044309945  25.0
55297.78226249975  0.0  2.4979286044309945  25.0
55302.76860749975  0.0  2.4979286044309945  25.0
55307.754952499745  0.0  2.4979286044309945  25.0
55312.74129749974  0.0  2.4979286044309945  25.0
55317.72764249974  0.0  2.4979286044309945  25.0
55322.71398749974  0.0  2.4979286044309945  25.0
55327.700332499735  0.0  2.4979286044309945  25.0
55332.68667749973  0.0  2.4979286044309945  25.0
55337.67302249973  0.0  2.4979286044309945  25.0
55342.65936749973  0.0  2.4979286044309945  25.0
55347.645712499725  0.0  2.4979286044309945  25.0
55352.63205749972  0.0  2.4979286044309945  25.0
55357.61840249972  0.0  2.4979286044309945  25.0
55362.60474749972  0.0  2.4979286044309945  25.0
55367.591092499715  0.0  2.4979286044309945  25.0
55372.57743749971  0.0  2.4979286044309945  25.0
55377.56378249971  0.0  2.4979286044309945  25.0
55382.55012749971  0.0  2.4979286044309945  25.0
55387.536472499705  0.0  2.4979286044309945  25.0
55392.5228174997  0.0  2.4979286044309945  25.0
55397.5091624997  0.0  2.4979286044309945  25.0
55402.4955074997  0.0  2.4979286044309945  25.0
55407.481852499695  0.0  2.4979286044309945  25.0
55412.46819749969  0.0  2.4979286044309945  25.0
55417.45454249969  0.0  2.4979286044309945  25.0
55422.44088749969  0.0  2.4979286044309945  25.0
55427.427232499685  0.0  2.4979286044309945  25.0
55432.41357749968  0.0  2.4979286044309945  25.0
55437.39992249968  0.0  2.4979286044309945  25.0
55442.38626749968  0.0  2.4979286044309945  25.0
55447.372612499676  0.0  2.4979286044309945  25.0
55452.35895749967  0.0  2.4979286044309945  25.0
55457.34530249967  0.0  2.4979286044309945  25.0
55462.33164749967  0.0  2.4979286044309945  25.0
55467.317992499666  0.0  2.4979286044309945  25.0
55472.30433749966  0.0  2.4979286044309945  25.0
55477.29068249966  0.0  2.4979286044309945  25.0
55482.27702749966  0.0  2.4979286044309945  25.0
55487.263372499656  0.0  2.4979286044309945  25.0
55492.24971749965  0.0  2.4979286044309945  25.0
55497.23606249965  0.0  2.4979286044309945  25.0
55502.22240749965  0.0  2.4979286044309945  25.0
55507.208752499646  0.0  2.4979286044309945  25.0
55512.19509749964  0.0  2.4979286044309945  25.0
55517.18144249964  0.0  2.4979286044309945  25.0
55522.16778749964  0.0  2.4979286044309945  25.0
55527.154132499636  0.0  2.4979286044309945  25.0
55532.14047749963  0.0  2.4979286044309945  25.0
55537.12682249963  0.0  2.4979286044309945  25.0
55542.11316749963  0.0  2.4979286044309945  25.0
55547.099512499626  0.0  2.4979286044309945  25.0
55552.085857499624  0.0  2.4979286044309945  25.0
55557.07220249962  0.0  2.4979286044309945  25.0
55562.05854749962  0.0  2.4979286044309945  25.0
55567.044892499616  0.0  2.4979286044309945  25.0
55572.031237499614  0.0  2.4979286044309945  25.0
55577.01758249961  0.0  2.4979286044309945  25.0
55582.00392749961  0.0  2.4979286044309945  25.0
55586.99027249961  0.0  2.4979286044309945  25.0
55591.976617499604  0.0  2.4979286044309945  25.0
55596.9629624996  0.0  2.4979286044309945  25.0
55601.9493074996  0.0  2.4979286044309945  25.0
55606.9356524996  0.0  2.4979286044309945  25.0
55611.921997499594  0.0  2.4979286044309945  25.0
55616.90834249959  0.0  2.4979286044309945  25.0
55621.89468749959  0.0  2.4979286044309945  25.0
55626.88103249959  0.0  2.4979286044309945  25.0
55631.867377499584  0.0  2.4979286044309945  25.0
55636.85372249958  0.0  2.4979286044309945  25.0
55641.84006749958  0.0  2.4979286044309945  25.0
55646.82641249958  0.0  2.4979286044309945  25.0
55651.812757499574  0.0  2.4979286044309945  25.0
55656.79910249957  0.0  2.4979286044309945  25.0
55661.78544749957  0.0  2.4979286044309945  25.0
55666.77179249957  0.0  2.4979286044309945  25.0
55671.758137499564  0.0  2.4979286044309945  25.0
55676.74448249956  0.0  2.4979286044309945  25.0
55681.73082749956  0.0  2.4979286044309945  25.0
55686.71717249956  0.0  2.4979286044309945  25.0
55691.703517499554  0.0  2.4979286044309945  25.0
55696.68986249955  0.0  2.4979286044309945  25.0
55701.67620749955  0.0  2.4979286044309945  25.0
55706.66255249955  0.0  2.4979286044309945  25.0
55711.648897499545  0.0  2.4979286044309945  25.0
55716.63524249954  0.0  2.4979286044309945  25.0
55721.62158749954  0.0  2.4979286044309945  25.0
55726.60793249954  0.0  2.4979286044309945  25.0
55731.594277499535  0.0  2.4979286044309945  25.0
54998.6015625  1.0825764693180981  3.000087026430624  25.0
55013.6015625  5.809287069326293  3.1958837663600717  25.0
55016.6015625  5.873898077546195  2.29790982984959  25.0
55034.5  -2.084831271818087  2.574224514480093  25.0
55082.30078125  0.17861285006980207  3.093566615640305  25.0
55091.30078125  -0.9552203101386454  2.959042474328172  25.0
55094.3984375  -17.898205569728145  6.421323086300233  25.0
55097.30078125  -0.9626829900278286  2.723379598746173  25.0
55388.6015625  1.7150368106898475  2.427524402055287  25.0
55400.6015625  5.019914734262917  4.8198955851054  25.0
55409.5  -0.34043471721095575  2.1516024604787325  25.0
55412.5  -3.7119855968591695  2.3195121961211878  25.0
55415.6015625  2.476718981213345  3.254013858681633  25.0
55424.5  -0.46857640932031874  2.446082775548716  25.0
55427.5  2.1315710664229277  2.1238137824212693  25.0
55436.3984375  2.6400137518618396  2.798791696457846  25.0
55439.30078125  -1.3368960446230551  2.1966729566382512  25.0
55442.5  -0.9345998015019183  2.630587356702916  25.0
55445.3984375  2.040448122824992  2.422712971890324  25.0
55448.3984375  -0.06323621439027588  2.4981250696019965  25.0
55451.5  1.9597335256648785  3.024733572768446  25.0
55454.3984375  -0.19756408367221434  2.215329656361209  25.0
55457.30078125  -0.17949658046870293  2.585713138426343  25.0
55466.3984375  5.191555622561908  2.3169592726264967  25.0
55475.19921875  -1.6977549925877922  2.434299734778047  25.0
55478.19921875  -1.0238571687715865  2.269237526742758  25.0
55481.19921875  -0.26512078185176285  2.3605569355116955  25.0
55484.19921875  -0.7762147404259022  2.476718981213345  25.0
55496.30078125  4.44460253393383  5.209721440289445  25.0
55502.30078125  5.034741580523698  2.6723192559717908  25.0
55508.19921875  0.9424552244450498  2.7535247351273253  25.0
55535.19921875  0.32197445924799273  2.4843781262735307  25.0
55547.19921875  0.7188700873902232  2.4619900866059807  25.0
55739.5  0.19638576086634182  3.0114775114354013  25.0
55742.6015625  -0.5182620109398405  2.1660367509736216  25.0
55751.6015625  5.147761681793763  2.3146026270147515  25.0
55754.6015625  4.62321540741464  2.580214361094957  25.0
55763.6015625  23.055982293041613  3.52394614093138  25.0
55769.6015625  19.73735780071619  2.171633667246481  25.0
55772.5  16.960463261930474  2.604173372978299  25.0
55775.6015625  16.37376170032495  2.769137442072115  25.0
55793.6015625  9.471292600919508  2.2989899200699617  25.0
55796.6015625  6.763623473483484  2.17379403497528  25.0
55799.30078125  7.308005425899635  2.6579831044183746  25.0
55802.5  3.018056378987159  2.8180374171176985  25.0
55805.30078125  6.838741716234908  2.945491808882652  25.0
55808.30078125  5.85043013494633  2.356334526283627  25.0
55811.30078125  4.361924221503976  2.1562174254726933  25.0
55823.30078125  3.440776759218049  2.440878602329805  25.0
55827.3984375  2.9028760972763514  2.128036191649338  25.0
55830.30078125  5.348075247775698  2.6673113606358254  25.0
55832.30078125  3.363793502002527  2.776403656790296  25.0
55854.30078125  -0.5429084168116203  2.905821951113047  25.0
55857.19921875  1.5642126152665017  2.3535851376179338  25.0
55860.19921875  1.1086958489302396  2.171339250422062  25.0
55862.19921875  11.55524006040017  9.879185760313504  25.0
55891.19921875  -0.9363673325327413  2.908473200837267  25.0
56137.6015625  -1.0192421101335973  2.805763307063552  25.0
56146.3984375  0.48389451215263346  2.496652236327677  25.0
56149.6015625  0.5748211310456092  2.6321583289187083  25.0
56155.5  0.558226519643935  2.241154244572819  25.0
56157.3984375  3.828245781502292  4.424374674707023  25.0
56165.3984375  -0.7793568721455436  2.8500483171151743  25.0
56192.30078125  1.3282551355720276  2.471318342823432  25.0
56205.3984375  -1.0263119533248044  2.1509151133123092  25.0
56208.3984375  1.9436299367246674  2.091901208653322  25.0
56211.30078125  -0.9466775400290907  2.431943089166302  25.0
56214.19921875  -2.935377879269249  2.839639970677352  25.0
56216.19921875  -0.02572653413503762  2.636282411917248  25.0
56219.30078125  3.4879092968768375  2.3621279077274884  25.0
56222.19921875  1.2827918027145326  2.2999718713488604  25.0
56229.30078125  -5.731813117403406  4.280227673064965  25.0
56283.19921875  -3.1982402246837607  2.945197204770177  25.0
56453.5  2.095534222368385  3.0313124403202036  25.0
56456.6015625  -1.890114809397067  3.1431539378523112  25.0
56474.6015625  0.222014094606013  2.2666844159600106  25.0
56477.5  0.6902959700468777  2.231236780130418  25.0
56480.5  -1.4308666094721854  2.597299901314066  25.0
56482.5  3.5024417263131995  2.724950570961966  25.0
56485.6015625  -3.8883397763816503  2.5823745415356996  25.0
56488.3984375  -0.08827539843251432  2.642174119590639  25.0
56490.5  -0.5763921969054299  2.203448289361011  25.0
56492.5  -1.4773118936085787  2.3892292386185283  25.0
56506.6015625  -0.5601903753797178  2.4397003731679603  25.0
56511.6015625  -1.521302299547726  2.5690203412611816  25.0
56517.3984375  -0.926842611144288  2.7418398332981293  25.0
56519.6015625  -2.700402350853673  2.2432162860720894  25.0
56521.6015625  -1.9235004037273897  2.4979286044309945  25.0
56530.3984375  -0.7717960533148873  2.201287921632212  25.0
56536.5  -4.912786340666243  2.3400344721724133  25.0
56539.3984375  -2.057631801985574  2.4503051847767847  25.0
56541.30078125  -1.0827729344891002  4.362414916211341  25.0
56544.30078125  0.800861146297682  2.2026626159650586  25.0
56549.30078125  -0.09701456348005015  2.4529564345010053  25.0
56557.5  -11.04267310467466  3.3245161999988135  25.0
56570.30078125  2.649734938421295  2.2118927332410365  25.0
56584.30078125  0.5776687054747894  2.4972412572645712  25.0
56589.30078125  1.208263423696257  2.3992448420024024  25.0
56592.30078125  -1.443926299278256  2.1552354741937947  25.0
56595.19921875  -0.3879600681567135  2.263149541186421  25.0
56600.30078125  -13.784709590431849  3.450595897430921  25.0
56613.30078125  0.6414940871207534  2.6461017374181766  25.0
56628.19921875  2.475148008997553  4.081485453874934  25.0
