#Date  :
#Flux  :
#Fluxerr  :
#ZP  :
#end  :
@INSTRUMENT  PS
@BAND  PS_r
@MAGSYS  AB
54962.0462  0.0  2.0377718236144817  25.0
54967.032544999995  0.0  2.0377718236144817  25.0
54972.01888999999  0.0  2.0377718236144817  25.0
54977.00523499999  0.0  2.0377718236144817  25.0
54981.99157999999  0.0  2.0377718236144817  25.0
54986.977924999985  0.0  2.0377718236144817  25.0
54991.96426999998  0.0  2.0377718236144817  25.0
54996.95061499998  0.0  2.0377718236144817  25.0
55001.93695999998  0.0  2.0377718236144817  25.0
55006.923304999975  0.0  2.0377718236144817  25.0
55011.90964999997  0.0  2.0377718236144817  25.0
55016.89599499997  0.0  2.0377718236144817  25.0
55021.88233999997  0.0  2.0377718236144817  25.0
55026.868684999965  0.0  2.0377718236144817  25.0
55031.85502999996  0.0  2.0377718236144817  25.0
55036.84137499996  0.0  2.0377718236144817  25.0
55041.82771999996  0.0  2.0377718236144817  25.0
55046.814064999955  0.0  2.0377718236144817  25.0
55051.80040999995  0.0  2.0377718236144817  25.0
55056.78675499995  0.0  2.0377718236144817  25.0
55061.77309999995  0.0  2.0377718236144817  25.0
55066.759444999945  0.0  2.0377718236144817  25.0
55071.74578999994  0.0  2.0377718236144817  25.0
55076.73213499994  0.0  2.0377718236144817  25.0
55081.71847999994  0.0  2.0377718236144817  25.0
55086.704824999935  0.0  2.0377718236144817  25.0
55091.69116999993  0.0  2.0377718236144817  25.0
55096.67751499993  0.0  2.0377718236144817  25.0
55101.66385999993  0.0  2.0377718236144817  25.0
55106.650204999925  0.0  2.0377718236144817  25.0
55111.63654999992  0.0  2.0377718236144817  25.0
55116.62289499992  0.0  2.0377718236144817  25.0
55121.60923999992  0.0  2.0377718236144817  25.0
55126.595584999915  0.0  2.0377718236144817  25.0
55131.58192999991  0.0  2.0377718236144817  25.0
55136.56827499991  0.0  2.0377718236144817  25.0
55141.55461999991  0.0  2.0377718236144817  25.0
55146.540964999906  0.0  2.0377718236144817  25.0
55151.5273099999  0.0  2.0377718236144817  25.0
55156.5136549999  0.0  2.0377718236144817  25.0
55161.4999999999  0.0  2.0377718236144817  25.0
55166.486344999896  0.0  2.0377718236144817  25.0
55171.47268999989  0.0  2.0377718236144817  25.0
55176.45903499989  0.0  2.0377718236144817  25.0
55181.44537999989  0.0  2.0377718236144817  25.0
55186.431724999886  0.0  2.0377718236144817  25.0
55191.41806999988  0.0  2.0377718236144817  25.0
55196.40441499988  0.0  2.0377718236144817  25.0
55201.39075999988  0.0  2.0377718236144817  25.0
55206.377104999876  0.0  2.0377718236144817  25.0
55211.36344999987  0.0  2.0377718236144817  25.0
55216.34979499987  0.0  2.0377718236144817  25.0
55221.33613999987  0.0  2.0377718236144817  25.0
55226.322484999866  0.0  2.0377718236144817  25.0
55231.30882999986  0.0  2.0377718236144817  25.0
55236.29517499986  0.0  2.0377718236144817  25.0
55241.28151999986  0.0  2.0377718236144817  25.0
55246.267864999856  0.0  2.0377718236144817  25.0
55251.25420999985  0.0  2.0377718236144817  25.0
55256.24055499985  0.0  2.0377718236144817  25.0
55261.22689999985  0.0  2.0377718236144817  25.0
55266.213244999846  0.0  2.0377718236144817  25.0
55271.199589999844  0.0  2.0377718236144817  25.0
55276.18593499984  0.0  2.0377718236144817  25.0
55281.17227999984  0.0  2.0377718236144817  25.0
55286.158624999836  0.0  2.0377718236144817  25.0
55291.144969999834  0.0  2.0377718236144817  25.0
55296.13131499983  0.0  2.0377718236144817  25.0
55301.11765999983  0.0  2.0377718236144817  25.0
55306.10400499983  0.0  2.0377718236144817  25.0
55311.090349999824  0.0  2.0377718236144817  25.0
55316.07669499982  0.0  2.0377718236144817  25.0
55321.06303999982  0.0  2.0377718236144817  25.0
55326.04938499982  0.0  2.0377718236144817  25.0
55331.035729999814  0.0  2.0377718236144817  25.0
55336.02207499981  0.0  2.0377718236144817  25.0
55341.00841999981  0.0  2.0377718236144817  25.0
55345.99476499981  0.0  2.0377718236144817  25.0
55350.981109999804  0.0  2.0377718236144817  25.0
55355.9674549998  0.0  2.0377718236144817  25.0
55360.9537999998  0.0  2.0377718236144817  25.0
55365.9401449998  0.0  2.0377718236144817  25.0
55370.926489999794  0.0  2.0377718236144817  25.0
55375.91283499979  0.0  2.0377718236144817  25.0
55380.89917999979  0.0  2.0377718236144817  25.0
55385.88552499979  0.0  2.0377718236144817  25.0
55390.871869999784  0.0  2.0377718236144817  25.0
55395.85821499978  0.0  2.0377718236144817  25.0
55400.84455999978  0.0  2.0377718236144817  25.0
55405.83090499978  0.0  2.0377718236144817  25.0
55410.817249999775  0.0  2.0377718236144817  25.0
55415.80359499977  0.0  2.0377718236144817  25.0
55420.78993999977  0.0  2.0377718236144817  25.0
55425.77628499977  0.0  2.0377718236144817  25.0
55430.762629999765  0.0  2.0377718236144817  25.0
55435.74897499976  0.0  2.0377718236144817  25.0
55440.73531999976  0.0  2.0377718236144817  25.0
55445.72166499976  0.0  2.0377718236144817  25.0
55450.708009999755  0.0  2.0377718236144817  25.0
55455.69435499975  0.0  2.0377718236144817  25.0
55460.68069999975  0.0  2.0377718236144817  25.0
55465.66704499975  0.0  2.0377718236144817  25.0
55470.653389999745  0.0  2.0377718236144817  25.0
55475.63973499974  0.0  2.0377718236144817  25.0
55480.62607999974  0.0  2.0377718236144817  25.0
55485.61242499974  0.0  2.0377718236144817  25.0
55490.598769999735  0.0  2.0377718236144817  25.0
55495.58511499973  0.0  2.0377718236144817  25.0
55500.57145999973  0.0  2.0377718236144817  25.0
55505.55780499973  0.0  2.0377718236144817  25.0
55510.544149999725  0.0  2.0377718236144817  25.0
55515.53049499972  0.0  2.0377718236144817  25.0
55520.51683999972  0.0  2.0377718236144817  25.0
55525.50318499972  0.0  2.0377718236144817  25.0
55530.489529999715  0.0  2.0377718236144817  25.0
55535.47587499971  0.0  2.0377718236144817  25.0
55540.46221999971  0.0  2.0377718236144817  25.0
55545.44856499971  0.0  2.0377718236144817  25.0
55550.434909999705  0.0  2.0377718236144817  25.0
55555.4212549997  0.0  2.0377718236144817  25.0
55560.4075999997  0.0  2.0377718236144817  25.0
55565.3939449997  0.0  2.0377718236144817  25.0
55570.380289999695  0.0  2.0377718236144817  25.0
55575.36663499969  0.0  2.0377718236144817  25.0
55580.35297999969  0.0  2.0377718236144817  25.0
55585.33932499969  0.0  2.0377718236144817  25.0
55590.325669999685  0.0  2.0377718236144817  25.0
55595.31201499968  0.0  2.0377718236144817  25.0
55600.29835999968  0.0  2.0377718236144817  25.0
55605.28470499968  0.0  2.0377718236144817  25.0
55610.271049999676  0.0  2.0377718236144817  25.0
55615.25739499967  0.0  2.0377718236144817  25.0
55620.24373999967  0.0  2.0377718236144817  25.0
55625.23008499967  0.0  2.0377718236144817  25.0
55630.216429999666  0.0  2.0377718236144817  25.0
55635.20277499966  0.0  2.0377718236144817  25.0
55640.18911999966  0.0  2.0377718236144817  25.0
55645.17546499966  0.0  2.0377718236144817  25.0
55650.161809999656  0.0  2.0377718236144817  25.0
55655.14815499965  0.0  2.0377718236144817  25.0
55660.13449999965  0.0  2.0377718236144817  25.0
55665.12084499965  0.0  2.0377718236144817  25.0
55670.107189999646  0.0  2.0377718236144817  25.0
55675.09353499964  0.0  2.0377718236144817  25.0
55680.07987999964  0.0  2.0377718236144817  25.0
55685.06622499964  0.0  2.0377718236144817  25.0
55690.052569999636  0.0  2.0377718236144817  25.0
55695.03891499963  0.0  2.0377718236144817  25.0
55700.02525999963  0.0  2.0377718236144817  25.0
55705.01160499963  0.0  2.0377718236144817  25.0
55709.997949999626  0.0  2.0377718236144817  25.0
55714.984294999624  0.0  2.0377718236144817  25.0
55719.97063999962  0.0  2.0377718236144817  25.0
55724.95698499962  0.0  2.0377718236144817  25.0
55729.943329999616  0.0  2.0377718236144817  25.0
55734.929674999614  0.0  2.0377718236144817  25.0
55739.91601999961  0.0  2.0377718236144817  25.0
55744.90236499961  0.0  2.0377718236144817  25.0
55749.88870999961  0.0  2.0377718236144817  25.0
55754.875054999604  0.0  2.0377718236144817  25.0
55759.8613999996  0.0  2.0377718236144817  25.0
55764.8477449996  0.0  2.0377718236144817  25.0
55769.8340899996  0.0  2.0377718236144817  25.0
55774.820434999594  0.0  2.0377718236144817  25.0
55779.80677999959  0.0  2.0377718236144817  25.0
55784.79312499959  0.0  2.0377718236144817  25.0
55789.77946999959  0.0  2.0377718236144817  25.0
55794.765814999584  0.0  2.0377718236144817  25.0
55799.75215999958  0.0  2.0377718236144817  25.0
55804.73850499958  0.0  2.0377718236144817  25.0
55809.72484999958  0.0  2.0377718236144817  25.0
55814.711194999574  0.0  2.0377718236144817  25.0
55819.69753999957  0.0  2.0377718236144817  25.0
55824.68388499957  0.0  2.0377718236144817  25.0
55829.67022999957  0.0  2.0377718236144817  25.0
55834.656574999564  0.0  2.0377718236144817  25.0
55839.64291999956  0.0  2.0377718236144817  25.0
55844.62926499956  0.0  2.0377718236144817  25.0
55849.61560999956  0.0  2.0377718236144817  25.0
55854.601954999554  0.0  2.0377718236144817  25.0
55859.58829999955  0.0  2.0377718236144817  25.0
55864.57464499955  0.0  2.0377718236144817  25.0
55869.56098999955  0.0  2.0377718236144817  25.0
55874.547334999545  0.0  2.0377718236144817  25.0
55879.53367999954  0.0  2.0377718236144817  25.0
55884.52002499954  0.0  2.0377718236144817  25.0
55889.50636999954  0.0  2.0377718236144817  25.0
55894.492714999535  0.0  2.0377718236144817  25.0
55899.47905999953  0.0  2.0377718236144817  25.0
55904.46540499953  0.0  2.0377718236144817  25.0
55909.45174999953  0.0  2.0377718236144817  25.0
55914.438094999525  0.0  2.0377718236144817  25.0
55919.42443999952  0.0  2.0377718236144817  25.0
55924.41078499952  0.0  2.0377718236144817  25.0
55929.39712999952  0.0  2.0377718236144817  25.0
55934.383474999515  0.0  2.0377718236144817  25.0
55939.36981999951  0.0  2.0377718236144817  25.0
55944.35616499951  0.0  2.0377718236144817  25.0
55949.34250999951  0.0  2.0377718236144817  25.0
55954.328854999505  0.0  2.0377718236144817  25.0
55959.3151999995  0.0  2.0377718236144817  25.0
55964.3015449995  0.0  2.0377718236144817  25.0
55969.2878899995  0.0  2.0377718236144817  25.0
55974.274234999495  0.0  2.0377718236144817  25.0
55979.26057999949  0.0  2.0377718236144817  25.0
55984.24692499949  0.0  2.0377718236144817  25.0
55989.23326999949  0.0  2.0377718236144817  25.0
55994.219614999485  0.0  2.0377718236144817  25.0
55999.20595999948  0.0  2.0377718236144817  25.0
56004.19230499948  0.0  2.0377718236144817  25.0
56009.17864999948  0.0  2.0377718236144817  25.0
56014.164994999475  0.0  2.0377718236144817  25.0
56019.15133999947  0.0  2.0377718236144817  25.0
56024.13768499947  0.0  2.0377718236144817  25.0
56029.12402999947  0.0  2.0377718236144817  25.0
56034.110374999465  0.0  2.0377718236144817  25.0
56039.09671999946  0.0  2.0377718236144817  25.0
56044.08306499946  0.0  2.0377718236144817  25.0
56049.06940999946  0.0  2.0377718236144817  25.0
56054.055754999456  0.0  2.0377718236144817  25.0
56059.04209999945  0.0  2.0377718236144817  25.0
56064.02844499945  0.0  2.0377718236144817  25.0
56069.01478999945  0.0  2.0377718236144817  25.0
56074.001134999446  0.0  2.0377718236144817  25.0
56078.98747999944  0.0  2.0377718236144817  25.0
56083.97382499944  0.0  2.0377718236144817  25.0
56088.96016999944  0.0  2.0377718236144817  25.0
56093.946514999436  0.0  2.0377718236144817  25.0
56098.93285999943  0.0  2.0377718236144817  25.0
56103.91920499943  0.0  2.0377718236144817  25.0
56108.90554999943  0.0  2.0377718236144817  25.0
56113.891894999426  0.0  2.0377718236144817  25.0
56118.87823999942  0.0  2.0377718236144817  25.0
56123.86458499942  0.0  2.0377718236144817  25.0
56128.85092999942  0.0  2.0377718236144817  25.0
56133.837274999416  0.0  2.0377718236144817  25.0
56138.82361999941  0.0  2.0377718236144817  25.0
56143.80996499941  0.0  2.0377718236144817  25.0
56148.79630999941  0.0  2.0377718236144817  25.0
56153.782654999406  0.0  2.0377718236144817  25.0
56158.7689999994  0.0  2.0377718236144817  25.0
56163.7553449994  0.0  2.0377718236144817  25.0
56168.7416899994  0.0  2.0377718236144817  25.0
56173.728034999396  0.0  2.0377718236144817  25.0
56178.714379999394  0.0  2.0377718236144817  25.0
56183.70072499939  0.0  2.0377718236144817  25.0
56188.68706999939  0.0  2.0377718236144817  25.0
56193.673414999386  0.0  2.0377718236144817  25.0
56198.659759999384  0.0  2.0377718236144817  25.0
56203.64610499938  0.0  2.0377718236144817  25.0
56208.63244999938  0.0  2.0377718236144817  25.0
56213.61879499938  0.0  2.0377718236144817  25.0
56218.605139999374  0.0  2.0377718236144817  25.0
56223.59148499937  0.0  2.0377718236144817  25.0
56228.57782999937  0.0  2.0377718236144817  25.0
56233.56417499937  0.0  2.0377718236144817  25.0
56238.550519999364  0.0  2.0377718236144817  25.0
56243.53686499936  0.0  2.0377718236144817  25.0
56248.52320999936  0.0  2.0377718236144817  25.0
56253.50955499936  0.0  2.0377718236144817  25.0
56258.495899999354  0.0  2.0377718236144817  25.0
56263.48224499935  0.0  2.0377718236144817  25.0
56268.46858999935  0.0  2.0377718236144817  25.0
56273.45493499935  0.0  2.0377718236144817  25.0
56278.441279999344  0.0  2.0377718236144817  25.0
56283.42762499934  0.0  2.0377718236144817  25.0
56288.41396999934  0.0  2.0377718236144817  25.0
56293.40031499934  0.0  2.0377718236144817  25.0
56298.386659999334  0.0  2.0377718236144817  25.0
56303.37300499933  0.0  2.0377718236144817  25.0
56308.35934999933  0.0  2.0377718236144817  25.0
56313.34569499933  0.0  2.0377718236144817  25.0
56318.332039999324  0.0  2.0377718236144817  25.0
56323.31838499932  0.0  2.0377718236144817  25.0
56328.30472999932  0.0  2.0377718236144817  25.0
56333.29107499932  0.0  2.0377718236144817  25.0
56338.277419999315  0.0  2.0377718236144817  25.0
56343.26376499931  0.0  2.0377718236144817  25.0
56348.25010999931  0.0  2.0377718236144817  25.0
56353.23645499931  0.0  2.0377718236144817  25.0
56358.222799999305  0.0  2.0377718236144817  25.0
56363.2091449993  0.0  2.0377718236144817  25.0
56368.1954899993  0.0  2.0377718236144817  25.0
56373.1818349993  0.0  2.0377718236144817  25.0
56378.168179999295  0.0  2.0377718236144817  25.0
56383.15452499929  0.0  2.0377718236144817  25.0
56388.14086999929  0.0  2.0377718236144817  25.0
56393.12721499929  0.0  2.0377718236144817  25.0
56398.113559999285  0.0  2.0377718236144817  25.0
56403.09990499928  0.0  2.0377718236144817  25.0
56408.08624999928  0.0  2.0377718236144817  25.0
56413.07259499928  0.0  2.0377718236144817  25.0
56418.058939999275  0.0  2.0377718236144817  25.0
56423.04528499927  0.0  2.0377718236144817  25.0
56428.03162999927  0.0  2.0377718236144817  25.0
56433.01797499927  0.0  2.0377718236144817  25.0
56438.004319999265  0.0  2.0377718236144817  25.0
56442.99066499926  0.0  2.0377718236144817  25.0
56447.97700999926  0.0  2.0377718236144817  25.0
56452.96335499926  0.0  2.0377718236144817  25.0
56457.949699999255  0.0  2.0377718236144817  25.0
56462.93604499925  0.0  2.0377718236144817  25.0
56467.92238999925  0.0  2.0377718236144817  25.0
56472.90873499925  0.0  2.0377718236144817  25.0
56477.895079999245  0.0  2.0377718236144817  25.0
56482.88142499924  0.0  2.0377718236144817  25.0
56487.86776999924  0.0  2.0377718236144817  25.0
56492.85411499924  0.0  2.0377718236144817  25.0
56497.840459999235  0.0  2.0377718236144817  25.0
56502.82680499923  0.0  2.0377718236144817  25.0
56507.81314999923  0.0  2.0377718236144817  25.0
56512.79949499923  0.0  2.0377718236144817  25.0
56517.785839999226  0.0  2.0377718236144817  25.0
56522.77218499922  0.0  2.0377718236144817  25.0
56527.75852999922  0.0  2.0377718236144817  25.0
56532.74487499922  0.0  2.0377718236144817  25.0
56537.731219999216  0.0  2.0377718236144817  25.0
56542.71756499921  0.0  2.0377718236144817  25.0
56547.70390999921  0.0  2.0377718236144817  25.0
56552.69025499921  0.0  2.0377718236144817  25.0
56557.676599999206  0.0  2.0377718236144817  25.0
56562.6629449992  0.0  2.0377718236144817  25.0
56567.6492899992  0.0  2.0377718236144817  25.0
56572.6356349992  0.0  2.0377718236144817  25.0
56577.621979999196  0.0  2.0377718236144817  25.0
56582.60832499919  0.0  2.0377718236144817  25.0
56587.59466999919  0.0  2.0377718236144817  25.0
56592.58101499919  0.0  2.0377718236144817  25.0
56597.567359999186  0.0  2.0377718236144817  25.0
56602.55370499918  0.0  2.0377718236144817  25.0
56607.54004999918  0.0  2.0377718236144817  25.0
56612.52639499918  0.0  2.0377718236144817  25.0
56617.512739999176  0.0  2.0377718236144817  25.0
56622.499084999174  0.0  2.0377718236144817  25.0
56627.48542999917  0.0  2.0377718236144817  25.0
56632.47177499917  0.0  2.0377718236144817  25.0
56637.458119999166  0.0  2.0377718236144817  25.0
56642.444464999164  0.0  2.0377718236144817  25.0
56647.43080999916  0.0  2.0377718236144817  25.0
56652.41715499916  0.0  2.0377718236144817  25.0
55161.5  0.8032036562251261  2.4122542291146747  25.0
55173.5  1.722423383731522  1.8015296048785656  25.0
55179.5  -0.22018588212006798  1.6260858308786146  25.0
55182.5  1.144300776703173  1.77382289480017  25.0
55188.6015625  1.2751004327571873  1.8312924746671058  25.0
55203.5  2.0815348236245077  1.8164110397728357  25.0
55206.5  1.401004875050274  1.6761148800352885  25.0
55212.3984375  1.039347838102644  1.794872248614253  25.0
55215.3984375  0.03544121131119823  1.6260858308786146  25.0
55221.5  -1.0842856931500298  1.8886642044125161  25.0
55233.3984375  -0.34442591532074907  1.8670273763955347  25.0
55236.30078125  2.3676101111687378  2.0914231012678886  25.0
55239.3984375  1.645862572902249  2.0518699906943665  25.0
55242.30078125  0.7420136709504046  1.7138077178785902  25.0
55248.3984375  1.209406867628731  2.069688423129382  25.0
55275.3984375  -0.3968045111573791  1.8433345754052826  25.0
55482.6015625  -0.3853497679115549  1.8808318997424065  25.0
55485.6015625  -1.0510962951078082  2.0380654673474945  25.0
55503.6015625  -0.5855632311070472  1.646645747348198  25.0
55509.6015625  -0.44135077898179054  1.6770937547242883  25.0
55515.6015625  1.39679498561377  1.9299795508578599  25.0
55518.6015625  -3.486260150766786  2.6919657107591677  25.0
55530.6015625  -3.851049885498212  2.4201843839063093  25.0
55545.5  -1.3832841993683473  1.6311768382510294  25.0
55548.6015625  1.3575355187732607  2.074877467360195  25.0
55560.3984375  -2.5786909367755926  1.8802444255395083  25.0
55563.6015625  -1.2956602558583339  2.7683306346085166  25.0
55566.6015625  -1.8214041970237251  2.0326807228736308  25.0
55584.5  -0.6483196586421033  2.2020546148121674  25.0
55587.6015625  0.3504959607769276  2.1242210054555724  25.0
55590.6015625  1.4292990593315682  2.037967617225969  25.0
55593.6015625  -2.3704492585879575  2.1593684329811027  25.0
55596.30078125  -0.9997946341606855  1.7909560029107616  25.0
55602.30078125  0.5997592949926752  1.9140212044161917  25.0
55632.30078125  -2.4831367451055075  2.031995398549207  25.0
55650.3984375  1.3887668873321732  1.9324272977909784  25.0
55653.30078125  -1.288121594921237  1.9674768751949838  25.0
55665.30078125  -0.07744198712045681  2.2653005263759414  25.0
55888.5  -1.2351556415922542  2.0801641749756605  25.0
55892.5  26521.77842655767  4486.506340082939  25.0
55895.6015625  -0.24417232684333287  2.244153322440333  25.0
55911.6015625  0.33453763767736855  2.173074919469576  25.0
55947.3984375  -1.8197398112734287  2.4007994158425228  25.0
55948.3984375  -12.79711675755131  2.4634580399402717  25.0
55952.6015625  0.9497657717408847  1.9832393346567283  25.0
55955.30078125  -6.000725927815858  1.9623858678225692  25.0
55970.3984375  0.1956119982070685  2.038163504205893  25.0
55984.30078125  0.5064568699073485  2.141158413323113  25.0
56000.3984375  4.635162497497874  1.7923266515596088  25.0
56006.3984375  1.4599429536875823  2.0146664034586914  25.0
56238.6015625  -0.3596010406322499  1.9882324919076177  25.0
56242.6015625  -3.2251504627401304  1.9765817916555422  25.0
56268.6015625  -1.2565965826293117  1.7367173444228934  25.0
56271.6015625  0.8816246464161829  1.9802043002575844  25.0
56282.6015625  3.194016944302743  1.8281595901464365  25.0
56295.5  2.430562285631063  2.2240828433152497  25.0
56302.3984375  -1.8914055017102107  1.9997851553012946  25.0
56309.6015625  -1.0701875260701454  1.9036434894283114  25.0
56325.5  1.1125799707997606  2.318168536214962  25.0
56328.3984375  -7.998650623650059  2.1716064206992036  25.0
56331.5  -5.396560809722537  2.072527757285475  25.0
56332.5  0.4554489460616749  1.6873738063275163  25.0
56354.3984375  1.9664978137691111  2.1317595730242322  25.0
56357.30078125  1.724479356704793  2.0731150447515  25.0
56360.30078125  -0.8287565432087256  2.194516047243507  25.0
56371.30078125  5.737266716451356  2.9521941874814757  25.0
56384.30078125  -1.8601741331512982  2.9002072022099292  25.0
56387.30078125  -2.064891152858416  2.1643615902319926  25.0
56391.30078125  0.5351427347800537  1.986274369055872  25.0
56395.30078125  0.5771434989182577  2.037576030002995  25.0
56398.30078125  -5.910360593639713  18.121718513209363  25.0
56420.30078125  -0.325530477969899  1.7994736319052946  25.0
56622.6015625  -0.31074698656559097  2.090248339598965  25.0
56656.6015625  5.578759976845199  2.3540014748017897  25.0
56663.5  2.877787199746999  2.7041058483557427  25.0
56666.6015625  29.40925588219219  2.3585050079713064  25.0
56682.3984375  239.38639336793554  3.896966988708344  25.0
56709.30078125  112.03485757877046  2.855758971243916  25.0
