56634.64395766561    0.7179726552818853     0.324730949415896       25    
56635.14395766561    0.8591533600735599     0.31119284904943256     25    
56635.64395766561    1.0163428783521837     0.30472446954171517     25    
56636.14395766561    1.192064367606877      0.3825834810502755      25    
56636.64395766561    1.3856454340991893     0.5427991931470336      25    
56637.14395766561    1.5983096559362373     0.6773773285166929      25    
56637.64395766561    1.8321749464731372     0.736074483418172       25    
56638.14395766561    2.086228792249654      0.7415459573085276      25    
56638.64395766561    2.362440135228688      0.73337549241696        25    
56639.14395766561    2.6622514818753564     0.7367240859632087      25    
56639.64395766561    2.9848505245196426     0.7409382182301044      25    
56640.14395766561    3.3326814062242263     0.7444957341420763      25    
56640.64395766561    3.706241063808223      0.7473087264919518      25    
56641.14395766561    4.105457720903836      0.7495277873582188      25    
56641.64395766561    4.532906377044668      0.7512055321065217      25    
56642.14395766561    4.988090782266422      0.7522265101278701      25    
56642.64395766561    5.471997471396933      0.7529814709332977      25    
56643.14395766561    5.9872001610200085     0.754523229892597       25    
56643.64395766561    6.533969132969579      0.758692635572001       25    
56644.14395766561    7.1101232650415565     0.7596656790137002      25    
56644.64395766561    7.719177442684154      0.7493590950115856      25    
56645.14395766561    8.364130097867301      0.728294747147493       25    
56645.64395766561    9.011507708055545      0.7136172788700954      25    
56646.14395766561    9.654325291304186      0.7185415142231872      25    
56646.64395766561    10.2939554300477       0.7344818047152577      25    
56647.14395766561    10.881547939113743     0.7494605264790742      25    
56647.64395766561    11.420129940841415     0.7616419701123344      25    
56648.14395766561    11.899664149401598     0.7726327501744914      25    
56648.64395766561    12.27933720828583      0.7801170232785145      25    
56649.14395766561    12.557856068028283     0.783169726167662       25    
56649.64395766561    12.751669408391866     0.784629052334397       25    
56650.14395766561    12.866608618595476     0.7871610812921849      25    
56650.64395766561    12.894528521688075     0.7898444365930564      25    
56651.14395766561    12.8704992120255       0.7925639345495218      25    
56651.64395766561    12.810475470117272     0.7962567889683884      25    
56652.14395766561    12.70622176992627      0.8003602202417305      25    
56652.64395766561    12.592734563776618     0.8010988164029708      25    
56653.14395766561    12.479620933765743     0.8025672382462399      25    
56653.64395766561    12.358774310195646     0.7983954043856143      25    
56654.14395766561    12.23440137315607      0.7705835491104531      25    
56654.64395766561    12.110568987269136     0.7015095551631836      25    
56655.14395766561    11.977279644778248     0.6209671444565701      25    
56655.64395766561    11.824480296636445     0.5801785788318712      25    
56656.14395766561    11.65692994682644      0.5810394198034285      25    
56656.64395766561    11.465619588732617     0.5901481420567938      25    
56657.14395766561    11.24151693966332      0.5850827092449963      25    
56657.64395766561    10.988695705307364     0.5764871321401419      25    
56658.14395766561    10.714218358369235     0.5668566162677963      25    
56658.64395766561    10.415516859146521     0.5557390589054615      25    
56659.14395766561    10.097027395890267     0.5439862467535109      25    
56659.64395766561    9.775985757789165      0.5356569933116563      25    
56660.14395766561    9.448315265966508      0.5328384889572746      25    
56660.64395766561    9.121425622009474      0.531532323103596       25    
56661.14395766561    8.810201003262998      0.527737698389005       25    
56661.64395766561    8.511451044345513      0.5236184266937991      25    
56662.14395766561    8.225095641764543      0.5142659021837578      25    
56662.64395766561    7.9539592129226575     0.49117321314545803     25    
56663.14395766561    7.697505953190273      0.4542203217940838      25    
56663.64395766561    7.448114086891754      0.42282125797583786     25    
56664.14395766561    7.204099474710378      0.41373165768150677     25    
56664.64395766561    6.965875858949378      0.416764275168727       25    
56665.14395766561    6.726000043206123      0.4169257136838373      25    
56665.64395766561    6.483342672226315      0.41160318384069045     25    
56666.14395766561    6.239586964812526      0.4047146230758134      25    
56666.64395766561    5.9943520622755715     0.3968648277811207      25    
56667.14395766561    5.746189367452492      0.3866454731299931      25    
56667.64395766561    5.499619179959426      0.37769247990237603     25    
56668.14395766561    5.258210083219299      0.37485566324033653     25    
56668.64395766561    5.019995825963017      0.3773571202096917      25    
56669.14395766561    4.789842695828568      0.37908104074458826     25    
56669.64395766561    4.570432842273191      0.3786192795438979      25    
56670.14395766561    4.3602227171484245     0.376369538337588       25    
56670.64395766561    4.160520241381509      0.36388528258473907     25    
56671.14395766561    3.9723406690212686     0.32991122542475615     25    
56671.64395766561    3.7942297285802407     0.2845176768057346      25    
56672.14395766561    3.6242399839700408     0.2543557467882813      25    
56672.64395766561    3.4631209956371727     0.24834460581667267     25    
56673.14395766561    3.309520266779385      0.2510150649253524      25    
56673.64395766561    3.1617556639925826     0.24884766148254606     25    
56674.14395766561    3.02053392226737       0.24613641463049538     25    
56674.64395766561    2.884880848336731      0.2422686442303755      25    
56675.14395766561    2.7540994030887416     0.23466854562533707     25    
56675.64395766561    2.628559676021321      0.2243789099439661      25    
56676.14395766561    2.5079711687254846     0.21737051006063435     25    
56676.64395766561    2.3923180871827503     0.21732532649987704     25    
56677.14395766561    2.2815723365319793     0.22067919865609525     25    
56677.64395766561    2.175475817970003      0.22330349333463903     25    
56678.14395766561    2.0740000675725536     0.22597905429077028     25    
56678.64395766561    1.9772469271463389     0.2275748760324771      25    
56679.14395766561    1.8852396387424473     0.22599997401842525     25    
56679.64395766561    1.7978822781988701     0.22209196725062094     25    
56680.14395766561    1.7155539557221657     0.21413242030994725     25    
56680.64395766561    1.6384726410697013     0.1976618693606046      25    
56681.14395766561    1.5665183274288883     0.17172685202043683     25    
56681.64395766561    1.500089079133864      0.14877957017346952     25    
56682.14395766561    1.439571923374762      0.14163215351980118     25    
56682.64395766561    1.3845730620635635     0.14319188700728602     25    
56683.14395766561    1.3343903299844821     0.14159437833056457     25    
56683.64395766561    1.2896574219578394     0.13396837228587208     25    
56684.14395766561    1.2491420570868375     0.12561106556221743     25    
56684.64395766561    1.2110861267385225     0.12184571290552618     25    
56685.14395766561    1.1763213450220589     0.1231543534908943      25    
56685.64395766561    1.1432393641874001     0.12549499334096112     25    
56686.14395766561    1.110330730973965      0.12617965919427668     25    
56686.64395766561    1.0782668521778995     0.12645158328854628     25    
56687.14395766561    1.0465395093584242     0.12506632187486472     25    
56687.64395766561    1.0144620426731523     0.11968784036361649     25    
56688.14395766561    0.9826267433845769     0.1119553514371798      25    
56688.64395766561    0.9524772106429873     0.10808974452265195     25    
56689.14395766561    0.9237295594423415     0.110972255005676       25    
56689.64395766561    0.8969619441888199     0.11646874937764577     25    
56690.14395766561    0.8736423602383796     0.12091456580929434     25    
56690.64395766561    0.853609106017708      0.12578029258955398     25    
56691.14395766561    0.8366558738928721     0.12861743964052685     25    
56691.64395766561    0.8231195306472866     0.1258677839714334      25    
56692.14395766561    0.8131919654647863     0.11770671621410335     25    
56692.64395766561    0.8046814091703914     0.1094717378710506      25    
56693.14395766561    0.7968815858432201     0.10520171446913056     25    
56693.64395766561    0.7900957094233431     0.10297886862361381     25    
56694.14395766561    0.7818481185126713     0.10224961498930181     25    
56694.64395766561    0.7717800432890191     0.10398753643899065     25    
56695.14395766561    0.7601470614486314     0.1065962349205084      25    
56695.64395766561    0.7461245227239026     0.10691200688344399     25    
56696.14395766561    0.7291107938887028     0.10479886225673281     25    
56696.64395766561    0.7108489499084777     0.10140935235040827     25    
56697.14395766561    0.6928444198911231     0.09702433286776284     25    
56697.64395766561    0.6742434089690625     0.09064674735529825     25    
56698.14395766561    0.6570890049293642     0.08581132316589687     25    
56698.64395766561    0.6426994091784325     0.08652943743421854     25    
56699.14395766561    0.6303822284238475     0.09089310030319364     25    
56699.64395766561    0.6210170769198914     0.09452736409812593     25    
56700.14395766561    0.615492879458651      0.09549307844800385     25    
56700.64395766561    0.612743120560999      0.09602344195336261     25    
56701.14395766561    0.6109989777680279     0.09856547814962195     25    
56701.64395766561    0.6109007915953664     0.10404200003929084     25    
56702.14395766561    0.6112640446831843     0.10953385325075558     25    
56702.64395766561    0.6102941985819331     0.11261938892665828     25    
56703.14395766561    0.6086442268541109     0.11433023605924823     25    
56703.64395766561    0.6054992689253055     0.11382037303798415     25    
56704.14395766561    0.5998683104217932     0.10885594049594954     25    
56704.64395766561    0.5921587342558348     0.09952320496111634     25    
56705.14395766561    0.5834006800804011     0.09247377733330811     25    
56705.64395766561    0.5736425558252657     0.09141354150563333     25    
56706.14395766561    0.5630131183026352     0.09443917623117579     25    
56706.64395766561    0.552779720167433      0.10196264110346848     25    
56707.14395766561    0.5427819509497603     0.11525909982991807     25    
56707.64395766561    0.5333081832161614     0.12895371304821818     25    
56708.14395766561    0.5251619224569184     0.13830436725978773     25    
56708.64395766561    0.51824469358659       0.14517660601633248     25    
56709.14395766561    0.512341495278205      0.14948894825169529     25    
56709.64395766561    0.507397311886114      0.15038097412336515     25    
56710.14395766561    0.5034610889356127     0.148216813122547       25    
56710.64395766561    0.5002655144753398     0.14420245744639076     25    
56711.14395766561    0.4977442716532465     0.13847082702458402     25    
56711.64395766561    0.49591657527624655    0.13072860266617753     25    
56712.14395766561    0.4945019262382922     0.12230947246919963     25    
56712.64395766561    0.4935450833672596     0.11296875248326552     25    
56713.14395766561    0.49295026672575964    0.1027731971357224      25    
56713.64395766561    0.49246823616769103    0.09275816227142028     25    
56714.14395766561    0.49220211212929715    0.08213651152468993     25    
56714.64395766561    0.4919645283852961     0.07271841841035968     25    
56715.14395766561    0.49156877508426283    0.06579879725617824     25    
56715.64395766561    0.4911177230405067     0.060003917577945154    25    
56716.14395766561    0.4903617253560023     0.06835530441088927     25    
56716.64395766561    0.48920590808915243    0.08713124910956078     25    
56717.14395766561    0.48769428120203256    0.11175106545136208     25    
56717.64395766561    0.4855462809505464     0.15247417092671808     25    