#Date  :
#Flux  :
#Fluxerr  :
#ZP  :
#end  :
@INSTRUMENT  SDSS
@BAND  SDSS_i
@MAGSYS  AB
54157.910975  0.0  4.038335846793341  25.0
54162.89732  0.0  4.038335846793341  25.0
54167.883664999994  0.0  4.038335846793341  25.0
54172.87000999999  0.0  4.038335846793341  25.0
54177.85635499999  0.0  4.038335846793341  25.0
54182.84269999999  0.0  4.038335846793341  25.0
54187.829044999984  0.0  4.038335846793341  25.0
54192.81538999998  0.0  4.038335846793341  25.0
54197.80173499998  0.0  4.038335846793341  25.0
54202.78807999998  0.0  4.038335846793341  25.0
54207.774424999974  0.0  4.038335846793341  25.0
54212.76076999997  0.0  4.038335846793341  25.0
54217.74711499997  0.0  4.038335846793341  25.0
54222.73345999997  0.0  4.038335846793341  25.0
54227.719804999964  0.0  4.038335846793341  25.0
54232.70614999996  0.0  4.038335846793341  25.0
54237.69249499996  0.0  4.038335846793341  25.0
54242.67883999996  0.0  4.038335846793341  25.0
54247.665184999954  0.0  4.038335846793341  25.0
54252.65152999995  0.0  4.038335846793341  25.0
54257.63787499995  0.0  4.038335846793341  25.0
54262.62421999995  0.0  4.038335846793341  25.0
54267.610564999944  0.0  4.038335846793341  25.0
54272.59690999994  0.0  4.038335846793341  25.0
54277.58325499994  0.0  4.038335846793341  25.0
54282.56959999994  0.0  4.038335846793341  25.0
54287.555944999935  0.0  4.038335846793341  25.0
54292.54228999993  0.0  4.038335846793341  25.0
54297.52863499993  0.0  4.038335846793341  25.0
54302.51497999993  0.0  4.038335846793341  25.0
54307.501324999925  0.0  4.038335846793341  25.0
54312.48766999992  0.0  4.038335846793341  25.0
54317.47401499992  0.0  4.038335846793341  25.0
54322.46035999992  0.0  4.038335846793341  25.0
54327.446704999915  0.0  4.038335846793341  25.0
54332.43304999991  0.0  4.038335846793341  25.0
54337.41939499991  0.0  4.038335846793341  25.0
54357.364775  26.894005236797604  3.1175515569629244  25.0
54359.396585  49.80978517391246  4.710481055393586  25.0
54362.414762  72.84305390765256  3.7104601352810267  25.0
54376.410392  86.55918783925105  3.7596414920078733  25.0
54382.395727  57.10501975506145  4.956387839027822  25.0
54385.413748  54.23610727932871  3.382584423768712  25.0
54387.414182  62.51496899501464  7.142225915776585  25.0
54391.415158  97.05121060764512  12.918303033585193  25.0
54394.396823  34.29033482899624  5.388090859185703  25.0
54396.417325  54.53666001488166  6.617624777356883  25.0
54402.407464  41.53092345822651  4.789717685675728  25.0
54408.321385  24.033289653852655  3.2596310319515944  25.0
54411.279332  20.090584222917077  3.188591294457259  25.0
54413.320214  24.344771579789356  4.934529458260334  25.0
54415.331612  16.235312315051445  3.513734708373638  25.0
54417.321752  16.9539065827826  3.2814894127190817  25.0
54418.320114  19.866535820050327  4.229596678508858  25.0
54422.32438  11.079466751520297  4.038335846793341  25.0
54424.260288  17.131505926518436  3.9891544900664937  25.0
