#Date  :
#Flux  :
#Fluxerr  :
#ZP  :
#end  :
@INSTRUMENT  PS
@BAND  PS_r
@MAGSYS  AB
54890.1477625  0.0  1.2005466231562043  25.0
54895.134107499995  0.0  1.2005466231562043  25.0
54900.12045249999  0.0  1.2005466231562043  25.0
54905.10679749999  0.0  1.2005466231562043  25.0
54910.09314249999  0.0  1.2005466231562043  25.0
54915.079487499985  0.0  1.2005466231562043  25.0
54920.06583249998  0.0  1.2005466231562043  25.0
54925.05217749998  0.0  1.2005466231562043  25.0
54930.03852249998  0.0  1.2005466231562043  25.0
54935.024867499975  0.0  1.2005466231562043  25.0
54940.01121249997  0.0  1.2005466231562043  25.0
54944.99755749997  0.0  1.2005466231562043  25.0
54949.98390249997  0.0  1.2005466231562043  25.0
54954.970247499965  0.0  1.2005466231562043  25.0
54959.95659249996  0.0  1.2005466231562043  25.0
54964.94293749996  0.0  1.2005466231562043  25.0
54969.92928249996  0.0  1.2005466231562043  25.0
54974.915627499955  0.0  1.2005466231562043  25.0
54979.90197249995  0.0  1.2005466231562043  25.0
54984.88831749995  0.0  1.2005466231562043  25.0
54989.87466249995  0.0  1.2005466231562043  25.0
54994.861007499945  0.0  1.2005466231562043  25.0
54999.84735249994  0.0  1.2005466231562043  25.0
55004.83369749994  0.0  1.2005466231562043  25.0
55009.82004249994  0.0  1.2005466231562043  25.0
55014.806387499935  0.0  1.2005466231562043  25.0
55019.79273249993  0.0  1.2005466231562043  25.0
55024.77907749993  0.0  1.2005466231562043  25.0
55029.76542249993  0.0  1.2005466231562043  25.0
55034.751767499925  0.0  1.2005466231562043  25.0
55039.73811249992  0.0  1.2005466231562043  25.0
55044.72445749992  0.0  1.2005466231562043  25.0
55049.71080249992  0.0  1.2005466231562043  25.0
55054.697147499915  0.0  1.2005466231562043  25.0
55059.68349249991  0.0  1.2005466231562043  25.0
55064.66983749991  0.0  1.2005466231562043  25.0
55069.65618249991  0.0  1.2005466231562043  25.0
55074.642527499906  0.0  1.2005466231562043  25.0
55079.6288724999  0.0  1.2005466231562043  25.0
55084.6152174999  0.0  1.2005466231562043  25.0
55089.6015624999  0.0  1.2005466231562043  25.0
55094.587907499896  0.0  1.2005466231562043  25.0
55099.57425249989  0.0  1.2005466231562043  25.0
55104.56059749989  0.0  1.2005466231562043  25.0
55109.54694249989  0.0  1.2005466231562043  25.0
55114.533287499886  0.0  1.2005466231562043  25.0
55119.51963249988  0.0  1.2005466231562043  25.0
55124.50597749988  0.0  1.2005466231562043  25.0
55129.49232249988  0.0  1.2005466231562043  25.0
55134.478667499876  0.0  1.2005466231562043  25.0
55139.46501249987  0.0  1.2005466231562043  25.0
55144.45135749987  0.0  1.2005466231562043  25.0
55149.43770249987  0.0  1.2005466231562043  25.0
55154.424047499866  0.0  1.2005466231562043  25.0
55159.41039249986  0.0  1.2005466231562043  25.0
55164.39673749986  0.0  1.2005466231562043  25.0
55169.38308249986  0.0  1.2005466231562043  25.0
55174.369427499856  0.0  1.2005466231562043  25.0
55179.35577249985  0.0  1.2005466231562043  25.0
55184.34211749985  0.0  1.2005466231562043  25.0
55189.32846249985  0.0  1.2005466231562043  25.0
55194.314807499846  0.0  1.2005466231562043  25.0
55199.301152499844  0.0  1.2005466231562043  25.0
55204.28749749984  0.0  1.2005466231562043  25.0
55209.27384249984  0.0  1.2005466231562043  25.0
55214.260187499836  0.0  1.2005466231562043  25.0
55219.246532499834  0.0  1.2005466231562043  25.0
55224.23287749983  0.0  1.2005466231562043  25.0
55229.21922249983  0.0  1.2005466231562043  25.0
55234.20556749983  0.0  1.2005466231562043  25.0
55239.191912499824  0.0  1.2005466231562043  25.0
55244.17825749982  0.0  1.2005466231562043  25.0
55249.16460249982  0.0  1.2005466231562043  25.0
55254.15094749982  0.0  1.2005466231562043  25.0
55259.137292499814  0.0  1.2005466231562043  25.0
55264.12363749981  0.0  1.2005466231562043  25.0
55269.10998249981  0.0  1.2005466231562043  25.0
55274.09632749981  0.0  1.2005466231562043  25.0
55279.082672499804  0.0  1.2005466231562043  25.0
55284.0690174998  0.0  1.2005466231562043  25.0
55289.0553624998  0.0  1.2005466231562043  25.0
55294.0417074998  0.0  1.2005466231562043  25.0
55299.028052499794  0.0  1.2005466231562043  25.0
55304.01439749979  0.0  1.2005466231562043  25.0
55309.00074249979  0.0  1.2005466231562043  25.0
55313.98708749979  0.0  1.2005466231562043  25.0
55318.973432499784  0.0  1.2005466231562043  25.0
55323.95977749978  0.0  1.2005466231562043  25.0
55328.94612249978  0.0  1.2005466231562043  25.0
55333.93246749978  0.0  1.2005466231562043  25.0
55338.918812499775  0.0  1.2005466231562043  25.0
55343.90515749977  0.0  1.2005466231562043  25.0
55348.89150249977  0.0  1.2005466231562043  25.0
55353.87784749977  0.0  1.2005466231562043  25.0
55358.864192499765  0.0  1.2005466231562043  25.0
55363.85053749976  0.0  1.2005466231562043  25.0
55368.83688249976  0.0  1.2005466231562043  25.0
55373.82322749976  0.0  1.2005466231562043  25.0
55378.809572499755  0.0  1.2005466231562043  25.0
55383.79591749975  0.0  1.2005466231562043  25.0
55388.78226249975  0.0  1.2005466231562043  25.0
55393.76860749975  0.0  1.2005466231562043  25.0
55398.754952499745  0.0  1.2005466231562043  25.0
55403.74129749974  0.0  1.2005466231562043  25.0
55408.72764249974  0.0  1.2005466231562043  25.0
55413.71398749974  0.0  1.2005466231562043  25.0
55418.700332499735  0.0  1.2005466231562043  25.0
55423.68667749973  0.0  1.2005466231562043  25.0
55428.67302249973  0.0  1.2005466231562043  25.0
55433.65936749973  0.0  1.2005466231562043  25.0
55438.645712499725  0.0  1.2005466231562043  25.0
55443.63205749972  0.0  1.2005466231562043  25.0
55448.61840249972  0.0  1.2005466231562043  25.0
55453.60474749972  0.0  1.2005466231562043  25.0
55458.591092499715  0.0  1.2005466231562043  25.0
55463.57743749971  0.0  1.2005466231562043  25.0
55468.56378249971  0.0  1.2005466231562043  25.0
55473.55012749971  0.0  1.2005466231562043  25.0
55478.536472499705  0.0  1.2005466231562043  25.0
55483.5228174997  0.0  1.2005466231562043  25.0
55488.5091624997  0.0  1.2005466231562043  25.0
55493.4955074997  0.0  1.2005466231562043  25.0
55498.481852499695  0.0  1.2005466231562043  25.0
55503.46819749969  0.0  1.2005466231562043  25.0
55508.45454249969  0.0  1.2005466231562043  25.0
55513.44088749969  0.0  1.2005466231562043  25.0
55518.427232499685  0.0  1.2005466231562043  25.0
55523.41357749968  0.0  1.2005466231562043  25.0
55528.39992249968  0.0  1.2005466231562043  25.0
55533.38626749968  0.0  1.2005466231562043  25.0
55538.372612499676  0.0  1.2005466231562043  25.0
55543.35895749967  0.0  1.2005466231562043  25.0
55548.34530249967  0.0  1.2005466231562043  25.0
55553.33164749967  0.0  1.2005466231562043  25.0
55558.317992499666  0.0  1.2005466231562043  25.0
55563.30433749966  0.0  1.2005466231562043  25.0
55568.29068249966  0.0  1.2005466231562043  25.0
55573.27702749966  0.0  1.2005466231562043  25.0
55578.263372499656  0.0  1.2005466231562043  25.0
55583.24971749965  0.0  1.2005466231562043  25.0
55588.23606249965  0.0  1.2005466231562043  25.0
55593.22240749965  0.0  1.2005466231562043  25.0
55598.208752499646  0.0  1.2005466231562043  25.0
55603.19509749964  0.0  1.2005466231562043  25.0
55608.18144249964  0.0  1.2005466231562043  25.0
55613.16778749964  0.0  1.2005466231562043  25.0
55618.154132499636  0.0  1.2005466231562043  25.0
55623.14047749963  0.0  1.2005466231562043  25.0
55628.12682249963  0.0  1.2005466231562043  25.0
55633.11316749963  0.0  1.2005466231562043  25.0
55638.099512499626  0.0  1.2005466231562043  25.0
55643.085857499624  0.0  1.2005466231562043  25.0
55648.07220249962  0.0  1.2005466231562043  25.0
55653.05854749962  0.0  1.2005466231562043  25.0
55658.044892499616  0.0  1.2005466231562043  25.0
55663.031237499614  0.0  1.2005466231562043  25.0
55668.01758249961  0.0  1.2005466231562043  25.0
55673.00392749961  0.0  1.2005466231562043  25.0
55677.99027249961  0.0  1.2005466231562043  25.0
55682.976617499604  0.0  1.2005466231562043  25.0
55687.9629624996  0.0  1.2005466231562043  25.0
55692.9493074996  0.0  1.2005466231562043  25.0
55697.9356524996  0.0  1.2005466231562043  25.0
55702.921997499594  0.0  1.2005466231562043  25.0
55707.90834249959  0.0  1.2005466231562043  25.0
55712.89468749959  0.0  1.2005466231562043  25.0
55717.88103249959  0.0  1.2005466231562043  25.0
55722.867377499584  0.0  1.2005466231562043  25.0
55727.85372249958  0.0  1.2005466231562043  25.0
55732.84006749958  0.0  1.2005466231562043  25.0
55737.82641249958  0.0  1.2005466231562043  25.0
55742.812757499574  0.0  1.2005466231562043  25.0
55747.79910249957  0.0  1.2005466231562043  25.0
55752.78544749957  0.0  1.2005466231562043  25.0
55757.77179249957  0.0  1.2005466231562043  25.0
55762.758137499564  0.0  1.2005466231562043  25.0
55767.74448249956  0.0  1.2005466231562043  25.0
55772.73082749956  0.0  1.2005466231562043  25.0
55777.71717249956  0.0  1.2005466231562043  25.0
55782.703517499554  0.0  1.2005466231562043  25.0
55787.68986249955  0.0  1.2005466231562043  25.0
55792.67620749955  0.0  1.2005466231562043  25.0
55797.66255249955  0.0  1.2005466231562043  25.0
55802.648897499545  0.0  1.2005466231562043  25.0
55807.63524249954  0.0  1.2005466231562043  25.0
55812.62158749954  0.0  1.2005466231562043  25.0
55817.60793249954  0.0  1.2005466231562043  25.0
55822.594277499535  0.0  1.2005466231562043  25.0
55827.58062249953  0.0  1.2005466231562043  25.0
55832.56696749953  0.0  1.2005466231562043  25.0
55837.55331249953  0.0  1.2005466231562043  25.0
55842.539657499525  0.0  1.2005466231562043  25.0
55847.52600249952  0.0  1.2005466231562043  25.0
55852.51234749952  0.0  1.2005466231562043  25.0
55857.49869249952  0.0  1.2005466231562043  25.0
55862.485037499515  0.0  1.2005466231562043  25.0
55867.47138249951  0.0  1.2005466231562043  25.0
55872.45772749951  0.0  1.2005466231562043  25.0
55877.44407249951  0.0  1.2005466231562043  25.0
55882.430417499505  0.0  1.2005466231562043  25.0
55887.4167624995  0.0  1.2005466231562043  25.0
55892.4031074995  0.0  1.2005466231562043  25.0
55897.3894524995  0.0  1.2005466231562043  25.0
55902.375797499495  0.0  1.2005466231562043  25.0
55907.36214249949  0.0  1.2005466231562043  25.0
55912.34848749949  0.0  1.2005466231562043  25.0
55917.33483249949  0.0  1.2005466231562043  25.0
55922.321177499485  0.0  1.2005466231562043  25.0
55927.30752249948  0.0  1.2005466231562043  25.0
55932.29386749948  0.0  1.2005466231562043  25.0
55937.28021249948  0.0  1.2005466231562043  25.0
55942.266557499475  0.0  1.2005466231562043  25.0
55947.25290249947  0.0  1.2005466231562043  25.0
55952.23924749947  0.0  1.2005466231562043  25.0
55957.22559249947  0.0  1.2005466231562043  25.0
55962.211937499465  0.0  1.2005466231562043  25.0
55967.19828249946  0.0  1.2005466231562043  25.0
55972.18462749946  0.0  1.2005466231562043  25.0
55977.17097249946  0.0  1.2005466231562043  25.0
55982.157317499456  0.0  1.2005466231562043  25.0
55987.14366249945  0.0  1.2005466231562043  25.0
55992.13000749945  0.0  1.2005466231562043  25.0
55997.11635249945  0.0  1.2005466231562043  25.0
56002.102697499446  0.0  1.2005466231562043  25.0
56007.08904249944  0.0  1.2005466231562043  25.0
56012.07538749944  0.0  1.2005466231562043  25.0
56017.06173249944  0.0  1.2005466231562043  25.0
56022.048077499436  0.0  1.2005466231562043  25.0
56027.03442249943  0.0  1.2005466231562043  25.0
56032.02076749943  0.0  1.2005466231562043  25.0
56037.00711249943  0.0  1.2005466231562043  25.0
56041.993457499426  0.0  1.2005466231562043  25.0
56046.97980249942  0.0  1.2005466231562043  25.0
56051.96614749942  0.0  1.2005466231562043  25.0
56056.95249249942  0.0  1.2005466231562043  25.0
56061.938837499416  0.0  1.2005466231562043  25.0
56066.92518249941  0.0  1.2005466231562043  25.0
56071.91152749941  0.0  1.2005466231562043  25.0
56076.89787249941  0.0  1.2005466231562043  25.0
56081.884217499406  0.0  1.2005466231562043  25.0
56086.8705624994  0.0  1.2005466231562043  25.0
56091.8569074994  0.0  1.2005466231562043  25.0
56096.8432524994  0.0  1.2005466231562043  25.0
56101.829597499396  0.0  1.2005466231562043  25.0
56106.815942499394  0.0  1.2005466231562043  25.0
56111.80228749939  0.0  1.2005466231562043  25.0
56116.78863249939  0.0  1.2005466231562043  25.0
56121.774977499386  0.0  1.2005466231562043  25.0
56126.761322499384  0.0  1.2005466231562043  25.0
56131.74766749938  0.0  1.2005466231562043  25.0
56136.73401249938  0.0  1.2005466231562043  25.0
56141.72035749938  0.0  1.2005466231562043  25.0
56146.706702499374  0.0  1.2005466231562043  25.0
56151.69304749937  0.0  1.2005466231562043  25.0
56156.67939249937  0.0  1.2005466231562043  25.0
56161.66573749937  0.0  1.2005466231562043  25.0
56166.652082499364  0.0  1.2005466231562043  25.0
56171.63842749936  0.0  1.2005466231562043  25.0
56176.62477249936  0.0  1.2005466231562043  25.0
56181.61111749936  0.0  1.2005466231562043  25.0
56186.597462499354  0.0  1.2005466231562043  25.0
56191.58380749935  0.0  1.2005466231562043  25.0
56196.57015249935  0.0  1.2005466231562043  25.0
56201.55649749935  0.0  1.2005466231562043  25.0
56206.542842499344  0.0  1.2005466231562043  25.0
56211.52918749934  0.0  1.2005466231562043  25.0
56216.51553249934  0.0  1.2005466231562043  25.0
56221.50187749934  0.0  1.2005466231562043  25.0
56226.488222499334  0.0  1.2005466231562043  25.0
56231.47456749933  0.0  1.2005466231562043  25.0
56236.46091249933  0.0  1.2005466231562043  25.0
55089.6015625  0.9733606292411751  1.086733346714712  25.0
55095.6015625  -2.960516116232958  1.1998123270867997  25.0
55098.6015625  -8.824666243034837  10.456039155002664  25.0
55101.6015625  -2.3554699735721623  1.7248709439277674  25.0
55170.3984375  -0.5467932949794743  64.40892374863976  25.0
55188.30078125  -2.614719575605471  1.5113425581246671  25.0
55191.30078125  0.19365392203954113  0.8061407471343081  25.0
55203.30078125  -0.3179918637170204  0.6710333515222645  25.0
55221.19921875  0.9021844695173294  0.9957805383356688  25.0
55446.6015625  0.050126800074235374  0.788028484229407  25.0
55449.6015625  0.1688842328439998  0.763454611987462  25.0
55455.6015625  0.14411454364845852  0.7482795333601795  25.0
55458.6015625  1.5116362018576797  1.5739031453640175  25.0
55467.6015625  -0.7115655702058775  2.448870342147451  25.0
55476.6015625  0.1992344484538378  0.6406831475834811  25.0
55479.5  -0.4254903760300843  1.5254407252045514  25.0
55482.6015625  -0.11983437349479904  1.0187880150014974  25.0
55485.5  -0.8093715751449391  1.0692084646442725  25.0
55500.5  0.2816695344699112  0.7224329092751308  25.0
55503.5  -0.6814111598785814  1.2247778332359374  25.0
55509.3984375  -0.23203223593097586  0.5935913760728623  25.0
55518.5  0.3474609497198929  1.373689658826416  25.0
55545.3984375  -0.3280759816561064  1.339129612135347  25.0
55548.3984375  0.287935373537577  2.949942514265154  25.0
55557.30078125  0.5435624669688432  1.3532276858467949  25.0
55596.19921875  0.5981928527323407  0.6996212729050078  25.0
55821.6015625  -0.08654704946919729  1.5651897227579972  25.0
55824.6015625  0.1591917488121066  0.7794129584291302  25.0
55828.6015625  -0.5161493539392418  0.6523337077829017  25.0
55829.6015625  -0.316033787549493  1.0499214400704482  25.0
55833.6015625  -0.1098481757035658  3.523071964042613  25.0
55836.6015625  -0.8830932385549921  1.0083122631552186  25.0
55852.5  0.21127661921834204  1.3846548480171947  25.0
55858.5  -0.19727637228631043  0.5911437691923985  25.0
55859.5  0.18200335016906596  0.6783761254794376  25.0
55863.5  -0.9867734719966358  1.2701072755062979  25.0
55895.3984375  -0.4557426831631241  0.608962248311632  25.0
55911.3984375  -0.3428594730604145  0.9973470739644399  25.0
55947.30078125  -0.8840722066124284  1.2534636981086427  25.0
55955.30078125  2.242880523913011  1.0538375924055028  25.0
56206.6015625  0.22782236983658108  0.9377235776342713  25.0
56209.5  -0.671522882235201  0.8423651795756736  25.0
56213.5  1.3369756956721142  2.354295211903239  25.0
56217.5  -1.6823806490766269  1.2416172976135165  25.0
56220.5  2.8528217869662975  1.287338420475288  25.0
56235.5  0.31485895585424206  0.936254985495462  25.0
56238.3984375  1.5590217104697477  2.951019425812552  25.0
56242.3984375  -2.1784596639434404  1.2083299560813328  25.0
56268.3984375  54.422624185810655  1.2012809192256089  25.0
56271.3984375  56.65140794317033  1.8329568604174022  25.0
56302.30078125  15.291707755718349  0.9967595997615416  25.0
56309.30078125  13.815709632520376  1.6362678456234443  25.0
56344.19921875  6.110084642832815  3.419489393985622  25.0
56590.5  0.2662007187411795  0.540037901856763  25.0
56593.5  1.2774501428319074  1.1811126833474368  25.0
56597.5  -0.05609893705361569  1.0282847054219033  25.0
56622.3984375  -1.6077779610990994  1.4466280544220835  25.0
56630.3984375  1.1965814990761685  0.8685055407621713  25.0
56633.3984375  0.573227346583203  1.0675441722624128  25.0
56636.3984375  0.5313244792507426  1.607679924240701  25.0
56652.30078125  1.1847350985810425  1.4349774475384447  25.0
56655.30078125  -0.3208310811625678  1.3171991403853531  25.0
56656.30078125  2.467863722988263  1.472278884895645  25.0
56663.30078125  0.07009919565670188  1.236917877464076  25.0
