55532.79072530948    2.7213965731952663    0.7679406231908039     25    
55533.29072530948    3.234105457550596     0.7455103379211692     25    
55533.79072530948    3.7945633764257223    0.7461058199744092     25    
55534.29072530948    4.404736774488893     0.8826696548055764     25    
55534.79072530948    5.064074372326563     1.101321810694113      25    
55535.29072530948    5.774806172896411     1.2326756364187925     25    
55535.79072530948    6.536913581496643     1.2502418919156588     25    
55536.29072530948    7.351475855787258     1.2329210186648818     25    
55536.79072530948    8.220065024534817     1.2335772393971782     25    
55537.29072530948    9.142304285142131     1.2358707873464068     25    
55537.79072530948    10.120512722039958    1.2373160419464044     25    
55538.29072530948    11.154319100763981    1.2379132233839893     25    
55538.79072530948    12.24528617634897     1.237731940416356      25    
55539.29072530948    13.394504323251661    1.236642605812899      25    
55539.79072530948    14.601945692507494    1.234866996117922      25    
55540.29072530948    15.87045398478929     1.2336540038344812     25    
55540.79072530948    17.20107253952971     1.2344021935617653     25    
55541.29072530948    18.587351721311983    1.229692478933727      25    
55541.79072530948    20.044094973430617    1.2101951910406774     25    
55542.29072530948    21.54085301725779     1.187422899884344      25    
55542.79072530948    23.024419099031842    1.1825741045484865     25    
55543.29072530948    24.512002299585248    1.1930341539890046     25    
55543.79072530948    25.914726238695287    1.203899520669251      25    
55544.29072530948    27.229059963506685    1.2120805988004277     25    
55544.79072530948    28.422263128639145    1.2188757467586298     25    
55545.29072530948    29.424295848117858    1.2215384082761112     25    
55545.79072530948    30.25780935657181     1.2210668659960193     25    
55546.29072530948    30.95083398315728     1.2228501844511896     25    
55546.79072530948    31.48640675841916     1.2274999743864432     25    
55547.29072530948    31.922860235813413    1.2336613919028907     25    
55547.79072530948    32.29729212534388     1.2423322058557165     25    
55548.29072530948    32.60647680030382     1.2518344721379975     25    
55548.79072530948    32.920135282583544    1.257915184932612      25    
55549.29072530948    33.23491931959204     1.267083274573807      25    
55549.79072530948    33.54212274820653     1.248073943165654      25    
55550.29072530948    33.85142457046691     1.1581834890916174     25    
55550.79072530948    34.14513212441439     1.0383961541689908     25    
55551.29072530948    34.391446241063875    0.9890483017043236     25    
55551.79072530948    34.59906625329656     1.0064334928648448     25    
55552.29072530948    34.73460504663172     1.0232430213945214     25    
55552.79072530948    34.790346654394696    1.021926201629618      25    
55553.29072530948    34.76816458067637     1.0174310066024854     25    
55553.79072530948    34.65950893221882     1.0114641466014491     25    
55554.29072530948    34.46726626188065     1.0037024977510518     25    
55554.79072530948    34.19879410714573     1.000286893906994      25    
55555.29072530948    33.85278932230433     1.003913276322301      25    
55555.79072530948    33.43456870227048     1.0072443401441815     25    
55556.29072530948    32.94596463119221     1.0092253521942254     25    
55556.79072530948    32.38919722868781     1.006810940991731      25    
55557.29072530948    31.77978253402454     0.9761930428907013     25    
55557.79072530948    31.112790478099452    0.9057053540152732     25    
55558.29072530948    30.407487832570133    0.8444117732027148     25    
55558.79072530948    29.669053075655455    0.8339797009209083     25    
55559.29072530948    28.902066987645668    0.8448576150828174     25    
55559.79072530948    28.12555679262037     0.844168198232709      25    
55560.29072530948    27.3340817910646      0.8376699757282005     25    
55560.79072530948    26.550227264052957    0.829281728913084      25    
55561.29072530948    25.773828484221095    0.817367140188283      25    
55561.79072530948    25.016093138194183    0.8061490714394517     25    
55562.29072530948    24.294064220179898    0.8028604968429452     25    
55562.79072530948    23.603494601085313    0.8051501426171463     25    
55563.29072530948    22.96818743946877     0.8054069178221928     25    
55563.79072530948    22.39040552839527     0.8061109308794345     25    
55564.29072530948    21.867327630556844    0.7980351979401463     25    
55564.79072530948    21.403625133984754    0.7641431189091883     25    
55565.29072530948    20.99428489913159     0.7151583918841881     25    
55565.79072530948    20.62270873950249     0.6915542116161586     25    
55566.29072530948    20.292911102031482    0.6987617849480017     25    
55566.79072530948    19.990524117612928    0.7089585409252087     25    
55567.29072530948    19.70933268417225     0.7098507173894898     25    
55567.79072530948    19.44958914153999     0.7082267975983252     25    
55568.29072530948    19.202286504181775    0.7032904572147888     25    
55568.79072530948    18.96921509138746     0.6943781816100011     25    
55569.29072530948    18.748716911418818    0.6899064634496745     25    
55569.79072530948    18.540705684382964    0.6947277514911784     25    
55570.29072530948    18.34430985379857     0.7017548016360142     25    
55570.79072530948    18.158326994489926    0.7045039226855605     25    
55571.29072530948    17.982991452759723    0.7049408275970868     25    
55571.79072530948    17.814799464539757    0.7030505103086983     25    
55572.29072530948    17.654681147049093    0.6987896861599834     25    
55572.79072530948    17.499078109829238    0.6921250107362742     25    
55573.29072530948    17.345551091569252    0.6813111468828148     25    
55573.79072530948    17.19422309551026     0.6682285491050189     25    
55574.29072530948    17.040148487441133    0.6615792203556795     25    
55574.79072530948    16.884421043758813    0.662922093935392      25    
55575.29072530948    16.723269474431707    0.6628758244018661     25    
55575.79072530948    16.555407558425145    0.6540454844961917     25    
55576.29072530948    16.38021418488395     0.6436328220193838     25    
55576.79072530948    16.194180511364262    0.6429515826607811     25    
55577.29072530948    15.9982744010259      0.6509075831813532     25    
55577.79072530948    15.788736386307521    0.657596729296998      25    
55578.29072530948    15.564435572427415    0.6612010472565516     25    
55578.79072530948    15.326083624704092    0.6619508983331956     25    
55579.29072530948    15.072703879621889    0.6533327769055589     25    
55579.79072530948    14.804737692567382    0.6378519934362321     25    
55580.29072530948    14.526938127953123    0.6453483937652412     25    
55580.79072530948    14.23854655642404     0.6880620839258643     25    
55581.29072530948    13.94281232412347     0.7279897598879169     25    
55581.79072530948    13.642498090089877    0.739691161263127      25    
55582.29072530948    13.337025377934616    0.7373301522219635     25    
55582.79072530948    13.02971237064934     0.7309912787137167     25    
55583.29072530948    12.72026252557351     0.7180029564861405     25    
55583.79072530948    12.409098498991618    0.7076462615721292     25    
55584.29072530948    12.09648294510194     0.7074227867110091     25    
55584.79072530948    11.782500965441324    0.711746626891222      25    
55585.29072530948    11.467490834890974    0.7163624762353994     25    
55585.79072530948    11.151097684829885    0.7227160310201153     25    
55586.29072530948    10.836487593861005    0.7232549580924683     25    
55586.79072530948    10.522493545611647    0.7262705053686535     25    
55587.29072530948    10.213233468279249    0.7093508391226588     25    
55587.79072530948    9.913757219180992     0.6194241488348435     25    
55588.29072530948    9.62280959534722      0.4389437679124369     25    
55588.79072530948    9.348162628450686     0.27555922592284215    25    
55589.29072530948    9.089940988222299     0.26308054449706353    25    
55589.79072530948    8.849336997127471     0.30049811911197777    25    
55590.29072530948    8.629721968070033     0.29637259510330116    25    
55590.79072530948    8.428761246248643     0.2888133748801241     25    
55591.29072530948    8.241037234904626     0.28334619266675737    25    
55591.79072530948    8.068013188824134     0.27983644541781993    25    
55592.29072530948    7.904231166259383     0.2783184980501448     25    
55592.79072530948    7.747424427434095     0.28043249574012646    25    
55593.29072530948    7.597454397465806     0.28367102793161153    25    
55593.79072530948    7.4501173662446885    0.28276227851766766    25    
55594.29072530948    7.30607034974285      0.278200693112933      25    
55594.79072530948    7.166159107829176     0.2742074387033939     25    
55595.29072530948    7.030214910324538     0.2714960227125607     25    
55595.79072530948    6.8988582874677595    0.2704288409817749     25    
55596.29072530948    6.772963541133485     0.27333579977015       25    
55596.79072530948    6.652291234701114     0.27931202594176663    25    
55597.29072530948    6.537426447176264     0.283527073058922      25    
55597.79072530948    6.4286437653285695    0.2856362033818016     25    
55598.29072530948    6.325231395374067     0.28605235964059356    25    
55598.79072530948    6.226856080487542     0.2840632509728127     25    
55599.29072530948    6.1334976546478845    0.28021945161034145    25    
55599.79072530948    6.044241839478314     0.27628076518652517    25    
55600.29072530948    5.959304391449852     0.27191432146030176    25    
55600.79072530948    5.877915312039982     0.2681658142723793     25    
55601.29072530948    5.799827708994023     0.26584589390830127    25    
55601.79072530948    5.724877079484547     0.264509174069855      25    
55602.29072530948    5.652246021703506     0.26415688204692017    25    
55602.79072530948    5.582162205868018     0.2649581734174094     25    
55603.29072530948    5.5137377440014115    0.2651949784847722     25    
55603.79072530948    5.446949105613494     0.2634821471012968     25    
55604.29072530948    5.381396760569292     0.2620869467860749     25    
55604.79072530948    5.31641619314409      0.2623209979406107     25    
55605.29072530948    5.252176497636657     0.26399205419320526    25    
55605.79072530948    5.187741882882892     0.27424824265085485    25    