55537.38489435496    3.1247438102946212    0.7841959330650051     25    
55537.88489435496    3.6367315414067796    0.7759917573492892     25    
55538.38489435496    4.183632032990811     0.7773003992087709     25    
55538.88489435496    4.76336102966343      0.8389008457771973     25    
55539.38489435496    5.37655127877561      0.9511479899156292     25    
55539.88489435496    6.0209910212652575    1.0286939572683498     25    
55540.38489435496    6.696455710011501     1.0436379148570165     25    
55540.88489435496    7.402202529107048     1.0359674380947508     25    
55541.38489435496    8.136299489060992     1.0369512621448043     25    
55541.88489435496    8.899346320939529     1.039844637492239      25    
55542.38489435496    9.68903677828656      1.0422927116302974     25    
55542.88489435496    10.505368305054       1.0442313659481004     25    
55543.38489435496    11.34735133204816     1.0458186664906812     25    
55543.88489435496    12.213222643812943    1.0470989521777652     25    
55544.38489435496    13.10351593884495     1.0480813211579216     25    
55544.88489435496    14.015933322406854    1.0498026143824932     25    
55545.38489435496    14.952103016301093    1.0588725606141667     25    
55545.88489435496    15.90731601331596     1.0595639469809621     25    
55546.38489435496    16.882362308035024    1.0258013749058204     25    
55546.88489435496    17.875702941780943    0.9648299603479151     25    
55547.38489435496    18.84621683102103     0.9297966929471969     25    
55547.88489435496    19.803567341041383    0.9392232035242482     25    
55548.38489435496    20.71282961269038     0.9604077132543364     25    
55548.88489435496    21.541466164657237    0.9712197008680121     25    
55549.38489435496    22.297540125666856    0.97988406514434       25    
55549.88489435496    22.932545512032476    0.9855570995672881     25    
55550.38489435496    23.439897174809982    0.9865119843529458     25    
55550.88489435496    23.838430145662933    0.9880731440300548     25    
55551.38489435496    24.12856904896652     0.9949448740378148     25    
55551.88489435496    24.316340117692704    1.0046842316755173     25    
55552.38489435496    24.443132424913735    1.0153863281661706     25    
55552.88489435496    24.500137517444657    1.0289963838284335     25    
55553.38489435496    24.51556511444812     1.0381241643602925     25    
55553.88489435496    24.512160093051627    1.041525248942298      25    
55554.38489435496    24.479809159660473    1.0363846200605369     25    
55554.88489435496    24.423320185494422    1.0012229560901236     25    
55555.38489435496    24.34514706237365     0.922384736288386      25    
55555.88489435496    24.231459479381968    0.8528146158798156     25    
55556.38489435496    24.077800397200914    0.8425319526407838     25    
55556.88489435496    23.88320107901241     0.8593311803072758     25    
55557.38489435496    23.634570001662166    0.862596126584758      25    
55557.88489435496    23.33215166044254     0.8566914539679213     25    
55558.38489435496    22.985677048025632    0.8496882093960777     25    
55558.88489435496    22.593064367334076    0.8419299188346384     25    
55559.38489435496    22.16262213133968     0.8351657340022197     25    
55559.88489435496    21.712561418140503    0.8364283058265746     25    
55560.38489435496    21.237418745425153    0.8458176770207997     25    
55560.88489435496    20.756083384559027    0.8507845013352413     25    
55561.38489435496    20.274110958808496    0.8521810163716041     25    
55561.88489435496    19.790041060281407    0.8427943954838324     25    
55562.38489435496    19.309886542548103    0.7987603229051641     25    
55562.88489435496    18.832458988226136    0.7161407432217517     25    
55563.38489435496    18.353853708349984    0.652681455590259      25    
55563.88489435496    17.874128434550332    0.6450464765391736     25    
55564.38489435496    17.391812635934226    0.6567053209298058     25    
55564.88489435496    16.90397735469248     0.6549567098780518     25    
55565.38489435496    16.411459414338175    0.6491268215331812     25    
55565.88489435496    15.914402378180524    0.6405983179075482     25    
55566.38489435496    15.412049672274275    0.6265285595082954     25    
55566.88489435496    14.906308764676242    0.6135706963015229     25    
55567.38489435496    14.398806179599644    0.6112954640713394     25    
55567.88489435496    13.889122869820506    0.6162327406111859     25    
55568.38489435496    13.379977384629651    0.6183946824391742     25    
55568.88489435496    12.87048407131638     0.6217274783223267     25    
55569.38489435496    12.363650307522603    0.6133215200426789     25    
55569.88489435496    11.861610698401888    0.5690263159474023     25    
55570.38489435496    11.364139649768884    0.4957084868678382     25    
55570.88489435496    10.876975397030431    0.4469203007846955     25    
55571.38489435496    10.398966131956273    0.4417724741582125     25    
55571.88489435496    9.93403919006434      0.44788784886509136    25    
55572.38489435496    9.48549343794995      0.44554423308982033    25    
55572.88489435496    9.052254207799699     0.4427962083692007     25    
55573.38489435496    8.636723964942385     0.43550194230843847    25    
55573.88489435496    8.239035478930008     0.4216604164169632     25    
55574.38489435496    7.858139942795353     0.4089651722873584     25    
55574.88489435496    7.493774986722239     0.40378024669278617    25    
55575.38489435496    7.145859274071583     0.4023717583211134     25    
55575.88489435496    6.813502962280713     0.4006958805896821     25    
55576.38489435496    6.496914487003922     0.39951735927383514    25    
55576.88489435496    6.195486438454952     0.3968908149059221     25    
55577.38489435496    5.908980376934167     0.3942153145663306     25    
55577.88489435496    5.637368754914238     0.3876459780270343     25    
55578.38489435496    5.380160694382061     0.363253105558279      25    
55578.88489435496    5.1375063870077495    0.3140857186841692     25    
55579.38489435496    4.90888175014563      0.2707677401670416     25    
55579.88489435496    4.694551213450131     0.26359907828079676    25    
55580.38489435496    4.493731440155143     0.27185924282525287    25    
55580.88489435496    4.305098513311854     0.2700983014509387     25    
55581.38489435496    4.1292181814563635    0.2624610304714462     25    
55581.88489435496    3.962956450530219     0.25795790312429695    25    
55582.38489435496    3.8061914238876997    0.26093854312970094    25    
55582.88489435496    3.6577278237701583    0.2660567873456132     25    
55583.38489435496    3.5147876111610823    0.2684909153803914     25    
55583.88489435496    3.378107048835227     0.26959806519269447    25    
55584.38489435496    3.246747876000029     0.26707239250363324    25    
55584.88489435496    3.1198895433034783    0.2589653683735779     25    
55585.38489435496    2.999026922892251     0.24811890322152944    25    
55585.88489435496    2.8854158766157347    0.23691083650879985    25    
55586.38489435496    2.778692874490123     0.22444992841951936    25    
55586.88489435496    2.6809051936075177    0.21727351759328292    25    
55587.38489435496    2.5925719547792956    0.21985113313615928    25    
55587.88489435496    2.512860281162462     0.22365996314198644    25    
55588.38489435496    2.4421086168173245    0.2198520924240316     25    
55588.88489435496    2.37991631204337      0.21178808504953348    25    
55589.38489435496    2.321746644995795     0.2074707142951186     25    
55589.88489435496    2.268442007460424     0.20860022412542734    25    
55590.38489435496    2.2169164540664306    0.21165412203613426    25    
55590.88489435496    2.164094634604998     0.21555417264315027    25    
55591.38489435496    2.1110034680135       0.22012284196460916    25    
55591.88489435496    2.055708954856381     0.22097499434374165    25    
55592.38489435496    1.9973887254271145    0.2186674393246171     25    
55592.88489435496    1.9390655534671553    0.21145847893689634    25    
55593.38489435496    1.881995474429577     0.19329355596505512    25    
55593.88489435496    1.8262653513990104    0.16691979105440405    25    
55594.38489435496    1.7755085311148502    0.15151172893792778    25    
55594.88489435496    1.7292918877224388    0.15269217483103475    25    
55595.38489435496    1.6884692504448418    0.15575015025722985    25    
55595.88489435496    1.6545413092425003    0.15119553514489512    25    
55596.38489435496    1.6260820649493213    0.14517730184198116    25    
55596.88489435496    1.6006099195689611    0.14460562136837332    25    
55597.38489435496    1.5789071466896178    0.14944886467281546    25    
55597.88489435496    1.558224634583393     0.15565472618576268    25    
55598.38489435496    1.5375051678235316    0.16332689610407622    25    
55598.88489435496    1.516800803167192     0.17032338049541917    25    
55599.38489435496    1.4942445465949667    0.17058048063876646    25    
55599.88489435496    1.4699831058114474    0.1644834889393211     25    
55600.38489435496    1.445231017745082     0.15713037809273972    25    
55600.88489435496    1.4199994329529517    0.14982657657677578    25    
55601.38489435496    1.394797134731107     0.14249496602426007    25    
55601.88489435496    1.3708459493957805    0.1377398404000745     25    
55602.38489435496    1.3478141586322676    0.13537045544233992    25    
55602.88489435496    1.3265622355031461    0.13431813462456962    25    
55603.38489435496    1.3074607886880036    0.1351134097555387     25    
55603.88489435496    1.290127946139456     0.1362679054408477     25    
55604.38489435496    1.274394918866922     0.13522262750871433    25    
55604.88489435496    1.2603199214636995    0.13257711172162798    25    
55605.38489435496    1.2474676061558938    0.12962066282225845    25    
55605.88489435496    1.235866244340175     0.12631785439669774    25    
55606.38489435496    1.2253022934433524    0.12310014684668494    25    
55606.88489435496    1.2154846452505013    0.12089012382635828    25    
55607.38489435496    1.2064953359470738    0.11944735133477109    25    
55607.88489435496    1.1979017783582178    0.11847040833696725    25    
55608.38489435496    1.1897614498274867    0.11742633502241027    25    
55608.88489435496    1.1818216702426552    0.1177370802833236     25    
55609.38489435496    1.173827289248134     0.12099816772966335    25    
55609.88489435496    1.1658374964418896    0.1263176740987838     25    
55610.38489435496    1.157419508372549     0.13165296896349968    25    
55610.88489435496    1.1486540415241981    0.133686750260176      25    
55611.38489435496    1.1392522616487457    0.14272142298873058    25    
55611.88489435496    1.128997959653119     0.16043511471055852    25    