54658.58500724512    272.9729498886043     165.16020859457282    25    
54659.08500724512    352.08444506690097    157.80225479628143    25    
54659.58500724512    444.92433746252334    179.48890725237968    25    
54660.08500724512    552.6851861786547     272.9583396666048     25    
54660.58500724512    676.2783875888466     345.953523613361      25    
54661.08500724512    817.0312036154326     359.9856112183088     25    
54661.58500724512    975.7250306493524     356.2402069235048     25    
54662.08500724512    1153.8124277590148    359.3654261979324     25    
54662.58500724512    1351.9541970258176    362.02778011112       25    
54663.08500724512    1571.718788991178     363.89908161905174    25    
54663.58500724512    1813.6558171000227    365.1704007514111     25    
54664.08500724512    2079.440217693702     365.85782067421013    25    
54664.58500724512    2369.5198212537434    366.35076336005983    25    
54665.08500724512    2686.416910140125     368.44862464300274    25    
54665.58500724512    3028.938361048567     370.0082047299891     25    
54666.08500724512    3400.465837734657     363.14828122752823    25    
54666.58500724512    3791.5948240949233    353.84543689402716    25    
54667.08500724512    4179.2594815067805    359.21815703252133    25    
54667.58500724512    4557.667767010647     372.86221996673015    25    
54668.08500724512    4890.517755529723     383.37686351029987    25    
54668.58500724512    5176.829126575582     392.0584807972839     25    
54669.08500724512    5379.267421155897     396.06402759794287    25    
54669.58500724512    5505.471141282197     396.5527658707279     25    
54670.08500724512    5563.484686981403     398.5111350656537     25    
54670.58500724512    5556.709926890367     401.2421299612778     25    
54671.08500724512    5515.217984078533     405.1538936172444     25    
54671.58500724512    5438.700020425526     409.63929300309644    25    
54672.08500724512    5356.435411906021     409.8698263120158     25    
54672.58500724512    5266.293208716958     405.42517899042576    25    
54673.08500724512    5171.710294504889     378.3448025018591     25    
54673.58500724512    5072.149227299237     325.26754205937857    25    
54674.08500724512    4957.911022075771     297.3763616764285     25    
54674.58500724512    4829.1989296053425    300.92306224196307    25    
54675.08500724512    4677.524965418809     299.8636250278639     25    
54675.58500724512    4502.570217910543     293.80164024144165    25    
54676.08500724512    4311.315456729644     285.86496754489355    25    
54676.58500724512    4103.085411196089     275.6584928646023     25    
54677.08500724512    3893.10811523035      268.9072908794384     25    
54677.58500724512    3681.345110410795     266.80009036782496    25    
54678.08500724512    3481.637585113498     264.09978087847753    25    
54678.58500724512    3295.5980725624277    260.8957827638581     25    
54679.08500724512    3123.4702068173688    249.58422571706475    25    
54679.58500724512    2966.536904764356     224.57224041135953    25    
54680.08500724512    2817.4201555024742    207.62571479363814    25    
54680.58500724512    2675.7775621406654    208.16501691585518    25    
54681.08500724512    2535.653425824842     208.05424045850327    25    
54681.58500724512    2395.348553780176     203.0692626553693     25    
54682.08500724512    2255.7931937152975    197.4180290870264     25    
54682.58500724512    2115.9581080179482    190.66519506032608    25    
54683.08500724512    1980.7748746817745    187.7280492130774     25    
54683.58500724512    1850.9251946980735    192.34099110824525    25    
54684.08500724512    1730.236853088883     195.77606861408572    25    
54684.58500724512    1620.67496214232      196.63750151915153    25    
54685.08500724512    1521.2190933766117    189.16939175077775    25    
54685.58500724512    1432.8531749963454    162.48540571976596    25    
54686.08500724512    1351.672045712672     135.847117257031      25    
54686.58500724512    1276.5643467450627    130.37138829367132    25    
54687.08500724512    1204.6857498617815    130.0975758850166     25    
54687.58500724512    1133.856441329222     127.20064715409146    25    
54688.08500724512    1064.3257627890368    123.42327772286066    25    
54688.58500724512    994.9735309824839     115.82261800785476    25    
54689.08500724512    927.9006040271317     109.78010899296018    25    
54689.58500724512    864.1103970428394     111.67866891569139    25    
54690.08500724512    804.8422323125525     115.67568865165397    25    
54690.58500724512    751.7957073368217     118.60076033751989    25    
54691.08500724512    704.5916454393525     119.66002717391017    25    
54691.58500724512    663.9376688034497     116.47376808306595    25    
54692.08500724512    628.5433058886331     109.50780838096351    25    
54692.58500724512    597.2779250263169     95.35141392085659     25    
54693.08500724512    569.478658899583      78.33647844111867     25    
54693.58500724512    543.6618262132988     73.26044445712063     25    
54694.08500724512    519.7299611718789     73.5483075465237      25    
54694.58500724512    496.6752894759328     68.52087138099799     25    
54695.08500724512    474.7134117387182     62.72511996838734     25    
54695.58500724512    453.73002554257357    62.443409222267036    25    
54696.08500724512    433.72597024500055    64.71335048040808     25    
54696.58500724512    414.58100081351853    65.37951719509313     25    
54697.08500724512    396.3961364615864     65.01039677514721     25    
54697.58500724512    379.28904110613723    61.2829586305107      25    
54698.08500724512    363.4135659178325     56.11254725812394     25    
54698.58500724512    349.3134598056179     57.48520668079054     25    
54699.08500724512    337.03941724263075    62.519359616605       25    
54699.58500724512    327.2966028415601     66.3856934125671      25    
54700.08500724512    319.90457316014573    69.1753977424641      25    
54700.58500724512    314.76041924692976    66.2545783059726      25    
54701.08500724512    311.6014015247088     58.75986318161465     25    
54701.58500724512    308.82156477867903    53.90806325435964     25    
54702.08500724512    306.39223042149695    51.369413570943195    25    
54702.58500724512    302.4821623532967     51.32144444673651     25    
54703.08500724512    297.22694152405387    53.42019619040235     25    
54703.58500724512    289.9873844518799     53.385347173565975    25    
54704.08500724512    280.89937934620605    51.5722964258256      25    
54704.58500724512    271.65221455702755    48.92750757741934     25    
54705.08500724512    262.2159964446278     45.35748408277188     25    
54705.58500724512    254.4549260277555     45.37660856102892     25    
54706.08500724512    248.34136279104268    48.935672376706094    25    
54706.58500724512    244.62112223980012    52.301473132544395    25    
54707.08500724512    243.37621423090314    55.42233645153665     25    
54707.58500724512    243.07977254311177    59.96304845748116     25    
54708.08500724512    243.76969315113413    66.04034016101026     25    
54708.58500724512    243.83621710556912    68.45995573200489     25    
54709.08500724512    243.2047636245242     67.12273757245373     25    
54709.58500724512    241.08180611686208    62.18605262999854     25    
54710.08500724512    237.24211718417558    51.091698484085626    25    
54710.58500724512    232.602895449077      46.32041113718169     25    
54711.08500724512    227.1536777834934     52.09337002670316     25    
54711.58500724512    221.81922172352824    64.02866036883397     25    
54712.08500724512    216.70720907642266    80.7522039879056      25    
54712.58500724512    212.36991573290976    92.50505698927836     25    
54713.08500724512    209.01152980249032    99.56793550281098     25    
54713.58500724512    206.41436513659232    102.25054266184021    25    
54714.08500724512    204.59065707015043    99.96398592700369     25    
54714.58500724512    203.33733067984895    94.75146245207576     25    
54715.08500724512    202.62216811199696    86.27123290870111     25    
54715.58500724512    202.27004281668505    76.13285154577831     25    
54716.08500724512    202.24000128078708    64.56117558766945     25    
54716.58500724512    202.36611066559533    52.62872454602402     25    
54717.08500724512    202.59776569501543    41.3954813887959      25    
54717.58500724512    202.77914334507352    33.01600061226943     25    
54718.08500724512    202.8490704731756     29.544398795567428    25    
54718.58500724512    202.66274997361404    37.86268030824279     25    
54719.08500724512    202.14752473376234    52.14438447334105     25    
54719.58500724512    201.1705396697112     75.35914414744764     25    