54658.58500724512    348.131522162526      98.77123842767726     25    
54659.08500724512    429.0860949378645     88.23824827915858     25    
54659.58500724512    519.8951657304822     101.00389616987368    25    
54660.08500724512    620.9648407036475     169.35500790753213    25    
54660.58500724512    732.6054807304524     220.1893953606695     25    
54661.08500724512    855.2690627783228     228.18287031835112    25    
54661.58500724512    989.2216783889419     223.4005243057988     25    
54662.08500724512    1134.9579723883965    223.9052725137573     25    
54662.58500724512    1292.7029699324542    224.33343109298463    25    
54663.08500724512    1462.9907807603727    224.5306234498716     25    
54663.58500724512    1646.0085665874958    224.5204614391917     25    
54664.08500724512    1842.3266991207568    224.2821246881986     25    
54664.58500724512    2052.0976795805686    223.878847006923      25    
54665.08500724512    2276.272901165191     224.3728511625053     25    
54665.58500724512    2514.2552001648105    223.82733865802643    25    
54666.08500724512    2767.3837323724165    215.20766553958384    25    
54666.58500724512    3031.2632352953847    202.7586604799012     25    
54667.08500724512    3294.9572488495673    199.85740954972445    25    
54667.58500724512    3555.7549904999473    202.67361333822328    25    
54668.08500724512    3796.6045594762354    204.13704665759323    25    
54668.58500724512    4016.9850275865       205.3164875111073     25    
54669.08500724512    4199.368144971278     205.7786378062745     25    
54669.58500724512    4346.962722891068     205.7510827030614     25    
54670.08500724512    4461.622678624695     206.1230682675797     25    
54670.58500724512    4544.777815723252     206.76941142780345    25    
54671.08500724512    4607.6660268975365    207.76751214298028    25    
54671.58500724512    4650.166909987297     208.98844038427666    25    
54672.08500724512    4683.1660803760215    210.75663638248963    25    
54672.58500724512    4705.834649354591     212.16854869856226    25    
54673.08500724512    4718.905654249812     194.61476814709067    25    
54673.58500724512    4722.180624369155     154.07640386905967    25    
54674.08500724512    4711.227574647824     132.14205011680232    25    
54674.58500724512    4686.140984887264     137.022405961456      25    
54675.08500724512    4642.9755122847255    139.2140474685058     25    
54675.58500724512    4581.6030124761555    138.54782510192933    25    
54676.08500724512    4504.663833757442     137.60367506888664    25    
54676.58500724512    4411.87647371664      136.3383040816201     25    
54677.08500724512    4309.384633807818     135.8247018297038     25    
54677.58500724512    4197.160158282029     136.27812720722213    25    
54678.08500724512    4080.8267703146935    136.5054493156891     25    
54678.58500724512    3960.838559449806     137.04544136879684    25    
54679.08500724512    3839.032476841636     131.11844123409566    25    
54679.58500724512    3715.804004739974     114.36013682762926    25    
54680.08500724512    3590.851542122739     102.67877456557781    25    
54680.58500724512    3464.1755406584593    103.29328005362385    25    
54681.08500724512    3335.7751301524986    104.35965923708666    25    
54681.58500724512    3205.5266404888685    103.47392467045886    25    
54682.08500724512    3074.1011786426975    102.13392835085396    25    
54682.58500724512    2941.461531154331     100.08249972984365    25    
54683.08500724512    2808.65534250639      98.58364556817571     25    
54683.58500724512    2675.8253906345526    98.3569831855668      25    
54684.08500724512    2543.928226108147     98.22253081224527     25    
54684.58500724512    2413.047478773236     99.1644662002742      25    
54685.08500724512    2284.563867421285     95.475807397474       25    
54685.58500724512    2158.7315734830236    79.60633743902547     25    
54686.08500724512    2037.1528104133909    63.64183517549209     25    
54686.58500724512    1920.3920278844298    62.04957170313535     25    
54687.08500724512    1809.8010998618743    63.90799281157686     25    
54687.58500724512    1706.4944194893876    63.626401215168094    25    
54688.08500724512    1610.1258573486302    63.120130787041916    25    
54688.58500724512    1521.1997306317212    61.8643089249091      25    
54689.08500724512    1438.354600355839     60.79148963309415     25    
54689.58500724512    1360.8905914542295    60.88462635401567     25    
54690.08500724512    1287.9430869446655    61.235102493250054    25    
54690.58500724512    1218.4366671914004    61.31782289980136     25    
54691.08500724512    1152.3240300974014    61.0484765035789      25    
54691.58500724512    1088.9769140420528    60.92185087035437     25    
54692.08500724512    1028.8197786860628    58.742474548044584    25    
54692.58500724512    972.0829054451468     48.32425079214322     25    
54693.08500724512    918.9154573360793     33.3220128128979      25    
54693.58500724512    869.7026312100254     29.445218404631316    25    
54694.08500724512    824.3132873979863     31.768665829723933    25    
54694.58500724512    782.8315677912306     31.07024233657796     25    
54695.08500724512    744.9827978384915     30.20883960210318     25    
54695.58500724512    710.3174196827154     30.313327590816346    25    
54696.08500724512    678.7128005776623     30.84509586593639     25    
54696.58500724512    649.665119627935      31.117922664939574    25    
54697.08500724512    623.089183692858      31.179915087664288    25    
54697.58500724512    598.4688377170836     30.53308856657247     25    
54698.08500724512    575.743187425781      29.527670502296818    25    
54698.58500724512    554.3930529477458     29.269623289852564    25    
54699.08500724512    534.3742131432723     29.465003390912024    25    
54699.58500724512    515.1084706039018     29.72848655257363     25    
54700.08500724512    496.6393773698693     29.97603959315154     25    
54700.58500724512    478.6584952557471     29.32202058464065     25    
54701.08500724512    461.2463052229842     28.024468985143923    25    
54701.58500724512    444.6057566189512     27.33577804109667     25    
54702.08500724512    428.7438944256358     27.123358743779658    25    
54702.58500724512    413.90449899845174    27.197111718755345    25    
54703.08500724512    400.07182127389893    27.51468802497506     25    
54703.58500724512    387.3517146747546     27.531520533177403    25    
54704.08500724512    375.7280527113135     27.228449891331564    25    
54704.58500724512    365.0395895805686     25.003989575012163    25    
54705.08500724512    355.28901616422974    20.39153466289712     25    
54705.58500724512    346.30374613087946    18.075306913217865    25    
54706.08500724512    338.087578288565      18.913381474800183    25    
54706.58500724512    330.48856326570933    19.06639480029536     25    
54707.08500724512    323.50832069530617    18.44343249697852     25    
54707.58500724512    317.0341266583427     18.07391124605958     25    
54708.08500724512    311.0674321679323     18.022471077370124    25    
54708.58500724512    305.4964102391451     18.14873436545068     25    
54709.08500724512    300.31963570694774    18.490521525800542    25    
54709.58500724512    295.4444811968195     18.501338875605278    25    
54710.08500724512    290.8648312710753     18.04440807584009     25    
54710.58500724512    286.52973346345414    17.72187611903053     25    
54711.08500724512    282.4366760730586     17.597348358543343    25    
54711.58500724512    278.53577287754666    17.915964752033503    25    
54712.08500724512    274.8216783381337     18.844559538005726    25    
54712.58500724512    271.25904851611745    19.53403312350789     25    
54713.08500724512    267.83799527733606    19.813710591970345    25    
54713.58500724512    264.5570464543117     19.83383120045557     25    
54714.08500724512    261.41426997567737    19.559940428772382    25    
54714.58500724512    258.4079802406845     19.178220162060814    25    
54715.08500724512    255.53773079443877    18.723189883092562    25    
54715.58500724512    252.80109484258804    18.309727605610195    25    
54716.08500724512    250.1975048769252     18.010731491216923    25    
54716.58500724512    247.72466150380666    17.802689619497833    25    
54717.08500724512    245.38186346692126    17.785560993998036    25    
54717.58500724512    243.16695146812347    17.60180471732054     25    
54718.08500724512    241.07907780820966    16.786245733104657    25    
54718.58500724512    239.11623597932268    16.239538677334995    25    
54719.08500724512    237.27741914457485    16.35899696651756     25    
54719.58500724512    235.56078628118792    17.58435414884581     25    