55586.9533515575    2.1455131193742303    0.5630389432493493     25    
55587.4533515575    2.4775439864444637    0.5607091424561501     25    
55587.9533515575    2.8321738145808353    0.5615327338620422     25    
55588.4533515575    3.208620708854985     0.589708760985402      25    
55588.9533515575    3.6071313319373304    0.6525768131326491     25    
55589.4533515575    4.027178974960971     0.7100955192919665     25    
55589.9533515575    4.4682408413051276    0.7331411188300904     25    
55590.4533515575    4.930561631947502     0.7347240926184336     25    
55590.9533515575    5.413357512545665     0.7342493454108543     25    
55591.4533515575    5.916537483573486     0.7388438920980892     25    
55591.9533515575    6.439998853323825     0.7433897538354436     25    
55592.4533515575    6.982961699700349     0.7477988977593186     25    
55592.9533515575    7.545674602508891     0.7520693592816812     25    
55593.4533515575    8.127606962915113     0.7563597230717946     25    
55593.9533515575    8.728239918822961     0.760718492348901      25    
55594.4533515575    9.347816164960154     0.765134043816912      25    
55594.9533515575    9.985550084184727     0.7701739901977536     25    
55595.4533515575    10.642584704125076    0.779886621356741      25    
55595.9533515575    11.31706139529823     0.7886520266819042     25    
55596.4533515575    12.005628880700208    0.7825996819016958     25    
55596.9533515575    12.717583730391885    0.753961298221703      25    
55597.4533515575    13.427045960743687    0.7261699613103343     25    
55597.9533515575    14.115121021680467    0.7258776535921674     25    
55598.4533515575    14.791616535425415    0.7451743415049218     25    
55598.9533515575    15.412993337271852    0.7643920654066356     25    
55599.4533515575    15.972909581160987    0.777078551949299      25    
55599.9533515575    16.467992175564223    0.7878338615812963     25    
55600.4533515575    16.859606645996784    0.7953472443418803     25    
55600.9533515575    17.1449865626528      0.798353442420628      25    
55601.4533515575    17.34173012893993     0.8007121032079032     25    
55601.9533515575    17.454919663531395    0.8062415075959539     25    
55602.4533515575    17.480201295337334    0.8135419491587699     25    
55602.9533515575    17.45656996811679     0.8207407017367261     25    
55603.4533515575    17.388597043082658    0.8290227909406227     25    
55603.9533515575    17.280570506486278    0.8362247062037107     25    
55604.4533515575    17.168071215974425    0.8367356660255606     25    
55604.9533515575    17.048738237338746    0.8321501491495509     25    
55605.4533515575    16.920236552682365    0.819281878014538      25    
55605.9533515575    16.787707533388502    0.789195262021292      25    
55606.4533515575    16.65005676870017     0.7414116093979222     25    
55606.9533515575    16.493754652640916    0.7045910829405353     25    
55607.4533515575    16.31721514046537     0.6995637221772377     25    
55607.9533515575    16.119102071552735    0.7086208774427262     25    
55608.4533515575    15.887472519520925    0.7095699650705781     25    
55608.9533515575    15.62097454573188     0.7025646246340788     25    
55609.4533515575    15.326844304034676    0.693288028291547      25    
55609.9533515575    15.007400679815749    0.6832366390117475     25    
55610.4533515575    14.660763824065961    0.6715110870012074     25    
55610.9533515575    14.304541560122306    0.6634082865272499     25    
55611.4533515575    13.940399783458929    0.6636517016162952     25    
55611.9533515575    13.570726150550996    0.6670201914718166     25    
55612.4533515575    13.211964864097942    0.6656827416168601     25    
55612.9533515575    12.862775859510247    0.662157231391224      25    
55613.4533515575    12.52249200020598     0.6509850816437434     25    
55613.9533515575    12.194073198554708    0.620530486037536      25    
55614.4533515575    11.876815007009702    0.5707163134157621     25    
55614.9533515575    11.56302949353241     0.5304354971050457     25    
55615.4533515575    11.252095610181279    0.5209284309241864     25    
55615.9533515575    10.94289633577642     0.5256419639849961     25    
55616.4533515575    10.628292213455277    0.524636284650608      25    
55616.9533515575    10.30862131922533     0.5187682555929722     25    
55617.4533515575    9.984978172810948     0.5112791220046615     25    
55617.9533515575    9.656473433477611     0.501399584534223      25    
55618.4533515575    9.323162721978456     0.48894151382507967    25    
55618.9533515575    8.990613485153103     0.48041369608489903    25    
55619.4533515575    8.659183726117618     0.48082238766907104    25    
55619.9533515575    8.329817194350792     0.48482085560552457    25    
55620.4533515575    8.007788547089671     0.48530313485433696    25    
55620.9533515575    7.692153169157396     0.4851620115243639     25    
55621.4533515575    7.384157859093773     0.47776827393811444    25    
55621.9533515575    7.085712711168809     0.4506406531784328     25    
55622.4533515575    6.7960886539920065    0.40362331102603877    25    
55622.9533515575    6.51513264907687      0.3644099331961919     25    
55623.4533515575    6.24286232133069      0.35440544980136623    25    
55623.9533515575    5.979235385601449     0.35826754402271577    25    
55624.4533515575    5.724120457438043     0.3578374409474216     25    
55624.9533515575    5.4774985328818       0.3548312762318149     25    
55625.4533515575    5.239470236196251     0.34971330262954103    25    
55625.9533515575    5.0100578737710695    0.3390244156794182     25    
55626.4533515575    4.789238697811353     0.323211371441288      25    
55626.9533515575    4.577326993056212     0.3100761515588701     25    
55627.4533515575    4.374344115716131     0.3040400014661259     25    
55627.9533515575    4.180340348194467     0.3015598127330846     25    
55628.4533515575    3.995629150520216     0.29944918345739824    25    
55628.9533515575    3.8202986912202093    0.2984991398875694     25    
55629.4533515575    3.653970404348768     0.29733360711825463    25    
55629.9533515575    3.4965338233815415    0.29496025528476477    25    
55630.4533515575    3.3480800609681136    0.29190866560986917    25    
55630.9533515575    3.207461881911121     0.28369581975864544    25    
55631.4533515575    3.07464424365291      0.2635967511386117     25    
55631.9533515575    2.949381854730256     0.23797383770193797    25    
55632.4533515575    2.830588368693327     0.2237038298483018     25    
55632.9533515575    2.7187303008958343    0.2255357642303227     25    
55633.4533515575    2.6127220496148507    0.2294848845326859     25    
55633.9533515575    2.5117507986178533    0.22366594367418413    25    
55634.4533515575    2.4162092513108164    0.21203582472306273    25    
55634.9533515575    2.3242529454618874    0.20234526186877783    25    
55635.4533515575    2.2358056985676535    0.19858139756570134    25    
55635.9533515575    2.150502381516001     0.1975158384337056     25    
55636.4533515575    2.0665245930503486    0.19656629219609112    25    
55636.9533515575    1.9839620786767633    0.19659121652002218    25    
55637.4533515575    1.9031874699104743    0.19582661177660432    25    
55637.9533515575    1.8238175558451892    0.19184729520614577    25    
55638.4533515575    1.7459058707442143    0.18535760936732174    25    
55638.9533515575    1.6722644752809852    0.17891100895049392    25    
55639.4533515575    1.602936767740306     0.1727237977075536     25    
55639.9533515575    1.5385634128812533    0.16720216188892215    25    
55640.4533515575    1.4819970790296069    0.1651445300073091     25    
55640.9533515575    1.4330652791339733    0.16787122032533866    25    
55641.4533515575    1.3912499965285152    0.17045655501386212    25    
55641.9533515575    1.357275521421804     0.1678797044341471     25    
55642.4533515575    1.3310033021871155    0.16181955718086305    25    
55642.9533515575    1.3076831294678521    0.15869356250508046    25    
55643.4533515575    1.2873078118787187    0.16201779548630146    25    
55643.9533515575    1.2687079176417653    0.16798314309024776    25    
55644.4533515575    1.247090734739218     0.17303533645551988    25    
55644.9533515575    1.2232905899984672    0.17850425565581512    25    
55645.4533515575    1.196473529113556     0.1816397892554139     25    
55645.9533515575    1.1646545589232162    0.17943189701198964    25    
55646.4533515575    1.1285321441245755    0.17295932255480728    25    
55646.9533515575    1.091806004486481     0.1635955529404201     25    
55647.4533515575    1.054383012587477     0.148667146911345      25    
55647.9533515575    1.0173027415531617    0.13068439678059923    25    
55648.4533515575    0.984437047926889     0.11988201726263746    25    
55648.9533515575    0.9550190554856579    0.11913660424849597    25    
55649.4533515575    0.9299934590350116    0.12151414451835814    25    
55649.9533515575    0.9111407072833073    0.12087479574594023    25    
55650.4533515575    0.8978014008072654    0.11957712943856368    25    
55650.9533515575    0.8872866780048518    0.12311070926242546    25    
55651.4533515575    0.879717895943699     0.13438801614097842    25    
55651.9533515575    0.8742651932218384    0.1480680738288288     25    
55652.4533515575    0.8680508390554748    0.1593958738532576     25    
55652.9533515575    0.8617661065587543    0.17070061356275268    25    
55653.4533515575    0.854330249180889     0.17776239249890957    25    
55653.9533515575    0.8442575507672929    0.17592928772476363    25    
55654.4533515575    0.832136491975725     0.16705857384669964    25    
55654.9533515575    0.8190687836904195    0.15628884421162223    25    
55655.4533515575    0.8049473917978262    0.14387533536711702    25    
55655.9533515575    0.7901936771409002    0.1298754058015731     25    
55656.4533515575    0.7760964338275104    0.1190670644245215     25    
55656.9533515575    0.7623081402276577    0.11225636445951023    25    
55657.4533515575    0.7494312782147562    0.10811948995525344    25    
55657.9533515575    0.7381793712451082    0.10638671816092324    25    
55658.4533515575    0.7282595918062984    0.10747700262960992    25    
55658.9533515575    0.7194513599198381    0.10823447486397264    25    
55659.4533515575    0.7118065692991822    0.10759439439691813    25    
55659.9533515575    0.7051961370243074    0.10653320459421306    25    
55660.4533515575    0.6992998601676185    0.10531655088992645    25    
55660.9533515575    0.6942359780594578    0.1037836104210381     25    
55661.4533515575    0.689748785451541     0.10232473538889292    25    
55661.9533515575    0.6856449618974169    0.10137711424031992    25    
55662.4533515575    0.6820114655125404    0.10077678025262697    25    
55662.9533515575    0.6784987228549632    0.10025382932013546    25    
55663.4533515575    0.6751095398034823    0.09937247560981395    25    
55663.9533515575    0.6717559063526823    0.0987796848040987     25    
55664.4533515575    0.6681186426411455    0.09951046139907903    25    
55664.9533515575    0.6643164685800669    0.10115839992714755    25    
55665.4533515575    0.6600921752741321    0.10448244116940712    25    
55665.9533515575    0.6552543107813061    0.10786322796591033    25    
55666.4533515575    0.6498886229214207    0.11174269228890049    25    
55666.9533515575    0.6436450672731804    0.1269231874974793     25    