#Date  :
#Flux  :
#Fluxerr  :
#ZP  :
#end  :
@INSTRUMENT  SDSS
@BAND  SDSS_z
@MAGSYS  AB
53774.841472  0.0  13.967545314452051  25.0
53779.827817  0.0  13.967545314452051  25.0
53784.814161999995  0.0  13.967545314452051  25.0
53789.80050699999  0.0  13.967545314452051  25.0
53794.78685199999  0.0  13.967545314452051  25.0
53799.77319699999  0.0  13.967545314452051  25.0
53804.759541999985  0.0  13.967545314452051  25.0
53809.74588699998  0.0  13.967545314452051  25.0
53814.73223199998  0.0  13.967545314452051  25.0
53819.71857699998  0.0  13.967545314452051  25.0
53824.704921999975  0.0  13.967545314452051  25.0
53829.69126699997  0.0  13.967545314452051  25.0
53834.67761199997  0.0  13.967545314452051  25.0
53839.66395699997  0.0  13.967545314452051  25.0
53844.650301999965  0.0  13.967545314452051  25.0
53849.63664699996  0.0  13.967545314452051  25.0
53854.62299199996  0.0  13.967545314452051  25.0
53859.60933699996  0.0  13.967545314452051  25.0
53864.595681999956  0.0  13.967545314452051  25.0
53869.58202699995  0.0  13.967545314452051  25.0
53874.56837199995  0.0  13.967545314452051  25.0
53879.55471699995  0.0  13.967545314452051  25.0
53884.541061999946  0.0  13.967545314452051  25.0
53889.52740699994  0.0  13.967545314452051  25.0
53894.51375199994  0.0  13.967545314452051  25.0
53899.50009699994  0.0  13.967545314452051  25.0
53904.486441999936  0.0  13.967545314452051  25.0
53909.47278699993  0.0  13.967545314452051  25.0
53914.45913199993  0.0  13.967545314452051  25.0
53919.44547699993  0.0  13.967545314452051  25.0
53924.431821999926  0.0  13.967545314452051  25.0
53929.41816699992  0.0  13.967545314452051  25.0
53934.40451199992  0.0  13.967545314452051  25.0
53939.39085699992  0.0  13.967545314452051  25.0
53944.377201999916  0.0  13.967545314452051  25.0
53949.36354699991  0.0  13.967545314452051  25.0
53954.34989199991  0.0  13.967545314452051  25.0
53959.33623699991  0.0  13.967545314452051  25.0
53964.322581999906  0.0  13.967545314452051  25.0
53969.3089269999  0.0  13.967545314452051  25.0
53974.2952719999  0.0  13.967545314452051  25.0
53979.2816169999  0.0  13.967545314452051  25.0
53984.267961999896  0.0  13.967545314452051  25.0
53989.254306999894  0.0  13.967545314452051  25.0
53994.24065199989  0.0  13.967545314452051  25.0
53999.22699699989  0.0  13.967545314452051  25.0
54004.213341999886  0.0  13.967545314452051  25.0
53974.295272  -10.318317611829595  12.912231803742303  25.0
53989.298782  -6.809707362768726  13.821466988907494  25.0
54000.274178  -27.3862729946152  14.640597786353611  25.0
54007.324402  3.254679701852574  13.851501784813852  25.0
54009.247964  -24.83604577856629  14.08358884409025  25.0
54011.312455  4.188488810941148  12.491744661053296  25.0
54019.262323  9.654821665898242  12.740214336278619  25.0
54021.316315  -0.22695383961240434  11.09376143341192  25.0
54025.31093  22.635314369427718  19.036599732647776  25.0
54029.241203  7.866386091474217  14.394858547119776  25.0
54031.227736  23.612810454380085  13.589379929631093  25.0
54036.232212  33.529753975461084  14.460389010915465  25.0
54039.230348  53.216197474082776  13.119744939095318  25.0
54048.22425  14.542302090660076  11.52243988407539  25.0
54052.228196  17.55943386125328  19.721939166511028  25.0
54054.246721  18.886425753115986  19.951295789795942  25.0
54055.22394  26.93302062002835  14.312945467375163  25.0
54058.222029  11.15929189720761  14.476771626864386  25.0
54060.243943  35.95984200788457  12.805744800074308  25.0
54063.212261  22.31312292243225  17.47205990952569  25.0
