#Date  :
#Flux  :
#Fluxerr  :
#ZP  :
#end  :
@INSTRUMENT  SDSS
@BAND  SDSS_r
@MAGSYS  AB
53774.838983999995  0.0  3.256409889970069  25.0
53779.82532899999  0.0  3.256409889970069  25.0
53784.81167399999  0.0  3.256409889970069  25.0
53789.79801899999  0.0  3.256409889970069  25.0
53794.784363999985  0.0  3.256409889970069  25.0
53799.77070899998  0.0  3.256409889970069  25.0
53804.75705399998  0.0  3.256409889970069  25.0
53809.74339899998  0.0  3.256409889970069  25.0
53814.729743999975  0.0  3.256409889970069  25.0
53819.71608899997  0.0  3.256409889970069  25.0
53824.70243399997  0.0  3.256409889970069  25.0
53829.68877899997  0.0  3.256409889970069  25.0
53834.675123999965  0.0  3.256409889970069  25.0
53839.66146899996  0.0  3.256409889970069  25.0
53844.64781399996  0.0  3.256409889970069  25.0
53849.63415899996  0.0  3.256409889970069  25.0
53854.620503999955  0.0  3.256409889970069  25.0
53859.60684899995  0.0  3.256409889970069  25.0
53864.59319399995  0.0  3.256409889970069  25.0
53869.57953899995  0.0  3.256409889970069  25.0
53874.565883999945  0.0  3.256409889970069  25.0
53879.55222899994  0.0  3.256409889970069  25.0
53884.53857399994  0.0  3.256409889970069  25.0
53889.52491899994  0.0  3.256409889970069  25.0
53894.511263999935  0.0  3.256409889970069  25.0
53899.49760899993  0.0  3.256409889970069  25.0
53904.48395399993  0.0  3.256409889970069  25.0
53909.47029899993  0.0  3.256409889970069  25.0
53914.456643999925  0.0  3.256409889970069  25.0
53919.44298899992  0.0  3.256409889970069  25.0
53924.42933399992  0.0  3.256409889970069  25.0
53929.41567899992  0.0  3.256409889970069  25.0
53934.402023999915  0.0  3.256409889970069  25.0
53939.38836899991  0.0  3.256409889970069  25.0
53944.37471399991  0.0  3.256409889970069  25.0
53949.36105899991  0.0  3.256409889970069  25.0
53954.347403999906  0.0  3.256409889970069  25.0
53959.3337489999  0.0  3.256409889970069  25.0
53964.3200939999  0.0  3.256409889970069  25.0
53969.3064389999  0.0  3.256409889970069  25.0
53974.292783999896  0.0  3.256409889970069  25.0
53979.27912899989  0.0  3.256409889970069  25.0
53984.26547399989  0.0  3.256409889970069  25.0
53989.25181899989  0.0  3.256409889970069  25.0
53994.238163999886  0.0  3.256409889970069  25.0
53999.22450899988  0.0  3.256409889970069  25.0
54004.21085399988  0.0  3.256409889970069  25.0
53974.292784  1.9104088075476577  2.569663422672033  25.0
53989.296294  4.296976494743113  3.8213674521387886  25.0
53997.392206  1.6376896339849472  3.0790874434499598  25.0
54000.27169  5.036507318214577  3.197302407796699  25.0
54007.321914  1.2687489778144252  2.9086379599732655  25.0
54009.245476  -4.3327159025688715  3.0873349991020573  25.0
54011.309967  1.9161820965041263  3.45297663301174  25.0
54021.313827  6.952689414718702  2.870149366930141  25.0
54025.308442  27.071226835403348  3.6289244869231667  25.0
54029.238716  42.06253382570034  3.139569518232012  25.0
54031.225248  57.54044659947112  3.013106998233175  25.0
54036.229725  64.85327927766477  3.42548478083808  25.0
54039.22786  61.9941266516041  3.9340840460507964  25.0
54048.221763  61.41679775595723  4.008312046919679  25.0
54052.225708  46.18631165174939  3.9423316017028944  25.0
54054.244234  41.347745669185166  4.629627906044403  25.0
54055.221452  38.131198964866904  3.1588138147535743  25.0
54058.219541  32.330418156224574  3.315517372143438  25.0
54060.241456  30.543447764936648  3.0653415173631293  25.0
54063.209773  22.54056959718412  3.3320124834476346  25.0
