#Date  :
#Flux  :
#Fluxerr  :
#ZP  :
#end  :
@INSTRUMENT  PS
@BAND  PS_r
@MAGSYS  AB
54875.1477625  0.0  0.9730179203947449  25.0
54880.134107499995  0.0  0.9730179203947449  25.0
54885.12045249999  0.0  0.9730179203947449  25.0
54890.10679749999  0.0  0.9730179203947449  25.0
54895.09314249999  0.0  0.9730179203947449  25.0
54900.079487499985  0.0  0.9730179203947449  25.0
54905.06583249998  0.0  0.9730179203947449  25.0
54910.05217749998  0.0  0.9730179203947449  25.0
54915.03852249998  0.0  0.9730179203947449  25.0
54920.024867499975  0.0  0.9730179203947449  25.0
54925.01121249997  0.0  0.9730179203947449  25.0
54929.99755749997  0.0  0.9730179203947449  25.0
54934.98390249997  0.0  0.9730179203947449  25.0
54939.970247499965  0.0  0.9730179203947449  25.0
54944.95659249996  0.0  0.9730179203947449  25.0
54949.94293749996  0.0  0.9730179203947449  25.0
54954.92928249996  0.0  0.9730179203947449  25.0
54959.915627499955  0.0  0.9730179203947449  25.0
54964.90197249995  0.0  0.9730179203947449  25.0
54969.88831749995  0.0  0.9730179203947449  25.0
54974.87466249995  0.0  0.9730179203947449  25.0
54979.861007499945  0.0  0.9730179203947449  25.0
54984.84735249994  0.0  0.9730179203947449  25.0
54989.83369749994  0.0  0.9730179203947449  25.0
54994.82004249994  0.0  0.9730179203947449  25.0
54999.806387499935  0.0  0.9730179203947449  25.0
55004.79273249993  0.0  0.9730179203947449  25.0
55009.77907749993  0.0  0.9730179203947449  25.0
55014.76542249993  0.0  0.9730179203947449  25.0
55019.751767499925  0.0  0.9730179203947449  25.0
55024.73811249992  0.0  0.9730179203947449  25.0
55029.72445749992  0.0  0.9730179203947449  25.0
55034.71080249992  0.0  0.9730179203947449  25.0
55039.697147499915  0.0  0.9730179203947449  25.0
55044.68349249991  0.0  0.9730179203947449  25.0
55049.66983749991  0.0  0.9730179203947449  25.0
55054.65618249991  0.0  0.9730179203947449  25.0
55059.642527499906  0.0  0.9730179203947449  25.0
55064.6288724999  0.0  0.9730179203947449  25.0
55069.6152174999  0.0  0.9730179203947449  25.0
55074.6015624999  0.0  0.9730179203947449  25.0
55079.587907499896  0.0  0.9730179203947449  25.0
55084.57425249989  0.0  0.9730179203947449  25.0
55089.56059749989  0.0  0.9730179203947449  25.0
55094.54694249989  0.0  0.9730179203947449  25.0
55099.533287499886  0.0  0.9730179203947449  25.0
55104.51963249988  0.0  0.9730179203947449  25.0
55109.50597749988  0.0  0.9730179203947449  25.0
55114.49232249988  0.0  0.9730179203947449  25.0
55119.478667499876  0.0  0.9730179203947449  25.0
55124.46501249987  0.0  0.9730179203947449  25.0
55129.45135749987  0.0  0.9730179203947449  25.0
55134.43770249987  0.0  0.9730179203947449  25.0
55139.424047499866  0.0  0.9730179203947449  25.0
55144.41039249986  0.0  0.9730179203947449  25.0
55149.39673749986  0.0  0.9730179203947449  25.0
55154.38308249986  0.0  0.9730179203947449  25.0
55159.369427499856  0.0  0.9730179203947449  25.0
55164.35577249985  0.0  0.9730179203947449  25.0
55169.34211749985  0.0  0.9730179203947449  25.0
55174.32846249985  0.0  0.9730179203947449  25.0
55179.314807499846  0.0  0.9730179203947449  25.0
55184.301152499844  0.0  0.9730179203947449  25.0
55189.28749749984  0.0  0.9730179203947449  25.0
55194.27384249984  0.0  0.9730179203947449  25.0
55199.260187499836  0.0  0.9730179203947449  25.0
55204.246532499834  0.0  0.9730179203947449  25.0
55209.23287749983  0.0  0.9730179203947449  25.0
55214.21922249983  0.0  0.9730179203947449  25.0
55219.20556749983  0.0  0.9730179203947449  25.0
55224.191912499824  0.0  0.9730179203947449  25.0
55229.17825749982  0.0  0.9730179203947449  25.0
55234.16460249982  0.0  0.9730179203947449  25.0
55239.15094749982  0.0  0.9730179203947449  25.0
55244.137292499814  0.0  0.9730179203947449  25.0
55249.12363749981  0.0  0.9730179203947449  25.0
55254.10998249981  0.0  0.9730179203947449  25.0
55259.09632749981  0.0  0.9730179203947449  25.0
55264.082672499804  0.0  0.9730179203947449  25.0
55269.0690174998  0.0  0.9730179203947449  25.0
55274.0553624998  0.0  0.9730179203947449  25.0
55279.0417074998  0.0  0.9730179203947449  25.0
55284.028052499794  0.0  0.9730179203947449  25.0
55289.01439749979  0.0  0.9730179203947449  25.0
55294.00074249979  0.0  0.9730179203947449  25.0
55298.98708749979  0.0  0.9730179203947449  25.0
55303.973432499784  0.0  0.9730179203947449  25.0
55308.95977749978  0.0  0.9730179203947449  25.0
55313.94612249978  0.0  0.9730179203947449  25.0
55318.93246749978  0.0  0.9730179203947449  25.0
55323.918812499775  0.0  0.9730179203947449  25.0
55328.90515749977  0.0  0.9730179203947449  25.0
55333.89150249977  0.0  0.9730179203947449  25.0
55338.87784749977  0.0  0.9730179203947449  25.0
55343.864192499765  0.0  0.9730179203947449  25.0
55348.85053749976  0.0  0.9730179203947449  25.0
55353.83688249976  0.0  0.9730179203947449  25.0
55358.82322749976  0.0  0.9730179203947449  25.0
55363.809572499755  0.0  0.9730179203947449  25.0
55368.79591749975  0.0  0.9730179203947449  25.0
55373.78226249975  0.0  0.9730179203947449  25.0
55378.76860749975  0.0  0.9730179203947449  25.0
55383.754952499745  0.0  0.9730179203947449  25.0
55388.74129749974  0.0  0.9730179203947449  25.0
55393.72764249974  0.0  0.9730179203947449  25.0
55398.71398749974  0.0  0.9730179203947449  25.0
55403.700332499735  0.0  0.9730179203947449  25.0
55408.68667749973  0.0  0.9730179203947449  25.0
55413.67302249973  0.0  0.9730179203947449  25.0
55418.65936749973  0.0  0.9730179203947449  25.0
55423.645712499725  0.0  0.9730179203947449  25.0
55428.63205749972  0.0  0.9730179203947449  25.0
55433.61840249972  0.0  0.9730179203947449  25.0
55438.60474749972  0.0  0.9730179203947449  25.0
55443.591092499715  0.0  0.9730179203947449  25.0
55448.57743749971  0.0  0.9730179203947449  25.0
55453.56378249971  0.0  0.9730179203947449  25.0
55458.55012749971  0.0  0.9730179203947449  25.0
55463.536472499705  0.0  0.9730179203947449  25.0
55468.5228174997  0.0  0.9730179203947449  25.0
55473.5091624997  0.0  0.9730179203947449  25.0
55478.4955074997  0.0  0.9730179203947449  25.0
55483.481852499695  0.0  0.9730179203947449  25.0
55488.46819749969  0.0  0.9730179203947449  25.0
55493.45454249969  0.0  0.9730179203947449  25.0
55498.44088749969  0.0  0.9730179203947449  25.0
55503.427232499685  0.0  0.9730179203947449  25.0
55508.41357749968  0.0  0.9730179203947449  25.0
55513.39992249968  0.0  0.9730179203947449  25.0
55518.38626749968  0.0  0.9730179203947449  25.0
55523.372612499676  0.0  0.9730179203947449  25.0
55528.35895749967  0.0  0.9730179203947449  25.0
55533.34530249967  0.0  0.9730179203947449  25.0
55538.33164749967  0.0  0.9730179203947449  25.0
55543.317992499666  0.0  0.9730179203947449  25.0
55548.30433749966  0.0  0.9730179203947449  25.0
55553.29068249966  0.0  0.9730179203947449  25.0
55558.27702749966  0.0  0.9730179203947449  25.0
55563.263372499656  0.0  0.9730179203947449  25.0
55568.24971749965  0.0  0.9730179203947449  25.0
55573.23606249965  0.0  0.9730179203947449  25.0
55578.22240749965  0.0  0.9730179203947449  25.0
55583.208752499646  0.0  0.9730179203947449  25.0
55588.19509749964  0.0  0.9730179203947449  25.0
55593.18144249964  0.0  0.9730179203947449  25.0
55598.16778749964  0.0  0.9730179203947449  25.0
55603.154132499636  0.0  0.9730179203947449  25.0
55608.14047749963  0.0  0.9730179203947449  25.0
55613.12682249963  0.0  0.9730179203947449  25.0
55618.11316749963  0.0  0.9730179203947449  25.0
55623.099512499626  0.0  0.9730179203947449  25.0
55628.085857499624  0.0  0.9730179203947449  25.0
55633.07220249962  0.0  0.9730179203947449  25.0
55638.05854749962  0.0  0.9730179203947449  25.0
55643.044892499616  0.0  0.9730179203947449  25.0
55648.031237499614  0.0  0.9730179203947449  25.0
55653.01758249961  0.0  0.9730179203947449  25.0
55658.00392749961  0.0  0.9730179203947449  25.0
55662.99027249961  0.0  0.9730179203947449  25.0
55667.976617499604  0.0  0.9730179203947449  25.0
55672.9629624996  0.0  0.9730179203947449  25.0
55677.9493074996  0.0  0.9730179203947449  25.0
55682.9356524996  0.0  0.9730179203947449  25.0
55687.921997499594  0.0  0.9730179203947449  25.0
55692.90834249959  0.0  0.9730179203947449  25.0
55697.89468749959  0.0  0.9730179203947449  25.0
55702.88103249959  0.0  0.9730179203947449  25.0
55707.867377499584  0.0  0.9730179203947449  25.0
55712.85372249958  0.0  0.9730179203947449  25.0
55717.84006749958  0.0  0.9730179203947449  25.0
55722.82641249958  0.0  0.9730179203947449  25.0
55727.812757499574  0.0  0.9730179203947449  25.0
55732.79910249957  0.0  0.9730179203947449  25.0
55737.78544749957  0.0  0.9730179203947449  25.0
55742.77179249957  0.0  0.9730179203947449  25.0
55747.758137499564  0.0  0.9730179203947449  25.0
55752.74448249956  0.0  0.9730179203947449  25.0
55757.73082749956  0.0  0.9730179203947449  25.0
55762.71717249956  0.0  0.9730179203947449  25.0
55767.703517499554  0.0  0.9730179203947449  25.0
55772.68986249955  0.0  0.9730179203947449  25.0
55777.67620749955  0.0  0.9730179203947449  25.0
55782.66255249955  0.0  0.9730179203947449  25.0
55787.648897499545  0.0  0.9730179203947449  25.0
55792.63524249954  0.0  0.9730179203947449  25.0
55797.62158749954  0.0  0.9730179203947449  25.0
55802.60793249954  0.0  0.9730179203947449  25.0
55807.594277499535  0.0  0.9730179203947449  25.0
55812.58062249953  0.0  0.9730179203947449  25.0
55817.56696749953  0.0  0.9730179203947449  25.0
55822.55331249953  0.0  0.9730179203947449  25.0
55827.539657499525  0.0  0.9730179203947449  25.0
55832.52600249952  0.0  0.9730179203947449  25.0
55837.51234749952  0.0  0.9730179203947449  25.0
55842.49869249952  0.0  0.9730179203947449  25.0
55847.485037499515  0.0  0.9730179203947449  25.0
55852.47138249951  0.0  0.9730179203947449  25.0
55857.45772749951  0.0  0.9730179203947449  25.0
55862.44407249951  0.0  0.9730179203947449  25.0
55867.430417499505  0.0  0.9730179203947449  25.0
55872.4167624995  0.0  0.9730179203947449  25.0
55877.4031074995  0.0  0.9730179203947449  25.0
55882.3894524995  0.0  0.9730179203947449  25.0
55887.375797499495  0.0  0.9730179203947449  25.0
55892.36214249949  0.0  0.9730179203947449  25.0
55897.34848749949  0.0  0.9730179203947449  25.0
55902.33483249949  0.0  0.9730179203947449  25.0
55907.321177499485  0.0  0.9730179203947449  25.0
55912.30752249948  0.0  0.9730179203947449  25.0
55917.29386749948  0.0  0.9730179203947449  25.0
55922.28021249948  0.0  0.9730179203947449  25.0
55927.266557499475  0.0  0.9730179203947449  25.0
55932.25290249947  0.0  0.9730179203947449  25.0
55937.23924749947  0.0  0.9730179203947449  25.0
55942.22559249947  0.0  0.9730179203947449  25.0
55947.211937499465  0.0  0.9730179203947449  25.0
55952.19828249946  0.0  0.9730179203947449  25.0
55957.18462749946  0.0  0.9730179203947449  25.0
55962.17097249946  0.0  0.9730179203947449  25.0
55967.157317499456  0.0  0.9730179203947449  25.0
55972.14366249945  0.0  0.9730179203947449  25.0
55977.13000749945  0.0  0.9730179203947449  25.0
55982.11635249945  0.0  0.9730179203947449  25.0
55987.102697499446  0.0  0.9730179203947449  25.0
55992.08904249944  0.0  0.9730179203947449  25.0
55997.07538749944  0.0  0.9730179203947449  25.0
56002.06173249944  0.0  0.9730179203947449  25.0
56007.048077499436  0.0  0.9730179203947449  25.0
56012.03442249943  0.0  0.9730179203947449  25.0
56017.02076749943  0.0  0.9730179203947449  25.0
56022.00711249943  0.0  0.9730179203947449  25.0
56026.993457499426  0.0  0.9730179203947449  25.0
56031.97980249942  0.0  0.9730179203947449  25.0
56036.96614749942  0.0  0.9730179203947449  25.0
56041.95249249942  0.0  0.9730179203947449  25.0
56046.938837499416  0.0  0.9730179203947449  25.0
56051.92518249941  0.0  0.9730179203947449  25.0
56056.91152749941  0.0  0.9730179203947449  25.0
56061.89787249941  0.0  0.9730179203947449  25.0
56066.884217499406  0.0  0.9730179203947449  25.0
56071.8705624994  0.0  0.9730179203947449  25.0
56076.8569074994  0.0  0.9730179203947449  25.0
56081.8432524994  0.0  0.9730179203947449  25.0
56086.829597499396  0.0  0.9730179203947449  25.0
56091.815942499394  0.0  0.9730179203947449  25.0
56096.80228749939  0.0  0.9730179203947449  25.0
56101.78863249939  0.0  0.9730179203947449  25.0
56106.774977499386  0.0  0.9730179203947449  25.0
56111.761322499384  0.0  0.9730179203947449  25.0
56116.74766749938  0.0  0.9730179203947449  25.0
56121.73401249938  0.0  0.9730179203947449  25.0
56126.72035749938  0.0  0.9730179203947449  25.0
56131.706702499374  0.0  0.9730179203947449  25.0
56136.69304749937  0.0  0.9730179203947449  25.0
56141.67939249937  0.0  0.9730179203947449  25.0
56146.66573749937  0.0  0.9730179203947449  25.0
56151.652082499364  0.0  0.9730179203947449  25.0
56156.63842749936  0.0  0.9730179203947449  25.0
56161.62477249936  0.0  0.9730179203947449  25.0
56166.61111749936  0.0  0.9730179203947449  25.0
56171.597462499354  0.0  0.9730179203947449  25.0
56176.58380749935  0.0  0.9730179203947449  25.0
56181.57015249935  0.0  0.9730179203947449  25.0
55074.6015625  -0.1863111247402589  0.9241149412673233  25.0
55083.6015625  -0.7217475849507072  1.850873329710816  25.0
55086.6015625  -2.177578639375966  2.217914924395437  25.0
55089.6015625  -0.9068837962983332  1.042480722623313  25.0
55095.6015625  -0.5025407175722938  1.2973246416086304  25.0
55098.6015625  0.36038426176241717  1.1046497226396892  25.0
55101.6015625  0.07215517446550017  0.8486310419854485  25.0
55104.6015625  -0.1873880713008208  0.9182406660805229  25.0
55161.3984375  -0.163793225471585  0.9880461771555212  25.0
55170.3984375  1.7770536294423644  1.3828926121453728  25.0
55173.3984375  -0.6369627888599136  0.6380397470915301  25.0
55176.3984375  -0.08449106482487172  0.903750911777664  25.0
55179.3984375  0.05179116248242273  0.3498106364525039  25.0
55188.30078125  -0.5503178134073362  1.1338251182253307  25.0
55191.30078125  0.34667770524761643  1.142538540831351  25.0
55203.30078125  0.06167945763238507  0.38104198166930736  25.0
55206.30078125  0.05835072698048308  0.45848398046081873  25.0
55215.19921875  0.12512118614975568  0.6245290075303257  25.0
55416.6015625  0.7677623982297096  0.6377460099900809  25.0
55422.6015625  -1.1478253418152533  1.1777839118468438  25.0
55425.6015625  -0.3747761426016416  0.5668635873676844  25.0
55428.6015625  -0.45593847677461136  0.5090023735935559  25.0
55446.6015625  -0.17749977031533118  0.7331044080486786  25.0
55449.6015625  0.5431708330616505  0.8052596291983971  25.0
55452.6015625  -0.7301673171394968  0.6387250714159537  25.0
55455.6015625  -0.21254937106144575  0.4427214276306379  25.0
55458.6015625  1.8472508211087737  1.014088594852057  25.0
55467.6015625  -2.220460521450081  1.5077200495226248  25.0
55476.6015625  0.0949667874935141  1.046788555549779  25.0
55479.6015625  -1.3253250887884753  1.9996871184428961  25.0
55482.6015625  -0.08253298865734435  0.7393702704584536  25.0
55485.6015625  0.49793924091281533  1.145573575230495  25.0
55500.3984375  0.560206137734935  0.49461051609644063  25.0
55503.3984375  0.08488268122548266  0.977080894596306  25.0
55509.5  -0.4512391033093893  0.737705884708157  25.0
55530.5  1.5194685998962256  3.210171177724335  25.0
55587.30078125  -0.0010769429133573294  0.9775704253092424  25.0
55590.30078125  0.5135059534472907  0.7414262434317246  25.0
55596.30078125  0.955248366336274  0.7813710345966576  25.0
55809.6015625  -0.35950312048439714  0.7339855726688078  25.0
55812.5  0.03974898296462755  0.9999904277721727  25.0
55824.6015625  0.6059272605967065  0.45642800748754775  25.0
55828.5  -1.1072931698158586  0.4090424988754798  25.0
55833.6015625  0.31808978386487313  0.6881665063170744  25.0
55836.6015625  -1.216847585075866  2.073017194629975  25.0
55839.5  -0.21480116098831314  1.141069948692542  25.0
55852.6015625  0.10554040113237283  1.116202386033366  25.0
55855.5  -0.42597986005880245  0.7453423957667793  25.0
55858.3984375  0.13990467755406374  0.432931046793001  25.0
55863.5  -2.234950182384503  1.2939958701080374  25.0
55887.3984375  0.13970887227152193  1.0254454646342468  25.0
55895.30078125  -0.6710333515222645  0.6618303982033077  25.0
55911.30078125  -0.4520223244395566  0.4621063956944243  25.0
55941.30078125  5.621348308554738  4.197042313105623  25.0
56161.6015625  0.8946458085802326  0.6758306217932302  25.0
56206.6015625  37.197901471361554  1.389452211656597  25.0
56209.6015625  51.38251203761241  0.9689549461931839  25.0
56213.3984375  64.7342582229192  2.799757890147353  25.0
56217.5  61.017333963922496  1.2034347423204053  25.0
56220.5  55.19469301644028  1.5873158947510417  25.0
56235.5  22.21635320466379  0.8607710862135872  25.0
56238.3984375  21.167117555759948  1.2931147521721265  25.0
56241.3984375  22.02123109897235  1.9428050127788588  25.0
56242.3984375  19.96916466108744  1.1768049437894077  25.0
56268.30078125  6.359250266979692  0.5313244792507426  25.0
56271.30078125  6.220128682174195  0.9551504228463121  25.0
56302.30078125  4.0828863278177  1.1295172852988649  25.0
56507.6015625  1.8383416048912662  1.2025536243844943  25.0
56512.6015625  0.7811752409851703  0.8142667889058667  25.0
56518.6015625  0.5836051549395198  0.5614788895780387  25.0
56534.6015625  0.5466953981737307  0.840700793825377  25.0
56537.6015625  0.3695872384234831  0.5483597372398089  25.0
56538.6015625  0.17005907621030533  0.8275816881713655  25.0
56567.6015625  -0.21333259219161305  1.166622929044578  25.0
56574.6015625  -0.5698986217668283  0.8973871992463638  25.0
56590.5  0.08860302827799557  0.8534283122564141  25.0
56593.5  -0.8950374891716436  1.1123841771882732  25.0
56619.3984375  0.21509487474765318  1.5965188480699986  25.0
56622.3984375  0.31818768067061676  0.8192598527883196  25.0
56625.30078125  -0.7886159584323053  0.7348666906047188  25.0
56626.30078125  4.917419389460138  2.364868813871043  25.0
56630.30078125  1.5271050175864114  0.6890476709372036  25.0
56633.30078125  -2.004190838349286  1.141069948692542  25.0
56636.30078125  -0.1440166351716603  1.6642684795401625  25.0
56649.3984375  2.680804634588465  2.015547614763039  25.0
56655.3984375  -0.7410346095245317  1.0909431427827794  25.0
56656.3984375  0.22821400374377387  1.008801793868155  25.0
56663.30078125  1.347059766926982  1.931350199506707  25.0
