56196.728235208895    3.8644697606674874    1.4350865192310334    25    
56197.228235208895    4.659624582212746     1.37694486623724      25    
56197.728235208895    5.538214347823145     1.39408253632951      25    
56198.228235208895    6.504826233740774     1.772447014490257     25    
56198.728235208895    7.558685695755939     2.2736340350802218    25    
56199.228235208895    8.705659059393508     2.510338802516977     25    
56199.728235208895    9.944813999915517     2.5137136384261507    25    
56200.228235208895    11.281053254620598    2.482250369053623     25    
56200.728235208895    12.715529455751524    2.4877298677895006    25    
56201.228235208895    14.250353018858343    2.491674677095588     25    
56201.728235208895    15.889762258713613    2.4933893083004155    25    
56202.228235208895    17.633184812186585    2.493134482561367     25    
56202.728235208895    19.486442604251433    2.490802006657281     25    
56203.228235208895    21.448489930192626    2.4861815206917863    25    
56203.728235208895    23.524566736967426    2.4809451243940135    25    
56204.228235208895    25.72058369005258     2.478462241196703     25    
56204.728235208895    28.026843987219316    2.472157314930431     25    
56205.228235208895    30.458349775342263    2.448658579151531     25    
56205.728235208895    32.98957357961286     2.4164364407074297    25    
56206.228235208895    35.48908087569722     2.4093700557079165    25    
56206.728235208895    37.98977363136043     2.4290586912082897    25    
56207.228235208895    40.31354637440196     2.4500153800255524    25    
56207.728235208895    42.44141084392528     2.466336395219618     25    
56208.228235208895    44.2982368205395      2.4788426852875753    25    
56208.728235208895    45.74438081224792     2.4807902898987817    25    
56209.228235208895    46.84221590945751     2.4769064039788278    25    
56209.728235208895    47.648492184940636    2.480638319820117     25    
56210.228235208895    48.13986320150341     2.490854999841425     25    
56210.728235208895    48.48999470113622     2.5047410432283024    25    
56211.228235208895    48.70319473233983     2.526294537373917     25    
56211.728235208895    48.86775737096907     2.5429870047162364    25    
56212.228235208895    49.097139108919826    2.5633262330781332    25    
56212.728235208895    49.35044408732811     2.560915605889012     25    
56213.228235208895    49.64489498582239     2.412620620760581     25    
56213.728235208895    49.982735089198336    2.087473233470361     25    
56214.228235208895    50.29350652364309     1.8523045422980253    25    
56214.728235208895    50.580063093149796    1.8597500893219736    25    
56215.228235208895    50.800897284487675    1.9216541615474911    25    
56215.728235208895    50.92117842836156     1.9214345086889217    25    
56216.228235208895    50.94398845035374     1.9106217050390775    25    
56216.728235208895    50.83386901228789     1.8961271975554264    25    
56217.228235208895    50.597488804851615    1.8763155190194827    25    
56217.728235208895    50.21357569582663     1.8679722711264768    25    
56218.228235208895    49.68297152627862     1.878943169142376     25    
56218.728235208895    48.994047427813605    1.8882527359215224    25    
56219.228235208895    48.125866310757765    1.8893165777020868    25    
56219.728235208895    47.10224921495741     1.8767391122619868    25    
56220.228235208895    45.95189027538496     1.8161089264068462    25    
56220.728235208895    44.6697960910978      1.710784341820947     25    
56221.228235208895    43.33716499712629     1.648491007405616     25    
56221.728235208895    41.94416815203247     1.6551635165421534    25    
56222.228235208895    40.55075581690636     1.6693258865674538    25    
56222.728235208895    39.18770167154782     1.6607503523588698    25    
56223.228235208895    37.85851573648514     1.6456950320505532    25    
56223.728235208895    36.6026944329826      1.6251836314121928    25    
56224.228235208895    35.41186988752962     1.5996008924903622    25    
56224.728235208895    34.306360754147015    1.5883597405528158    25    
56225.228235208895    33.28328509977051     1.596499353659067     25    
56225.728235208895    32.358229665856854    1.6031035198304782    25    
56226.228235208895    31.54246389886231     1.6060948397800363    25    
56226.728235208895    30.82672090922232     1.5948709675243193    25    
56227.228235208895    30.20946073543791     1.5328018960672063    25    
56227.728235208895    29.688140562581488    1.4324048538818854    25    
56228.228235208895    29.232729509382334    1.384584800280338     25    
56228.728235208895    28.848474087762934    1.404279063587074     25    
56229.228235208895    28.509242200204902    1.4266302804723046    25    
56229.728235208895    28.208198552255187    1.4295962039630294    25    
56230.228235208895    27.939468020905377    1.4261522564112923    25    
56230.728235208895    27.688324713945086    1.412692894696895     25    
56231.228235208895    27.457948570396553    1.3930675376882198    25    
56231.728235208895    27.23909315921987     1.3906485717120458    25    
56232.228235208895    27.03350500193771     1.407241649701365     25    
56232.728235208895    26.83286720940962     1.4209828573859002    25    
56233.228235208895    26.63553214837647     1.4255055549510003    25    
56233.728235208895    26.43959857632806     1.4249753159980216    25    
56234.228235208895    26.241040166463822    1.416885092522539     25    
56234.728235208895    26.040966263605668    1.4043870412920232    25    
56235.228235208895    25.838022960683343    1.4012299873626806    25    
56235.728235208895    25.632487777457143    1.4072650974682768    25    
56236.228235208895    25.423092845057504    1.412312348215019     25    
56236.728235208895    25.21083988884001     1.4159560504563284    25    
56237.228235208895    24.992106581678858    1.4143343376135062    25    
56237.728235208895    24.765182296436322    1.3964203886141293    25    
56238.228235208895    24.528439176017912    1.372359531074326     25    
56238.728235208895    24.273268229967375    1.3718633055879839    25    
56239.228235208895    24.001446627399122    1.3929725176578445    25    
56239.728235208895    23.70374837620905     1.4094208305042875    25    
56240.228235208895    23.378939775325666    1.4181996305668934    25    
56240.728235208895    23.026115300835848    1.4182416904033235    25    
56241.228235208895    22.64190713443943     1.3932691508660553    25    
56241.728235208895    22.22918306052332     1.3644481697293067    25    
56242.228235208895    21.792307110804938    1.39224763912394      25    
56242.728235208895    21.330375724423785    1.466462649761509     25    
56243.228235208895    20.84887016793951     1.5132992763507624    25    
56243.728235208895    20.347376797330814    1.522554508979666     25    
56244.228235208895    19.829526402089545    1.5154381596709787    25    
56244.728235208895    19.297387359079046    1.4917466967770743    25    
56245.228235208895    18.751689795548092    1.4608655456065227    25    
56245.728235208895    18.196447923270764    1.4532096081256032    25    
56246.228235208895    17.630885277722015    1.4629730445097024    25    
56246.728235208895    17.059597311128066    1.4745951845520575    25    
56247.228235208895    16.480954400276698    1.491331732630353     25    
56247.728235208895    15.902705339908213    1.4965408741087038    25    
56248.228235208895    15.32560523677709     1.4988938329160968    25    
56248.728235208895    14.755936667584358    1.463868056929525     25    
56249.228235208895    14.206735958426457    1.2755402150069937    25    
56249.728235208895    13.675767029280198    0.894654321401806     25    
56250.228235208895    13.180715743315304    0.5829600212326069    25    
56250.728235208895    12.72107388846292     0.5885320042178552    25    
56251.228235208895    12.30117301553641     0.6493893447785875    25    
56251.728235208895    11.927821441537716    0.6346272501427147    25    
56252.228235208895    11.591953130212278    0.6171464990732095    25    
56252.728235208895    11.28497709949446     0.6069605802294578    25    
56253.228235208895    11.007880737635716    0.6017098715446034    25    
56253.728235208895    10.74613888659646     0.6029954568682143    25    
56254.228235208895    10.501426294807493    0.6132475249301206    25    
56254.728235208895    10.265807218752569    0.6184069379361243    25    
56255.228235208895    10.035191468138832    0.6101679931554639    25    
56255.728235208895    9.811862502437137     0.5977342321734819    25    
56256.228235208895    9.595538482110008     0.5899360594776576    25    
56256.728235208895    9.38647025193219      0.5835342961370812    25    
56257.228235208895    9.185859604642078     0.5728332857490316    25    
56257.728235208895    8.993581604124444     0.5561258984905841    25    
56258.228235208895    8.810056362107662     0.545467193896307     25    
56258.728235208895    8.63574918722867      0.549147152084878     25    
56259.228235208895    8.469840743638537     0.5550013293757847    25    
56259.728235208895    8.311785847296228     0.5516683247852131    25    
56260.228235208895    8.161544024283538     0.5437278809069143    25    
56260.728235208895    8.017968623612914     0.5351641968829858    25    
56261.228235208895    7.881290555556364     0.5252192726216599    25    
56261.728235208895    7.750383883896203     0.5171576414161745    25    
56262.228235208895    7.62523477510644      0.5121252261123961    25    
56262.728235208895    7.50516477251594      0.5094389593560334    25    
56263.228235208895    7.389534680413881     0.5089505979088235    25    
56263.728235208895    7.2782988381209295    0.5109159558304853    25    
56264.228235208895    7.1703482689588265    0.5164214825603455    25    
56264.728235208895    7.065911791274049     0.5254763264396827    25    
56265.228235208895    6.963833538221422     0.5340717787561777    25    
56265.728235208895    6.864161629455453     0.5363179851949887    25    
56266.228235208895    6.766136345042322     0.548685073062314     25    
56266.728235208895    6.66920635014527      0.5730623204975109    25    