56471.55439166008    1.0189802120614155    0.18558220399395153     25    
56472.05439166008    1.1651507051099481    0.18576882585480592     25    
56472.55439166008    1.32030517134049      0.1861215996914675      25    
56473.05439166008    1.4839244255941795    0.18838930640517562     25    
56473.55439166008    1.656123289774975     0.19389942638783048     25    
56474.05439166008    1.836708379397143     0.20005219585485606     25    
56474.55439166008    2.025207502162671     0.20363506085977798     25    
56475.05439166008    2.2218190938790947    0.20457377282211842     25    
56475.55439166008    2.426219163296256     0.20460476579068004     25    
56476.05439166008    2.6380138395508816    0.205058336602504       25    
56476.55439166008    2.857422515206297     0.2055849206960112      25    
56477.05439166008    3.084021920821815     0.20602628363345496     25    
56477.55439166008    3.317527835542805     0.20635997133781056     25    
56478.05439166008    3.558117951540573     0.20659720568086143     25    
56478.55439166008    3.8053010497578077    0.20677075732327196     25    
56479.05439166008    4.058933887922423     0.2068663691018157      25    
56479.55439166008    4.319089800665912     0.20690190045275983     25    
56480.05439166008    4.585244242222781     0.20700351333559425     25    
56480.55439166008    4.857747143854951     0.20646847401594767     25    
56481.05439166008    5.136064760819031     0.2062750490304014      25    
56481.55439166008    5.418900852853975     0.20873120618621677     25    
56482.05439166008    5.708954147991342     0.21516603635303364     25    
56482.55439166008    6.00109868445207      0.22237992170838358     25    
56483.05439166008    6.288494411254757     0.22687055321476576     25    
56483.55439166008    6.575214469654475     0.22893665811434083     25    
56484.05439166008    6.853341694186541     0.23015788959732053     25    
56484.55439166008    7.115107475642361     0.2316039181793518      25    
56485.05439166008    7.364754179080007     0.2329549265922315      25    
56485.55439166008    7.594305990108396     0.2339424534096698      25    
56486.05439166008    7.796932592749232     0.23424790380191646     25    
56486.55439166008    7.975976337604913     0.23398169695382592     25    
56487.05439166008    8.134407254095807     0.2340576795643531      25    
56487.55439166008    8.27107281454497      0.2349571758308674      25    
56488.05439166008    8.387471784620892     0.23629722931444674     25    
56488.55439166008    8.49215263118858      0.23783694915086398     25    
56489.05439166008    8.584243788034303     0.2399489622147374      25    
56489.55439166008    8.66558463408794      0.24202790257666296     25    
56490.05439166008    8.743625574761277     0.24303606250801804     25    
56490.55439166008    8.818471029699344     0.24433517498895685     25    
56491.05439166008    8.888285831577521     0.24318946191997245     25    
56491.55439166008    8.952935000288061     0.23478610929255528     25    
56492.05439166008    9.013707702233338     0.21629724180703527     25    
56492.55439166008    9.066350014353045     0.19726599356084548     25    
56493.05439166008    9.107665430635704     0.19000441172308605     25    
56493.55439166008    9.139520237521719     0.19233238048674467     25    
56494.05439166008    9.15788343140662      0.19597144893113005     25    
56494.55439166008    9.159730830060434     0.19613120726512415     25    
56495.05439166008    9.146791470183633     0.19558963019563846     25    
56495.55439166008    9.120499835393737     0.1949415417854647      25    
56496.05439166008    9.079855505423414     0.19413135958671246     25    
56496.55439166008    9.026228723640779     0.1932884785916168      25    
56497.05439166008    8.964449199617214     0.19320772831708094     25    
56497.55439166008    8.893539863195027     0.1945005329115076      25    
56498.05439166008    8.81514547526635      0.19609152736652535     25    
56498.55439166008    8.73362441856202      0.1965275665018709      25    
56499.05439166008    8.64828272002602      0.19559808570570117     25    
56499.55439166008    8.559270263205972     0.19437080591826358     25    
56500.05439166008    8.467691088444269     0.19381588632262292     25    
56500.55439166008    8.373514969653097     0.193714120347063       25    
56501.05439166008    8.275546157533189     0.19382220443157475     25    
56501.55439166008    8.173105396140999     0.1941230504112538      25    
56502.05439166008    8.06660718881212      0.19467788006776662     25    
56502.55439166008    7.954982632650299     0.19494910223008238     25    
56503.05439166008    7.837464720525598     0.19460386668815885     25    
56503.55439166008    7.714571378161485     0.19386296721295798     25    
56504.05439166008    7.586932700178272     0.19287841253830346     25    
56504.55439166008    7.4540825167513365    0.19137519876914075     25    
56505.05439166008    7.316722187912495     0.18973330618211295     25    
56505.55439166008    7.176733273323017     0.1889394713622038      25    
56506.05439166008    7.033550061896465     0.18944701127878513     25    
56506.55439166008    6.888086497798565     0.19029668894456567     25    
56507.05439166008    6.742038320051673     0.1907166341568681      25    
56507.55439166008    6.594566171979243     0.19198010832971676     25    
56508.05439166008    6.447141133783857     0.1908610543607508      25    
56508.55439166008    6.301210513433255     0.18254699376667058     25    
56509.05439166008    6.155899088474304     0.16576683943000303     25    
56509.55439166008    6.013124771061542     0.1493891077595312      25    
56510.05439166008    5.873934247028395     0.14353606041605108     25    
56510.55439166008    5.737681758254657     0.14500323406085208     25    
56511.05439166008    5.606441237830798     0.14704829372019593     25    
56511.55439166008    5.4810927352655865    0.1467858494902544      25    
56512.05439166008    5.361022023258792     0.14631559641784175     25    
56512.55439166008    5.246589400012999     0.1454628810676781      25    
56513.05439166008    5.1383292867563055    0.14381159427409373     25    
56513.55439166008    5.035441410119243     0.14195878761251862     25    
56514.05439166008    4.93666385260269      0.14101197124441922     25    
56514.55439166008    4.842462477893211     0.1412658444541093      25    
56515.05439166008    4.752084950924876     0.14187853887955287     25    
56515.55439166008    4.664345686830881     0.14206264031668472     25    
56516.05439166008    4.579649422281545     0.14201757559060102     25    
56516.55439166008    4.497600384779126     0.14171427773525153     25    
56517.05439166008    4.417680774417841     0.14127739907739983     25    
56517.55439166008    4.340069744775645     0.14087549687489853     25    
56518.05439166008    4.264944681784509     0.13900773046358325     25    
56518.55439166008    4.192358368044588     0.1335943258879577      25    
56519.05439166008    4.122279163690535     0.12537697925295826     25    
56519.55439166008    4.054871301713134     0.11896538906127634     25    
56520.05439166008    3.990372304141864     0.11762384183245736     25    
56520.55439166008    3.928522298144475     0.11879355464580332     25    
56521.05439166008    3.868769907718883     0.1191893986760686      25    
56521.55439166008    3.811538755978307     0.11798007406418261     25    
56522.05439166008    3.7561019313156776    0.11661711322162975     25    
56522.55439166008    3.701162377183482     0.11632949779181523     25    
56523.05439166008    3.6472688231055055    0.11737124346465148     25    
56523.55439166008    3.5935207608785107    0.11867768796666862     25    
56524.05439166008    3.5386848495867937    0.11934233668288585     25    
56524.55439166008    3.4831391897254926    0.11970021880176537     25    
56525.05439166008    3.426812027395333     0.11950181859456142     25    
56525.55439166008    3.3692878801899386    0.118445254706761       25    
56526.05439166008    3.3106146748273386    0.11663471487985473     25    
56526.55439166008    3.252176033471437     0.11412312402913646     25    
56527.05439166008    3.194340137463866     0.11031764679967145     25    
56527.55439166008    3.136922830530845     0.10553049868258348     25    
56528.05439166008    3.081435801681318     0.10216490219968097     25    
56528.55439166008    3.028200697819035     0.10189490739699628     25    
56529.05439166008    2.9769431540560714    0.10298646620950103     25    
56529.55439166008    2.928036498206473     0.1030240183699368      25    
56530.05439166008    2.8819719042964365    0.10142211013162888     25    
56530.55439166008    2.8377613528479935    0.09950809052152935     25    
56531.05439166008    2.7942194476064306    0.09856533861266292     25    
56531.55439166008    2.7519426000496807    0.0985622282045078      25    
56532.05439166008    2.709874483256132     0.09896134517424245     25    
56532.55439166008    2.6668451937540683    0.09950814979308348     25    
56533.05439166008    2.6233437498617316    0.1004319528266548      25    
56533.55439166008    2.578927094080658     0.1009895219597584      25    
56534.05439166008    2.5330052031338246    0.1010591716412998      25    
56534.55439166008    2.485826611095767     0.10081865336411924     25    
56535.05439166008    2.4383503416359704    0.09818150801185599     25    
56535.55439166008    2.3907031109927557    0.09007346629428586     25    
56536.05439166008    2.3428758751598155    0.07781941215066697     25    
56536.55439166008    2.2959724866651285    0.06829425536081224     25    
56537.05439166008    2.250006580603515     0.06647649373752391     25    
56537.55439166008    2.2050239334815673    0.06823025537350931     25    
56538.05439166008    2.1616448911207775    0.06853767524880036     25    
56538.55439166008    2.11994703323499      0.06715164712258448     25    
56539.05439166008    2.0796303696668166    0.06566206603690652     25    
56539.55439166008    2.040492592525278     0.0650154949695598      25    
56540.05439166008    2.0026651828411692    0.06510928858444232     25    
56540.55439166008    1.9658702771856784    0.06560455816807273     25    
56541.05439166008    1.9298599345638359    0.06645227820165787     25    
56541.55439166008    1.8947565671120192    0.06779752031383968     25    
56542.05439166008    1.8603975570981417    0.06867364171012412     25    
56542.55439166008    1.826630397353068     0.06836408159464577     25    
56543.05439166008    1.7935408796508225    0.0672779102336727      25    
56543.55439166008    1.7612950695197287    0.0659770221299881      25    
56544.05439166008    1.7298900020260737    0.06500043329281345     25    
56544.55439166008    1.6993506914393157    0.06378220577003939     25    
56545.05439166008    1.6698843428747046    0.061138376103941634    25    
56545.55439166008    1.6414819463197563    0.05551948348914314     25    
56546.05439166008    1.6141577085231893    0.0486220754966354      25    
56546.55439166008    1.5880189661019037    0.044318231268315       25    
56547.05439166008    1.5631008783069307    0.04387739906921956     25    
56547.55439166008    1.5392777768943042    0.044776750436145756    25    
56548.05439166008    1.5164464495215142    0.04470199998565714     25    
56548.55439166008    1.494673220954006     0.0442416332793074      25    
56549.05439166008    1.4738115554021078    0.04373247375119496     25    
56549.55439166008    1.4537639875943276    0.043234146910581535    25    
56550.05439166008    1.4345914119668692    0.04270547165905631     25    
56550.55439166008    1.4161272425142766    0.04227871761390608     25    
56551.05439166008    1.3983217111313022    0.0420356353190985      25    
56551.55439166008    1.3812006788002307    0.04192826047924367     25    
56552.05439166008    1.3645854095961714    0.04194487530993967     25    
56552.55439166008    1.3484829388604258    0.04165267196942153     25    
56553.05439166008    1.3328643401820737    0.041637607850556244    25    
56553.55439166008    1.317556979395624     0.043228479022479095    25    
56554.05439166008    1.3026109895096796    0.04710312529759378     25    
56554.55439166008    1.287945714840383     0.05119293184507707     25    
56555.05439166008    1.27340780048686      0.053504044499795046    25    
56555.55439166008    1.2590691818070503    0.054002403116201476    25    
56556.05439166008    1.244808121503145     0.054578968834232036    25    
56556.55439166008    1.230501191597862     0.05647794558011871     25    