#Date  :
#Flux  :
#Fluxerr  :
#ZP  :
#end  :
@INSTRUMENT  UVOT
@BAND  UVOT_uvm2
@MAGSYS AB
56428.75169999999  0.0  6.523023173368728  25.0
56433.73804499999  0.0  6.523023173368728  25.0
56438.72438999999  0.0  6.523023173368728  25.0
56443.710734999986  0.0  6.523023173368728  25.0
56448.69707999998  0.0  6.523023173368728  25.0
56453.68342499998  0.0  6.523023173368728  25.0
56458.66976999998  0.0  6.523023173368728  25.0
56463.656114999976  0.0  6.523023173368728  25.0
56468.642459999974  0.0  6.523023173368728  25.0
56473.62880499997  0.0  6.523023173368728  25.0
56478.61514999997  0.0  6.523023173368728  25.0
56483.601494999966  0.0  6.523023173368728  25.0
56488.587839999964  0.0  6.523023173368728  25.0
56493.57418499996  0.0  6.523023173368728  25.0
56498.56052999996  0.0  6.523023173368728  25.0
56503.546874999956  0.0  6.523023173368728  25.0
56508.533219999954  0.0  6.523023173368728  25.0
56513.51956499995  0.0  6.523023173368728  25.0
56518.50590999995  0.0  6.523023173368728  25.0
56523.49225499995  0.0  6.523023173368728  25.0
56528.478599999944  0.0  6.523023173368728  25.0
56533.46494499994  0.0  6.523023173368728  25.0
56538.45128999994  0.0  6.523023173368728  25.0
56543.43763499994  0.0  6.523023173368728  25.0
56548.423979999934  0.0  6.523023173368728  25.0
56553.41032499993  0.0  6.523023173368728  25.0
56558.39666999993  0.0  6.523023173368728  25.0
56563.38301499993  0.0  6.523023173368728  25.0
56568.369359999924  0.0  6.523023173368728  25.0
56573.35570499992  0.0  6.523023173368728  25.0
56578.34204999992  0.0  6.523023173368728  25.0
56583.32839499992  0.0  6.523023173368728  25.0
56588.314739999914  0.0  6.523023173368728  25.0
56593.30108499991  0.0  6.523023173368728  25.0
56598.28742999991  0.0  6.523023173368728  25.0
56603.27377499991  0.0  6.523023173368728  25.0
56608.260119999904  0.0  6.523023173368728  25.0
56613.2464649999  0.0  6.523023173368728  25.0
56628.2055  2.6859507184459464  6.906730418861004  25.0
56630.1738  5.75560868238417  4.988194191399614  25.0
56632.7375  6.139315927876449  4.988194191399614  25.0
56634.2449  19.185362274613905  7.290437664353282  25.0
56636.1717  13.813460837722008  6.906730418861004  25.0
56638.8415  20.720191256583014  6.523023173368728  25.0
56640.0678  25.324678202490354  7.290437664353282  25.0
56642.8394  26.09209269347491  7.290437664353282  25.0
56644.4362  19.952776765598458  7.674144909845561  25.0
56646.2433  20.720191256583014  7.290437664353282  25.0
56649.4121  15.348289819691121  5.75560868238417  25.0
56652.6098  16.115704310675678  5.75560868238417  25.0
56655.8751  11.127510119276064  6.139315927876449  25.0
56658.8438  8.825266646322396  5.75560868238417  25.0
56661.477  7.674144909845561  5.75560868238417  25.0
