55395.64351765154    1.3062372010401222    0.4556546777523422     25    
55396.14351765154    1.5417521984846798    0.43901745980978935    25    
55396.64351765154    1.7993999799437408    0.4310779775645601     25    
55397.14351765154    2.0809552525670343    0.5068710663447595     25    
55397.64351765154    2.385854115948046     0.6631224623638583     25    
55398.14351765154    2.7153176308934435    0.7878397685192878     25    
55398.64351765154    3.0705042264936813    0.8297575585348729     25    
55399.14351765154    3.4508819388245704    0.8247200367245604     25    
55399.64351765154    3.8582549290212933    0.8156271314478896     25    
55400.14351765154    4.292758219820817     0.8171810585522415     25    
55400.64351765154    4.7547097641150105    0.8183197319184585     25    
55401.14351765154    5.245851091322827     0.8188541775656859     25    
55401.64351765154    5.76559132954919      0.8188002537862642     25    
55402.14351765154    6.315211688820098     0.8181967734301444     25    
55402.64351765154    6.895805484012924     0.8169836795713105     25    
55403.14351765154    7.5068776526795515    0.8151764509240235     25    
55403.64351765154    8.15026204432036      0.8131826851439394     25    
55404.14351765154    8.827247584090731     0.809877860893067      25    
55404.64351765154    9.536288986840757     0.8071526136859977     25    
55405.14351765154    10.277143183759428    0.8093750758442698     25    
55405.64351765154    11.057208723735059    0.8175612278827811     25    
55406.14351765154    11.85190026295369     0.8263545644812226     25    
55406.64351765154    12.647228232728777    0.8314804865867529     25    
55407.14351765154    13.449585082258434    0.8347617614774046     25    
55407.64351765154    14.218471045332265    0.8377603479165855     25    
55408.14351765154    14.952882235154616    0.8412468100527817     25    
55408.64351765154    15.64488118249545     0.8442363270049459     25    
55409.14351765154    16.260049296766567    0.845385472686714      25    
55409.64351765154    16.800551566582186    0.8441850583027727     25    
55410.14351765154    17.2767325546187      0.8431233988561746     25    
55410.64351765154    17.688260649583018    0.844161923411521      25    
55411.14351765154    18.03550853238829     0.8464121817600644     25    
55411.64351765154    18.345647884178465    0.8495500580426861     25    
55412.14351765154    18.617939426370764    0.8546790448602755     25    
55412.64351765154    18.859279247446576    0.8597705960164385     25    
55413.14351765154    19.09265353625895     0.8644265015316595     25    
55413.64351765154    19.314769252570255    0.8773613277480415     25    
55414.14351765154    19.52336453314017     0.8645768785817088     25    
55414.64351765154    19.721290323673813    0.7771894656300117     25    
55415.14351765154    19.906838814534904    0.6161785678183619     25    
55415.64351765154    20.067702091124822    0.4779880836042443     25    
55416.14351765154    20.20467865999606     0.4569817085410009     25    
55416.64351765154    20.314155493966744    0.4896513527283548     25    
55417.14351765154    20.385752500014455    0.49873885416639857    25    
55417.64351765154    20.42081645489171     0.4974708839640727     25    
55418.14351765154    20.422064655609876    0.49504320930657175    25    
55418.64351765154    20.388608051821077    0.491495905767659      25    
55419.14351765154    20.321389661188068    0.48695760301261487    25    
55419.64351765154    20.229891013032585    0.4849002995935642     25    
55420.14351765154    20.11306919073817     0.48733955285878033    25    
55420.64351765154    19.97427736505012     0.49089385616606435    25    
55421.14351765154    19.8215051093552      0.4902740948698941     25    
55421.64351765154    19.653082174802808    0.4834826835477719     25    
55422.14351765154    19.468868008358083    0.48535831187834105    25    
55422.64351765154    19.270382732194896    0.5107982517124079     25    
55423.14351765154    19.056478272997882    0.5477261988456326     25    
55423.64351765154    18.822436008555844    0.5718466561788619     25    
55424.14351765154    18.56879323036602     0.579151938661068      25    
55424.64351765154    18.293971913410232    0.5796301354498418     25    
55425.14351765154    17.993632157645212    0.5795997540079193     25    
55425.64351765154    17.66742316814568     0.5774494224453722     25    
55426.14351765154    17.322657519159705    0.5739205822233427     25    
55426.64351765154    16.95987723087556     0.568977442985604      25    
55427.14351765154    16.580388509060086    0.5629692799735151     25    
55427.64351765154    16.200298429811568    0.5598073221747912     25    
55428.14351765154    15.816628503392181    0.5613175999648734     25    
55428.64351765154    15.436767483754442    0.563888100920148      25    
55429.14351765154    15.07392961793108     0.5645409809823962     25    
55429.64351765154    14.724069384828827    0.5649370139932461     25    
55430.14351765154    14.391074954776416    0.5596680174729269     25    
55430.64351765154    14.078742642604782    0.5406683014650987     25    
55431.14351765154    13.784476886600423    0.51359439245904       25    
55431.64351765154    13.504956861930221    0.49779951194397026    25    
55432.14351765154    13.24099585098996     0.5000675489342488     25    
55432.64351765154    12.990697688919997    0.5078015119490132     25    
55433.14351765154    12.751410334822772    0.5101611352401199     25    
55433.64351765154    12.524330610752788    0.5100893572539223     25    
55434.14351765154    12.306286903916012    0.5085411737065484     25    
55434.64351765154    12.096356823656112    0.5043527287407858     25    
55435.14351765154    11.894587624365236    0.4988421178068357     25    
55435.64351765154    11.697498756992506    0.49689090169060557    25    
55436.14351765154    11.50592540753896     0.5001293961756845     25    
55436.64351765154    11.317989926251379    0.5044773721084816     25    
55437.14351765154    11.130921535187625    0.5064146210933036     25    
55437.64351765154    10.945644708457001    0.5070894062581516     25    
55438.14351765154    10.761453129436592    0.5060093837379213     25    
55438.64351765154    10.577432059816246    0.5054089892594278     25    
55439.14351765154    10.394449980991778    0.5022344288045006     25    
55439.64351765154    10.214160404986623    0.48546689855109426    25    
55440.14351765154    10.036097057791306    0.44488117895855817    25    
55440.64351765154    9.861292212317974     0.40014359912783176    25    
55441.14351765154    9.691300527575574     0.3815678006268349     25    
55441.64351765154    9.525707373712436     0.38524891524049254    25    
55442.14351765154    9.363585929237248     0.3898222031468987     25    
55442.64351765154    9.205664960340785     0.38490733261785914    25    
55443.14351765154    9.050715641510473     0.37844698145516076    25    
55443.64351765154    8.894981976416453     0.3761409213649991     25    
55444.14351765154    8.739608832309985     0.3792037796405727     25    
55444.64351765154    8.58209177611475      0.3835267746001503     25    
55445.14351765154    8.419267914323116     0.38633436237588203    25    
55445.64351765154    8.252246179062217     0.3888091354886766     25    
55446.14351765154    8.080954219247642     0.38840896434816397    25    
55446.64351765154    7.903904520125433     0.3859400414558327     25    
55447.14351765154    7.723139591798806     0.3793728375025483     25    
55447.64351765154    7.5430932498142385    0.36034669456103413    25    
55448.14351765154    7.362259967054202     0.3195176057973496     25    
55448.64351765154    7.183962026952412     0.27496992069305964    25    
55449.14351765154    7.011747375374581     0.25660637851047463    25    
55449.64351765154    6.844192349814074     0.2601782891333488     25    
55450.14351765154    6.683172497591399     0.26384020118154256    25    
55450.64351765154    6.530148537251471     0.2587732079010738     25    
55451.14351765154    6.383490573519982     0.2525160119956955     25    
55451.64351765154    6.241076865808149     0.2494743535086716     25    
55452.14351765154    6.10372652290355      0.250029829951935      25    
55452.64351765154    5.969572653166349     0.2518960728474221     25    
55453.14351765154    5.836807897296089     0.2540927173157533     25    
55453.64351765154    5.706180369625938     0.2570835327198275     25    
55454.14351765154    5.576703339371498     0.25785659085056084    25    
55454.64351765154    5.447531309800472     0.2574130378618818     25    
55455.14351765154    5.31973402791969      0.2533877257075717     25    
55455.64351765154    5.1947422437858926    0.23764140941934217    25    
55456.14351765154    5.071972415673332     0.2020854902756735     25    
55456.64351765154    4.95277905653057      0.16265124900159472    25    
55457.14351765154    4.83829314788527      0.14821190403317677    25    
55457.64351765154    4.72802764330747      0.15431548032493628    25    
55458.14351765154    4.623075904536256     0.15902090979721306    25    
55458.64351765154    4.523839483755703     0.15566730514323177    25    
55459.14351765154    4.429908788506821     0.15095353869997377    25    
55459.64351765154    4.341092615253374     0.147964342765787      25    
55460.14351765154    4.257502032227902     0.14644362595628832    25    
55460.64351765154    4.17883570881064      0.14600155715255725    25    
55461.14351765154    4.104942949672626     0.14716739571791057    25    
55461.64351765154    4.035884139586807     0.14964443470765182    25    
55462.14351765154    3.9710755638055       0.15062282193509713    25    
55462.64351765154    3.9106936885979127    0.14881251852228403    25    
55463.14351765154    3.854308620341354     0.14592325539624218    25    
55463.64351765154    3.8010406530959786    0.14389612123859127    25    
55464.14351765154    3.7512520943750363    0.14272928944746976    25    
55464.64351765154    3.7041012943734124    0.14121816187659306    25    
55465.14351765154    3.659040815012365     0.13805526538112803    25    
55465.64351765154    3.6162992241933645    0.13384646228259045    25    
55466.14351765154    3.575019934340878     0.13130145753158584    25    
55466.64351765154    3.5351187713882988    0.13206475450700295    25    
55467.14351765154    3.4966030871098623    0.1337439660319229     25    
55467.64351765154    3.4591905904787925    0.1335350245872725     25    
55468.14351765154    3.4229798872227453    0.1317384023268717     25    
55468.64351765154    3.387778930960226     0.12935735494009576    25    
55469.14351765154    3.353481615794446     0.1267360489200228     25    
55469.64351765154    3.320126482527919     0.12371349931913464    25    
55470.14351765154    3.2874638312507796    0.12109968678202691    25    
55470.64351765154    3.255527352294043     0.11905107205862998    25    
55471.14351765154    3.224217051885924     0.11745911969924924    25    
55471.64351765154    3.1933291421363674    0.11670033448423664    25    
55472.14351765154    3.162950238942277     0.11726149711996407    25    
55472.64351765154    3.132874034261452     0.11649361176499905    25    
55473.14351765154    3.1030047792663895    0.11134477721352329    25    
55473.64351765154    3.0733727147038326    0.10336098836880948    25    
55474.14351765154    3.0437282747360253    0.09823402689844067    25    
55474.64351765154    3.0141131816055426    0.09712440222127516    25    
55475.14351765154    2.9844172185434137    0.09934567182337017    25    
55475.64351765154    2.954443036844335     0.10421823336531107    25    