56550.39139248683    1.7326827833398417    0.2911399267506465     25    
56550.89139248683    1.973410583961863     0.29160523645185743    25    
56551.39139248683    2.227752387597451     0.29216739178811024    25    
56551.89139248683    2.494411271743758     0.2935575838200878     25    
56552.39139248683    2.7736525919012904    0.296401144387977      25    
56552.89139248683    3.0650391307504754    0.29962938463067085    25    
56553.39139248683    3.367368683958032     0.301766741413697      25    
56553.89139248683    3.681115816180158     0.3026923759686688     25    
56554.39139248683    4.005539382772021     0.30316857047341406    25    
56554.89139248683    4.3395950430163       0.3037956610331061     25    
56555.39139248683    4.683840279832097     0.30445242232102415    25    
56555.89139248683    5.037293166695721     0.3050501887047291     25    
56556.39139248683    5.39913037195218      0.30556737712857523    25    
56556.89139248683    5.769866005890736     0.30601034491422335    25    
56557.39139248683    6.148340505555204     0.3064253654283924     25    
56557.89139248683    6.5340146937992944    0.3068076912733723     25    
56558.39139248683    6.927233017389692     0.3071585025919422     25    
56558.89139248683    7.326721422384078     0.3076402219821817     25    
56559.39139248683    7.73265551587939      0.3067242807463195     25    
56559.89139248683    8.144710645426143     0.3059847006542749     25    
56560.39139248683    8.560348899831732     0.311050084467051      25    
56560.89139248683    8.982888216318369     0.3261995808809755     25    
56561.39139248683    9.407238665294281     0.34404333132964915    25    
56561.89139248683    9.822884740593242     0.35525461597161967    25    
56562.39139248683    10.234657052583042    0.35908750158475045    25    
56562.89139248683    10.63446865089762     0.3601308748109531     25    
56563.39139248683    11.009686860417318    0.3618580000015308     25    
56563.89139248683    11.365911462152068    0.3637255524848883     25    
56564.39139248683    11.69459009450787     0.36513704130207414    25    
56564.89139248683    11.984797752962338    0.3657978402379301     25    
56565.39139248683    12.239315479389       0.36555317655803987    25    
56565.89139248683    12.46316583335667     0.3656287071258318     25    
56566.39139248683    12.656946267639569    0.36701793841078556    25    
56566.89139248683    12.819430592327743    0.36924668335725175    25    
56567.39139248683    12.96278773930366     0.37177954345302994    25    
56567.89139248683    13.09030852653996     0.37486216396881755    25    
56568.39139248683    13.200220172011147    0.37822907928367255    25    
56568.89139248683    13.303818074467985    0.38003499539232866    25    
56569.39139248683    13.404523919863108    0.38169256323617845    25    
56569.89139248683    13.498768270766808    0.38117056744232275    25    
56570.39139248683    13.585895661968976    0.37239167293575604    25    
56570.89139248683    13.668333612039872    0.34847572534496557    25    
56571.39139248683    13.741638029760475    0.3195740767804773     25    
56571.89139248683    13.799419467651177    0.3038708929940676     25    
56572.39139248683    13.844330906721062    0.30466412359573036    25    
56572.89139248683    13.872330693337217    0.31051535020138205    25    
56573.39139248683    13.877688075507862    0.3118052103900628     25    
56573.89139248683    13.861593565012743    0.3110939695028004     25    
56574.39139248683    13.826315058981402    0.31003815856817085    25    
56574.89139248683    13.772034557544844    0.3090101083354791     25    
56575.39139248683    13.697906680791904    0.3077195684468744     25    
56575.89139248683    13.610520885075543    0.3072250257366615     25    
56576.39139248683    13.512159371131236    0.30874113581079454    25    
56576.89139248683    13.401456635109016    0.31148453244603663    25    
56577.39139248683    13.284942494072084    0.31308881467639826    25    
56577.89139248683    13.164406572143154    0.3132614250062613     25    
56578.39139248683    13.038451933714352    0.3121133567392126     25    
56578.89139248683    12.908743339699006    0.30792513479724165    25    
56579.39139248683    12.776078209107327    0.2980380672050226     25    
56579.89139248683    12.639096251421373    0.28635615962768174    25    
56580.39139248683    12.49627474823897     0.27973829799578087    25    
56580.89139248683    12.348206167547124    0.2795278135217604     25    
56581.39139248683    12.193979378804373    0.2813955843228218     25    
56581.89139248683    12.032157923022226    0.2815250077179019     25    
56582.39139248683    11.862994165260032    0.2807703637980914     25    
56582.89139248683    11.686921187934484    0.27965480912729246    25    
56583.39139248683    11.503909061736826    0.2780280325673358     25    
56583.89139248683    11.313715362870344    0.2757335878110521     25    
56584.39139248683    11.117969902652497    0.27410176228134936    25    
56584.89139248683    10.917340346190429    0.2744318962785198     25    
56585.39139248683    10.711397840222713    0.2760599362861349     25    
56585.89139248683    10.5019483566891      0.2771580602680261     25    
56586.39139248683    10.288869766538017    0.27854226224277245    25    
56586.89139248683    10.072501842487297    0.27916279827122814    25    
56587.39139248683    9.85591307148595      0.2735317857319496     25    
56587.89139248683    9.638293613172836     0.2555395238992691     25    
56588.39139248683    9.421010913204306     0.2317819143536579     25    
56588.89139248683    9.207937505662374     0.21647067590241945    25    
56589.39139248683    8.997748189524891     0.21420888194024873    25    
56589.89139248683    8.792470957948602     0.21693542603808044    25    
56590.39139248683    8.59566601670416      0.21724684264136807    25    
56590.89139248683    8.406424562620177     0.2165638517226081     25    
56591.39139248683    8.225115015046576     0.21553460076134204    25    
56591.89139248683    8.052812402816667     0.21361930779765803    25    
56592.39139248683    7.889468190737446     0.21071164763569852    25    
56592.89139248683    7.733378503793559     0.2081777984922555     25    
56593.39139248683    7.583725762295465     0.20723980546843       25    
56593.89139248683    7.441046406130942     0.2073763439494404     25    
56594.39139248683    7.3035752851647535    0.20754665882173748    25    
56594.89139248683    7.170684344086661     0.20729241624384784    25    
56595.39139248683    7.042761892262437     0.20692442797228966    25    
56595.89139248683    6.918795285780292     0.20630336924468895    25    
56596.39139248683    6.798558583116511     0.20597713705190396    25    
56596.89139248683    6.682275583890154     0.20517735330785464    25    
56597.39139248683    6.569821338432876     0.2020395600478653     25    
56597.89139248683    6.461225860238622     0.1947268134539626     25    
56598.39139248683    6.356444837879315     0.1864018082435621     25    
56598.89139248683    6.255428165243395     0.181937377172915      25    
56599.39139248683    6.158431870844843     0.18200254224540502    25    
56599.89139248683    6.064798984237773     0.18324168131393162    25    
56600.39139248683    5.9740115010967525    0.1826283622965954     25    
56600.89139248683    5.88658368327852      0.18068457348219535    25    
56601.39139248683    5.801039683297775     0.17915876820906607    25    
56601.89139248683    5.7164519201251975    0.17954777488248572    25    
56602.39139248683    5.633420133348003     0.18133858842961442    25    
56602.89139248683    5.5503294411803665    0.1828947723778895     25    
56603.39139248683    5.466295458751219     0.18345673495307144    25    
56603.89139248683    5.381871474283415     0.18351450262758168    25    
56604.39139248683    5.296780983323476     0.1826642895558845     25    
56604.89139248683    5.210404504171169     0.18082394421279532    25    
56605.39139248683    5.123471104866844     0.178005342568397      25    
56605.89139248683    5.037585979751894     0.17387886394739982    25    
56606.39139248683    4.9523413244198755    0.16698545153967545    25    
56606.89139248683    4.868395711676098     0.15944598873060883    25    
56607.39139248683    4.7873934183277544    0.15535717808684127    25    
56607.89139248683    4.709128842908623     0.15591597268215174    25    
56608.39139248683    4.633546831951306     0.15759139587139467    25    
56608.89139248683    4.561090444398756     0.15685437221769122    25    
56609.39139248683    4.492097552759889     0.15403399836210135    25    
56609.89139248683    4.4249355592487465    0.15125737376639575    25    
56610.39139248683    4.358515099959925     0.1502556957319045     25    
56610.89139248683    4.293551884067445     0.15046780159929177    25    
56611.39139248683    4.228240148475148     0.15114351925581865    25    
56611.89139248683    4.161539309138192     0.1521552503342006     25    
56612.39139248683    4.094060820561941     0.15359284910573778    25    
56612.89139248683    4.025061326638671     0.15422267440979237    25    
56613.39139248683    3.953845082690791     0.15430578330892405    25    
56613.89139248683    3.8810712130816083    0.15342901612255935    25    
56614.39139248683    3.8080057100633558    0.14889567972957382    25    
56614.89139248683    3.73437859219989      0.13696309836859796    25    
56615.39139248683    3.6606520448120525    0.12141074816927616    25    
56615.89139248683    3.5882124841648557    0.1113301021778667     25    
56616.39139248683    3.516761687240599     0.11020767458127832    25    
56616.89139248683    3.4466421348344776    0.11226553697258378    25    
56617.39139248683    3.3786539129931112    0.1118109418419964     25    
56617.89139248683    3.312719279724697     0.10946515273617119    25    
56618.39139248683    3.2485121479686416    0.1072476159438711     25    
56618.89139248683    3.1858720984087547    0.10656318098120693    25    
56619.39139248683    3.124923059525317     0.10704730994358837    25    
56619.89139248683    3.0653199190149287    0.10810310974847015    25    
56620.39139248683    3.006837619117963     0.10971681151058113    25    
56620.89139248683    2.949601840206758     0.11195986851688595    25    
56621.39139248683    2.893462542179823     0.11323729021021088    25    
56621.89139248683    2.8382536899673765    0.11255923910776001    25    
56622.39139248683    2.784111086359742     0.11068681517672568    25    
56622.89139248683    2.7313595977044423    0.10855258117494974    25    
56623.39139248683    2.679950912368633     0.10704618041625673    25    
56623.89139248683    2.629978187446065     0.10499089707283593    25    
56624.39139248683    2.581814977607073     0.10020681406736405    25    
56624.89139248683    2.535409535577067     0.09007472806037613    25    
56625.39139248683    2.4908183761883564    0.07784624165115078    25    
56625.89139248683    2.448246492682241     0.07043981049326214    25    
56626.39139248683    2.407732233330845     0.06978522571881918    25    
56626.89139248683    2.369066469294592     0.07136598114977404    25    
56627.39139248683    2.332094283501743     0.07117222405225018    25    
56627.89139248683    2.296921492505658     0.07036087840735107    25    
56628.39139248683    2.2633052286933903    0.06949103563124151    25    
56628.89139248683    2.2310931436161177    0.06867149592237948    25    
56629.39139248683    2.2003836111893804    0.06783068312260629    25    
56629.89139248683    2.1709065791899915    0.06717493785888053    25    
56630.39139248683    2.1425792810212205    0.0668434424730629     25    
56630.89139248683    2.115448871601317     0.06675393442084183    25    
56631.39139248683    2.0892271661075243    0.06684979797390542    25    
56631.89139248683    2.0639142194710787    0.06624740696131343    25    
56632.39139248683    2.03947879749549      0.06605136348400555    25    
56632.89139248683    2.0156375507178934    0.06897770184332008    25    
56633.39139248683    1.9924594827197133    0.0765193006021932     25    
56633.89139248683    1.9698349126259291    0.08456136030002283    25    
56634.39139248683    1.9475039194435784    0.08914995210776709    25    
56634.89139248683    1.9255765945211538    0.08998177607214773    25    
56635.39139248683    1.903878740746652     0.090598413174461      25    
56635.89139248683    1.8821877960386093    0.0937106982308562     25    