55560.84329171608    2.4095347395004882    0.2953940485185576     25    
55561.34329171608    2.765290610334464     0.29664303713046214    25    
55561.84329171608    3.1426282423768463    0.29816661212530193    25    
55562.34329171608    3.5397629298703923    0.3013034913943303     25    
55562.84329171608    3.957232664178943     0.30684222683863227    25    
55563.34329171608    4.393959942155998     0.3124685571060212     25    
55563.84329171608    4.848624242357793     0.3158334756180813     25    
55564.34329171608    5.321875026933091     0.31755787373154576    25    
55564.84329171608    5.812059137636989     0.31892713794163646    25    
55565.34329171608    6.318629693548172     0.32057912882940587    25    
55565.84329171608    6.8417287151823905    0.3221450548180456     25    
55566.34329171608    7.379500179452251     0.32357628432997343    25    
55566.84329171608    7.932290300027035     0.3248422232832206     25    
55567.34329171608    8.499304745512356     0.3260324938202513     25    
55567.84329171608    9.079020129621917     0.32721720680528316    25    
55568.34329171608    9.672117078379873     0.3283153647251744     25    
55568.84329171608    10.277114134508448    0.3296581089146696     25    
55569.34329171608    10.89365957550946     0.33000531635380015    25    
55569.84329171608    11.521879977346355    0.3300405289608244     25    
55570.34329171608    12.157471168230298    0.3371135544645839     25    
55570.84329171608    12.806011989140432    0.3567150891795943     25    
55571.34329171608    13.457738948021273    0.3793906173162956     25    
55571.84329171608    14.093849890682765    0.39370539582000036    25    
55572.34329171608    14.7233822084749      0.4003909379519257     25    
55572.84329171608    15.326103420969357    0.4044928786226029     25    
55573.34329171608    15.884144555149994    0.4090266190713946     25    
55573.84329171608    16.40608803968452     0.4128815246127779     25    
55574.34329171608    16.869203282213217    0.41563706126947403    25    
55574.84329171608    17.260931601412672    0.416332433591977      25    
55575.34329171608    17.591278991953207    0.4161125389475013     25    
55575.84329171608    17.866767286687185    0.41795393447208196    25    
55576.34329171608    18.08090752185625     0.4222937090513889     25    
55576.84329171608    18.248389766958578    0.4276724263068864     25    
55577.34329171608    18.38561231824511     0.4335511921492128     25    
55577.84329171608    18.48497917656075     0.4406702867202634     25    
55578.34329171608    18.563783727047703    0.4452876819542358     25    
55578.84329171608    18.633068408164274    0.4461997214852711     25    
55579.34329171608    18.686710701753054    0.4438260261709559     25    
55579.84329171608    18.726619991696587    0.4335141826083076     25    
55580.34329171608    18.75562953301531     0.4075604007263662     25    
55580.84329171608    18.768578308900743    0.3770499969890829     25    
55581.34329171608    18.758950889370098    0.36296094352036595    25    
55581.84329171608    18.72937648926458     0.3668439217072923     25    
55582.34329171608    18.67460570575029     0.3737823470968667     25    
55582.84329171608    18.589434127738308    0.37366485227164314    25    
55583.34329171608    18.476220661461934    0.37113920339027967    25    
55583.84329171608    18.337286726802365    0.36838542531707197    25    
55584.34329171608    18.170927000275228    0.3651906173526835     25    
55584.84329171608    17.980196522517716    0.3622694180504573     25    
55585.34329171608    17.772061542009194    0.36240794881216604    25    
55585.84329171608    17.544101588401276    0.3669127307414396     25    
55586.34329171608    17.301103307839128    0.371140416256816      25    
55586.84329171608    17.048247383478003    0.37130806718378734    25    
55587.34329171608    16.78329550033711     0.3689624263737878     25    
55587.84329171608    16.51008647533929     0.3624510732420208     25    
55588.34329171608    16.230008758725294    0.34739527598076103    25    
55588.84329171608    15.942457810112264    0.32742230125529376    25    
55589.34329171608    15.649622269191491    0.3151851486040388     25    
55589.84329171608    15.350988539421223    0.3152590173020779     25    
55590.34329171608    15.047612065013938    0.3191451789019521     25    
55590.84329171608    14.741236065637572    0.3191180321100718     25    
55591.34329171608    14.431284022075497    0.31703803191535235    25    
55591.84329171608    14.118353755838049    0.31398156010175415    25    
55592.34329171608    13.802973410840913    0.30932194908764576    25    
55592.84329171608    13.484848497232141    0.3035437151312111     25    
55593.34329171608    13.163830039577379    0.3005848680241944     25    
55593.84329171608    12.839895874570043    0.3028181440539586     25    
55594.34329171608    12.513068634767414    0.3065762591544566     25    
55594.84329171608    12.183144648220068    0.3079189142343611     25    
55595.34329171608    11.849566345564174    0.30852770188447176    25    
55595.84329171608    11.514472638281683    0.3049432047972035     25    
55596.34329171608    11.178787495580748    0.29100776433301334    25    
55596.84329171608    10.841975303869425    0.26752722059223505    25    
55597.34329171608    10.508560226930877    0.24869576359729212    25    
55597.84329171608    10.178740839640664    0.24431832176609394    25    
55598.34329171608    9.853261027653003     0.2466660730907403     25    
55598.84329171608    9.536472131202725     0.2469516338933687     25    
55599.34329171608    9.227686707102048     0.2457209399504962     25    
55599.84329171608    8.92773237533824      0.24356679547760623    25    
55600.34329171608    8.638269841961687     0.2390648992273601     25    
55600.84329171608    8.358800269112699     0.23210723943376885    25    
55601.34329171608    8.088789754174499     0.2264512357908338     25    
55601.84329171608    7.828164760575103     0.22492673963725213    25    
55602.34329171608    7.576902670428854     0.22555863285901812    25    
55602.84329171608    7.33446974721008      0.22568238908775595    25    
55603.34329171608    7.1011093649914265    0.225243325744819      25    
55603.84329171608    6.876303043582809     0.22434296919171695    25    
55604.34329171608    6.659366466754391     0.2223697270575275     25    
55604.84329171608    6.450702472681103     0.21934342378262048    25    
55605.34329171608    6.2491797590087454    0.21570560513926818    25    
55605.84329171608    6.054253586598939     0.21118873459416826    25    
55606.34329171608    5.866154452441482     0.20595455650037917    25    
55606.84329171608    5.683567508172862     0.2025660967323768     25    
55607.34329171608    5.506283376581146     0.20286128586169933    25    
55607.84329171608    5.334460262780428     0.2042592774713185     25    
55608.34329171608    5.1677571862219915    0.20316747341935254    25    
55608.84329171608    5.005986128276709     0.19903195015416925    25    
55609.34329171608    4.849956881152674     0.19540726936955635    25    
55609.84329171608    4.700178322599033     0.19576873275719334    25    
55610.34329171608    4.556395506246522     0.19887373396859462    25    
55610.84329171608    4.419520754563828     0.20128871543936322    25    
55611.34329171608    4.290097781481756     0.20207302183699838    25    
55611.84329171608    4.167599603212766     0.20182003812803576    25    
55612.34329171608    4.051529397763448     0.19959788526891936    25    
55612.84329171608    3.9426775339956057    0.19481251749839495    25    
55613.34329171608    3.839115139062965     0.18882663642978448    25    
55613.84329171608    3.738996102687067     0.18268064648395874    25    
55614.34329171608    3.643250328983171     0.1755569061310141     25    
55614.84329171608    3.549381227771765     0.1704985797761622     25    
55615.34329171608    3.456136233242766     0.17105191756807048    25    
55615.84329171608    3.364184736743339     0.17456775510195796    25    
55616.34329171608    3.2726273577768743    0.17493162465986917    25    
55616.84329171608    3.180711304584961     0.16990841136766188    25    
55617.34329171608    3.089924526576051     0.163567315991277      25    
55617.84329171608    3.0018599545763416    0.16041565057735985    25    
55618.34329171608    2.9157481109507386    0.15992816590288716    25    
55618.84329171608    2.8333906107678097    0.1606951251670708     25    
55619.34329171608    2.756101441935731     0.16262750011110003    25    
55619.84329171608    2.6832457698009016    0.1656623580949576     25    
55620.34329171608    2.615445928002362     0.1668571984072379     25    
55620.84329171608    2.553510532868887     0.16588753839366782    25    
55621.34329171608    2.4962296960218375    0.1627935891407116     25    
55621.84329171608    2.4418412741878597    0.15569068011202872    25    
55622.34329171608    2.391087656745685     0.1419261307800649     25    
55622.84329171608    2.34239421940243      0.1276539886051422     25    
55623.34329171608    2.2942528733879928    0.12174610502401548    25    
55623.84329171608    2.247322124511232     0.12250289720066619    25    
55624.34329171608    2.200601439319963     0.12322793828894171    25    
55624.84329171608    2.153337795469404     0.12041761319331548    25    
55625.34329171608    2.1062472750335215    0.11698449142673494    25    
55625.84329171608    2.060301284602153     0.11587781808656311    25    
55626.34329171608    2.015146869715817     0.11766756085607602    25    
55626.84329171608    1.9715237828677254    0.12072265406436872    25    
55627.34329171608    1.9304111023766586    0.1242056239141305     25    
55627.84329171608    1.891440245910351     0.1287342420620651     25    
55628.34329171608    1.8551065566366056    0.13151492180748406    25    
55628.84329171608    1.8219318643477707    0.13050245223564472    25    
55629.34329171608    1.7915490815531825    0.1270945137533807     25    
55629.84329171608    1.7632262358499273    0.12335965053049319    25    
55630.34329171608    1.7371430115363626    0.12006678162065261    25    
55630.84329171608    1.7128964490988832    0.11584838653340232    25    
55631.34329171608    1.6897210893293881    0.1087076310489681     25    
55631.84329171608    1.6678961478051044    0.09699423626992777    25    
55632.34329171608    1.646930134565577     0.08564581912101275    25    
55632.84329171608    1.6263913417654967    0.08141544146823827    25    
55633.34329171608    1.6064820576473173    0.0825006330121594     25    
55633.84329171608    1.5871286935698792    0.08329807063800651    25    
55634.34329171608    1.5683062119995135    0.08204939404683156    25    
55634.84329171608    1.5500362987401612    0.08041401772160243    25    
55635.34329171608    1.5323162372244004    0.07887096206877814    25    
55635.84329171608    1.515147016942603     0.07726698048495444    25    
55636.34329171608    1.4985266571163625    0.07589606193836933    25    
55636.84329171608    1.4824532984821666    0.07517302177106247    25    
55637.34329171608    1.4669278747923533    0.0749880380851136     25    
55637.84329171608    1.451947603702643     0.07512210002733159    25    
55638.34329171608    1.437511976933071     0.07469766954560407    25    
55638.84329171608    1.4236208851386605    0.07474783499205769    25    
55639.34329171608    1.4102714276566921    0.07817398105584372    25    
55639.84329171608    1.3974643721670181    0.08612938588020548    25    
55640.34329171608    1.3851981475714283    0.09417341663096397    25    
55640.84329171608    1.3734705289058882    0.09816302896784049    25    
55641.34329171608    1.3622825837739068    0.09862793816679138    25    
55641.84329171608    1.3516317616805564    0.10191438952748645    25    
55642.34329171608    1.3415170108145067    0.1090472453295839     25    