54358.111856038784    8.72777945689169      1.8382667502387668    25    
54358.611856038784    10.262666047907764    1.81786929406269      25    
54359.111856038784    11.907995000092326    1.8307980320686437    25    
54359.611856038784    13.657554234475214    2.0099784170637465    25    
54360.111856038784    15.51230201644163     2.2754214620883815    25    
54360.611856038784    17.464237239859877    2.4099836219539226    25    
54361.111856038784    19.51467028126382     2.4152262687781527    25    
54361.611856038784    21.656684839386024    2.4032958994847182    25    
54362.111856038784    23.88906956988316     2.411679695501366     25    
54362.611856038784    26.208457319728943    2.4193854893593696    25    
54363.111856038784    28.609469657623908    2.426074355662712     25    
54363.611856038784    31.092540170640067    2.431981661048136     25    
54364.111856038784    33.649840319810316    2.4373401261287584    25    
54364.611856038784    36.28286002565251     2.4420204170009856    25    
54365.111856038784    38.98430965237988     2.4477727357818018    25    
54365.611856038784    41.75831954324734     2.4628083941069203    25    
54366.111856038784    44.58852508320704     2.4661244365917403    25    
54366.611856038784    47.48449644720748     2.4238110542928193    25    
54367.111856038784    50.41168918391956     2.3613595206437923    25    
54367.611856038784    53.2514533906807      2.348379330131291     25    
54368.111856038784    56.03095385141351     2.3801785541525677    25    
54368.611856038784    58.575121986110794    2.409985908757338     25    
54369.111856038784    60.88465805737772     2.430356079603803     25    
54369.611856038784    62.86791872218294     2.4456347492496016    25    
54370.111856038784    64.40755283129057     2.4508227706964294    25    
54370.611856038784    65.57914576699602     2.451593141164781     25    
54371.111856038784    66.43885872756633     2.459628994883369     25    
54371.611856038784    66.97535567406125     2.472637918709486     25    
54372.111856038784    67.38125868072491     2.4882169088229102    25    
54372.611856038784    67.63937279063057     2.5093727716977843    25    
54373.111856038784    67.87590385847405     2.5234200557627022    25    
54373.611856038784    68.18463498257287     2.523167392482605     25    
54374.111856038784    68.5210964392111      2.51144878727451      25    
54374.611856038784    68.90033464144169     2.480769077784824     25    
54375.111856038784    69.31275071993218     2.434800152324194     25    
54375.611856038784    69.66779996317491     2.416195232128297     25    
54376.111856038784    69.97852429629283     2.4328814851150695    25    
54376.611856038784    70.17512847513771     2.448074035614115     25    
54377.111856038784    70.22794780253587     2.446125621832618     25    
54377.611856038784    70.14135865146255     2.4386369979008653    25    
54378.111856038784    69.89272444389606     2.428949045375897     25    
54378.611856038784    69.49052913692447     2.417429161736933     25    
54379.111856038784    68.94605184643818     2.4156328342706987    25    
54379.611856038784    68.25715254255383     2.42529208554137      25    
54380.111856038784    67.43485741297938     2.4295908322891493    25    
54380.611856038784    66.47745906324307     2.4484161465474394    25    
54381.111856038784    65.39740904877752     2.4185709004416704    25    
54381.611856038784    64.20485174950075     2.22053074976598      25    
54382.111856038784    62.901945394758926    1.9115535686734397    25    
54382.611856038784    61.51233134106349     1.7557156003646974    25    
54383.111856038784    60.03113007199984     1.7706872196998686    25    
54383.611856038784    58.48441661767501     1.7868542860115528    25    
54384.111856038784    56.86407364174221     1.7720496926762863    25    
54384.611856038784    55.20979132128869     1.7536915557776576    25    
54385.111856038784    53.54040838955663     1.7291833327168038    25    
54385.611856038784    51.87108058387158     1.7035600745632729    25    
54386.111856038784    50.265904960614996    1.6919305652010763    25    
54386.611856038784    48.712586278472536    1.6919978614023103    25    
54387.111856038784    47.282640876493545    1.6894105438669322    25    
54387.611856038784    45.98219986946258     1.6875201494733123    25    
54388.111856038784    44.81101129951899     1.6685139506374664    25    
54388.611856038784    43.78560722063115     1.6034867209739865    25    
54389.111856038784    42.883208924152285    1.5264190347255828    25    
54389.611856038784    42.07488096452869     1.5027431803511453    25    
54390.111856038784    41.365266013899145    1.5168778985873639    25    
54390.611856038784    40.715988109260294    1.5229328107598479    25    
54391.111856038784    40.12920046567312     1.5195086494832684    25    
54391.611856038784    39.591909855857836    1.5116882147364687    25    
54392.111856038784    39.095912616136836    1.4952982959840517    25    
54392.611856038784    38.64551743411661     1.4793952100244152    25    
54393.111856038784    38.24047881869965     1.4788398925009714    25    
54393.611856038784    37.88086232704394     1.4874987276324183    25    
54394.111856038784    37.56752582884869     1.4916490543195156    25    
54394.611856038784    37.30216015051993     1.4920829217959841    25    
54395.111856038784    37.07251376552723     1.488781385547742     25    
54395.611856038784    36.881497102056244    1.4916178744131339    25    
54396.111856038784    36.71334517834631     1.4734813299164868    25    
54396.611856038784    36.55390866335964     1.383878020104033     25    
54397.111856038784    36.402698691311336    1.2510941437061818    25    
54397.611856038784    36.23500419687719     1.1885867881597068    25    
54398.111856038784    36.054553584332       1.1995183784834966    25    
54398.611856038784    35.850582579965064    1.207333711144473     25    
54399.111856038784    35.6193615474476      1.1927159442913973    25    
54399.611856038784    35.36600449921868     1.181605514993202     25    
54400.111856038784    35.091840282130846    1.1896342728561582    25    
54400.611856038784    34.797616712543174    1.2051079473641484    25    
54401.111856038784    34.48736799812602     1.2116980710289778    25    
54401.611856038784    34.16036586069773     1.212386795069242     25    
54402.111856038784    33.81805476548903     1.203226959645316     25    
54402.611856038784    33.4611449132202      1.1655851894090272    25    
54403.111856038784    33.08748048955054     1.1678432803815142    25    
54403.611856038784    32.69645838792148     1.2808899330411834    25    
54404.111856038784    32.28744315879414     1.4107019403855499    25    
54404.611856038784    31.85838754100702     1.4566688201356472    25    
54405.111856038784    31.409720089095572    1.4525794874737243    25    
54405.611856038784    30.94043470438812     1.4399461423725481    25    
54406.111856038784    30.450276230061405    1.4159856002091276    25    
54406.611856038784    29.94041314142316     1.3960319836724504    25    
54407.111856038784    29.410978858727123    1.3920609435192215    25    
54407.611856038784    28.86251405049088     1.3945920187620005    25    
54408.111856038784    28.295342752637023    1.4000655665258372    25    
54408.611856038784    27.709955140829113    1.4076168031069385    25    
54409.111856038784    27.110348576352976    1.4082789537898137    25    
54409.611856038784    26.494967331782295    1.4143853085155638    25    
54410.111856038784    25.873158153013236    1.3404958918575416    25    
54410.611856038784    25.245415233779283    1.066883091681972     25    
54411.111856038784    24.617039681730493    0.6891837602707811    25    
54411.611856038784    23.99445523636444     0.5424750282276528    25    
54412.111856038784    23.37700083112232     0.6020294280624741    25    
54412.611856038784    22.77215411482662     0.6091753548151221    25    
54413.111856038784    22.178905981665405    0.5920578257549789    25    
54413.611856038784    21.59923239871777     0.5793152811293376    25    
54414.111856038784    21.033212637217908    0.5737158705360733    25    
54414.611856038784    20.48196876879116     0.572398303564351     25    
54415.111856038784    19.946438805167915    0.5767477453374448    25    
54415.611856038784    19.426766775032224    0.5827557493567503    25    
54416.111856038784    18.924550042496353    0.5783501421828843    25    
54416.611856038784    18.4394871304036      0.5651967522104008    25    
54417.111856038784    17.972893418849196    0.5511032378116844    25    
54417.611856038784    17.524646532778856    0.5313550862121497    25    
54418.111856038784    17.095697666350063    0.5260745080841088    25    
54418.611856038784    16.686760146348252    0.5597371734407323    25    
54419.111856038784    16.297571382357813    0.6018264683795667    25    
54419.611856038784    15.928675885228449    0.6149192038515803    25    
54420.111856038784    15.579824465942242    0.6102352162983556    25    
54420.611856038784    15.24842517486122     0.6050256151221283    25    
54421.111856038784    14.934935982601322    0.5996050324927595    25    
54421.611856038784    14.636888371287595    0.5939839049404257    25    
54422.111856038784    14.353730317652161    0.5887468139999918    25    
54422.611856038784    14.084374779940246    0.5843052281656975    25    
54423.111856038784    13.826786015682798    0.582111022627777     25    
54423.611856038784    13.58118790001922     0.5817004284632777    25    
54424.111856038784    13.344736608179756    0.5822658545156225    25    
54424.611856038784    13.117954157210898    0.5834216540234506    25    
54425.111856038784    12.898215626629609    0.5879487343449947    25    
54425.611856038784    12.685307083001845    0.5976770346554747    25    
54426.111856038784    12.477766865433086    0.6093349395779609    25    
54426.611856038784    12.273880208878595    0.6164572638291238    25    
54427.111856038784    12.073640182074804    0.6252026851075437    25    
54427.611856038784    11.87430706632765     0.6507190156726732    25    