#Date  :
#Flux  :
#Fluxerr  :
#ZP  :
#end  :
@INSTRUMENT  PS
@BAND  PS_r
@MAGSYS  AB
54815.1477625  0.0  1.1012231010175708  25.0
54820.134107499995  0.0  1.1012231010175708  25.0
54825.12045249999  0.0  1.1012231010175708  25.0
54830.10679749999  0.0  1.1012231010175708  25.0
54835.09314249999  0.0  1.1012231010175708  25.0
54840.079487499985  0.0  1.1012231010175708  25.0
54845.06583249998  0.0  1.1012231010175708  25.0
54850.05217749998  0.0  1.1012231010175708  25.0
54855.03852249998  0.0  1.1012231010175708  25.0
54860.024867499975  0.0  1.1012231010175708  25.0
54865.01121249997  0.0  1.1012231010175708  25.0
54869.99755749997  0.0  1.1012231010175708  25.0
54874.98390249997  0.0  1.1012231010175708  25.0
54879.970247499965  0.0  1.1012231010175708  25.0
54884.95659249996  0.0  1.1012231010175708  25.0
54889.94293749996  0.0  1.1012231010175708  25.0
54894.92928249996  0.0  1.1012231010175708  25.0
54899.915627499955  0.0  1.1012231010175708  25.0
54904.90197249995  0.0  1.1012231010175708  25.0
54909.88831749995  0.0  1.1012231010175708  25.0
54914.87466249995  0.0  1.1012231010175708  25.0
54919.861007499945  0.0  1.1012231010175708  25.0
54924.84735249994  0.0  1.1012231010175708  25.0
54929.83369749994  0.0  1.1012231010175708  25.0
54934.82004249994  0.0  1.1012231010175708  25.0
54939.806387499935  0.0  1.1012231010175708  25.0
54944.79273249993  0.0  1.1012231010175708  25.0
54949.77907749993  0.0  1.1012231010175708  25.0
54954.76542249993  0.0  1.1012231010175708  25.0
54959.751767499925  0.0  1.1012231010175708  25.0
54964.73811249992  0.0  1.1012231010175708  25.0
54969.72445749992  0.0  1.1012231010175708  25.0
54974.71080249992  0.0  1.1012231010175708  25.0
54979.697147499915  0.0  1.1012231010175708  25.0
54984.68349249991  0.0  1.1012231010175708  25.0
54989.66983749991  0.0  1.1012231010175708  25.0
54994.65618249991  0.0  1.1012231010175708  25.0
54999.642527499906  0.0  1.1012231010175708  25.0
55004.6288724999  0.0  1.1012231010175708  25.0
55009.6152174999  0.0  1.1012231010175708  25.0
55014.6015624999  0.0  1.1012231010175708  25.0
55019.587907499896  0.0  1.1012231010175708  25.0
55024.57425249989  0.0  1.1012231010175708  25.0
55029.56059749989  0.0  1.1012231010175708  25.0
55034.54694249989  0.0  1.1012231010175708  25.0
55039.533287499886  0.0  1.1012231010175708  25.0
55044.51963249988  0.0  1.1012231010175708  25.0
55049.50597749988  0.0  1.1012231010175708  25.0
55054.49232249988  0.0  1.1012231010175708  25.0
55059.478667499876  0.0  1.1012231010175708  25.0
55064.46501249987  0.0  1.1012231010175708  25.0
55069.45135749987  0.0  1.1012231010175708  25.0
55074.43770249987  0.0  1.1012231010175708  25.0
55079.424047499866  0.0  1.1012231010175708  25.0
55084.41039249986  0.0  1.1012231010175708  25.0
55089.39673749986  0.0  1.1012231010175708  25.0
55094.38308249986  0.0  1.1012231010175708  25.0
55099.369427499856  0.0  1.1012231010175708  25.0
55104.35577249985  0.0  1.1012231010175708  25.0
55109.34211749985  0.0  1.1012231010175708  25.0
55114.32846249985  0.0  1.1012231010175708  25.0
55119.314807499846  0.0  1.1012231010175708  25.0
55124.301152499844  0.0  1.1012231010175708  25.0
55129.28749749984  0.0  1.1012231010175708  25.0
55134.27384249984  0.0  1.1012231010175708  25.0
55139.260187499836  0.0  1.1012231010175708  25.0
55144.246532499834  0.0  1.1012231010175708  25.0
55149.23287749983  0.0  1.1012231010175708  25.0
55154.21922249983  0.0  1.1012231010175708  25.0
55159.20556749983  0.0  1.1012231010175708  25.0
55164.191912499824  0.0  1.1012231010175708  25.0
55169.17825749982  0.0  1.1012231010175708  25.0
55174.16460249982  0.0  1.1012231010175708  25.0
55179.15094749982  0.0  1.1012231010175708  25.0
55184.137292499814  0.0  1.1012231010175708  25.0
55189.12363749981  0.0  1.1012231010175708  25.0
55194.10998249981  0.0  1.1012231010175708  25.0
55199.09632749981  0.0  1.1012231010175708  25.0
55204.082672499804  0.0  1.1012231010175708  25.0
55209.0690174998  0.0  1.1012231010175708  25.0
55214.0553624998  0.0  1.1012231010175708  25.0
55219.0417074998  0.0  1.1012231010175708  25.0
55224.028052499794  0.0  1.1012231010175708  25.0
55229.01439749979  0.0  1.1012231010175708  25.0
55234.00074249979  0.0  1.1012231010175708  25.0
55238.98708749979  0.0  1.1012231010175708  25.0
55243.973432499784  0.0  1.1012231010175708  25.0
55248.95977749978  0.0  1.1012231010175708  25.0
55253.94612249978  0.0  1.1012231010175708  25.0
55258.93246749978  0.0  1.1012231010175708  25.0
55263.918812499775  0.0  1.1012231010175708  25.0
55268.90515749977  0.0  1.1012231010175708  25.0
55273.89150249977  0.0  1.1012231010175708  25.0
55278.87784749977  0.0  1.1012231010175708  25.0
55283.864192499765  0.0  1.1012231010175708  25.0
55288.85053749976  0.0  1.1012231010175708  25.0
55293.83688249976  0.0  1.1012231010175708  25.0
55298.82322749976  0.0  1.1012231010175708  25.0
55303.809572499755  0.0  1.1012231010175708  25.0
55308.79591749975  0.0  1.1012231010175708  25.0
55313.78226249975  0.0  1.1012231010175708  25.0
55318.76860749975  0.0  1.1012231010175708  25.0
55323.754952499745  0.0  1.1012231010175708  25.0
55328.74129749974  0.0  1.1012231010175708  25.0
55333.72764249974  0.0  1.1012231010175708  25.0
55338.71398749974  0.0  1.1012231010175708  25.0
55343.700332499735  0.0  1.1012231010175708  25.0
55348.68667749973  0.0  1.1012231010175708  25.0
55353.67302249973  0.0  1.1012231010175708  25.0
55358.65936749973  0.0  1.1012231010175708  25.0
55363.645712499725  0.0  1.1012231010175708  25.0
55368.63205749972  0.0  1.1012231010175708  25.0
55373.61840249972  0.0  1.1012231010175708  25.0
55378.60474749972  0.0  1.1012231010175708  25.0
55383.591092499715  0.0  1.1012231010175708  25.0
55388.57743749971  0.0  1.1012231010175708  25.0
55393.56378249971  0.0  1.1012231010175708  25.0
55398.55012749971  0.0  1.1012231010175708  25.0
55403.536472499705  0.0  1.1012231010175708  25.0
55408.5228174997  0.0  1.1012231010175708  25.0
55413.5091624997  0.0  1.1012231010175708  25.0
55418.4955074997  0.0  1.1012231010175708  25.0
55423.481852499695  0.0  1.1012231010175708  25.0
55428.46819749969  0.0  1.1012231010175708  25.0
55433.45454249969  0.0  1.1012231010175708  25.0
55438.44088749969  0.0  1.1012231010175708  25.0
55443.427232499685  0.0  1.1012231010175708  25.0
55448.41357749968  0.0  1.1012231010175708  25.0
55453.39992249968  0.0  1.1012231010175708  25.0
55458.38626749968  0.0  1.1012231010175708  25.0
55463.372612499676  0.0  1.1012231010175708  25.0
55468.35895749967  0.0  1.1012231010175708  25.0
55473.34530249967  0.0  1.1012231010175708  25.0
55478.33164749967  0.0  1.1012231010175708  25.0
55483.317992499666  0.0  1.1012231010175708  25.0
55488.30433749966  0.0  1.1012231010175708  25.0
55493.29068249966  0.0  1.1012231010175708  25.0
55498.27702749966  0.0  1.1012231010175708  25.0
55503.263372499656  0.0  1.1012231010175708  25.0
55508.24971749965  0.0  1.1012231010175708  25.0
55513.23606249965  0.0  1.1012231010175708  25.0
55518.22240749965  0.0  1.1012231010175708  25.0
55523.208752499646  0.0  1.1012231010175708  25.0
55528.19509749964  0.0  1.1012231010175708  25.0
55533.18144249964  0.0  1.1012231010175708  25.0
55538.16778749964  0.0  1.1012231010175708  25.0
55543.154132499636  0.0  1.1012231010175708  25.0
55548.14047749963  0.0  1.1012231010175708  25.0
55553.12682249963  0.0  1.1012231010175708  25.0
55558.11316749963  0.0  1.1012231010175708  25.0
55563.099512499626  0.0  1.1012231010175708  25.0
55568.085857499624  0.0  1.1012231010175708  25.0
55573.07220249962  0.0  1.1012231010175708  25.0
55578.05854749962  0.0  1.1012231010175708  25.0
55583.044892499616  0.0  1.1012231010175708  25.0
55588.031237499614  0.0  1.1012231010175708  25.0
55593.01758249961  0.0  1.1012231010175708  25.0
55598.00392749961  0.0  1.1012231010175708  25.0
55602.99027249961  0.0  1.1012231010175708  25.0
55607.976617499604  0.0  1.1012231010175708  25.0
55612.9629624996  0.0  1.1012231010175708  25.0
55617.9493074996  0.0  1.1012231010175708  25.0
55622.9356524996  0.0  1.1012231010175708  25.0
55627.921997499594  0.0  1.1012231010175708  25.0
55632.90834249959  0.0  1.1012231010175708  25.0
55637.89468749959  0.0  1.1012231010175708  25.0
55642.88103249959  0.0  1.1012231010175708  25.0
55647.867377499584  0.0  1.1012231010175708  25.0
55652.85372249958  0.0  1.1012231010175708  25.0
55657.84006749958  0.0  1.1012231010175708  25.0
55662.82641249958  0.0  1.1012231010175708  25.0
55667.812757499574  0.0  1.1012231010175708  25.0
55672.79910249957  0.0  1.1012231010175708  25.0
55677.78544749957  0.0  1.1012231010175708  25.0
55682.77179249957  0.0  1.1012231010175708  25.0
55687.758137499564  0.0  1.1012231010175708  25.0
55692.74448249956  0.0  1.1012231010175708  25.0
55697.73082749956  0.0  1.1012231010175708  25.0
55702.71717249956  0.0  1.1012231010175708  25.0
55707.703517499554  0.0  1.1012231010175708  25.0
55712.68986249955  0.0  1.1012231010175708  25.0
55717.67620749955  0.0  1.1012231010175708  25.0
55722.66255249955  0.0  1.1012231010175708  25.0
55727.648897499545  0.0  1.1012231010175708  25.0
55732.63524249954  0.0  1.1012231010175708  25.0
55737.62158749954  0.0  1.1012231010175708  25.0
55742.60793249954  0.0  1.1012231010175708  25.0
55747.594277499535  0.0  1.1012231010175708  25.0
55752.58062249953  0.0  1.1012231010175708  25.0
55757.56696749953  0.0  1.1012231010175708  25.0
55762.55331249953  0.0  1.1012231010175708  25.0
55767.539657499525  0.0  1.1012231010175708  25.0
55772.52600249952  0.0  1.1012231010175708  25.0
55777.51234749952  0.0  1.1012231010175708  25.0
55782.49869249952  0.0  1.1012231010175708  25.0
55787.485037499515  0.0  1.1012231010175708  25.0
55792.47138249951  0.0  1.1012231010175708  25.0
55797.45772749951  0.0  1.1012231010175708  25.0
55802.44407249951  0.0  1.1012231010175708  25.0
55807.430417499505  0.0  1.1012231010175708  25.0
55812.4167624995  0.0  1.1012231010175708  25.0
55817.4031074995  0.0  1.1012231010175708  25.0
55822.3894524995  0.0  1.1012231010175708  25.0
55827.375797499495  0.0  1.1012231010175708  25.0
55832.36214249949  0.0  1.1012231010175708  25.0
55837.34848749949  0.0  1.1012231010175708  25.0
55842.33483249949  0.0  1.1012231010175708  25.0
55847.321177499485  0.0  1.1012231010175708  25.0
55852.30752249948  0.0  1.1012231010175708  25.0
55857.29386749948  0.0  1.1012231010175708  25.0
55862.28021249948  0.0  1.1012231010175708  25.0
55867.266557499475  0.0  1.1012231010175708  25.0
55872.25290249947  0.0  1.1012231010175708  25.0
55877.23924749947  0.0  1.1012231010175708  25.0
55882.22559249947  0.0  1.1012231010175708  25.0
55887.211937499465  0.0  1.1012231010175708  25.0
55892.19828249946  0.0  1.1012231010175708  25.0
55897.18462749946  0.0  1.1012231010175708  25.0
55902.17097249946  0.0  1.1012231010175708  25.0
55907.157317499456  0.0  1.1012231010175708  25.0
55912.14366249945  0.0  1.1012231010175708  25.0
55917.13000749945  0.0  1.1012231010175708  25.0
55922.11635249945  0.0  1.1012231010175708  25.0
55927.102697499446  0.0  1.1012231010175708  25.0
55932.08904249944  0.0  1.1012231010175708  25.0
55937.07538749944  0.0  1.1012231010175708  25.0
55942.06173249944  0.0  1.1012231010175708  25.0
55947.048077499436  0.0  1.1012231010175708  25.0
55952.03442249943  0.0  1.1012231010175708  25.0
55957.02076749943  0.0  1.1012231010175708  25.0
55962.00711249943  0.0  1.1012231010175708  25.0
55966.993457499426  0.0  1.1012231010175708  25.0
55971.97980249942  0.0  1.1012231010175708  25.0
55976.96614749942  0.0  1.1012231010175708  25.0
55981.95249249942  0.0  1.1012231010175708  25.0
55986.938837499416  0.0  1.1012231010175708  25.0
55991.92518249941  0.0  1.1012231010175708  25.0
55996.91152749941  0.0  1.1012231010175708  25.0
56001.89787249941  0.0  1.1012231010175708  25.0
56006.884217499406  0.0  1.1012231010175708  25.0
56011.8705624994  0.0  1.1012231010175708  25.0
56016.8569074994  0.0  1.1012231010175708  25.0
56021.8432524994  0.0  1.1012231010175708  25.0
56026.829597499396  0.0  1.1012231010175708  25.0
56031.815942499394  0.0  1.1012231010175708  25.0
56036.80228749939  0.0  1.1012231010175708  25.0
56041.78863249939  0.0  1.1012231010175708  25.0
56046.774977499386  0.0  1.1012231010175708  25.0
56051.761322499384  0.0  1.1012231010175708  25.0
56056.74766749938  0.0  1.1012231010175708  25.0
56061.73401249938  0.0  1.1012231010175708  25.0
56066.72035749938  0.0  1.1012231010175708  25.0
56071.706702499374  0.0  1.1012231010175708  25.0
56076.69304749937  0.0  1.1012231010175708  25.0
56081.67939249937  0.0  1.1012231010175708  25.0
56086.66573749937  0.0  1.1012231010175708  25.0
56091.652082499364  0.0  1.1012231010175708  25.0
56096.63842749936  0.0  1.1012231010175708  25.0
56101.62477249936  0.0  1.1012231010175708  25.0
56106.61111749936  0.0  1.1012231010175708  25.0
56111.597462499354  0.0  1.1012231010175708  25.0
56116.58380749935  0.0  1.1012231010175708  25.0
56121.57015249935  0.0  1.1012231010175708  25.0
55014.6015625  -0.4333226807001938  1.3151430740436456  25.0
55074.5  -0.9838362877190173  2.5751662782950757  25.0
55083.5  -1.6990243198427186  1.3595914917465317  25.0
55086.3984375  1.1983437349479904  1.0370960715178856  25.0
55089.3984375  0.23095530104146852  1.0572642140276212  25.0
55092.3984375  -3.1539742096478482  1.3225837914907805  25.0
55095.3984375  -3.3234457649710367  1.3091709487353198  25.0
55098.3984375  -2.849297315222654  1.3586124303206588  25.0
55389.5  -1.0357254228690385  0.9450663515914444  25.0
55398.5  -0.7333981451501278  3.477546634792329  25.0
55410.5  2.5863273544657783  1.3884731502307242  25.0
55413.3984375  0.43528075686772116  0.8943521648472199  25.0
55416.5  -0.28274646935941855  0.869974039532544  25.0
55422.5  1.3093667423468072  1.0316133835540597  25.0
55425.3984375  -2.6375311652913758  1.2161622607514424  25.0
55428.5  0.38554556152304215  1.1012231010175708  25.0
55437.5  -0.5971158945007242  2.3405885386778924  25.0
55440.5  0.34579658731170554  0.8627292090653328  25.0
55443.5  0.5490450615642325  0.8256235653196198  25.0
55446.5  2.7615754282226783  1.8733911822952716  25.0
55449.3984375  -0.323180791237288  0.9811929339112846  25.0
55452.3984375  -0.30291468189548143  1.0610825162411506  25.0
55458.30078125  0.3517687126200313  2.3140565902684203  25.0
55467.3984375  0.8734006611546623  1.3826968185338857  25.0
55473.30078125  -1.5020416613157483  0.9348843368466148  25.0
55479.19921875  -0.8376657594262332  1.3057443271132017  25.0
55482.30078125  0.925975120629107  1.3863192337674912  25.0
55500.19921875  -0.27236866100310164  0.8420714424742244  25.0
55503.30078125  -0.74044722869007  0.8950374891716436  25.0
55530.19921875  -0.264536332990883  1.7729416834958225  25.0
55536.19921875  0.8973871992463638  0.9348843368466148  25.0
55743.6015625  1.6968704967479225  1.3402065236827452  25.0
55764.6015625  -1.4143197743157727  1.269813631773285  25.0
55767.6015625  -0.00548261866693938  1.0625510150115232  25.0
55770.5  1.3105415973841672  1.043361840559224  25.0
55773.6015625  -0.26580908483398674  1.0263265825701577  25.0
55779.6015625  0.6413684719079048  0.7421115677561482  25.0
55782.3984375  -0.2535710971158861  2.303385138179091  25.0
55794.5  -0.2643405393793958  0.8580297889158925  25.0
55797.5  -1.0286762926448778  0.8417777053727752  25.0
55803.5  0.7937069658047201  1.186693221432788  25.0
55806.3984375  -0.3156421769844094  1.2360367595281652  25.0
55821.30078125  -0.5568774129185603  1.1086638184647057  25.0
55824.30078125  0.9790390174480517  1.2818558258798987  25.0
55829.30078125  -0.5252544104524549  1.0258370518572213  25.0
55833.30078125  2.002036828517616  2.9770619368775244  25.0
55836.19921875  -0.4297002187823699  1.8893495287369397  25.0
55839.3984375  4.789556917683742  2.407946396188209  25.0
55852.30078125  -0.6012278404472662  1.2573798504436973  25.0
55855.19921875  -0.32582419172923904  1.0095850616825406  25.0
55858.30078125  0.2644384361851394  0.921471494091154  25.0
55859.3984375  -1.2330996686189832  1.0992649781658252  25.0
55863.30078125  -0.5877171008860619  1.1336293246138436  25.0
56147.5  65.14026302639509  2.044820860470206  25.0
56150.5  77.46734066582833  1.5553013517461802  25.0
56154.5  81.83082267438485  1.703234115910786  25.0
56161.3984375  81.89915940658416  2.847828629715408  25.0
56164.3984375  62.37477060552143  2.0697864599877804  25.0
56176.3984375  33.36476712147239  1.192763196862639  25.0
56206.19921875  11.2183184917948  1.0155571869908664  25.0
56209.19921875  9.330535685423506  1.0702854695601074  25.0
56213.30078125  10.042590272815918  1.9387909169538422  25.0
56217.30078125  8.291089530357153  1.0836003688256062  25.0
56220.30078125  9.780404233452483  1.580168914405356  25.0
56242.30078125  10.37556153825928  2.158878995636603  25.0
56285.19921875  -0.3934757863410044  1.6971640471124985  25.0
56475.6015625  0.8761420518207935  0.7283071377777129  25.0
56479.5  0.8236655358363107  0.9561294842721849  25.0
56486.6015625  -0.2770680344683237  1.0442430518635715  25.0
56489.5  -1.1298110224003142  1.0542291796284773  25.0
56501.3984375  -0.4394905996200068  0.9042404424906004  25.0
56507.6015625  1.0060604965704603  0.8227844179003998  25.0
56508.5  -0.09663114990170146  0.9935287717509105  25.0
56512.6015625  1.4873561134014022  0.9837384375974919  25.0
56518.5  -0.20060509710268512  0.9258771771391452  25.0
56531.5  -0.34667770524761643  1.521916160092471  25.0
56534.5  -0.009986197791233253  1.069795938847171  25.0
56538.30078125  0.7853851304216742  1.039641575204093  25.0
56545.30078125  0.12815620887784496  0.9743395972986113  25.0
56571.19921875  0.573814774101883  0.8806455849903101  25.0
56590.30078125  -0.29968385388485036  0.785091393320225  25.0
56593.30078125  -0.37134949763741415  1.2038263295433798  25.0
56596.30078125  3.4283989836768756  1.8617406687800693  25.0
56597.30078125  -0.8337496070911785  1.0411100739744659  25.0
56626.19921875  -5.786218667323758  2.199215280656074  25.0
