55207.7805983065    20.395125634581458    4.145399162113405     25    
55208.2805983065    24.146717751869186    4.154366681449202     25    
55208.7805983065    28.17978178559925     4.175971257239065     25    
55209.2805983065    32.48079016480511     4.2501828261691       25    
55209.7805983065    37.049086819156415    4.347856106969026     25    
55210.2805983065    41.86665272261842     4.396265775099346     25    
55210.7805983065    46.93576782372896     4.407306539035439     25    
55211.2805983065    52.23703251378517     4.418226138509906     25    
55211.7805983065    57.77255188779309     4.430876491992563     25    
55212.2805983065    63.52465662678151     4.440737101457892     25    
55212.7805983065    69.49216609982481     4.447340307036343     25    
55213.2805983065    75.66224232205019     4.4519890252964025    25    
55213.7805983065    82.02733754830025     4.454387894746906     25    
55214.2805983065    88.58158377250224     4.456916132764408     25    
55214.7805983065    95.3163549015221      4.445090206894812     25    
55215.2805983065    102.22363264598273    4.444317570403976     25    
55215.7805983065    109.2794683524154     4.583280353010513     25    
55216.2805983065    116.4892188255412     4.837470419795941     25    
55216.7805983065    123.59002408254202    4.99797120527268      25    
55217.2805983065    130.6219547395847     5.048634294566969     25    
55217.7805983065    137.27161831084774    5.08045485927858      25    
55218.2805983065    143.49568993607696    5.117327408567365     25    
55218.7805983065    149.12255315081583    5.141663110678083     25    
55219.2805983065    153.93428605762722    5.140982990938459     25    
55219.7805983065    158.0548115954688     5.135452344578216     25    
55220.2805983065    161.51731442252648    5.160110621623925     25    
55220.7805983065    164.36110998864342    5.203385721753093     25    
55221.2805983065    166.84310554469477    5.257418755300006     25    
55221.7805983065    168.9301746990655     5.32398538417281      25    
55222.2805983065    170.86421836507597    5.355901104390604     25    
55222.7805983065    172.67395111640954    5.375030465518989     25    
55223.2805983065    174.31352443045103    5.245344613933049     25    
55223.7805983065    175.8173157443644     4.781887879559423     25    
55224.2805983065    177.07268120825964    4.303890878923505     25    
55224.7805983065    178.0083331583292     4.233673093657338     25    
55225.2805983065    178.599624969429      4.336124117196748     25    
55225.7805983065    178.71648518517554    4.34650555576642      25    
55226.2805983065    178.3962164751906     4.3315101763308395    25    
55226.7805983065    177.66935518831244    4.31356957494096      25    
55227.2805983065    176.52668429441982    4.290076424410563     25    
55227.7805983065    175.10999784454728    4.292792657314625     25    
55228.2805983065    173.41145054205518    4.336814344021873     25    
55228.7805983065    171.53832724096776    4.363901043373579     25    
55229.2805983065    169.53873515201673    4.34937339764348      25    
55229.7805983065    167.40305365498259    4.311219739590257     25    
55230.2805983065    165.15999569848816    4.2416100792475735    25    
55230.7805983065    162.78225964869438    4.163825287638048     25    
55231.2805983065    160.23246970573405    4.1439690818820285    25    
55231.7805983065    157.51377466837553    4.161696752712685     25    
55232.2805983065    154.57961462616112    4.16020361491575      25    
55232.7805983065    151.4296563765998     4.1424818338447835    25    
55233.2805983065    148.11186444817514    4.11602859608198      25    
55233.7805983065    144.60999024701547    4.0740254322864295    25    
55234.2805983065    141.02089714119822    4.048302770089431     25    
55234.7805983065    137.3649224684388     4.066017107258911     25    
55235.2805983065    133.6952782320094     4.088779454794159     25    
55235.7805983065    130.07988197637283    4.1176254634774105    25    
55236.2805983065    126.5157406410868     4.101542477152459     25    
55236.7805983065    123.05986490128328    3.83399848060676      25    
55237.2805983065    119.70279766442498    3.3483521978687905    25    
55237.7805983065    116.46663174949019    3.0908270921558514    25    
55238.2805983065    113.3483994507362     3.120301524714604     25    
55238.7805983065    110.36956455732543    3.1519056353840273    25    
55239.2805983065    107.53311597617096    3.1423017389712045    25    
55239.7805983065    104.84116883029316    3.1219494029040153    25    
55240.2805983065    102.29919453702226    3.076519834119381     25    
55240.7805983065    99.89943951813756     3.0331699970632178    25    
55241.2805983065    97.63689461365085     3.0281250173120418    25    
55241.7805983065    95.51007066155056     3.0406331022505717    25    
55242.2805983065    93.51226632785831     3.0426914517490715    25    
55242.7805983065    91.6428137557606      3.0390914267212867    25    
55243.2805983065    89.87833490646601     3.0288964225431507    25    
55243.7805983065    88.22356484509389     3.0179644374311727    25    
55244.2805983065    86.63975793004674     2.944756631422603     25    
55244.7805983065    85.12742749386517     2.7537804726313784    25    
55245.2805983065    83.65686184000235     2.58714696637072      25    
55245.7805983065    82.21337349795577     2.5684334963633906    25    
55246.2805983065    80.79102149619749     2.5949590200396306    25    
55246.7805983065    79.37132142815766     2.5746140713003136    25    
55247.2805983065    77.95900730834327     2.547768316784852     25    
55247.7805983065    76.55028599953592     2.5607368689944265    25    
55248.2805983065    75.14568709897955     2.6029862357590554    25    
55248.7805983065    73.74167087728486     2.6269269302756797    25    
55249.2805983065    72.33743846997343     2.634232202109989     25    
55249.7805983065    70.93940195101327     2.617691330273338     25    
55250.2805983065    69.54460701199024     2.5732972770349063    25    
55250.7805983065    68.16828602781654     2.5037479374384537    25    
55251.2805983065    66.8158090220896      2.385979238368662     25    
55251.7805983065    65.49433072690219     2.2685352437404376    25    
55252.2805983065    64.22025059885499     2.247421386529357     25    
55252.7805983065    62.98783437952657     2.2751988507648138    25    
55253.2805983065    61.798395201409214    2.254904093617448     25    
55253.7805983065    60.650550515276514    2.2020069763895487    25    
55254.2805983065    59.50865930836663     2.1756282445381614    25    
55254.7805983065    58.3770038154486      2.1807467681661024    25    
55255.2805983065    57.2213599956341      2.1944696610246126    25    
55255.7805983065    56.03315924979671     2.2194925784279635    25    
55256.2805983065    54.812001856418696    2.232832456075128     25    
55256.7805983065    53.542837307939294    2.2353500800644195    25    
55257.2805983065    52.250855977743164    2.1917454838763866    25    
55257.7805983065    50.96196172824378     1.9882431835799055    25    
55258.2805983065    49.67857481762687     1.6689982438114848    25    
55258.7805983065    48.44274844415034     1.5238527351823863    25    
55259.2805983065    47.2489036297209      1.5555179900846126    25    
55259.7805983065    46.11932220639274     1.5580876213712265    25    
55260.2805983065    45.05830422480746     1.5153075886833762    25    
55260.7805983065    44.04416518790621     1.48823333671306      25    
55261.2805983065    43.07689850656433     1.4938851985704846    25    
55261.7805983065    42.140793467273745    1.5136559330691475    25    
55262.2805983065    41.22431214694718     1.5490558154222045    25    
55262.7805983065    40.32668276735794     1.5806848679780847    25    
55263.2805983065    39.434935513487765    1.5695953819988375    25    
55263.7805983065    38.554764277453195    1.5309890906695296    25    
55264.2805983065    37.69607812638132     1.4947498228467682    25    
55264.7805983065    36.85759470436133     1.4578676275286628    25    
55265.2805983065    36.052864043278824    1.3632309071022275    25    
55265.7805983065    35.28153469512807     1.1664253181899449    25    
55266.2805983065    34.55027858771899     1.0021078836523098    25    
55266.7805983065    33.863100928151155    0.9849311374882798    25    
55267.2805983065    33.21512298959762     1.0067777171954035    25    
55267.7805983065    32.605118363726845    0.9952489422341375    25    
55268.2805983065    32.031176820867415    0.9811107447986634    25    
55268.7805983065    31.489032618581096    0.9681626724872323    25    
55269.2805983065    30.978777330233296    0.9563395803472792    25    
55269.7805983065    30.49507034674493     0.9510976966253255    25    
55270.2805983065    30.038634059422105    0.9520625954873113    25    
55270.7805983065    29.603943016886582    0.9543972760483119    25    
55271.2805983065    29.191458477102007    0.9472708165294167    25    
55271.7805983065    28.7963620976742      0.9859372717022264    25    
55272.2805983065    28.417962051941206    1.1092798852091272    25    
55272.7805983065    28.05301190174415     1.2210449496009579    25    
55273.2805983065    27.698856252607776    1.2496272438628662    25    
55273.7805983065    27.354279588279148    1.2646640007045853    25    
55274.2805983065    27.014852547770012    1.3278102548819968    25    