#Date  :
#Flux  :
#Fluxerr  :
#ZP  :
#end  :
@INSTRUMENT  UVOT
@BAND  UVOT_v
@MAGSYS AB
55663.503099999994  0.0  171.59276229350058  25.0
55668.48944499999  0.0  171.59276229350058  25.0
55673.47578999999  0.0  171.59276229350058  25.0
55678.46213499999  0.0  171.59276229350058  25.0
55683.448479999985  0.0  171.59276229350058  25.0
55688.43482499998  0.0  171.59276229350058  25.0
55693.42116999998  0.0  171.59276229350058  25.0
55698.40751499998  0.0  171.59276229350058  25.0
55703.393859999975  0.0  171.59276229350058  25.0
55708.38020499997  0.0  171.59276229350058  25.0
55713.36654999997  0.0  171.59276229350058  25.0
55718.35289499997  0.0  171.59276229350058  25.0
55723.339239999965  0.0  171.59276229350058  25.0
55728.32558499996  0.0  171.59276229350058  25.0
55733.31192999996  0.0  171.59276229350058  25.0
55738.29827499996  0.0  171.59276229350058  25.0
55743.284619999955  0.0  171.59276229350058  25.0
55748.27096499995  0.0  171.59276229350058  25.0
55753.25730999995  0.0  171.59276229350058  25.0
55758.24365499995  0.0  171.59276229350058  25.0
55763.229999999945  0.0  171.59276229350058  25.0
55768.21634499994  0.0  171.59276229350058  25.0
55773.20268999994  0.0  171.59276229350058  25.0
55778.18903499994  0.0  171.59276229350058  25.0
55783.175379999935  0.0  171.59276229350058  25.0
55788.16172499993  0.0  171.59276229350058  25.0
55793.14806999993  0.0  171.59276229350058  25.0
55798.13441499993  0.0  171.59276229350058  25.0
55803.120759999925  0.0  171.59276229350058  25.0
55808.10710499992  0.0  171.59276229350058  25.0
55813.09344999992  0.0  171.59276229350058  25.0
55818.07979499992  0.0  171.59276229350058  25.0
55823.066139999915  0.0  171.59276229350058  25.0
55828.05248499991  0.0  171.59276229350058  25.0
55833.03882999991  0.0  171.59276229350058  25.0
55838.02517499991  0.0  171.59276229350058  25.0
55843.011519999905  0.0  171.59276229350058  25.0
55862.9569  1470.6944349344383  143.0526930003311  25.0
55864.8263  1827.2691278318152  167.71695041418127  25.0
55874.4818  2528.4387314541277  200.13283158667008  25.0
55876.4545  2625.686374971594  186.74366327629428  25.0
55878.5919  2516.4589492816863  179.6967325866228  25.0
55880.4325  2221.897246453418  175.4685741728199  25.0
55884.8864  1806.833028831768  149.3949306210354  25.0
55886.5912  1477.7413656241097  136.0057623106596  25.0
