#Date  :
#Flux  :
#Fluxerr  :
#ZP  :
#end  :
@INSTRUMENT  SDSS
@BAND  SDSS_r
@MAGSYS  AB
54146.831786999996  0.0  2.963621664320586  25.0
54151.81813199999  0.0  2.963621664320586  25.0
54156.80447699999  0.0  2.963621664320586  25.0
54161.79082199999  0.0  2.963621664320586  25.0
54166.777166999986  0.0  2.963621664320586  25.0
54171.76351199998  0.0  2.963621664320586  25.0
54176.74985699998  0.0  2.963621664320586  25.0
54181.73620199998  0.0  2.963621664320586  25.0
54186.722546999976  0.0  2.963621664320586  25.0
54191.70889199997  0.0  2.963621664320586  25.0
54196.69523699997  0.0  2.963621664320586  25.0
54201.68158199997  0.0  2.963621664320586  25.0
54206.667926999966  0.0  2.963621664320586  25.0
54211.65427199996  0.0  2.963621664320586  25.0
54216.64061699996  0.0  2.963621664320586  25.0
54221.62696199996  0.0  2.963621664320586  25.0
54226.613306999956  0.0  2.963621664320586  25.0
54231.59965199995  0.0  2.963621664320586  25.0
54236.58599699995  0.0  2.963621664320586  25.0
54241.57234199995  0.0  2.963621664320586  25.0
54246.558686999946  0.0  2.963621664320586  25.0
54251.54503199994  0.0  2.963621664320586  25.0
54256.53137699994  0.0  2.963621664320586  25.0
54261.51772199994  0.0  2.963621664320586  25.0
54266.504066999936  0.0  2.963621664320586  25.0
54271.490411999934  0.0  2.963621664320586  25.0
54276.47675699993  0.0  2.963621664320586  25.0
54281.46310199993  0.0  2.963621664320586  25.0
54286.449446999926  0.0  2.963621664320586  25.0
54291.435791999924  0.0  2.963621664320586  25.0
54296.42213699992  0.0  2.963621664320586  25.0
54301.40848199992  0.0  2.963621664320586  25.0
54306.39482699992  0.0  2.963621664320586  25.0
54311.381171999914  0.0  2.963621664320586  25.0
54316.36751699991  0.0  2.963621664320586  25.0
54321.35386199991  0.0  2.963621664320586  25.0
54326.34020699991  0.0  2.963621664320586  25.0
54331.326551999904  0.0  2.963621664320586  25.0
54336.3128969999  0.0  2.963621664320586  25.0
54341.2992419999  0.0  2.963621664320586  25.0
54346.2855869999  0.0  2.963621664320586  25.0
54351.271931999894  0.0  2.963621664320586  25.0
54356.25827699989  0.0  2.963621664320586  25.0
54361.24462199989  0.0  2.963621664320586  25.0
54366.23096699989  0.0  2.963621664320586  25.0
54371.217311999884  0.0  2.963621664320586  25.0
54346.285587  0.22656035376313494  4.745093685173777  25.0
54348.315985  -2.6026536452804256  2.4201077468473207  25.0
54358.271958  -1.5895788926810417  2.352752709021853  25.0
54359.23811  4.3162207912646755  3.2000515930140647  25.0
54365.305117  -1.3220831710313263  2.900390404321167  25.0
54373.3794  -2.831660773887016  4.07704167735383  25.0
54381.324605  -0.7563008532973963  2.1130237580675346  25.0
54386.316518  12.706734074665814  2.474266695629432  25.0
54388.320947  26.60386534845112  2.3590758350217946  25.0
54393.306586  75.82252829495525  2.40883608745612  25.0
54404.291087  115.71320579893643  3.013106998233175  25.0
54405.289029  111.0120990772405  3.375999446925491  25.0
54406.227341  104.3590708512147  2.952624923451122  25.0
54412.22996  81.4033742862083  3.381497817360223  25.0
54416.225369  63.038817034203184  2.2848478341529117  25.0
54421.230737  47.12103462565384  2.963621664320586  25.0
54423.207124  42.804813834389165  4.005562861702313  25.0
54431.233852  54.8462450864524  11.870981768586539  25.0
54433.229082  30.048594425810762  4.52790805300186  25.0
