#Date  :
#Flux  :
#Fluxerr  :
#ZP  :
#end  :
@INSTRUMENT  PS
@BAND  PS_i
@MAGSYS  AB
54786.1477625  0.0  2.5442109387290843  25.0
54791.134107499995  0.0  2.5442109387290843  25.0
54796.12045249999  0.0  2.5442109387290843  25.0
54801.10679749999  0.0  2.5442109387290843  25.0
54806.09314249999  0.0  2.5442109387290843  25.0
54811.079487499985  0.0  2.5442109387290843  25.0
54816.06583249998  0.0  2.5442109387290843  25.0
54821.05217749998  0.0  2.5442109387290843  25.0
54826.03852249998  0.0  2.5442109387290843  25.0
54831.024867499975  0.0  2.5442109387290843  25.0
54836.01121249997  0.0  2.5442109387290843  25.0
54840.99755749997  0.0  2.5442109387290843  25.0
54845.98390249997  0.0  2.5442109387290843  25.0
54850.970247499965  0.0  2.5442109387290843  25.0
54855.95659249996  0.0  2.5442109387290843  25.0
54860.94293749996  0.0  2.5442109387290843  25.0
54865.92928249996  0.0  2.5442109387290843  25.0
54870.915627499955  0.0  2.5442109387290843  25.0
54875.90197249995  0.0  2.5442109387290843  25.0
54880.88831749995  0.0  2.5442109387290843  25.0
54885.87466249995  0.0  2.5442109387290843  25.0
54890.861007499945  0.0  2.5442109387290843  25.0
54895.84735249994  0.0  2.5442109387290843  25.0
54900.83369749994  0.0  2.5442109387290843  25.0
54905.82004249994  0.0  2.5442109387290843  25.0
54910.806387499935  0.0  2.5442109387290843  25.0
54915.79273249993  0.0  2.5442109387290843  25.0
54920.77907749993  0.0  2.5442109387290843  25.0
54925.76542249993  0.0  2.5442109387290843  25.0
54930.751767499925  0.0  2.5442109387290843  25.0
54935.73811249992  0.0  2.5442109387290843  25.0
54940.72445749992  0.0  2.5442109387290843  25.0
54945.71080249992  0.0  2.5442109387290843  25.0
54950.697147499915  0.0  2.5442109387290843  25.0
54955.68349249991  0.0  2.5442109387290843  25.0
54960.66983749991  0.0  2.5442109387290843  25.0
54965.65618249991  0.0  2.5442109387290843  25.0
54970.642527499906  0.0  2.5442109387290843  25.0
54975.6288724999  0.0  2.5442109387290843  25.0
54980.6152174999  0.0  2.5442109387290843  25.0
54985.6015624999  0.0  2.5442109387290843  25.0
54990.587907499896  0.0  2.5442109387290843  25.0
54995.57425249989  0.0  2.5442109387290843  25.0
55000.56059749989  0.0  2.5442109387290843  25.0
55005.54694249989  0.0  2.5442109387290843  25.0
55010.533287499886  0.0  2.5442109387290843  25.0
55015.51963249988  0.0  2.5442109387290843  25.0
55020.50597749988  0.0  2.5442109387290843  25.0
55025.49232249988  0.0  2.5442109387290843  25.0
55030.478667499876  0.0  2.5442109387290843  25.0
55035.46501249987  0.0  2.5442109387290843  25.0
55040.45135749987  0.0  2.5442109387290843  25.0
55045.43770249987  0.0  2.5442109387290843  25.0
55050.424047499866  0.0  2.5442109387290843  25.0
55055.41039249986  0.0  2.5442109387290843  25.0
55060.39673749986  0.0  2.5442109387290843  25.0
55065.38308249986  0.0  2.5442109387290843  25.0
55070.369427499856  0.0  2.5442109387290843  25.0
55075.35577249985  0.0  2.5442109387290843  25.0
55080.34211749985  0.0  2.5442109387290843  25.0
55085.32846249985  0.0  2.5442109387290843  25.0
55090.314807499846  0.0  2.5442109387290843  25.0
55095.301152499844  0.0  2.5442109387290843  25.0
55100.28749749984  0.0  2.5442109387290843  25.0
55105.27384249984  0.0  2.5442109387290843  25.0
55110.260187499836  0.0  2.5442109387290843  25.0
55115.246532499834  0.0  2.5442109387290843  25.0
55120.23287749983  0.0  2.5442109387290843  25.0
55125.21922249983  0.0  2.5442109387290843  25.0
55130.20556749983  0.0  2.5442109387290843  25.0
55135.191912499824  0.0  2.5442109387290843  25.0
55140.17825749982  0.0  2.5442109387290843  25.0
55145.16460249982  0.0  2.5442109387290843  25.0
55150.15094749982  0.0  2.5442109387290843  25.0
55155.137292499814  0.0  2.5442109387290843  25.0
55160.12363749981  0.0  2.5442109387290843  25.0
55165.10998249981  0.0  2.5442109387290843  25.0
55170.09632749981  0.0  2.5442109387290843  25.0
55175.082672499804  0.0  2.5442109387290843  25.0
55180.0690174998  0.0  2.5442109387290843  25.0
55185.0553624998  0.0  2.5442109387290843  25.0
55190.0417074998  0.0  2.5442109387290843  25.0
55195.028052499794  0.0  2.5442109387290843  25.0
55200.01439749979  0.0  2.5442109387290843  25.0
55205.00074249979  0.0  2.5442109387290843  25.0
55209.98708749979  0.0  2.5442109387290843  25.0
55214.973432499784  0.0  2.5442109387290843  25.0
55219.95977749978  0.0  2.5442109387290843  25.0
55224.94612249978  0.0  2.5442109387290843  25.0
55229.93246749978  0.0  2.5442109387290843  25.0
55234.918812499775  0.0  2.5442109387290843  25.0
55239.90515749977  0.0  2.5442109387290843  25.0
55244.89150249977  0.0  2.5442109387290843  25.0
55249.87784749977  0.0  2.5442109387290843  25.0
55254.864192499765  0.0  2.5442109387290843  25.0
55259.85053749976  0.0  2.5442109387290843  25.0
55264.83688249976  0.0  2.5442109387290843  25.0
55269.82322749976  0.0  2.5442109387290843  25.0
55274.809572499755  0.0  2.5442109387290843  25.0
55279.79591749975  0.0  2.5442109387290843  25.0
55284.78226249975  0.0  2.5442109387290843  25.0
55289.76860749975  0.0  2.5442109387290843  25.0
55294.754952499745  0.0  2.5442109387290843  25.0
55299.74129749974  0.0  2.5442109387290843  25.0
55304.72764249974  0.0  2.5442109387290843  25.0
55309.71398749974  0.0  2.5442109387290843  25.0
55314.700332499735  0.0  2.5442109387290843  25.0
55319.68667749973  0.0  2.5442109387290843  25.0
55324.67302249973  0.0  2.5442109387290843  25.0
55329.65936749973  0.0  2.5442109387290843  25.0
55334.645712499725  0.0  2.5442109387290843  25.0
55339.63205749972  0.0  2.5442109387290843  25.0
55344.61840249972  0.0  2.5442109387290843  25.0
55349.60474749972  0.0  2.5442109387290843  25.0
55354.591092499715  0.0  2.5442109387290843  25.0
55359.57743749971  0.0  2.5442109387290843  25.0
55364.56378249971  0.0  2.5442109387290843  25.0
55369.55012749971  0.0  2.5442109387290843  25.0
55374.536472499705  0.0  2.5442109387290843  25.0
55379.5228174997  0.0  2.5442109387290843  25.0
55384.5091624997  0.0  2.5442109387290843  25.0
55389.4955074997  0.0  2.5442109387290843  25.0
55394.481852499695  0.0  2.5442109387290843  25.0
55399.46819749969  0.0  2.5442109387290843  25.0
55404.45454249969  0.0  2.5442109387290843  25.0
55409.44088749969  0.0  2.5442109387290843  25.0
55414.427232499685  0.0  2.5442109387290843  25.0
54985.6015625  -1.4220290964991398  2.7747532331568996  25.0
54986.6015625  -2.6024722326921936  2.5969749745192434  25.0
55012.5  -2.118907677529998  2.574789530934275  25.0
55072.5  -4.682997402076283  3.165649294006364  25.0
55087.5  -0.6975658319206338  3.4261811351961793  25.0
55090.3984375  -1.3893398829467218  5.008122026798261  25.0
55093.5  -4.855867073511553  2.829824113951141  25.0
55096.3984375  -7.08648779977538  2.6934718897400916  25.0
55102.3984375  0.007264265777558566  4.1002854144351915  25.0
55408.5  -2.034583369541433  2.6415422725823485  25.0
55411.5  -2.952040558179792  2.541609571003407  25.0
55414.5  -0.8781908314731923  2.5021468965632288  25.0
55417.5  -1.4028868047222423  2.3933792622816705  25.0
55423.5  -2.1077169375272433  2.461997064851432  25.0
55426.5  1.9367121397773475  2.6037484354070037  25.0
55429.5  -2.381304766877815  2.7723972386204476  25.0
55438.5  11.563434634303956  2.6013924408705518  25.0
55441.5  14.681768562869681  2.406925996820877  25.0
55444.3984375  34.74095806630005  2.9266155518935846  25.0
55447.3984375  27.587029993132354  2.887840034725025  25.0
55450.3984375  24.5964107031498  2.5978585426840306  25.0
55453.3984375  24.27962932857042  2.4960605929470874  25.0
55456.3984375  17.279724842909513  3.1533785749456538  25.0
55465.5  13.891533955781846  2.723903220584485  25.0
55468.30078125  13.300771930065556  2.385526009572269  25.0
55477.19921875  9.922692552827945  2.5148102501739618  25.0
55480.19921875  9.549760505632682  2.6750167552348127  25.0
55483.19921875  7.258964649424313  2.490759558430992  25.0
55486.30078125  4.690850467549371  2.8127432939890995  25.0
55498.19921875  2.4059445040639766  2.3965205259181688  25.0
55501.3984375  8.619443926963047  2.4114417622369264  25.0
55507.30078125  -2.1820284091631232  3.4179352479367546  25.0
55510.19921875  -10.818356932431358  4.662382309455093  25.0
55534.30078125  3.3028848991458863  2.5953061372544104  25.0
55738.6015625  -1.9096182962263069  2.465236627552671  25.0
55741.6015625  -1.2896034986427918  2.7076078569588033  25.0
55747.6015625  -2.2433820044666737  2.6651020307105546  25.0
55765.6015625  3.913279401308582  2.5670343900533004  25.0
55768.6015625  -1.9797087124040467  2.318380633374172  25.0
55771.3984375  1.1931065834219436  3.191859382156304  25.0
55774.6015625  -0.2737842870528185  2.3598064805644654  25.0
55777.3984375  1.0009961339087212  2.4532602439772426  25.0
55801.30078125  0.8511951933687358  2.3596102569076107  25.0
55804.5  1.2619207032667166  2.42037480676797  25.0
55807.30078125  20.260429595604123  4.405188142794944  25.0
55810.30078125  -4.0955734253622875  2.4035885095275247  25.0
55819.30078125  -0.371262882266881  2.4478612848690338  25.0
55822.5  -3.201872405745303  2.336344834264687  25.0
55825.30078125  6.629820677271057  2.568899638211302  25.0
55834.30078125  1.1811302934646724  2.494293643853827  25.0
55850.30078125  1.4267410855720437  2.3828754923142212  25.0
55853.3984375  1.1236052126873952  2.506760586571392  25.0
55861.30078125  -2.6505734289418195  2.418018812231518  25.0
55882.19921875  4.298678391221411  6.13094225124008  25.0
56136.6015625  -0.8212547025209498  2.342333026052401  25.0
56148.5  -0.882411980549489  2.3857222332291235  25.0
56151.6015625  1.3032485322467393  2.341842279673951  25.0
56156.5  -7.871028176088156  2.634179766251397  25.0
56166.3984375  2.512552367465937  2.5734152163910378  25.0
56174.30078125  -1.3692159111766098  2.4461924476042007  25.0
56207.3984375  1.9328837188692307  2.389158019587217  25.0
56210.30078125  -0.0733298150472044  2.5267864465130763  25.0
56213.30078125  2.26870871168814  2.7589484286733548  25.0
56215.19921875  1.46345503730759  2.546812306454761  25.0
56218.19921875  -4.187652874231827  2.4819248129646896  25.0
56221.30078125  2.128135432018951  2.793208367662179  25.0
56239.19921875  6.848926109561638  3.884811617686932  25.0
56242.19921875  3.5702883130518894  2.7435364459761464  25.0
56284.19921875  -0.8075114634704179  2.5059753174713455  25.0
56473.5  0.3342543844051998  2.594520868154364  25.0
56476.6015625  2.3226998006607396  2.3234852569970994  25.0
56481.6015625  2.4247922731192784  2.3893544304803855  25.0
56484.5  2.4815319911783527  2.516380975610368  25.0
56491.5  -0.14842661429447818  2.391808536845265  25.0
56505.3984375  -2.3608862723861073  2.4287188058558224  25.0
56508.6015625  1.81999314095796  2.391808536845265  25.0
56513.6015625  -2.1353015274567344  2.3208347397390514  25.0
56516.5  0.8793688287414183  2.338700828801139  25.0
56520.5  2.7813302831514917  2.4027049413627375  25.0
56532.3984375  2.1167480938867147  2.5311058010359573  25.0
56538.3984375  1.7068078530887798  2.4205712176611387  25.0
56540.3984375  0.8880073505508663  2.4693595711823835  25.0
56550.5  -2.9089456864883516  7.236975616732513  25.0
56558.3984375  -2.1984220718535457  2.6021777099705976  25.0
56564.3984375  6.426911935068789  3.39290287620057  25.0
56567.19921875  -12.288781373429092  7.3407367392195715  25.0
56569.30078125  6.261698730977125  2.742849288704528  25.0
56575.30078125  3.510701854077913  2.587256660888154  25.0
56588.3984375  3.0940862642206457  2.484869665708019  25.0
56597.19921875  2.7635623059178314  2.8454325075415174  25.0
56599.30078125  0.8257702807006853  2.4882073402376856  25.0
56626.19921875  3.8692032240965553  3.852711449577705  25.0
