#Date  :
#Flux  :
#Fluxerr  :
#ZP  :
#end  :
@INSTRUMENT  PS
@BAND  PS_z
@MAGSYS  AB
54799.1477625  0.0  2.6718774434471064  25.0
54804.134107499995  0.0  2.6718774434471064  25.0
54809.12045249999  0.0  2.6718774434471064  25.0
54814.10679749999  0.0  2.6718774434471064  25.0
54819.09314249999  0.0  2.6718774434471064  25.0
54824.079487499985  0.0  2.6718774434471064  25.0
54829.06583249998  0.0  2.6718774434471064  25.0
54834.05217749998  0.0  2.6718774434471064  25.0
54839.03852249998  0.0  2.6718774434471064  25.0
54844.024867499975  0.0  2.6718774434471064  25.0
54849.01121249997  0.0  2.6718774434471064  25.0
54853.99755749997  0.0  2.6718774434471064  25.0
54858.98390249997  0.0  2.6718774434471064  25.0
54863.970247499965  0.0  2.6718774434471064  25.0
54868.95659249996  0.0  2.6718774434471064  25.0
54873.94293749996  0.0  2.6718774434471064  25.0
54878.92928249996  0.0  2.6718774434471064  25.0
54883.915627499955  0.0  2.6718774434471064  25.0
54888.90197249995  0.0  2.6718774434471064  25.0
54893.88831749995  0.0  2.6718774434471064  25.0
54898.87466249995  0.0  2.6718774434471064  25.0
54903.861007499945  0.0  2.6718774434471064  25.0
54908.84735249994  0.0  2.6718774434471064  25.0
54913.83369749994  0.0  2.6718774434471064  25.0
54918.82004249994  0.0  2.6718774434471064  25.0
54923.806387499935  0.0  2.6718774434471064  25.0
54928.79273249993  0.0  2.6718774434471064  25.0
54933.77907749993  0.0  2.6718774434471064  25.0
54938.76542249993  0.0  2.6718774434471064  25.0
54943.751767499925  0.0  2.6718774434471064  25.0
54948.73811249992  0.0  2.6718774434471064  25.0
54953.72445749992  0.0  2.6718774434471064  25.0
54958.71080249992  0.0  2.6718774434471064  25.0
54963.697147499915  0.0  2.6718774434471064  25.0
54968.68349249991  0.0  2.6718774434471064  25.0
54973.66983749991  0.0  2.6718774434471064  25.0
54978.65618249991  0.0  2.6718774434471064  25.0
54983.642527499906  0.0  2.6718774434471064  25.0
54988.6288724999  0.0  2.6718774434471064  25.0
54993.6152174999  0.0  2.6718774434471064  25.0
54998.6015624999  0.0  2.6718774434471064  25.0
55003.587907499896  0.0  2.6718774434471064  25.0
55008.57425249989  0.0  2.6718774434471064  25.0
55013.56059749989  0.0  2.6718774434471064  25.0
55018.54694249989  0.0  2.6718774434471064  25.0
55023.533287499886  0.0  2.6718774434471064  25.0
55028.51963249988  0.0  2.6718774434471064  25.0
55033.50597749988  0.0  2.6718774434471064  25.0
55038.49232249988  0.0  2.6718774434471064  25.0
55043.478667499876  0.0  2.6718774434471064  25.0
55048.46501249987  0.0  2.6718774434471064  25.0
55053.45135749987  0.0  2.6718774434471064  25.0
55058.43770249987  0.0  2.6718774434471064  25.0
55063.424047499866  0.0  2.6718774434471064  25.0
55068.41039249986  0.0  2.6718774434471064  25.0
55073.39673749986  0.0  2.6718774434471064  25.0
55078.38308249986  0.0  2.6718774434471064  25.0
55083.369427499856  0.0  2.6718774434471064  25.0
55088.35577249985  0.0  2.6718774434471064  25.0
55093.34211749985  0.0  2.6718774434471064  25.0
55098.32846249985  0.0  2.6718774434471064  25.0
55103.314807499846  0.0  2.6718774434471064  25.0
55108.301152499844  0.0  2.6718774434471064  25.0
55113.28749749984  0.0  2.6718774434471064  25.0
55118.27384249984  0.0  2.6718774434471064  25.0
55123.260187499836  0.0  2.6718774434471064  25.0
55128.246532499834  0.0  2.6718774434471064  25.0
55133.23287749983  0.0  2.6718774434471064  25.0
55138.21922249983  0.0  2.6718774434471064  25.0
55143.20556749983  0.0  2.6718774434471064  25.0
55148.191912499824  0.0  2.6718774434471064  25.0
55153.17825749982  0.0  2.6718774434471064  25.0
55158.16460249982  0.0  2.6718774434471064  25.0
55163.15094749982  0.0  2.6718774434471064  25.0
55168.137292499814  0.0  2.6718774434471064  25.0
55173.12363749981  0.0  2.6718774434471064  25.0
55178.10998249981  0.0  2.6718774434471064  25.0
55183.09632749981  0.0  2.6718774434471064  25.0
55188.082672499804  0.0  2.6718774434471064  25.0
55193.0690174998  0.0  2.6718774434471064  25.0
55198.0553624998  0.0  2.6718774434471064  25.0
55203.0417074998  0.0  2.6718774434471064  25.0
55208.028052499794  0.0  2.6718774434471064  25.0
55213.01439749979  0.0  2.6718774434471064  25.0
55218.00074249979  0.0  2.6718774434471064  25.0
55222.98708749979  0.0  2.6718774434471064  25.0
55227.973432499784  0.0  2.6718774434471064  25.0
55232.95977749978  0.0  2.6718774434471064  25.0
55237.94612249978  0.0  2.6718774434471064  25.0
55242.93246749978  0.0  2.6718774434471064  25.0
55247.918812499775  0.0  2.6718774434471064  25.0
55252.90515749977  0.0  2.6718774434471064  25.0
55257.89150249977  0.0  2.6718774434471064  25.0
55262.87784749977  0.0  2.6718774434471064  25.0
55267.864192499765  0.0  2.6718774434471064  25.0
55272.85053749976  0.0  2.6718774434471064  25.0
55277.83688249976  0.0  2.6718774434471064  25.0
55282.82322749976  0.0  2.6718774434471064  25.0
55287.809572499755  0.0  2.6718774434471064  25.0
55292.79591749975  0.0  2.6718774434471064  25.0
55297.78226249975  0.0  2.6718774434471064  25.0
55302.76860749975  0.0  2.6718774434471064  25.0
55307.754952499745  0.0  2.6718774434471064  25.0
55312.74129749974  0.0  2.6718774434471064  25.0
55317.72764249974  0.0  2.6718774434471064  25.0
55322.71398749974  0.0  2.6718774434471064  25.0
55327.700332499735  0.0  2.6718774434471064  25.0
55332.68667749973  0.0  2.6718774434471064  25.0
55337.67302249973  0.0  2.6718774434471064  25.0
55342.65936749973  0.0  2.6718774434471064  25.0
55347.645712499725  0.0  2.6718774434471064  25.0
55352.63205749972  0.0  2.6718774434471064  25.0
55357.61840249972  0.0  2.6718774434471064  25.0
55362.60474749972  0.0  2.6718774434471064  25.0
55367.591092499715  0.0  2.6718774434471064  25.0
55372.57743749971  0.0  2.6718774434471064  25.0
55377.56378249971  0.0  2.6718774434471064  25.0
55382.55012749971  0.0  2.6718774434471064  25.0
55387.536472499705  0.0  2.6718774434471064  25.0
55392.5228174997  0.0  2.6718774434471064  25.0
55397.5091624997  0.0  2.6718774434471064  25.0
55402.4955074997  0.0  2.6718774434471064  25.0
55407.481852499695  0.0  2.6718774434471064  25.0
55412.46819749969  0.0  2.6718774434471064  25.0
54998.6015625  -11.900387975190586  4.629401531912449  25.0
55013.6015625  -0.5013728422477051  4.3728236372252764  25.0
55016.6015625  -2.075404689371107  2.4485377473899903  25.0
55034.5  1.9456919782239375  3.340423698344135  25.0
55082.30078125  -9.40363741263338  3.5717660257565917  25.0
55091.30078125  -5.8481714409880015  3.450988827772925  25.0
55094.3984375  -52.16948661634316  9.266265369137969  25.0
55097.30078125  -4.0112775293821725  2.4971431183230983  25.0
55388.6015625  -3.985845309648398  3.0562534034824447  25.0
55400.6015625  -1.8634062215599752  5.313707889454533  25.0
55409.5  -3.3560364052889247  2.503231103879435  25.0
55412.5  -0.4197745732162085  2.4089660285618577  25.0
55415.6015625  0.12666881201302935  3.4789737837133345  25.0
55424.5  0.2007062388028627  2.4431371090000766  25.0
55427.5  0.41535588610519353  2.315878995118069  25.0
55436.3984375  7.861518045633897  2.9603190297195456  25.0
55439.30078125  13.705467264681886  2.4971431183230983  25.0
55442.5  24.665561319596502  2.953543696996786  25.0
55445.3984375  20.638081500468477  2.523655240989188  25.0
55448.3984375  19.09478446617132  2.3404272152263617  25.0
55451.5  15.632109987416973  2.62705229464127  25.0
55454.3984375  9.194584985947  3.869977680771167  25.0
55457.30078125  14.570153745803518  2.946964642156972  25.0
55466.3984375  12.235814890709605  2.5387768786505003  25.0
55475.19921875  5.460702418703758  2.6491457301963446  25.0
55478.19921875  2.894137049283851  2.9890894717678513  25.0
55481.19921875  12.642432243864453  2.7970242590710512  25.0
55484.19921875  8.178975795884437  2.806941723513453  25.0
55496.30078125  12.640271688847598  3.7482187187966582  25.0
55499.19921875  -0.5590120525738452  2.974360577160487  25.0
55502.30078125  7.250857097568916  3.0322943915991023  25.0
55508.19921875  -0.5661801283505534  2.770806740517437  25.0
55535.19921875  -4.856030568101416  3.0174671707622087  25.0
55547.19921875  -0.5781596811142387  2.6732030683092165  25.0
55739.5  1.3787262701214595  2.9919369993750173  25.0
55742.6015625  0.6467964929251656  2.33934712500599  25.0
55751.6015625  0.20934721808691148  2.5457486765442625  25.0
55754.6015625  -10.299353029761646  3.2758126901242326  25.0
55763.6015625  0.3898257381290094  3.6739848502468297  25.0
55769.6015625  -0.4059293504802274  2.2646223744607408  25.0
55772.5  -3.457174952270735  2.608199317035366  25.0
55793.6015625  -1.5711842258722075  2.6220443993053046  25.0
55796.6015625  -4.889318023490266  2.6705518185849964  25.0
55799.30078125  2.2073759071885486  2.5014636664926404  25.0
55802.5  0.01305965322637227  2.524538866038557  25.0
55805.30078125  -4.440772867759709  3.2064883906808404  25.0
55808.30078125  -8.077346554195262  3.1707463380268286  25.0
55811.30078125  -1.468965495025998  2.6860661993002566  25.0
55823.30078125  -0.9189871882011567  2.3741074136691593  25.0
55827.3984375  3.500183406930984  2.5016599443755863  25.0
55830.30078125  1.3942407444807483  2.9367527608901516  25.0
55832.30078125  0.7135676815858109  3.5997509816970013  25.0
55854.30078125  2.0264063880959946  2.423694923169222  25.0
55857.19921875  2.2712012420124985  2.5936667003109473  25.0
55860.19921875  0.19707310803276512  2.79064166940224  25.0
55862.19921875  0.27945693340517913  6.5662563232024125  25.0
55891.19921875  -1.4911570695225456  2.764031407794677  25.0
56137.6015625  -4.771683144514297  2.869883245999977  25.0
56146.3984375  0.528670451021691  2.503231103879435  25.0
56149.6015625  -2.8178411392347527  2.610752240530057  25.0
56155.5  0.7751346033835168  2.4399949772804352  25.0
56157.3984375  -8.948808368039654  4.242619856794629  25.0
56160.5  -3.535532903819103  2.663776485862236  25.0
56165.3984375  0.46543423077866336  2.446082775548716  25.0
56192.30078125  -0.6672206300349186  2.5168799082664277  25.0
56203.3984375  1.0714806820698242  12.852073504199671  25.0
56205.3984375  3.0041129704876908  2.3217707027914596  25.0
56208.3984375  0.038687994281983155  2.3331610005081806  25.0
56211.30078125  0.26600452395616725  2.4475557961110916  25.0
56214.19921875  -5.6083846696955195  3.0670546802622716  25.0
56216.19921875  -2.148263863588089  2.8934495148293715  25.0
56219.30078125  2.3820611628418202  2.936261691606674  25.0
56222.19921875  0.7135676815858109  2.322556188899356  25.0
56229.30078125  -2.546141419598211  3.9133790657734204  25.0
56283.19921875  -4.743108980348937  3.457960438378631  25.0
56453.5  0.21926470594031983  2.4465738448321934  25.0
56456.6015625  0.18951225408559833  3.3558397528298665  25.0
56474.6015625  0.011390373802493728  2.4589460938278127  25.0
56477.5  3.751360663228243  2.5643070500376917  25.0
56480.5  -1.02248247443874  3.39158218005999  25.0
56482.5  3.020707628711379  3.260985469287339  25.0
56485.6015625  0.01698736762431386  2.5408389201497705  25.0
56488.3984375  -1.6165493261442014  2.623419093638151  25.0
56490.5  2.391487558000744  2.445984636607243  25.0
56492.5  -1.7675699867385495  2.283377213125172  25.0
56506.6015625  3.1312727581401694  2.452759969330003  25.0
56511.6015625  2.704526433852213  2.9690580777120466  25.0
56517.3984375  0.24371474028512552  2.8450406090672655  25.0
56519.6015625  0.5018638178871543  2.493804521432455  25.0
56521.6015625  5.07775040976006  2.8525031016683924  25.0
56530.3984375  2.0926866947612184  2.5238515188721338  25.0
56536.5  0.2024737230116715  2.3535851376179338  25.0
56539.3984375  0.2652189676152499  2.5277793239877275  25.0
56541.30078125  0.3247238479136859  2.9665051542173555  25.0
56544.30078125  1.9766226007129857  2.4933136394370337  25.0
56549.30078125  -1.4060238788954456  2.3307062159549625  25.0
56557.5  5.043382676862782  2.9317448655541862  25.0
56568.30078125  -11.837053896938171  5.6293980150302225  25.0
56570.30078125  3.175950698533796  2.3439622772880075  25.0
56584.30078125  1.4605208638579161  2.564896258262642  25.0
56589.30078125  2.061657746042641  2.5387768786505003  25.0
56592.30078125  -2.137757190920737  3.222494027967634  25.0
56595.19921875  1.8298243493467068  2.5644051889791646  25.0
56600.30078125  -6.839330549883745  3.319901422292909  25.0
56613.30078125  2.6713373046928925  2.532787219323693  25.0
56628.19921875  3.36182959944473  2.721219231017374  25.0
