#Date  :
#Flux  :
#Fluxerr  :
#ZP  :
#end  :
@INSTRUMENT  PS
@BAND  PS_z
@MAGSYS  AB
54892.1477625  0.0  1.7772910796539767  25.0
54897.134107499995  0.0  1.7772910796539767  25.0
54902.12045249999  0.0  1.7772910796539767  25.0
54907.10679749999  0.0  1.7772910796539767  25.0
54912.09314249999  0.0  1.7772910796539767  25.0
54917.079487499985  0.0  1.7772910796539767  25.0
54922.06583249998  0.0  1.7772910796539767  25.0
54927.05217749998  0.0  1.7772910796539767  25.0
54932.03852249998  0.0  1.7772910796539767  25.0
54937.024867499975  0.0  1.7772910796539767  25.0
54942.01121249997  0.0  1.7772910796539767  25.0
54946.99755749997  0.0  1.7772910796539767  25.0
54951.98390249997  0.0  1.7772910796539767  25.0
54956.970247499965  0.0  1.7772910796539767  25.0
54961.95659249996  0.0  1.7772910796539767  25.0
54966.94293749996  0.0  1.7772910796539767  25.0
54971.92928249996  0.0  1.7772910796539767  25.0
54976.915627499955  0.0  1.7772910796539767  25.0
54981.90197249995  0.0  1.7772910796539767  25.0
54986.88831749995  0.0  1.7772910796539767  25.0
54991.87466249995  0.0  1.7772910796539767  25.0
54996.861007499945  0.0  1.7772910796539767  25.0
55001.84735249994  0.0  1.7772910796539767  25.0
55006.83369749994  0.0  1.7772910796539767  25.0
55011.82004249994  0.0  1.7772910796539767  25.0
55016.806387499935  0.0  1.7772910796539767  25.0
55021.79273249993  0.0  1.7772910796539767  25.0
55026.77907749993  0.0  1.7772910796539767  25.0
55031.76542249993  0.0  1.7772910796539767  25.0
55036.751767499925  0.0  1.7772910796539767  25.0
55041.73811249992  0.0  1.7772910796539767  25.0
55046.72445749992  0.0  1.7772910796539767  25.0
55051.71080249992  0.0  1.7772910796539767  25.0
55056.697147499915  0.0  1.7772910796539767  25.0
55061.68349249991  0.0  1.7772910796539767  25.0
55066.66983749991  0.0  1.7772910796539767  25.0
55071.65618249991  0.0  1.7772910796539767  25.0
55076.642527499906  0.0  1.7772910796539767  25.0
55081.6288724999  0.0  1.7772910796539767  25.0
55086.6152174999  0.0  1.7772910796539767  25.0
55091.6015624999  0.0  1.7772910796539767  25.0
55096.587907499896  0.0  1.7772910796539767  25.0
55101.57425249989  0.0  1.7772910796539767  25.0
55106.56059749989  0.0  1.7772910796539767  25.0
55111.54694249989  0.0  1.7772910796539767  25.0
55116.533287499886  0.0  1.7772910796539767  25.0
55121.51963249988  0.0  1.7772910796539767  25.0
55126.50597749988  0.0  1.7772910796539767  25.0
55131.49232249988  0.0  1.7772910796539767  25.0
55136.478667499876  0.0  1.7772910796539767  25.0
55141.46501249987  0.0  1.7772910796539767  25.0
55146.45135749987  0.0  1.7772910796539767  25.0
55151.43770249987  0.0  1.7772910796539767  25.0
55156.424047499866  0.0  1.7772910796539767  25.0
55161.41039249986  0.0  1.7772910796539767  25.0
55166.39673749986  0.0  1.7772910796539767  25.0
55171.38308249986  0.0  1.7772910796539767  25.0
55176.369427499856  0.0  1.7772910796539767  25.0
55181.35577249985  0.0  1.7772910796539767  25.0
55186.34211749985  0.0  1.7772910796539767  25.0
55191.32846249985  0.0  1.7772910796539767  25.0
55196.314807499846  0.0  1.7772910796539767  25.0
55201.301152499844  0.0  1.7772910796539767  25.0
55206.28749749984  0.0  1.7772910796539767  25.0
55211.27384249984  0.0  1.7772910796539767  25.0
55216.260187499836  0.0  1.7772910796539767  25.0
55221.246532499834  0.0  1.7772910796539767  25.0
55226.23287749983  0.0  1.7772910796539767  25.0
55231.21922249983  0.0  1.7772910796539767  25.0
55236.20556749983  0.0  1.7772910796539767  25.0
55241.191912499824  0.0  1.7772910796539767  25.0
55246.17825749982  0.0  1.7772910796539767  25.0
55251.16460249982  0.0  1.7772910796539767  25.0
55256.15094749982  0.0  1.7772910796539767  25.0
55261.137292499814  0.0  1.7772910796539767  25.0
55266.12363749981  0.0  1.7772910796539767  25.0
55271.10998249981  0.0  1.7772910796539767  25.0
55276.09632749981  0.0  1.7772910796539767  25.0
55281.082672499804  0.0  1.7772910796539767  25.0
55286.0690174998  0.0  1.7772910796539767  25.0
55291.0553624998  0.0  1.7772910796539767  25.0
55296.0417074998  0.0  1.7772910796539767  25.0
55301.028052499794  0.0  1.7772910796539767  25.0
55306.01439749979  0.0  1.7772910796539767  25.0
55311.00074249979  0.0  1.7772910796539767  25.0
55315.98708749979  0.0  1.7772910796539767  25.0
55320.973432499784  0.0  1.7772910796539767  25.0
55325.95977749978  0.0  1.7772910796539767  25.0
55330.94612249978  0.0  1.7772910796539767  25.0
55335.93246749978  0.0  1.7772910796539767  25.0
55340.918812499775  0.0  1.7772910796539767  25.0
55345.90515749977  0.0  1.7772910796539767  25.0
55350.89150249977  0.0  1.7772910796539767  25.0
55355.87784749977  0.0  1.7772910796539767  25.0
55360.864192499765  0.0  1.7772910796539767  25.0
55365.85053749976  0.0  1.7772910796539767  25.0
55370.83688249976  0.0  1.7772910796539767  25.0
55375.82322749976  0.0  1.7772910796539767  25.0
55380.809572499755  0.0  1.7772910796539767  25.0
55385.79591749975  0.0  1.7772910796539767  25.0
55390.78226249975  0.0  1.7772910796539767  25.0
55395.76860749975  0.0  1.7772910796539767  25.0
55400.754952499745  0.0  1.7772910796539767  25.0
55405.74129749974  0.0  1.7772910796539767  25.0
55410.72764249974  0.0  1.7772910796539767  25.0
55415.71398749974  0.0  1.7772910796539767  25.0
55420.700332499735  0.0  1.7772910796539767  25.0
55425.68667749973  0.0  1.7772910796539767  25.0
55430.67302249973  0.0  1.7772910796539767  25.0
55435.65936749973  0.0  1.7772910796539767  25.0
55440.645712499725  0.0  1.7772910796539767  25.0
55445.63205749972  0.0  1.7772910796539767  25.0
55450.61840249972  0.0  1.7772910796539767  25.0
55455.60474749972  0.0  1.7772910796539767  25.0
55460.591092499715  0.0  1.7772910796539767  25.0
55465.57743749971  0.0  1.7772910796539767  25.0
55470.56378249971  0.0  1.7772910796539767  25.0
55475.55012749971  0.0  1.7772910796539767  25.0
55480.536472499705  0.0  1.7772910796539767  25.0
55485.5228174997  0.0  1.7772910796539767  25.0
55091.6015625  -1.70698510986377  1.6984423397542154  25.0
55097.6015625  -2.9403857746052138  2.6192950106396116  25.0
55103.6015625  -0.3975829518976467  2.3826501837787144  25.0
55181.3984375  1.4946920379401631  1.4000341259246099  25.0
55190.30078125  -0.12411580657981375  1.8777423731133915  25.0
55205.30078125  -0.006971694739012453  1.1755651765323578  25.0
55214.30078125  2.4961611670441997  1.3879563873974377  25.0
55220.30078125  -3.524044279872853  2.0391715674336184  25.0
55223.19921875  -5.925351350662582  3.662103295958575  25.0
55232.19921875  2.5709842438189785  2.391291280117798  25.0
55439.6015625  1.585618703655153  1.4663142453017777  25.0
55442.6015625  -0.539864470855466  2.061559607101168  25.0
55445.6015625  -0.4305758031740212  1.4559058052199272  25.0
55448.6015625  1.2939858225483076  1.9288027158877739  25.0
55454.6015625  -1.1800820025848457  1.5466360994079429  25.0
55457.6015625  0.2624695789495567  2.4321393670492477  25.0
55466.6015625  0.3622335252425483  2.038680498150141  25.0
55472.6015625  1.4177087807246416  1.6734030503624453  25.0
55475.6015625  1.6393301088656993  1.8583985135120662  25.0
55478.5  -0.5429084168116203  1.4770172894961036  25.0
55481.5  -1.9259551882806076  1.5941614737647078  25.0
55487.5  0.6846007743665032  2.5755992088129394  25.0
55499.5  1.977309947879409  1.5839494052098313  25.0
55502.5  4.450101311265216  2.3857925027864115  25.0
55508.3984375  13.577326274902735  1.5844402872052523  25.0
55511.3984375  16.97803987143306  1.354374421540141  25.0
55517.3984375  20.737550936293022  1.8220670653450481  25.0
55547.30078125  10.800234709081845  1.47632994232968  25.0
55568.30078125  8.018823531531696  1.4153521351128964  25.0
55577.30078125  4.614279894251137  1.78436111013324  25.0
55586.30078125  6.890783823000132  1.5946523557601289  25.0
55589.19921875  0.18430803404467305  1.7287839413063697  25.0
55595.19921875  3.335808546062118  1.7540195085810857  25.0
55823.6015625  -0.23782314966676993  1.878528046509344  25.0
55827.6015625  0.13599713846350142  2.102702298145093  25.0
55835.6015625  -3.201480682632931  2.0512492123167623  25.0
55842.5  -0.983990845830979  2.5429992878785694  25.0
55851.5  -0.07393924102634632  1.5584192338226401  25.0
55854.5  -0.23880507753466135  2.350050262844344  25.0
55857.5  -4.723372190405607  1.6235211240379637  25.0
55860.5  -0.2024737230116715  1.5230697369345205  25.0
55862.5  0.5389807053400545  1.8007593031859261  25.0
55870.5  -0.37647151444348453  1.7393887529151941  25.0
55878.3984375  0.5375078252437209  1.6765451820820867  25.0
55880.3984375  -0.1847008122151317  2.0145252083838523  25.0
55889.3984375  -0.10516457297740146  1.1739941106725371  25.0
55891.3984375  0.25255209109614835  1.398070223366813  25.0
55897.3984375  2.1358916145924693  1.2652152868559738  25.0
55901.3984375  -0.5967181482516958  1.4433371846973337  25.0
55919.30078125  -9.293268561087537  3.745861885896857  25.0
55929.30078125  -0.10693204548070673  1.8254056622356918  25.0
55935.30078125  -0.10477180651244629  1.47632994232968  25.0
55946.30078125  -2.203251824190009  1.708752547250565  25.0
55951.30078125  -2.4117154172275512  1.2691429983275397  25.0
55957.19921875  -0.2666918711225906  1.5324963193815009  25.0
55981.19921875  -0.6506260186332443  1.7451821343590557  25.0
55985.19921875  1.4242877419204274  2.3485772422819684  25.0
56205.5  -0.8317918624307584  1.515017942464415  25.0
56208.6015625  1.7790586106847994  1.5019582526583444  25.0
56211.5  -0.5083445464974392  1.233302619443999  25.0
56214.5  -1.7102253805248844  2.278958526014157  25.0
56216.5  3.196865530350914  2.775225427628452  25.0
56219.5  0.5260192481194849  1.2991899957672188  25.0
56222.5  0.03417112140748118  1.4497196807221175  25.0
56226.5  1.4819269522465677  1.5476179570428132  25.0
56229.5  -3.8113565191661283  1.8740110331687998  25.0
56232.5  -0.06549465082752687  1.7815133952380175  25.0
56234.3984375  0.9641559169461764  1.045656000214186  25.0
56251.3984375  7.015194034698861  6.1319491800838  25.0
56259.3984375  0.3114678099916481  2.6649547150240807  25.0
56262.3984375  -2.9735750910525907  2.0973016597551797  25.0
56283.30078125  0.41398119177234693  2.254017562851916  25.0
56289.30078125  0.33631061080140895  1.7730687640699359  25.0
56292.30078125  2.7332970631885747  1.5768794683745961  25.0
56300.30078125  2.2895633376229814  1.7816115341794905  25.0
56303.30078125  -0.35761846660455926  3.048790723593261  25.0
56308.19921875  2.1149764081992393  1.7360501560245507  25.0
56311.30078125  -0.07992900570268544  2.8615369410614244  25.0
56315.30078125  1.3376816243749796  2.9692545428830486  25.0
56351.19921875  0.19285081585973127  1.6903904516400818  25.0
56536.6015625  -0.9905698070267649  1.3506430815955492  25.0
56554.6015625  2.807727209621349  1.7017807493568027  25.0
56557.6015625  -3.1953926970765942  2.608297455976839  25.0
56559.6015625  0.8623298355098868  2.0692185648732973  25.0
56562.6015625  3.2778747316235024  2.2576507638550347  25.0
56568.6015625  9.201654735494179  46.76033486054503  25.0
56589.5  0.02120966272372358  1.3999358933391088  25.0
56600.5  2.2319241272968413  1.9003268779519435  25.0
56613.3984375  -1.0311234771337956  2.3946296897203854  25.0
56616.3984375  -0.11655495263264694  1.3268803475951527  25.0
56618.3984375  -0.03544762997684074  1.5552770084589707  25.0
56621.3984375  0.2114092829971884  1.7635440426814826  25.0
56624.3984375  4.530717582195801  2.4042527373383678  25.0
56629.3984375  -1.6435525180937685  1.313624379906136  25.0
56632.3984375  1.0597957802406281  1.7350682047456523  25.0
56637.3984375  -0.2510791875888077  1.881080970004035  25.0
56643.30078125  0.37981006451211397  2.411813556169024  25.0
56648.3984375  1.0314179876022427  1.9410768259419202  25.0
56651.3984375  -3.479562991938285  1.9821215653324282  25.0
56662.30078125  -0.31686842497055445  1.9734804689933443  25.0
56667.30078125  0.6873501630321964  1.924187750893813  25.0
56673.30078125  4.09110831420486  3.1569993946983628  25.0
56676.30078125  -1.872047317899059  1.3366996730960812  25.0
56681.30078125  -1.8375816333483652  2.3717507680574146  25.0
