55502.311021349786    3.6374385466024077    0.48529542175082263    25    
55502.811021349786    4.185847899205708     0.48097196650460405    25    
55503.311021349786    4.76521161282905      0.48055339193647395    25    
55503.811021349786    5.371355193089298     0.5100353288295573     25    
55504.311021349786    6.005644076299661     0.5702162950927736     25    
55504.811021349786    6.664335724961753     0.6176905715359872     25    
55505.311021349786    7.34585433022244      0.6303021478150952     25    
55505.811021349786    8.050221287005705     0.6269590966020014     25    
55506.311021349786    8.77296076780558      0.6261846860973156     25    
55506.811021349786    9.515264043919329     0.6279183544832612     25    
55507.311021349786    10.273907617241338    0.6294199969018838     25    
55507.811021349786    11.046582388910823    0.6305668905772045     25    
55508.311021349786    11.833912420097471    0.6314368638525266     25    
55508.811021349786    12.6312947151884      0.6321715303610439     25    
55509.311021349786    13.439572215448976    0.6325712430581235     25    
55509.811021349786    14.256127544674356    0.6331850781037491     25    
55510.311021349786    15.078347394811384    0.633678839770148      25    
55510.811021349786    15.907190514656728    0.6341092840881305     25    
55511.311021349786    16.736100316837238    0.6404499410274715     25    
55511.811021349786    17.56990310856411     0.6564327390163017     25    
55512.311021349786    18.39671216753865     0.6749853484565128     25    
55512.811021349786    19.201381787851044    0.6888701235365767     25    
55513.311021349786    19.990191703865698    0.7000901802821569     25    
55513.811021349786    20.737616344207254    0.7091887978658488     25    
55514.311021349786    21.440242960455798    0.7163054379343508     25    
55514.811021349786    22.093558742893592    0.7213216438854638     25    
55515.311021349786    22.675023091647493    0.723208830564648      25    
55515.811021349786    23.186437875712222    0.7208152161240686     25    
55516.311021349786    23.63938492591073     0.7216066481329433     25    
55516.811021349786    24.032463718014405    0.7305896512359179     25    
55517.311021349786    24.371970642306916    0.7438641175509889     25    
55517.811021349786    24.681950724940243    0.7583120627404429     25    
55518.311021349786    24.956000893691698    0.7765513124327339     25    
55518.811021349786    25.21049883433393     0.7892104986468598     25    
55519.311021349786    25.46113325609687     0.7890510310520873     25    
55519.811021349786    25.69983860461554     0.7799281488393175     25    
55520.311021349786    25.921551607008457    0.763026595011428      25    
55520.811021349786    26.131509602736532    0.7315520071021037     25    
55521.311021349786    26.31466027494378     0.7026078970018221     25    
55521.811021349786    26.459075389270666    0.6990920482596582     25    
55522.311021349786    26.568753342986028    0.7125103440057456     25    
55522.811021349786    26.625426465854645    0.7206200773791054     25    
55523.311021349786    26.624646431967722    0.7185947538120487     25    
55523.811021349786    26.572995980165324    0.7139024623185004     25    
55524.311021349786    26.471491984238167    0.7097342474852234     25    
55524.811021349786    26.318855185231243    0.7048135864668984     25    
55525.311021349786    26.132507706499077    0.7051330897283347     25    
55525.811021349786    25.912854014450435    0.7167358248699928     25    
55526.311021349786    25.66505948109069     0.7300292745584316     25    
55526.811021349786    25.404009316789317    0.7338034695756303     25    
55527.311021349786    25.12633507408368     0.7318649818027079     25    
55527.811021349786    24.83378785821831     0.7147791853073155     25    
55528.311021349786    24.529415719032063    0.6641063613484609     25    
55528.811021349786    24.20981429403883     0.5963587998657235     25    
55529.311021349786    23.86967319772641     0.5608860525842035     25    
55529.811021349786    23.510589593190065    0.5645847871650155     25    
55530.311021349786    23.128413005217066    0.5747776157482977     25    
55530.811021349786    22.718846340182754    0.5737694000197721     25    
55531.311021349786    22.284925135706178    0.5707107550397968     25    
55531.811021349786    21.831123390532348    0.565227716946311      25    
55532.311021349786    21.35424329230339     0.5550164458343013     25    
55532.811021349786    20.86407009322323     0.5473422171567879     25    
55533.311021349786    20.367021590421263    0.5508987364825247     25    
55533.811021349786    19.861297959143982    0.5611722397914338     25    
55534.311021349786    19.359525091543837    0.5664604105338954     25    
55534.811021349786    18.86022797510544     0.5648194689318465     25    
55535.311021349786    18.368561571632075    0.5602905446082487     25    
55535.811021349786    17.891442363820403    0.5542011827589292     25    
55536.311021349786    17.426430753906235    0.5459288061521473     25    
55536.811021349786    16.981347487009426    0.5408582396638726     25    
55537.311021349786    16.555823697676864    0.542060780619915      25    
55537.811021349786    16.152890281630118    0.5449308345164168     25    
55538.311021349786    15.77916306895836     0.5448499545000849     25    
55538.811021349786    15.432839197576119    0.5430530974257413     25    
55539.311021349786    15.115495287223473    0.5385512449015253     25    
55539.811021349786    14.828890891927568    0.5282554825364935     25    
55540.311021349786    14.570857141963959    0.5165414770405938     25    
55540.811021349786    14.33861739120763     0.5123709927029103     25    
55541.311021349786    14.133186360384654    0.5157543664077341     25    
55541.811021349786    13.951547256681204    0.5195811462396891     25    
55542.311021349786    13.793345859919363    0.5206076380073293     25    
55542.811021349786    13.657538606919294    0.5204830281252685     25    
55543.311021349786    13.53865938919674     0.5183342271863944     25    
55543.811021349786    13.438927936877912    0.514326487123461      25    
55544.311021349786    13.351733224331804    0.5079614080842783     25    
55544.811021349786    13.27334565199426     0.49686811711489925    25    
55545.311021349786    13.204522839805719    0.4828176109612615     25    
55545.811021349786    13.136766613517292    0.47506331836156157    25    
55546.311021349786    13.070872981139557    0.4767713248546108     25    
55546.811021349786    13.00451383735036     0.4799906615673117     25    
55547.311021349786    12.934098604444982    0.47693034568869447    25    
55547.811021349786    12.860959877086074    0.4706421630270672     25    
55548.311021349786    12.784812843710702    0.47049420399590175    25    
55548.811021349786    12.705626041371753    0.4812695889112727     25    
55549.311021349786    12.623383129674842    0.4936624806657903     25    
55549.811021349786    12.537934534855955    0.4991195134632894     25    
55550.311021349786    12.449312820505547    0.5003201393377522     25    
55550.811021349786    12.357681889359078    0.4971567999105995     25    
55551.311021349786    12.262921876837016    0.4858323590036993     25    
55551.811021349786    12.165309255120468    0.4726720452196844     25    
55552.311021349786    12.06530617709872     0.469588883375579      25    
55552.811021349786    11.962745769113985    0.47555120967828446    25    
55553.311021349786    11.858126828245451    0.4824551638406662     25    
55553.811021349786    11.751962328548409    0.48875843246862466    25    
55554.311021349786    11.64370811421575     0.49379423515243004    25    
55554.811021349786    11.532690736864007    0.490311251422215      25    
55555.311021349786    11.419613663270706    0.47581863239554123    25    
55555.811021349786    11.301766427484443    0.46384690431632875    25    
55556.311021349786    11.178043991575233    0.46538033435101445    25    
55556.811021349786    11.048493582566438    0.4739090522867862     25    
55557.311021349786    10.909827278197277    0.48249184547487756    25    
55557.811021349786    10.76209732493754     0.49360656397837355    25    
55558.311021349786    10.605516541314506    0.5000884380238501     25    
55558.811021349786    10.43895249541954     0.4962897519044617     25    
55559.311021349786    10.263169198121602    0.4840758559840939     25    
55559.811021349786    10.082759792061735    0.45547879272593866    25    
55560.311021349786    9.896837689898263     0.3934186284775671     25    
55560.811021349786    9.708188615852716     0.32041091287898243    25    
55561.311021349786    9.520386035842337     0.2871963165201286     25    
55561.811021349786    9.332192614766662     0.2907586320929315     25    
55562.311021349786    9.146587007887227     0.29343672908846935    25    
55562.811021349786    8.96450917462144      0.28362075497022365    25    
55563.311021349786    8.784966417723727     0.2740157461346559     25    
55563.811021349786    8.607654964246196     0.27257433100470596    25    
55564.311021349786    8.432734829468801     0.27804843438258464    25    
55564.811021349786    8.25940302431461      0.28579853397778004    25    
55565.311021349786    8.087310094218703     0.2970794345692396     25    
55565.811021349786    7.916705251442952     0.3078129112410162     25    
55566.311021349786    7.7474666624544035    0.30848724266811356    25    
55566.811021349786    7.5792681146415815    0.29939575613330593    25    
55567.311021349786    7.413915549009816     0.28708596927089924    25    
55567.811021349786    7.251906038996488     0.27501520666328005    25    
55568.311021349786    7.093402395084609     0.26095503745044796    25    
55568.811021349786    6.9405134581129575    0.2439441486154971     25    
55569.311021349786    6.792838813676487     0.22083947980788465    25    
55569.811021349786    6.651260158717028     0.19986173183583308    25    
55570.311021349786    6.516810390424025     0.1925650165192521     25    
55570.811021349786    6.38895246859744      0.1945855034311938     25    
55571.311021349786    6.2670770350847125    0.19432343725022538    25    
55571.811021349786    6.151390141742778     0.19051194519664996    25    
55572.311021349786    6.041303781222965     0.18619968258238392    25    
55572.811021349786    5.936287215659457     0.18237458884447819    25    
55573.311021349786    5.8365208985729184    0.17870688093773923    25    
55573.811021349786    5.74112553053487      0.1766390157687863     25    
55574.311021349786    5.650196230508619     0.1767310493025305     25    
55574.811021349786    5.56332244839881      0.178190674639541      25    
55575.311021349786    5.479861268144039     0.17891379102047822    25    
55575.811021349786    5.400051947419443     0.17874445566262803    25    
55576.311021349786    5.323047502593167     0.1882794492144605     25    
55576.811021349786    5.248819616880794     0.21466873718120325    25    
55577.311021349786    5.177102234179208     0.24225219370739373    25    
55577.811021349786    5.1071569478968355    0.2552501656931853     25    
55578.311021349786    5.0392484445323875    0.256038536148393      25    
55578.811021349786    4.97259495857515      0.264268511835576      25    
55579.311021349786    4.907012781181248     0.2808282165007517     25    