56647.318581330124    4.029481351627013     1.1097525952063356     25    
56647.818581330124    4.7873974176213165    1.0788782367807142     25    
56648.318581330124    5.614677724711758     1.081980338415316      25    
56648.818581330124    6.513515212482311     1.276323768444209      25    
56649.318581330124    7.4833468646199       1.57775459649387       25    
56649.818581330124    8.52676634416038      1.750045285820041      25    
56650.318581330124    9.64359171493608      1.7681616285775494     25    
56650.818581330124    10.83534663255699     1.7448765723811388     25    
56651.318581330124    12.103515219244953    1.7477204548651801     25    
56651.818581330124    13.447945250567189    1.751354615179144      25    
56652.318581330124    14.871220321131135    1.7539100721170642     25    
56652.818581330124    16.372767839745688    1.7554418424437797     25    
56653.318581330124    17.954809964179294    1.7560415479400981     25    
56653.818581330124    19.61791734367711     1.7555118323909409     25    
56654.318581330124    21.36275859724144     1.7543500442423756     25    
56654.818581330124    23.193166875284266    1.7551059502282822     25    
56655.318581330124    25.10867872992817     1.7577451774416895     25    
56655.818581330124    27.1002104273788      1.747940245380093      25    
56656.318581330124    29.19311094773311     1.7139253479758978     25    
56656.818581330124    31.31287336468798     1.6826307258293147     25    
56657.318581330124    33.41372309738861     1.6829442564551058     25    
56657.818581330124    35.491364594198664    1.7009134947844313     25    
56658.318581330124    37.41375110252924     1.7151812683134307     25    
56658.818581330124    39.20665857767822     1.727009064928419      25    
56659.318581330124    40.77561368144902     1.7358532412190693     25    
56659.818581330124    42.05430506994082     1.7384129276375329     25    
56660.318581330124    43.09625696322648     1.7389005766119465     25    
56660.818581330124    43.92671674524674     1.7435011133957987     25    
56661.318581330124    44.53705405948215     1.7507590355298464     25    
56661.818581330124    45.047808499751405    1.7597937911814847     25    
56662.318581330124    45.45155115841101     1.7727342848551193     25    
56662.818581330124    45.81044044315649     1.7831378621947525     25    
56663.318581330124    46.203150824560524    1.7945026974632785     25    
56663.818581330124    46.59883974842865     1.797670047508478      25    
56664.318581330124    46.99952795516386     1.7367601408564455     25    
56664.818581330124    47.41521491867303     1.585711808167321      25    
56665.318581330124    47.79001696526581     1.4578167162430216     25    
56665.818581330124    48.11272142451255     1.4457474800854804     25    
56666.318581330124    48.36855178245392     1.4783741496846907     25    
56666.818581330124    48.509183212171024    1.4843349288876397     25    
56667.318581330124    48.54598640955465     1.4801638330061384     25    
56667.818581330124    48.466172576039014    1.4738016636197002     25    
56668.318581330124    48.264697517050955    1.4639070422197107     25    
56668.818581330124    47.951572790745026    1.4555878751431708     25    
56669.318581330124    47.53118973750578     1.4562463245944053     25    
56669.818581330124    47.003706510896116    1.461231851064394      25    
56670.318581330124    46.37824273693012     1.4629194613605505     25    
56670.818581330124    45.650410131727895    1.4673756722779294     25    
56671.318581330124    44.84134762161161     1.4431645184198023     25    
56671.818581330124    43.95240479073761     1.349730522335916      25    
56672.318581330124    42.995213920802556    1.2340768370235868     25    
56672.818581330124    41.99393907612423     1.1887243931571359     25    
56673.318581330124    40.94256786251376     1.1996186449345951     25    
56673.818581330124    39.87204661809944     1.2054762161505068     25    
56674.318581330124    38.778341804350106    1.1972251442273243     25    
56674.818581330124    37.68304668653713     1.1860237089002053     25    
56675.318581330124    36.602500143532765    1.1712815912729986     25    
56675.818581330124    35.53687141963651     1.1547865529704249     25    
56676.318581330124    34.51991378110606     1.1464731283732852     25    
56676.818581330124    33.54393977677178     1.1473246094895542     25    
56677.318581330124    32.63811072690074     1.1474221169066958     25    
56677.818581330124    31.816254139786974    1.1482088151133412     25    
56678.318581330124    31.0709849445814      1.1410211432861581     25    
56678.818581330124    30.4075667727562      1.1007466674877278     25    
56679.318581330124    29.824663262532763    1.0302231506427186     25    
56679.818581330124    29.296501737885166    0.9865005569777383     25    
56680.318581330124    28.82609505469824     0.9909454176412552     25    
56680.818581330124    28.39725386369398     1.0057772393674704     25    
56681.318581330124    27.995344384458132    1.0069852681396059     25    
56681.818581330124    27.62374839079409     1.0046204653940056     25    
56682.318581330124    27.26918151195739     0.9983683107173414     25    
56682.818581330124    26.93297043335564     0.986572780183879      25    
56683.318581330124    26.614499610684497    0.9794777477347857     25    
56683.818581330124    26.31341800716807     0.9843098136273939     25    
56684.318581330124    26.029221679165172    0.9926476052433596     25    
56684.818581330124    25.761072678338227    0.9958347239386053     25    
56685.318581330124    25.50913465936958     0.9961175313436587     25    
56685.818581330124    25.268627174566593    0.9935544860495644     25    
56686.318581330124    25.041019200594334    0.9891579854536818     25    
56686.818581330124    24.820458489345537    0.9794965535837563     25    
56687.318581330124    24.603234309818653    0.9574397928247671     25    
56687.818581330124    24.38917288987033     0.9292040201605759     25    
56688.318581330124    24.170484745095134    0.9154055410828622     25    
56688.818581330124    23.948803283170648    0.9172957598554647     25    
56689.318581330124    23.718466455096276    0.9171892975897209     25    
56689.818581330124    23.478191136232297    0.9049084175849775     25    
56690.318581330124    23.226802955173277    0.8921890966041891     25    
56690.818581330124    22.96086125524271     0.892887274553593      25    
56691.318581330124    22.681187934721528    0.9031574052322482     25    
56691.818581330124    22.383319955247444    0.910430510712714      25    
56692.318581330124    22.066772272570518    0.9142996013411284     25    
56692.818581330124    21.73210076948011     0.9138149951208439     25    
56693.318581330124    21.377955679374775    0.8978028377097114     25    
56693.818581330124    21.006110651884804    0.8795054680922896     25    
56694.318581330124    20.621522477684536    0.9050910996890835     25    
56694.818581330124    20.222926285317936    0.9750841077325715     25    
56695.318581330124    19.815450335404023    1.0258989479353213     25    
56695.818581330124    19.400206445058863    1.0355295142242655     25    
56696.318581330124    18.978097569882262    1.0287723110828382     25    
56696.818581330124    18.552255544162428    1.0185370527192772     25    
56697.318581330124    18.12184825074081     1.0014930927203018     25    
56697.818581330124    17.687495676730226    0.9921372548878726     25    
56698.318581330124    17.249139147611405    0.9939556594196476     25    
56698.818581330124    16.807125291202734    0.9990516578586525     25    
56699.318581330124    16.360801723269464    1.0054378505207875     25    
56699.818581330124    15.911499259530277    1.0115916742490876     25    
56700.318581330124    15.462779485649946    1.012275356309457      25    
56700.818581330124    15.01280219206338     1.015544290730417      25    
56701.318581330124    14.572134956491126    0.9646538290057466     25    
56701.818581330124    14.14149999892148     0.7752754891886138     25    
56702.318581330124    13.725541124682644    0.49269185749012206    25    
56702.818581330124    13.333505223984414    0.34469280858153256    25    
56703.318581330124    12.962991086016386    0.38694608264168734    25    
56703.818581330124    12.619224334276073    0.41139971259886027    25    
56704.318581330124    12.304476241596284    0.4022531782836182     25    
56704.818581330124    12.01189002959452     0.39314219450671123    25    
56705.318581330124    11.738864437134643    0.38715988806089047    25    
56705.818581330124    11.484515804548295    0.38324321858515564    25    
56706.318581330124    11.240930096061081    0.3827970598383255     25    
56706.818581330124    11.009708679897292    0.3864640938577121     25    
56707.318581330124    10.785950568845458    0.38785497204251596    25    
56707.818581330124    10.567601022880028    0.38344288649625385    25    
56708.318581330124    10.356111681307961    0.3775673109763607     25    
56708.818581330124    10.151515702835859    0.3735696004945305     25    
56709.318581330124    9.953849722967265     0.37073899466587357    25    
56709.818581330124    9.76411275465407      0.37417261611871444    25    
56710.318581330124    9.58229276784428      0.3865866688248829     25    
56710.818581330124    9.408575361193112     0.3980852875171404     25    
56711.318581330124    9.243439636195163     0.4022582411279861     25    
56711.818581330124    9.086415583463802     0.4027455542468411     25    
56712.318581330124    8.936623018571241     0.40106060688207346    25    
56712.818581330124    8.79430972882655      0.39672587420216826    25    
56713.318581330124    8.658366479528581     0.39180822288147343    25    
56713.818581330124    8.528732796286127     0.38658634104712575    25    
56714.318581330124    8.404906271485098     0.38161611341278606    25    
56714.818581330124    8.286072335237204     0.3784059752044251     25    
56715.318581330124    8.172405122001539     0.3765386990349034     25    
56715.818581330124    8.06273383984755      0.37582495214754613    25    
56716.318581330124    7.957255279290748     0.3769618157223046     25    
56716.818581330124    7.855115080032175     0.3774120943393112     25    
56717.318581330124    7.755862237520448     0.3740822836801967     25    
56717.818581330124    7.659390396003884     0.369774348924174      25    
56718.318581330124    7.5646314908584165    0.3690540207548386     25    
56718.818581330124    7.4718573481973465    0.3703917288675315     25    
56719.318581330124    7.379968533472362     0.38175370716959434    25    