#Date  :
#Flux  :
#Fluxerr  :
#ZP  :
#end  :
@INSTRUMENT  SDSS
@BAND  SDSS_i
@MAGSYS  AB
53423.849271  0.0  3.8361458246940807  25.0
53428.835616  0.0  3.8361458246940807  25.0
53433.821960999994  0.0  3.8361458246940807  25.0
53438.80830599999  0.0  3.8361458246940807  25.0
53443.79465099999  0.0  3.8361458246940807  25.0
53448.78099599999  0.0  3.8361458246940807  25.0
53453.767340999984  0.0  3.8361458246940807  25.0
53458.75368599998  0.0  3.8361458246940807  25.0
53463.74003099998  0.0  3.8361458246940807  25.0
53468.72637599998  0.0  3.8361458246940807  25.0
53473.712720999974  0.0  3.8361458246940807  25.0
53478.69906599997  0.0  3.8361458246940807  25.0
53483.68541099997  0.0  3.8361458246940807  25.0
53488.67175599997  0.0  3.8361458246940807  25.0
53493.658100999965  0.0  3.8361458246940807  25.0
53498.64444599996  0.0  3.8361458246940807  25.0
53503.63079099996  0.0  3.8361458246940807  25.0
53508.61713599996  0.0  3.8361458246940807  25.0
53513.603480999955  0.0  3.8361458246940807  25.0
53518.58982599995  0.0  3.8361458246940807  25.0
53523.57617099995  0.0  3.8361458246940807  25.0
53528.56251599995  0.0  3.8361458246940807  25.0
53533.548860999945  0.0  3.8361458246940807  25.0
53538.53520599994  0.0  3.8361458246940807  25.0
53543.52155099994  0.0  3.8361458246940807  25.0
53548.50789599994  0.0  3.8361458246940807  25.0
53553.494240999935  0.0  3.8361458246940807  25.0
53558.48058599993  0.0  3.8361458246940807  25.0
53563.46693099993  0.0  3.8361458246940807  25.0
53568.45327599993  0.0  3.8361458246940807  25.0
53573.439620999925  0.0  3.8361458246940807  25.0
53578.42596599992  0.0  3.8361458246940807  25.0
53583.41231099992  0.0  3.8361458246940807  25.0
53588.39865599992  0.0  3.8361458246940807  25.0
53593.385000999915  0.0  3.8361458246940807  25.0
53598.37134599991  0.0  3.8361458246940807  25.0
53603.35769099991  0.0  3.8361458246940807  25.0
53608.34403599991  0.0  3.8361458246940807  25.0
53613.330380999905  0.0  3.8361458246940807  25.0
53618.3167259999  0.0  3.8361458246940807  25.0
53623.3030709999  0.0  3.8361458246940807  25.0
53623.303071  -1.2298071479307733  3.7350508136444502  25.0
53626.289077  1.9161603040298851  3.543789981928933  25.0
53628.274089  3.644884992978564  4.582063068384596  25.0
53635.282505  1.4513964829611792  4.532881711657749  25.0
53637.275859  10.44830600685909  5.136719480359595  25.0
53639.321184  10.716071171260815  3.3060800910825052  25.0
53644.268031  37.10460135281026  3.937240835743711  25.0
53654.302528  68.58066965799247  3.617562017019204  25.0
53656.250187  68.8265764416267  5.166774753914891  25.0
53663.26308  59.72802544715997  3.5957036362517165  25.0
53668.252307  42.596519520641536  4.967317029411566  25.0
53670.257252  36.0663282663546  3.483679434818342  25.0
53673.224766  36.85869456917603  3.5000732203939577  25.0
53675.221838  32.40504948780042  4.054729632368957  25.0
53677.242455  36.69475671341987  3.1776621040735153  25.0
53680.229177  35.629160651004845  3.3634583405971608  25.0
53693.229988  20.596059278165228  4.002815978046174  25.0
53698.22695  16.396517873211664  4.573866175596788  25.0
53699.250357  13.543999183054527  4.1940768097616905  25.0
53704.212279  11.904620625492955  3.729586218452578  25.0
