#Date  :
#Flux  :
#Fluxerr  :
#ZP  :
#end  :
@INSTRUMENT  SDSS
@BAND  SDSS_z
@MAGSYS  AB
53423.85093  0.0  10.585900338995328  25.0
53428.837275  0.0  10.585900338995328  25.0
53433.823619999996  0.0  10.585900338995328  25.0
53438.80996499999  0.0  10.585900338995328  25.0
53443.79630999999  0.0  10.585900338995328  25.0
53448.78265499999  0.0  10.585900338995328  25.0
53453.768999999986  0.0  10.585900338995328  25.0
53458.75534499998  0.0  10.585900338995328  25.0
53463.74168999998  0.0  10.585900338995328  25.0
53468.72803499998  0.0  10.585900338995328  25.0
53473.714379999976  0.0  10.585900338995328  25.0
53478.70072499997  0.0  10.585900338995328  25.0
53483.68706999997  0.0  10.585900338995328  25.0
53488.67341499997  0.0  10.585900338995328  25.0
53493.659759999966  0.0  10.585900338995328  25.0
53498.64610499996  0.0  10.585900338995328  25.0
53503.63244999996  0.0  10.585900338995328  25.0
53508.61879499996  0.0  10.585900338995328  25.0
53513.605139999956  0.0  10.585900338995328  25.0
53518.59148499995  0.0  10.585900338995328  25.0
53523.57782999995  0.0  10.585900338995328  25.0
53528.56417499995  0.0  10.585900338995328  25.0
53533.550519999946  0.0  10.585900338995328  25.0
53538.536864999944  0.0  10.585900338995328  25.0
53543.52320999994  0.0  10.585900338995328  25.0
53548.50955499994  0.0  10.585900338995328  25.0
53553.495899999936  0.0  10.585900338995328  25.0
53558.482244999934  0.0  10.585900338995328  25.0
53563.46858999993  0.0  10.585900338995328  25.0
53568.45493499993  0.0  10.585900338995328  25.0
53573.441279999926  0.0  10.585900338995328  25.0
53578.427624999924  0.0  10.585900338995328  25.0
53583.41396999992  0.0  10.585900338995328  25.0
53588.40031499992  0.0  10.585900338995328  25.0
53593.38665999992  0.0  10.585900338995328  25.0
53598.373004999914  0.0  10.585900338995328  25.0
53603.35934999991  0.0  10.585900338995328  25.0
53608.34569499991  0.0  10.585900338995328  25.0
53613.33203999991  0.0  10.585900338995328  25.0
53618.318384999904  0.0  10.585900338995328  25.0
53623.3047299999  0.0  10.585900338995328  25.0
53623.30473  -12.308805449623662  12.62553602463616  25.0
53626.290736  -9.799534773447055  9.641169485940805  25.0
53628.275747  10.318317611829595  13.313605894490902  25.0
53635.284164  7.30664671321937  10.04527401268089  25.0
53637.277517  -7.519620720555361  14.850841357698114  25.0
53639.322843  7.683446880044585  9.338091090885742  25.0
53644.269689  22.23667071467061  10.629587314859121  25.0
53654.304186  38.826799798945984  10.007047908800072  25.0
53656.251845  37.76192976226603  13.245344994703723  25.0
53663.264738  43.76888894353756  9.327169346919794  25.0
53668.253965  8.437047213695012  15.959398370241859  25.0
53670.25891  14.738893482047144  9.97155224091074  25.0
53673.226424  9.39543024670697  10.233674096093498  25.0
53675.223497  2.1944514063581493  11.861013947019785  25.0
53677.244114  26.659977020879644  8.03021225096344  25.0
53680.230835  35.87792892813996  9.605673818051473  25.0
53693.231646  15.377815504055116  10.542213363131536  25.0
53698.228608  14.913641385502316  20.207956772995722  25.0
53699.252015  -2.237592295023645  12.120405366211056  25.0
53704.213938  16.087728861841754  10.968161377803517  25.0
