53637.36670996827    8.078417598609729     1.605181304412644      25    
53637.86670996827    9.539385759928612     1.5939303726229044     25    
53638.36670996827    11.1173822942356      1.6030736659585225     25    
53638.86670996827    12.810405583602282    1.7172770816802803     25    
53639.36670996827    14.618808822187319    1.8934653728446014     25    
53639.86670996827    16.5400428495277      1.987960955669472      25    
53640.36670996827    18.574504511509595    1.9938918509531693     25    
53640.86670996827    20.720104886749517    1.9852115256734608     25    
53641.36670996827    22.976276691247055    1.9905889822492322     25    
53641.86670996827    25.34218883987628     1.9950099674448973     25    
53642.36670996827    27.815932690444416    1.9981069278587824     25    
53642.86670996827    30.39781022234189     2.000049756094152      25    
53643.36670996827    33.08527983814637     2.001036244865847      25    
53643.86670996827    35.87877447243088     2.000873414781004      25    
53644.36670996827    38.77614769114715     2.0007763395927043     25    
53644.86670996827    41.78128801895728     1.9961859417591226     25    
53645.36670996827    44.88362716633623     1.9983067043908798     25    
53645.86670996827    48.088493264001414    2.02845280132276       25    
53646.36670996827    51.38100237117632     2.0762944482925496     25    
53646.86670996827    54.6395937252804      2.1081418347459433     25    
53647.36670996827    57.89397736502939     2.1232275157186584     25    
53647.86670996827    60.99296114526789     2.135113180010926      25    
53648.36670996827    63.908712812451704    2.1485562913897294     25    
53648.86670996827    66.5857366757         2.159255660814431      25    
53649.36670996827    68.89522618182886     2.16313151145848       25    
53649.86670996827    70.88204671315448     2.162514397365641      25    
53650.36670996827    72.57947336852682     2.166452083476146      25    
53650.86670996827    73.96791014133571     2.1747139202583243     25    
53651.36670996827    75.16532263996972     2.185243757508337      25    
53651.86670996827    76.18548923396428     2.2006623042823654     25    
53652.36670996827    77.07669087969144     2.2136171082704243     25    
53652.86670996827    77.92871840592377     2.231665575438781      25    
53653.36670996827    78.71091225336444     2.2381469267693332     25    
53653.86670996827    79.42097911996329     2.1256187189098834     25    
53654.36670996827    80.06769474186038     1.8496341400760223     25    
53654.86670996827    80.58447840653648     1.6257558073494844     25    
53655.36670996827    80.9663773403028      1.611358649894242      25    
53655.86670996827    81.1845336213942      1.6608652993851516     25    
53656.36670996827    81.1891675773597      1.6629548900393978     25    
53656.86670996827    81.00138669960721     1.6578887474857023     25    
53657.36670996827    80.63505026053822     1.6513791432277605     25    
53657.86670996827    80.08191515575777     1.642224920538861      25    
53658.36670996827    79.40589023780305     1.63830626248027       25    
53658.86670996827    78.60848289897007     1.645413925890941      25    
53659.36670996827    77.7228507504677      1.6523730562262895     25    
53659.86670996827    76.7912084857591      1.6422713412645304     25    
53660.36670996827    75.8011490269464      1.629617495838776      25    
53660.86670996827    74.76910624818635     1.6575174767227323     25    
53661.36670996827    73.6945671083424      1.7241097774572387     25    
53661.86670996827    72.56013092869544     1.7696004167403372     25    
53662.36670996827    71.3657680470148      1.7783611726248272     25    
53662.86670996827    70.10328082292075     1.7747264756481653     25    
53663.36670996827    68.75936458675793     1.7703920172022756     25    
53663.86670996827    67.34306715400484     1.7613841527434628     25    
53664.36670996827    65.86548746055797     1.7491719597147772     25    
53664.86670996827    64.32274376986449     1.7328272422202133     25    
53665.36670996827    62.751361495160374    1.7228192854265945     25    
53665.86670996827    61.14942337887615     1.724200631397218      25    
53666.36670996827    59.540090433327066    1.7263856862517626     25    
53666.86670996827    57.94176445243023     1.7352015689063593     25    
53667.36670996827    56.35438776856676     1.7318978944947865     25    
53667.86670996827    54.802061759408275    1.643560425096487      25    
53668.36670996827    53.28015459350422     1.4621090867752289     25    
53668.86670996827    51.8056309257743      1.3365545336434312     25    
53669.36670996827    50.37731280068609     1.334884969724623      25    
53669.86670996827    49.006531686060995    1.3605718863743246     25    
53670.36670996827    47.70399177456999     1.3590071391693939     25    
53670.86670996827    46.46513548220449     1.3540193139105994     25    
53671.36670996827    45.292263513167676    1.3438452165648305     25    
53671.86670996827    44.18519387603258     1.328504833363046      25    
53672.36670996827    43.12816048110337     1.3212129114323532     25    
53672.86670996827    42.122822337293805    1.3265072574965602     25    
53673.36670996827    41.158048872546104    1.3325680401431257     25    
53673.86670996827    40.2264503003724      1.3332827436544856     25    
53674.36670996827    39.32881328401988     1.3307909839735104     25    
53674.86670996827    38.45788904617509     1.3275652332989807     25    
53675.36670996827    37.61519220029821     1.322766998200704      25    
53675.86670996827    36.80224837441106     1.2779912948531056     25    
53676.36670996827    36.0188844744901      1.16392950860863       25    
53676.86670996827    35.26606514649144     1.0584964516793536     25    
53677.36670996827    34.54632320355738     1.0396438744631415     25    
53677.86670996827    33.855701647241226    1.0561309837873143     25    
53678.36670996827    33.190016591111075    1.0503217165930443     25    
53678.86670996827    32.549613941762466    1.0358437877016267     25    
53679.36670996827    31.917324925396198    1.0304653233942174     25    
53679.86670996827    31.295647911973223    1.0376599614498478     25    
53680.36670996827    30.67099197531853     1.0452942807199483     25    
53680.86670996827    30.035086954662052    1.0494261804334726     25    
53681.36670996827    29.39122350951986     1.0497020214782822     25    
53681.86670996827    28.734694102983937    1.0424807569112673     25    
53682.36670996827    28.067831223494846    1.027873546235523      25    
53682.86670996827    27.408955861350165    0.991808938950457      25    
53683.36670996827    26.754978821078122    0.9212150140665519     25    
53683.86670996827    26.121686368511646    0.8624864962608286     25    
53684.36670996827    25.516647419712672    0.8552664036358281     25    
53684.86670996827    24.938144622011567    0.8656169096942193     25    
53685.36670996827    24.393284446655233    0.858095094452626      25    
53685.86670996827    23.87867485024565     0.8433351106410486     25    
53686.36670996827    23.378455844475056    0.8354232022488434     25    
53686.86670996827    22.89560185403255     0.8354248840634889     25    
53687.36670996827    22.415306392261407    0.8377958595035833     25    
53687.86670996827    21.932057976953672    0.8429145622758287     25    
53688.36670996827    21.44575319518035     0.8468203268445919     25    
53688.86670996827    20.948769710756423    0.8492856308918086     25    
53689.36670996827    20.444688857652693    0.8459890343806784     25    
53689.86670996827    19.94443365951701     0.7901814927027738     25    
53690.36670996827    19.445761187125363    0.6511637792552288     25    
53690.86670996827    18.959837249545732    0.5232963358798632     25    
53691.36670996827    18.48957424513459     0.50671684585349       25    
53691.86670996827    18.03672751053119     0.5301577524438217     25    
53692.36670996827    17.607680782305078    0.5248263207807027     25    
53692.86670996827    17.19985021429363     0.5138044550204524     25    
53693.36670996827    16.809622404898054    0.5077415958678334     25    
53693.86670996827    16.437841952619657    0.5065584240391353     25    
53694.36670996827    16.08007953707435     0.5082401578090017     25    
53694.86670996827    15.735533328736858    0.5146751138427703     25    
53695.36670996827    15.403096034176036    0.5202053557200124     25    
53695.86670996827    15.08022081969448     0.5174882321374357     25    
53696.36670996827    14.767884327266623    0.5098243715437913     25    
53696.86670996827    14.466669993997904    0.503464282407227      25    
53697.36670996827    14.176409531762742    0.4998947232013562     25    
53697.86670996827    13.89812829390236     0.48215317873110175    25    
53698.36670996827    13.63206946384911     0.4316693800963143     25    
53698.86670996827    13.378230593625565    0.37624010855868534    25    
53699.36670996827    13.137150862323201    0.3605830506934777     25    
53699.86670996827    12.908313877887004    0.36838025232355215    25    
53700.36670996827    12.690299315771027    0.36901142679346843    25    
53700.86670996827    12.483427293255826    0.3653330814541629     25    
53701.36670996827    12.285990633019543    0.3612100845798693     25    
53701.86670996827    12.097999063453162    0.35659372872114015    25    
53702.36670996827    11.9184217865375      0.35232001902784904    25    
53702.86670996827    11.746335041864883    0.3494579715727154     25    
53703.36670996827    11.581662210773338    0.3476515706300172     25    
53703.86670996827    11.42276499642629     0.34593501744010813    25    
53704.36670996827    11.269987121114232    0.34361268545740387    25    
53704.86670996827    11.12161869507266     0.3519043931525507     25    
53705.36670996827    10.977726285495468    0.3773376645122403     25    
53705.86670996827    10.837204048631111    0.40137544022442057    25    
53706.36670996827    10.699209471852326    0.4088858357397701     25    
53706.86670996827    10.563596693598125    0.4118773989678589     25    
53707.36670996827    10.428766448120085    0.4251754494466016     25    