53637.36670996827    1.1655742436574659    1.143989014970588     25    
53637.86670996827    1.4786297606140777    1.1369135745927303    25    
53638.36670996827    1.841658868589211     1.2539932147525836    25    
53638.86670996827    2.2621544041484345    1.8366643651834753    25    
53639.36670996827    2.738794223805288     2.5072183664808874    25    
53639.86670996827    3.2811208293818557    2.8312240026520663    25    
53640.36670996827    3.8876486719506738    2.8732051583111655    25    
53640.86670996827    4.566197398959306     2.86826427840329      25    
53641.36670996827    5.318890575670338     2.9016522977292567    25    
53641.86670996827    6.148839277845172     2.928458909365962     25    
53642.36670996827    7.0631882976092575    2.9464869505494753    25    
53642.86670996827    8.06080720832787      2.9574717855339197    25    
53643.36670996827    9.151210200412415     2.962908098482415     25    
53643.86670996827    10.332776630905045    2.962266506594578     25    
53644.36670996827    11.613651341983044    2.964131942371239     25    
53644.86670996827    13.0006991737991      2.985277659879179     25    
53645.36670996827    14.485975080767806    2.998094596137662     25    
53645.86670996827    16.08483672724894     2.944795708529389     25    
53646.36670996827    17.778206199993253    2.855218956651238     25    
53646.86670996827    19.43258232357389     2.875183994059375     25    
53647.36670996827    21.08136486116976     3.01750142679202      25    
53647.86670996827    22.554050011070775    3.161896958220228     25    
53648.36670996827    23.818529913483385    3.2776872446252345    25    
53648.86670996827    24.814228998145058    3.3673600335466682    25    
53649.36670996827    25.394105425628712    3.3993002892250046    25    
53649.86670996827    25.612718313500817    3.388555404521173     25    
53650.36670996827    25.531538142829945    3.37637528688682      25    
53650.86670996827    25.12227323963346     3.36036357846351      25    
53651.36670996827    24.55045776461254     3.34495005016482      25    
53651.86670996827    23.834743514778225    3.3456030504444176    25    
53652.36670996827    23.0456898708022      3.3318926472956223    25    
53652.86670996827    22.306998522702532    3.2789895079435945    25    
53653.36670996827    21.581677919758786    3.183692569626781     25    
53653.86670996827    20.896167072406104    2.9588028526221692    25    
53654.36670996827    20.254871056178533    2.538342480990804     25    
53654.86670996827    19.607926480258538    2.178466779546094     25    
53655.36670996827    18.951866478002852    2.0940734631499502    25    
53655.86670996827    18.266249365087784    2.1009087275027523    25    
53656.36670996827    17.51555554725845     2.037356935326882     25    
53656.86670996827    16.71511893638952     1.961199758093131     25    
53657.36670996827    15.876096775341969    1.8805591167054658    25    
53657.86670996827    14.99227400069267     1.7900865170960223    25    
53658.36670996827    14.111186227967856    1.7343244996429845    25    
53658.86670996827    13.234097233545642    1.747791617490233     25    
53659.36670996827    12.385320887063834    1.7711192052256242    25    
53659.86670996827    11.597310554351441    1.7585800670940626    25    
53660.36670996827    10.858952556065693    1.7216938270928446    25    
53660.86670996827    10.176745919802796    1.6285419341814673    25    
53661.36670996827    9.551897852462533     1.462102464087711     25    
53661.86670996827    8.96100418459087      1.3214353973697524    25    
53662.36670996827    8.404309146532809     1.2617728180240777    25    
53662.86670996827    7.8692715563612285    1.2255222383931486    25    
53663.36670996827    7.340715894204042     1.1715499945891477    25    
53663.86670996827    6.824693518150386     1.1161299750395088    25    
53664.36670996827    6.3197640384815985    1.0580814514575316    25    
53664.86670996827    5.825075004038411     0.9944160722314618    25    
53665.36670996827    5.357489518108363     0.9677609431248632    25    
53665.86670996827    4.9162764614751655    0.9987824119888061    25    
53666.36670996827    4.511415383701228     1.0473854538420697    25    
53666.86670996827    4.153469784641277     1.0813252940798752    25    
53667.36670996827    3.838120634208387     1.1226639827000413    25    
53667.86670996827    3.5670945780810697    1.1978590446939719    25    
53668.36670996827    3.340630636054578     1.2962133383230225    25    
53668.86670996827    3.145523964299868     1.427179869566101     25    
53669.36670996827    2.9828464485861304    1.6193405995417662    25    
53669.86670996827    2.843810233551982     1.7480889482919824    25    
53670.36670996827    2.722273585700682     1.7384387771824574    25    
53670.86670996827    2.618156971337974     1.6462898637111474    25    
53671.36670996827    2.523592700856225     1.4898140833765607    25    
53671.86670996827    2.4401078383898898    1.2350429757329067    25    
53672.36670996827    2.363403353112454     1.0362886143865389    25    
53672.86670996827    2.293899348510296     0.9868080303481503    25    
53673.36670996827    2.228508170443914     0.9871492879177742    25    
53673.86670996827    2.165034190524986     0.9829228434776824    25    
53674.36670996827    2.103901473105094     0.9906087369561185    25    
53674.86670996827    2.043355546321787     0.971221893301539     25    
53675.36670996827    1.9837720605739406    0.9327700846581929    25    
53675.86670996827    1.9264757227609213    0.9999390810303146    25    
53676.36670996827    1.8712909711993195    1.1970082693400335    25    
53676.86670996827    1.8192172102142126    1.3514582070735546    25    
53677.36670996827    1.7709035509930624    1.40711542604149      25    
53677.86670996827    1.7261512207785301    1.4173096943572672    25    
53678.36670996827    1.6853682636951963    1.3817610983539692    25    
53678.86670996827    1.6484281345945488    1.301751711021392     25    
53679.36670996827    1.614395685731887     1.3128926848971787    25    
53679.86670996827    1.5834131365454396    1.4448507239120605    25    
53680.36670996827    1.5547185008438027    1.5547185008759628    25    
53680.86670996827    1.5279557037614337    1.5279557037941571    25    
53681.36670996827    1.5030940826801014    1.503094082713366     25    
53681.86670996827    1.4796593012437897    1.4796593012775812    25    
53682.36670996827    1.457777465999285     1.4577774660335838    25    
53682.86670996827    1.4375636771867695    1.4375636772215505    25    
53683.36670996827    1.4189951717611946    1.4189951717964306    25    
53683.86670996827    1.402186283655158     1.4021862836908165    25    
53684.36670996827    1.3872220590550015    1.387222059091045     25    
53684.86670996827    1.3740209112082122    1.3740209112446018    25    
53685.36670996827    1.3625768825644327    1.3625768826011277    25    
53685.86670996827    1.3528548010159458    1.3473049478293873    25    
53686.36670996827    1.3444534080865727    0.9720668474414795    25    
53686.86670996827    1.3374464364937095    0.6939555155816017    25    
53687.36670996827    1.3314683316421265    0.5692862981378047    25    
53687.86670996827    1.3264371806774908    0.7664114695977887    25    
53688.36670996827    1.3222258568449363    1.0049230578478545    25    
53688.86670996827    1.318568579314965     1.0976586844707978    25    
53689.36670996827    1.3155136511501004    1.1449680507094524    25    
53689.86670996827    1.3128144329907105    1.249022635058869     25    
53690.36670996827    1.3105158140607014    1.3105158140988544    25    
53690.86670996827    1.3084037860309636    1.3084037860691782    25    
53691.36670996827    1.3064305653115829    1.3064305653498551    25    
53691.86670996827    1.3045393703043682    1.304539370342696     25    
53692.36670996827    1.3025951401197293    1.3025951401581142    25    
53692.86670996827    1.300637328583058     1.3006373286215007    25    
53693.36670996827    1.298643745141763     1.2986437451802646    25    
53693.86670996827    1.29661687642923      1.296616876467792     25    
53694.36670996827    1.2945502149874324    1.294550215026056     25    
53694.86670996827    1.2924388200819488    1.2924388201206354    25    
53695.36670996827    1.2902891947655173    1.2902891948042683    25    
53695.86670996827    1.2880987974093048    1.2880987974481217    25    
53696.36670996827    1.2858755211260573    1.2059172735776393    25    
53696.86670996827    1.283656628720608     1.1747309742374634    25    
53697.36670996827    1.2814341024576306    1.2068795200015388    25    
53697.86670996827    1.2792482700257535    1.2792482700648389    25    
53698.36670996827    1.2771034824879128    1.277103482527064     25    
53698.86670996827    1.275014518691581     1.2750145187307962    25    
53699.36670996827    1.273004801852794     1.273004801892071     25    
53699.86670996827    1.2710670162619686    1.2710670163013056    25    
53700.36670996827    1.2692064902723188    1.2692064903117135    25    
53700.86670996827    1.2674224823268179    1.267422482366268     25    
53701.36670996827    1.2657163216714256    1.2657163217109288    25    
53701.86670996827    1.2640879986132543    1.2640879986528084    25    
53702.36670996827    1.2625385401882954    1.2625385402278981    25    
53702.86670996827    1.2610688667855698    1.2610688668252188    25    
53703.36670996827    1.2596790547441148    1.2596790547838075    25    
53703.86670996827    1.2583707363815875    1.2583707364213215    25    
53704.36670996827    1.2571435692301607    1.2571435692699333    25    
53704.86670996827    1.255999256939132     1.255999256978941     25    
53705.36670996827    1.2549377331842553    1.2549377332240979    25    
53705.86670996827    1.2539600997733615    1.2539600998132352    25    
53706.36670996827    1.2530671961442208    1.2530671961841229    25    
53706.86670996827    1.2522591676260517    1.2522591676659796    25    
53707.36670996827    1.2515376076478786    1.2515376076878295    25    