#Date  :
#Flux  :
#Fluxerr  :
#ZP  :
#end  :
@INSTRUMENT  PS
@BAND  PS_r
@MAGSYS  AB
54875.1477625  0.0  1.038711438838983  25.0
54880.134107499995  0.0  1.038711438838983  25.0
54885.12045249999  0.0  1.038711438838983  25.0
54890.10679749999  0.0  1.038711438838983  25.0
54895.09314249999  0.0  1.038711438838983  25.0
54900.079487499985  0.0  1.038711438838983  25.0
54905.06583249998  0.0  1.038711438838983  25.0
54910.05217749998  0.0  1.038711438838983  25.0
54915.03852249998  0.0  1.038711438838983  25.0
54920.024867499975  0.0  1.038711438838983  25.0
54925.01121249997  0.0  1.038711438838983  25.0
54929.99755749997  0.0  1.038711438838983  25.0
54934.98390249997  0.0  1.038711438838983  25.0
54939.970247499965  0.0  1.038711438838983  25.0
54944.95659249996  0.0  1.038711438838983  25.0
54949.94293749996  0.0  1.038711438838983  25.0
54954.92928249996  0.0  1.038711438838983  25.0
54959.915627499955  0.0  1.038711438838983  25.0
54964.90197249995  0.0  1.038711438838983  25.0
54969.88831749995  0.0  1.038711438838983  25.0
54974.87466249995  0.0  1.038711438838983  25.0
54979.861007499945  0.0  1.038711438838983  25.0
54984.84735249994  0.0  1.038711438838983  25.0
54989.83369749994  0.0  1.038711438838983  25.0
54994.82004249994  0.0  1.038711438838983  25.0
54999.806387499935  0.0  1.038711438838983  25.0
55004.79273249993  0.0  1.038711438838983  25.0
55009.77907749993  0.0  1.038711438838983  25.0
55014.76542249993  0.0  1.038711438838983  25.0
55019.751767499925  0.0  1.038711438838983  25.0
55024.73811249992  0.0  1.038711438838983  25.0
55029.72445749992  0.0  1.038711438838983  25.0
55034.71080249992  0.0  1.038711438838983  25.0
55039.697147499915  0.0  1.038711438838983  25.0
55044.68349249991  0.0  1.038711438838983  25.0
55049.66983749991  0.0  1.038711438838983  25.0
55054.65618249991  0.0  1.038711438838983  25.0
55059.642527499906  0.0  1.038711438838983  25.0
55064.6288724999  0.0  1.038711438838983  25.0
55069.6152174999  0.0  1.038711438838983  25.0
55074.6015624999  0.0  1.038711438838983  25.0
55079.587907499896  0.0  1.038711438838983  25.0
55084.57425249989  0.0  1.038711438838983  25.0
55089.56059749989  0.0  1.038711438838983  25.0
55094.54694249989  0.0  1.038711438838983  25.0
55099.533287499886  0.0  1.038711438838983  25.0
55104.51963249988  0.0  1.038711438838983  25.0
55109.50597749988  0.0  1.038711438838983  25.0
55114.49232249988  0.0  1.038711438838983  25.0
55119.478667499876  0.0  1.038711438838983  25.0
55124.46501249987  0.0  1.038711438838983  25.0
55129.45135749987  0.0  1.038711438838983  25.0
55134.43770249987  0.0  1.038711438838983  25.0
55139.424047499866  0.0  1.038711438838983  25.0
55144.41039249986  0.0  1.038711438838983  25.0
55149.39673749986  0.0  1.038711438838983  25.0
55154.38308249986  0.0  1.038711438838983  25.0
55159.369427499856  0.0  1.038711438838983  25.0
55164.35577249985  0.0  1.038711438838983  25.0
55169.34211749985  0.0  1.038711438838983  25.0
55174.32846249985  0.0  1.038711438838983  25.0
55179.314807499846  0.0  1.038711438838983  25.0
55184.301152499844  0.0  1.038711438838983  25.0
55189.28749749984  0.0  1.038711438838983  25.0
55194.27384249984  0.0  1.038711438838983  25.0
55199.260187499836  0.0  1.038711438838983  25.0
55204.246532499834  0.0  1.038711438838983  25.0
55209.23287749983  0.0  1.038711438838983  25.0
55214.21922249983  0.0  1.038711438838983  25.0
55219.20556749983  0.0  1.038711438838983  25.0
55224.191912499824  0.0  1.038711438838983  25.0
55229.17825749982  0.0  1.038711438838983  25.0
55234.16460249982  0.0  1.038711438838983  25.0
55239.15094749982  0.0  1.038711438838983  25.0
55244.137292499814  0.0  1.038711438838983  25.0
55249.12363749981  0.0  1.038711438838983  25.0
55254.10998249981  0.0  1.038711438838983  25.0
55259.09632749981  0.0  1.038711438838983  25.0
55264.082672499804  0.0  1.038711438838983  25.0
55269.0690174998  0.0  1.038711438838983  25.0
55274.0553624998  0.0  1.038711438838983  25.0
55279.0417074998  0.0  1.038711438838983  25.0
55284.028052499794  0.0  1.038711438838983  25.0
55289.01439749979  0.0  1.038711438838983  25.0
55294.00074249979  0.0  1.038711438838983  25.0
55298.98708749979  0.0  1.038711438838983  25.0
55303.973432499784  0.0  1.038711438838983  25.0
55308.95977749978  0.0  1.038711438838983  25.0
55313.94612249978  0.0  1.038711438838983  25.0
55318.93246749978  0.0  1.038711438838983  25.0
55323.918812499775  0.0  1.038711438838983  25.0
55328.90515749977  0.0  1.038711438838983  25.0
55333.89150249977  0.0  1.038711438838983  25.0
55338.87784749977  0.0  1.038711438838983  25.0
55343.864192499765  0.0  1.038711438838983  25.0
55348.85053749976  0.0  1.038711438838983  25.0
55353.83688249976  0.0  1.038711438838983  25.0
55358.82322749976  0.0  1.038711438838983  25.0
55363.809572499755  0.0  1.038711438838983  25.0
55368.79591749975  0.0  1.038711438838983  25.0
55373.78226249975  0.0  1.038711438838983  25.0
55378.76860749975  0.0  1.038711438838983  25.0
55383.754952499745  0.0  1.038711438838983  25.0
55388.74129749974  0.0  1.038711438838983  25.0
55393.72764249974  0.0  1.038711438838983  25.0
55398.71398749974  0.0  1.038711438838983  25.0
55403.700332499735  0.0  1.038711438838983  25.0
55408.68667749973  0.0  1.038711438838983  25.0
55413.67302249973  0.0  1.038711438838983  25.0
55418.65936749973  0.0  1.038711438838983  25.0
55423.645712499725  0.0  1.038711438838983  25.0
55428.63205749972  0.0  1.038711438838983  25.0
55433.61840249972  0.0  1.038711438838983  25.0
55438.60474749972  0.0  1.038711438838983  25.0
55443.591092499715  0.0  1.038711438838983  25.0
55448.57743749971  0.0  1.038711438838983  25.0
55453.56378249971  0.0  1.038711438838983  25.0
55458.55012749971  0.0  1.038711438838983  25.0
55463.536472499705  0.0  1.038711438838983  25.0
55468.5228174997  0.0  1.038711438838983  25.0
55473.5091624997  0.0  1.038711438838983  25.0
55478.4955074997  0.0  1.038711438838983  25.0
55483.481852499695  0.0  1.038711438838983  25.0
55488.46819749969  0.0  1.038711438838983  25.0
55493.45454249969  0.0  1.038711438838983  25.0
55498.44088749969  0.0  1.038711438838983  25.0
55503.427232499685  0.0  1.038711438838983  25.0
55508.41357749968  0.0  1.038711438838983  25.0
55513.39992249968  0.0  1.038711438838983  25.0
55518.38626749968  0.0  1.038711438838983  25.0
55523.372612499676  0.0  1.038711438838983  25.0
55528.35895749967  0.0  1.038711438838983  25.0
55533.34530249967  0.0  1.038711438838983  25.0
55538.33164749967  0.0  1.038711438838983  25.0
55543.317992499666  0.0  1.038711438838983  25.0
55548.30433749966  0.0  1.038711438838983  25.0
55553.29068249966  0.0  1.038711438838983  25.0
55558.27702749966  0.0  1.038711438838983  25.0
55563.263372499656  0.0  1.038711438838983  25.0
55568.24971749965  0.0  1.038711438838983  25.0
55573.23606249965  0.0  1.038711438838983  25.0
55578.22240749965  0.0  1.038711438838983  25.0
55583.208752499646  0.0  1.038711438838983  25.0
55588.19509749964  0.0  1.038711438838983  25.0
55593.18144249964  0.0  1.038711438838983  25.0
55598.16778749964  0.0  1.038711438838983  25.0
55603.154132499636  0.0  1.038711438838983  25.0
55608.14047749963  0.0  1.038711438838983  25.0
55613.12682249963  0.0  1.038711438838983  25.0
55618.11316749963  0.0  1.038711438838983  25.0
55623.099512499626  0.0  1.038711438838983  25.0
55628.085857499624  0.0  1.038711438838983  25.0
55633.07220249962  0.0  1.038711438838983  25.0
55638.05854749962  0.0  1.038711438838983  25.0
55643.044892499616  0.0  1.038711438838983  25.0
55648.031237499614  0.0  1.038711438838983  25.0
55653.01758249961  0.0  1.038711438838983  25.0
55658.00392749961  0.0  1.038711438838983  25.0
55662.99027249961  0.0  1.038711438838983  25.0
55667.976617499604  0.0  1.038711438838983  25.0
55672.9629624996  0.0  1.038711438838983  25.0
55677.9493074996  0.0  1.038711438838983  25.0
55682.9356524996  0.0  1.038711438838983  25.0
55687.921997499594  0.0  1.038711438838983  25.0
55692.90834249959  0.0  1.038711438838983  25.0
55697.89468749959  0.0  1.038711438838983  25.0
55702.88103249959  0.0  1.038711438838983  25.0
55707.867377499584  0.0  1.038711438838983  25.0
55712.85372249958  0.0  1.038711438838983  25.0
55717.84006749958  0.0  1.038711438838983  25.0
55722.82641249958  0.0  1.038711438838983  25.0
55727.812757499574  0.0  1.038711438838983  25.0
55732.79910249957  0.0  1.038711438838983  25.0
55737.78544749957  0.0  1.038711438838983  25.0
55742.77179249957  0.0  1.038711438838983  25.0
55747.758137499564  0.0  1.038711438838983  25.0
55752.74448249956  0.0  1.038711438838983  25.0
55757.73082749956  0.0  1.038711438838983  25.0
55762.71717249956  0.0  1.038711438838983  25.0
55767.703517499554  0.0  1.038711438838983  25.0
55772.68986249955  0.0  1.038711438838983  25.0
55777.67620749955  0.0  1.038711438838983  25.0
55782.66255249955  0.0  1.038711438838983  25.0
55787.648897499545  0.0  1.038711438838983  25.0
55792.63524249954  0.0  1.038711438838983  25.0
55797.62158749954  0.0  1.038711438838983  25.0
55802.60793249954  0.0  1.038711438838983  25.0
55807.594277499535  0.0  1.038711438838983  25.0
55812.58062249953  0.0  1.038711438838983  25.0
55817.56696749953  0.0  1.038711438838983  25.0
55822.55331249953  0.0  1.038711438838983  25.0
55827.539657499525  0.0  1.038711438838983  25.0
55832.52600249952  0.0  1.038711438838983  25.0
55837.51234749952  0.0  1.038711438838983  25.0
55842.49869249952  0.0  1.038711438838983  25.0
55847.485037499515  0.0  1.038711438838983  25.0
55852.47138249951  0.0  1.038711438838983  25.0
55857.45772749951  0.0  1.038711438838983  25.0
55862.44407249951  0.0  1.038711438838983  25.0
55867.430417499505  0.0  1.038711438838983  25.0
55872.4167624995  0.0  1.038711438838983  25.0
55877.4031074995  0.0  1.038711438838983  25.0
55882.3894524995  0.0  1.038711438838983  25.0
55887.375797499495  0.0  1.038711438838983  25.0
55892.36214249949  0.0  1.038711438838983  25.0
55897.34848749949  0.0  1.038711438838983  25.0
55902.33483249949  0.0  1.038711438838983  25.0
55907.321177499485  0.0  1.038711438838983  25.0
55912.30752249948  0.0  1.038711438838983  25.0
55917.29386749948  0.0  1.038711438838983  25.0
55922.28021249948  0.0  1.038711438838983  25.0
55927.266557499475  0.0  1.038711438838983  25.0
55932.25290249947  0.0  1.038711438838983  25.0
55937.23924749947  0.0  1.038711438838983  25.0
55942.22559249947  0.0  1.038711438838983  25.0
55947.211937499465  0.0  1.038711438838983  25.0
55952.19828249946  0.0  1.038711438838983  25.0
55957.18462749946  0.0  1.038711438838983  25.0
55962.17097249946  0.0  1.038711438838983  25.0
55967.157317499456  0.0  1.038711438838983  25.0
55972.14366249945  0.0  1.038711438838983  25.0
55977.13000749945  0.0  1.038711438838983  25.0
55982.11635249945  0.0  1.038711438838983  25.0
55987.102697499446  0.0  1.038711438838983  25.0
55992.08904249944  0.0  1.038711438838983  25.0
55997.07538749944  0.0  1.038711438838983  25.0
56002.06173249944  0.0  1.038711438838983  25.0
56007.048077499436  0.0  1.038711438838983  25.0
56012.03442249943  0.0  1.038711438838983  25.0
56017.02076749943  0.0  1.038711438838983  25.0
56022.00711249943  0.0  1.038711438838983  25.0
56026.993457499426  0.0  1.038711438838983  25.0
56031.97980249942  0.0  1.038711438838983  25.0
56036.96614749942  0.0  1.038711438838983  25.0
56041.95249249942  0.0  1.038711438838983  25.0
56046.938837499416  0.0  1.038711438838983  25.0
56051.92518249941  0.0  1.038711438838983  25.0
56056.91152749941  0.0  1.038711438838983  25.0
56061.89787249941  0.0  1.038711438838983  25.0
56066.884217499406  0.0  1.038711438838983  25.0
56071.8705624994  0.0  1.038711438838983  25.0
56076.8569074994  0.0  1.038711438838983  25.0
56081.8432524994  0.0  1.038711438838983  25.0
56086.829597499396  0.0  1.038711438838983  25.0
56091.815942499394  0.0  1.038711438838983  25.0
56096.80228749939  0.0  1.038711438838983  25.0
56101.78863249939  0.0  1.038711438838983  25.0
56106.774977499386  0.0  1.038711438838983  25.0
56111.761322499384  0.0  1.038711438838983  25.0
56116.74766749938  0.0  1.038711438838983  25.0
56121.73401249938  0.0  1.038711438838983  25.0
56126.72035749938  0.0  1.038711438838983  25.0
56131.706702499374  0.0  1.038711438838983  25.0
55074.6015625  0.35167081581428766  1.2808767644540258  25.0
55086.5  -1.092020147698614  1.5866305704266181  25.0
55089.5  -0.3331669890285212  0.749258548101834  25.0
55092.3984375  -0.05335762808486645  1.037291865129373  25.0
55095.3984375  -1.0946635015063468  1.263058238650574  25.0
55098.5  0.06451866924240522  1.0450262263095205  25.0
55173.30078125  -0.16937375188588166  0.8896527446977797  25.0
55176.30078125  0.7116634670116212  0.8918066611610125  25.0
55179.30078125  -0.04425256281836233  0.4278400394205862  25.0
55389.5  -0.011258948904896048  0.7771611918443719  25.0
55398.6015625  0.06177736027365598  1.1786650297827548  25.0
55410.6015625  -4.79112326657564  3.183639229314863  25.0
55413.5  0.6796488773225413  0.7656085284506949  25.0
55416.6015625  0.057469591537990306  0.5179116364952818  25.0
55422.6015625  1.0945656513848214  1.0959363000336688  25.0
55425.6015625  0.4235322998625569  0.7499438724262577  25.0
55440.5  -0.8225886242889126  0.7291882557136239  25.0
55443.5  -0.15419864991648996  0.6968799756073131  25.0
55446.6015625  -1.188749194406059  0.8228822680219252  25.0
55449.5  0.6761243588946794  1.347059766926982  25.0
55452.3984375  -0.0369097713546074  1.224190359033039  25.0
55467.3984375  0.04239238929210587  1.2021620371615198  25.0
55476.5  0.03113343965776891  0.7281112974820074  25.0
55479.30078125  1.65594655078868  0.9176532852460612  25.0
55482.30078125  -0.6183610419262944  1.1389161255977456  25.0
55485.30078125  -1.3551858086985407  1.0774324499057932  25.0
55500.30078125  0.4080634841338252  1.0642154007618196  25.0
55524.3984375  4.335086799626849  3.7270058093037823  25.0
55530.30078125  -0.6050460959765773  1.8245370815443944  25.0
55536.30078125  0.14587681453344406  0.9678779412773492  25.0
55767.6015625  0.5754791131679612  0.7718743441762516  25.0
55770.6015625  -0.5621642139024624  0.9760039830489078  25.0
55773.6015625  1.2122461084163876  1.2534636981086427  25.0
55776.6015625  0.2520046315134424  0.700502437525137  25.0
55779.6015625  0.49676438587545524  0.8427567667986481  25.0
55782.6015625  -1.1207059192028825  0.9242127913888486  25.0
55797.6015625  -0.6973695063202495  0.5790036782800414  25.0
55800.5  0.4181475553886929  1.2474914794318803  25.0
55803.6015625  1.569105875093052  1.1237409536020264  25.0
55806.6015625  0.03573492507053825  0.8615543540279728  25.0
55809.6015625  0.07342792630860387  0.7774548822616029  25.0
55821.3984375  0.177989289357213  1.9218535090863011  25.0
55824.5  0.6899287888731146  0.6924742925593219  25.0
55828.3984375  -0.5945703908145168  0.5706818428969955  25.0
55829.3984375  -1.3114228086885147  1.374570776762327  25.0
55833.3984375  -2.279398600087389  13.750114197618753  25.0
55836.3984375  -0.7957629387779911  0.7807836070779776  25.0
55839.5  -2.52973898590319  2.203914700805514  25.0
55852.5  0.2260601106226501  1.1387202386178217  25.0
55855.3984375  2.229076000566139  2.249342179934273  25.0
55858.3984375  0.018699645198244623  0.7908677250170636  25.0
55859.3984375  -0.05002889159743718  0.5188906979211547  25.0
55863.30078125  -1.2174350592787644  1.3760393689011363  25.0
55881.30078125  1.0978943295169779  0.8565611967770833  25.0
55887.30078125  1.2175329094002896  1.2082320125913708  25.0
55888.19921875  -0.040238504924273034  1.114733793894557  25.0
55895.19921875  1.0304385285166997  1.0397394253256185  25.0
56147.6015625  2.2110616811512003  0.7808815038837211  25.0
56161.6015625  14.864455283869098  1.1815042705704113  25.0
56164.3984375  16.367377876383884  1.5152587104597217  25.0
56176.6015625  11.44016861961251  1.6389112927996137  25.0
56206.3984375  1.0574600076391085  0.8296376611446364  25.0
56209.5  2.0920105754707867  0.6192421598622053  25.0
56213.30078125  7.3974228765712295  3.0371747771837563  25.0
56217.30078125  0.8457918011977918  0.8567570837570071  25.0
56220.30078125  -0.39797936619473917  1.50096474976835  25.0
56235.30078125  3.0685039958641944  0.8159310812877266  25.0
56238.30078125  1.0702854695601074  0.9662136488954892  25.0
56241.19921875  2.3770087647307454  1.9105945827940733  25.0
56242.30078125  2.5484386296425527  1.6833597105024998  25.0
56246.30078125  1.3577313123847479  2.532382246342486  25.0
56507.6015625  -1.2986952902574778  0.6657465505383624  25.0
56508.6015625  1.416277803799082  0.7857767176446487  25.0
56512.6015625  -0.5608914620593587  0.5017574964421264  25.0
56518.6015625  0.6401936168705447  0.6640821647880659  25.0
56531.6015625  0.3756572605375525  1.117083503969277  25.0
56534.6015625  0.09095272668166117  1.0376834523523475  25.0
56537.6015625  0.11063140850478766  0.8719321623842896  25.0
56538.6015625  -0.010671525033420563  0.7263490616101856  25.0
56567.30078125  -2.2853708187641515  1.8925802633791342  25.0
56574.3984375  -1.5193706564062637  4.87404788330465  25.0
56590.3984375  0.47640040307001424  0.9601435800972016  25.0
56593.30078125  0.6567393908308928  1.0427744597247623  25.0
56597.30078125  0.5681363392107881  1.2786249978692674  25.0
56601.3984375  0.8918066611610125  1.647233221551096  25.0
56626.30078125  -2.8281499245501727  2.7874220523077273  25.0
