56146.33655604295    2.2890148799213774    0.39969912644826583    25    
56146.83655604295    2.6211229954223088    0.3969701339375239     25    
56147.33655604295    2.97013325236558      0.3966502645229828     25    
56147.83655604295    3.3328767946314053    0.4161108078203909     25    
56148.33655604295    3.7103940814921885    0.4582255609397661     25    
56148.83655604295    4.100139186480639     0.4939950089594979     25    
56149.33655604295    4.500493484379636     0.505390359492004      25    
56149.83655604295    4.91196528097746      0.5040362024772425     25    
56150.33655604295    5.331127578106368     0.5033143908033441     25    
56150.83655604295    5.758534451566105     0.5050833231044815     25    
56151.33655604295    6.192506096278169     0.5067462473971696     25    
56151.83655604295    6.6305428153250086    0.5082110493771365     25    
56152.33655604295    7.073669198590852     0.5095025929435326     25    
56152.83655604295    7.518686489332624     0.5107082222106376     25    
56153.33655604295    7.965175996404765     0.5117315356982935     25    
56153.83655604295    8.412567227853918     0.5127529590883781     25    
56154.33655604295    8.857823401470288     0.5140591909729516     25    
56154.83655604295    9.302332990108855     0.5151197782493796     25    
56155.33655604295    9.742185151857461     0.5178075578518596     25    
56155.83655604295    10.177314618450357    0.5241057835857605     25    
56156.33655604295    10.606578890074703    0.5327577841296666     25    
56156.83655604295    11.014796367339228    0.5409623022376043     25    
56157.33655604295    11.40590609017553     0.5487571304133082     25    
56157.83655604295    11.769226054272172    0.5558060936221617     25    
56158.33655604295    12.090346199783047    0.5611545068737451     25    
56158.83655604295    12.374763328213266    0.5651337608035353     25    
56159.33655604295    12.608186066270392    0.5674793792508223     25    
56159.83655604295    12.77988250375648     0.566649125783971      25    
56160.33655604295    12.90143251594308     0.5649407424213191     25    
56160.83655604295    12.986042604166572    0.5671562253951116     25    
56161.33655604295    13.025673789725102    0.5732041013671993     25    
56161.83655604295    13.045426147093782    0.5807125047697467     25    
56162.33655604295    13.059254257020195    0.5898598474064775     25    
56162.83655604295    13.062876368655326    0.5998766237026504     25    
56163.33655604295    13.083951119400895    0.6039500064352127     25    
56163.83655604295    13.126734043097413    0.600798182903336      25    
56164.33655604295    13.183364079110726    0.593141553501201      25    
56164.83655604295    13.253584442463021    0.581011347523836      25    
56165.33655604295    13.339050259200645    0.5631172656374278     25    
56165.83655604295    13.419970352276136    0.5510822511062801     25    
56166.33655604295    13.494312945016711    0.5531226275881431     25    
56166.83655604295    13.558610034721674    0.5608028669724108     25    
56167.33655604295    13.595054242604935    0.5635962177532313     25    
56167.83655604295    13.605886102405847    0.5622188652301023     25    
56168.33655604295    13.592109215043132    0.560002433757761      25    
56168.83655604295    13.550919148764745    0.5577204177178684     25    
56169.33655604295    13.48458297829089     0.5553230429261011     25    
56169.83655604295    13.402215061083096    0.556456725446078      25    
56170.33655604295    13.302219253732435    0.563715312922073      25    
56170.83655604295    13.189011386162674    0.5708282847837056     25    
56171.33655604295    13.069740610502528    0.5732885190394078     25    
56171.83655604295    12.942283244869062    0.5733530032026389     25    
56172.33655604295    12.805010896643331    0.5597440605565697     25    
56172.83655604295    12.659790594819539    0.5160730975237513     25    
56173.33655604295    12.503140975603404    0.4583127132313433     25    
56173.83655604295    12.328237844031426    0.4270657774984302     25    
56174.33655604295    12.137331831654928    0.427748507923009      25    
56174.83655604295    11.925118475972761    0.4347341796457721     25    
56175.33655604295    11.685774409297206    0.433149660938355      25    
56175.83655604295    11.422978981879528    0.43044084766720564    25    
56176.33655604295    11.14345476579015     0.4265144487326108     25    
56176.83655604295    10.842688835894714    0.41989704306053577    25    
56177.33655604295    10.53220701480546     0.41416481519650844    25    
56177.83655604295    10.223647685658868    0.4143267552607554     25    
56178.33655604295    9.912276899177543     0.4191746385516066     25    
56178.83655604295    9.614353665082966     0.4223650181895867     25    
56179.33655604295    9.33364437643428      0.42148262852723084    25    
56179.83655604295    9.069167151949474     0.41875777376963885    25    
56180.33655604295    8.827494925341535     0.4151699876945208     25    
56180.83655604295    8.6081222689338       0.40988370022809345    25    
56181.33655604295    8.408606389207254     0.4057244480909535     25    
56181.83655604295    8.228294810664465     0.40553626607482396    25    
56182.33655604295    8.067259590416954     0.40748590523422673    25    
56182.83655604295    7.923350502919617     0.4081428115227425     25    
56183.33655604295    7.797108913759801     0.4074782474491883     25    
56183.83655604295    7.687123931531744     0.40552925251683203    25    
56184.33655604295    7.591857387080034     0.4009416753484075     25    
56184.83655604295    7.511947793441607     0.3938266653506142     25    
56185.33655604295    7.444879354078697     0.38909317977077534    25    
56185.83655604295    7.390607523322795     0.38953243833327017    25    
56186.33655604295    7.348413035607216     0.39200127469587115    25    
56186.83655604295    7.316067323082355     0.3931609690103612     25    
56187.33655604295    7.294470090143197     0.393618223654202      25    
56187.83655604295    7.281158023520593     0.3932104489002466     25    
56188.33655604295    7.275154237631533     0.3923926730164584     25    
56188.83655604295    7.276530779156772     0.3904746567071746     25    
56189.33655604295    7.281978921031969     0.3835726708631995     25    
56189.83655604295    7.2922666594675585    0.368007040040492      25    
56190.33655604295    7.3054233523895755    0.35225550965589725    25    
56190.83655604295    7.319163279797019     0.34714123899393057    25    
56191.33655604295    7.334365804260559     0.3498337919012429     25    
56191.83655604295    7.348687537556503     0.3518169968728968     25    
56192.33655604295    7.361798195072843     0.3492073435859755     25    
56192.83655604295    7.37356042185101      0.3465715184140592     25    
56193.33655604295    7.382787713799088     0.34902116944466116    25    
56193.83655604295    7.389908516489083     0.3567808854539817     25    
56194.33655604295    7.393855327368311     0.3636403626549829     25    
56194.83655604295    7.393978825142168     0.36633347978935504    25    
56195.33655604295    7.390565895578234     0.36670114422877087    25    
56195.83655604295    7.38315435463005      0.3641972399700529     25    
56196.33655604295    7.371521078894267     0.35644009038938945    25    
56196.83655604295    7.356294882063181     0.34962389846646696    25    
56197.33655604295    7.337913108353767     0.3515574855362908     25    
56197.83655604295    7.316197993006103     0.35967207243226795    25    
56198.33655604295    7.291917409958829     0.3664609132146432     25    
56198.83655604295    7.265312586059571     0.37076509909611577    25    
56199.33655604295    7.236167259356061     0.3730183623405787     25    
56199.83655604295    7.204560731379647     0.3703524036689205     25    
56200.33655604295    7.17070417991833      0.36171301794562233    25    
56200.83655604295    7.13341955670551      0.35477267191076534    25    
56201.33655604295    7.092328362673901     0.35531462732564295    25    
56201.83655604295    7.047428701349817     0.3597019356100549     25    
56202.33655604295    6.997390471617961     0.36427801158274253    25    
56202.83655604295    6.942632727098358     0.37051320302313573    25    
56203.33655604295    6.882083043027056     0.3745199912400446     25    
56203.83655604295    6.8148132771652365    0.37328190867233707    25    
56204.33655604295    6.741203445080223     0.3680466784488315     25    
56204.83655604295    6.659156178591072     0.3505235700257544     25    
56205.33655604295    6.568750917814781     0.3057941705197836     25    
56205.83655604295    6.469270800797989     0.24652585269839417    25    
56206.33655604295    6.358639282144353     0.2124920218178439     25    
56206.83655604295    6.237069687102688     0.21197580351384473    25    
56207.33655604295    6.105664092930566     0.21700530095212323    25    
56207.83655604295    5.963243166505814     0.211461300440264      25    
56208.33655604295    5.811587120950749     0.20482362807810775    25    
56208.83655604295    5.6573253564065595    0.20117185562171858    25    
56209.33655604295    5.498531662607413     0.20114223624664881    25    
56209.83655604295    5.340053135699984     0.20297359097200268    25    
56210.33655604295    5.186796025278543     0.20639247630639476    25    
56210.83655604295    5.036875646593676     0.21144834393246686    25    
56211.33655604295    4.894851778383741     0.2131264100018432     25    
56211.83655604295    4.7623151599541345    0.20926853877994908    25    
56212.33655604295    4.637445131409219     0.20266136978411567    25    
56212.83655604295    4.519337879839946     0.19611996427070996    25    
56213.33655604295    4.408482061275457     0.18913640573957366    25    
56213.83655604295    4.3031370610082025    0.18070662319472575    25    
56214.33655604295    4.202655007406322     0.16863185695573843    25    
56214.83655604295    4.10714070686828      0.1545091850858339     25    
56215.33655604295    4.015069039792247     0.1455473519323611     25    
56215.83655604295    3.926577446927765     0.14438745368699907    25    
56216.33655604295    3.8414714406261776    0.14535453933897818    25    
56216.83655604295    3.759415028955589     0.14378367411446652    25    
56217.33655604295    3.68053764198131      0.14144173321315284    25    
56217.83655604295    3.6044585856752325    0.13919959925732103    25    
56218.33655604295    3.5312047240685125    0.1370259177761034     25    
56218.83655604295    3.460630776649791     0.13516475319133017    25    
56219.33655604295    3.392422172445603     0.1342762003791448     25    
56219.83655604295    3.3267029267734087    0.1342797839749776     25    
56220.33655604295    3.2631335730376247    0.1349092273055179     25    
56220.83655604295    3.2016137623456973    0.13404440178427468    25    
56221.33655604295    3.1421302867354135    0.13435833920938092    25    
56221.83655604295    3.0843083146272856    0.14399692456172314    25    
56222.33655604295    3.0282540050406292    0.16454965717978573    25    
56222.83655604295    2.973707453619639     0.18282813153929542    25    
56223.33655604295    2.9204497592139207    0.18979380909239027    25    
56223.83655604295    2.868563550195528     0.1907850178501854     25    
56224.33655604295    2.8176625805159192    0.19677842739957854    25    