53975.72009799245    4.611630529393841     1.2294152848583388     25    
53976.22009799245    5.4757922533284855    1.167492066052347      25    
53976.72009799245    6.418963188872421     1.173023748683307      25    
53977.22009799245    7.443576128711384     1.522350225182104      25    
53977.72009799245    8.54909251809818      2.002928058587535      25    
53978.22009799245    9.738510810154239     2.2474996153235103     25    
53978.72009799245    11.01146280032126     2.260904152290901      25    
53979.22009799245    12.37006029474413     2.224895318934242      25    
53979.72009799245    13.815518318791812    2.2290872971908344     25    
53980.22009799245    15.348167793558511    2.2333301202289415     25    
53980.72009799245    16.97070335675999     2.236892406600126      25    
53981.22009799245    18.682494958807883    2.2399039766476854     25    
53981.72009799245    20.486462197475944    2.242507085507939      25    
53982.22009799245    22.382486073742363    2.2445908331227686     25    
53982.72009799245    24.372317979537467    2.246805904419697      25    
53983.22009799245    26.460723481351796    2.257979068101462      25    
53983.72009799245    28.643520533335643    2.2670961577078645     25    
53984.22009799245    30.917605090466814    2.2265069557959793     25    
53984.72009799245    33.29892454439912     2.1255121522235956     25    
53985.22009799245    35.673375999749645    2.0534875821721674     25    
53985.72009799245    38.04532594824997     2.059867664855354      25    
53986.22009799245    40.33512955791519     2.0920366972407827     25    
53986.72009799245    42.43560270958089     2.109862909738371      25    
53987.22009799245    44.36558381580655     2.1255007873475447     25    
53987.72009799245    45.9824497831723      2.1367568072523135     25    
53988.22009799245    47.27993885075006     2.142435778552379      25    
53988.72009799245    48.30415315257737     2.1477405519560517     25    
53989.22009799245    49.0396326172598      2.155064564008685      25    
53989.72009799245    49.538916047111776    2.1628900214258775     25    
53990.22009799245    49.88626256845987     2.171986395985337      25    
53990.72009799245    50.06357955701093     2.1819496990541114     25    
53991.22009799245    50.17102538811685     2.189285478835775      25    
53991.72009799245    50.2166251208024      2.2142797926354625     25    
53992.22009799245    50.19110958197435     2.1808266222598864     25    
53992.72009799245    50.10896623061731     1.9789339965959116     25    
53993.22009799245    49.95030695132682     1.6880888832161314     25    
53993.72009799245    49.67886265614383     1.5562759485726527     25    
53994.22009799245    49.3027583898158      1.5821942129359305     25    
53994.72009799245    48.78617971606108     1.6054062055920995     25    
53995.22009799245    48.115098261474905    1.597638172534166      25    
53995.72009799245    47.31604145495273     1.5870706085684776     25    
53996.22009799245    46.39324513580811     1.574633843190381      25    
53996.72009799245    45.3586841920053      1.5612633963007831     25    
53997.22009799245    44.26935242709543     1.5536147700013696     25    
53997.72009799245    43.11264669026098     1.552134600481271      25    
53998.22009799245    41.94225219815998     1.548173393216236      25    
53998.72009799245    40.771812662769314    1.554491047973661      25    
53999.22009799245    39.6003007199187      1.5347154452085083     25    
53999.72009799245    38.44311398724229     1.417333972043464      25    
54000.22009799245    37.29353364253189     1.2231226255096557     25    
54000.72009799245    36.13998489411662     1.1069720367707887     25    
54001.22009799245    34.98461870836586     1.1055887038834562     25    
54001.72009799245    33.81827929147323     1.1183949382686382     25    
54002.22009799245    32.634989225873184    1.1067141263448124     25    
54002.72009799245    31.440134991578095    1.092456738259584      25    
54003.22009799245    30.235253320260718    1.0743867426584077     25    
54003.72009799245    29.020781431118365    1.0530887920478067     25    
54004.22009799245    27.81303165743391     1.0381254367001305     25    
54004.72009799245    26.609439917335177    1.032062842650265      25    
54005.22009799245    25.42224776578625     1.0269198606835426     25    
54005.72009799245    24.25767042287525     1.0291457036990583     25    
54006.22009799245    23.11645056740532     1.021132223152742      25    
54006.72009799245    22.00824876135598     0.9487080027331898     25    
54007.22009799245    20.930977971645603    0.8046240447363963     25    
54007.72009799245    19.890881949594586    0.6960061177049109     25    
54008.22009799245    18.8874378950185      0.6824864547740771     25    
54008.72009799245    17.924645316131002    0.6948933960046785     25    
54009.22009799245    17.00653440995562     0.6887868837400588     25    
54009.72009799245    16.131609790007204    0.6821350316384033     25    
54010.22009799245    15.30110347582024     0.6716582710156626     25    
54010.72009799245    14.5152662467157      0.6568483771854137     25    
54011.22009799245    13.76963850803664     0.6457850662806317     25    
54011.72009799245    13.064276590602425    0.642216577426105      25    
54012.22009799245    12.396806142029657    0.6409740744731761     25    
54012.72009799245    11.764395894273708    0.6387408617381835     25    
54013.22009799245    11.167550573418634    0.6361990902749144     25    
54013.72009799245    10.603228309135911    0.6325686982821073     25    
54014.22009799245    10.071844915984547    0.6323561073676955     25    
54014.72009799245    9.572092782431612     0.6068096431934646     25    
54015.22009799245    9.103782565500335     0.5164590973525083     25    
54015.72009799245    8.666262449682044     0.3968649524844387     25    
54016.22009799245    8.258726146327744     0.3482843549907595     25    
54016.72009799245    7.8811100832613095    0.36191213366476704    25    
54017.22009799245    7.529767013576747     0.3664581218181744     25    
54017.72009799245    7.205884093088265     0.35855428040596465    25    
54018.22009799245    6.9041412634667685    0.3527824408292795     25    
54018.72009799245    6.6229520682213945    0.35407932153915467    25    
54019.22009799245    6.360751111621117     0.35791675572935777    25    
54019.72009799245    6.1120334827184335    0.35953290990565645    25    
54020.22009799245    5.878020318792713     0.35999314316361763    25    
54020.72009799245    5.65561561729734      0.35690466850111413    25    
54021.22009799245    5.444135913275411     0.3483383147722431     25    
54021.72009799245    5.244972175383541     0.33954090562849404    25    
54022.22009799245    5.058471863508752     0.334479780190152      25    
54022.72009799245    4.884828265163364     0.33153763663800095    25    
54023.22009799245    4.725465909016164     0.3313732726498219     25    
54023.72009799245    4.580309795626026     0.3343374306338794     25    
54024.22009799245    4.447405339210771     0.33395332114885234    25    
54024.72009799245    4.328108547286293     0.3268456344555665     25    
54025.22009799245    4.217793944917167     0.3191671825598822     25    
54025.72009799245    4.113023406990885     0.31642650579406895    25    
54026.22009799245    4.013785054946112     0.31633833304540326    25    
54026.72009799245    3.9132457489953483    0.31739109030901386    25    
54027.22009799245    3.8122136582358017    0.32023219310811263    25    
54027.72009799245    3.7092198596250765    0.32107486769435284    25    
54028.22009799245    3.601854872897352     0.3217848028435458     25    
54028.72009799245    3.4944574240944477    0.3156157804467111     25    
54029.22009799245    3.3907178755052505    0.2858289981504665     25    
54029.72009799245    3.2901716212569148    0.23417174627706552    25    
54030.22009799245    3.199429756555424     0.20178078504065897    25    
54030.72009799245    3.118085445115881     0.2042729333936829     25    
54031.22009799245    3.0475186034143626    0.2108354995647367     25    
54031.72009799245    2.990362415889471     0.20706676165608837    25    
54032.22009799245    2.942962793606984     0.20244961196834638    25    
54032.72009799245    2.9011892734945035    0.2014128226198201     25    
54033.22009799245    2.865894855355927     0.2029023091352259     25    
54033.72009799245    2.8306453773094704    0.2054407179945344     25    
54034.22009799245    2.795664433827965     0.20986991657624834    25    
54034.72009799245    2.7587594174062944    0.2126673003025929     25    
54035.22009799245    2.717191655554449     0.2105945826897336     25    
54035.72009799245    2.672929084407376     0.20618052837980877    25    
54036.22009799245    2.6277995256271947    0.20257143902383376    25    
54036.72009799245    2.581336061830014     0.19916910501195245    25    
54037.22009799245    2.5364669678593983    0.19717865945251606    25    
54037.72009799245    2.4932729676898155    0.19733331406997878    25    
54038.22009799245    2.4527567256100293    0.19818442983286014    25    
54038.72009799245    2.4164085068224934    0.1989205487340188     25    
54039.22009799245    2.383535107790053     0.1995904742192561     25    
54039.72009799245    2.353737545158943     0.19885130860879469    25    
54040.22009799245    2.3271481143886072    0.1966919369105888     25    
54040.72009799245    2.3030026528041723    0.19431171505056608    25    
54041.22009799245    2.2812729689739246    0.19185411764402982    25    
54041.72009799245    2.261577395734449     0.18958474088116786    25    
54042.22009799245    2.2434222871988267    0.18815823371045537    25    
54042.72009799245    2.2268667499687482    0.18734373319906036    25    
54043.22009799245    2.211141337290185     0.18688759818423975    25    
54043.72009799245    2.196402819268113     0.1868440537412669     25    
54044.22009799245    2.1819753874748713    0.18698279136011206    25    
54044.72009799245    2.1677308718594133    0.18642836146263844    25    
54045.22009799245    2.1533988860217264    0.18684844603394402    25    
54045.72009799245    2.1383961759695262    0.1891510001958066     25    
54046.22009799245    2.122838481607758     0.19349227442792355    25    
54046.72009799245    2.105943999825318     0.20813668758663922    25    