53641.15995350994    88.10683003353671     24.798003566801377    25    
53641.65995350994    104.71553502095205    24.514200552973133    25    
53642.15995350994    122.54354835445716    24.87752029355752     25    
53642.65995350994    141.51958395242085    27.743074735419217    25    
53643.15995350994    161.62254493945508    30.992340170149784    25    
53643.65995350994    182.7604048560764     31.9323703790405      25    
53644.15995350994    204.92932382453395    31.694395687523027    25    
53644.65995350994    228.02350176792183    31.69819174639651     25    
53645.15995350994    252.04938904569656    31.75475193844031     25    
53645.65995350994    276.89437872395933    31.786290485491914    25    
53646.15995350994    302.56824463894554    31.793254331953577    25    
53646.65995350994    328.95853976019265    31.780007681850996    25    
53647.15995350994    356.07139464028404    31.743579932566703    25    
53647.65995350994    383.80517688990807    31.73371318908897     25    
53648.15995350994    412.1887267700129     31.981916160435006    25    
53648.65995350994    440.9974372240444     31.519128847089593    25    
53649.15995350994    470.44133300790094    29.255611796456193    25    
53649.65995350994    499.55048825949706    27.054517891552305    25    
53650.15995350994    527.9254945118896     26.937448637934747    25    
53650.65995350994    554.8305448965124     27.52878356793026     25    
53651.15995350994    579.1771147957883     27.725094588837102    25    
53651.65995350994    600.7806490970448     27.856038587109516    25    
53652.15995350994    618.1830092510253     27.852914462059097    25    
53652.65995350994    631.8190663720181     27.779596304108857    25    
53653.15995350994    642.0505564761838     27.88241285508791     25    
53653.65995350994    648.9285029144986     28.120588944702448    25    
53654.15995350994    653.8252623007629     28.424995265378442    25    
53654.65995350994    656.6331186280346     28.81177499975663     25    
53655.15995350994    658.5934119773428     28.97712942168471     25    
53655.65995350994    659.8161022390107     29.010651916900425    25    
53656.15995350994    660.310724112763      28.086446134383017    25    
53656.65995350994    660.2167472990524     25.29243379037924     25    
53657.15995350994    659.1077150745384     22.91657466395317     25    
53657.65995350994    656.8893100792303     22.888865833537594    25    
53658.15995350994    653.3485860970328     23.395940580621883    25    
53658.65995350994    648.204220696149      23.340308625927747    25    
53659.15995350994    641.6377425925524     23.208238821812614    25    
53659.65995350994    633.6727421862441     23.06150702030812     25    
53660.15995350994    624.4625151553266     22.94853479473962     25    
53660.65995350994    614.370678264408      23.11841020696845     25    
53661.15995350994    603.4034693214268     23.43298593158499     25    
53661.65995350994    591.9852426761024     23.576964964632467    25    
53662.15995350994    580.0706539435281     23.544455694331806    25    
53662.65995350994    567.8450485153664     22.286011361873793    25    
53663.15995350994    555.3014582808705     19.452216747085576    25    
53663.65995350994    542.4545360841292     17.689960525197574    25    
53664.15995350994    529.3032285453334     17.896094680322992    25    
53664.65995350994    515.8725580525896     18.181969321626575    25    
53665.15995350994    502.1621099338968     18.130986939631313    25    
53665.65995350994    488.2012345435183     17.99792184043631     25    
53666.15995350994    473.9958804599635     17.70256114721575     25    
53666.65995350994    459.57201236042226    17.470887725283497    25    
53667.15995350994    444.94580796538304    17.57160645497419     25    
53667.65995350994    430.1365001376604     17.749161442924393    25    
53668.15995350994    415.15187366285636    17.923223079999918    25    
53668.65995350994    400.0470116017484     17.832090697049576    25    
53669.15995350994    384.9390128513174     16.304143852327304    25    
53669.65995350994    369.85323846963405    13.651809138262603    25    
53670.15995350994    355.03149964892543    12.433257761043697    25    
53670.65995350994    340.45715156400695    12.617970535796244    25    
53671.15995350994    326.390348649581      12.67314864799815     25    
53671.65995350994    312.8200848218997     12.634262142690087    25    
53672.15995350994    299.82485000482575    12.490484574269612    25    
53672.65995350994    287.4265094684311     12.18539618596564     25    
53673.15995350994    275.54625637562066    11.97405248289309     25    
53673.65995350994    264.1816888992358     11.962164994032367    25    
53674.15995350994    253.27861220934759    11.980782056658825    25    
53674.65995350994    242.81555088281974    11.982101368735927    25    
53675.15995350994    232.77209516796327    11.942952177509149    25    
53675.65995350994    223.1223807417606     11.946688135150232    25    
53676.15995350994    213.86653952839217    11.688960268964822    25    
53676.65995350994    204.99196969802892    10.352698776604374    25    
53677.15995350994    196.49645832493513    8.377617303512997     25    
53677.65995350994    188.3644299372356     7.704531598599803     25    
53678.15995350994    180.59756180761397    8.00153176975146      25    
53678.65995350994    173.18651298495283    7.968523767159456     25    
53679.15995350994    166.13253632351277    7.7695859833927985    25    
53679.65995350994    159.43704621769734    7.729866496834326     25    
53680.15995350994    153.1000020818717     7.86007508095551      25    
53680.65995350994    147.12363860832482    7.948250577334171     25    
53681.15995350994    141.5145785130695     7.986148457389604     25    
53681.65995350994    136.23434314157453    7.9194177424476955    25    
53682.15995350994    131.2928441797686     7.713828007895152     25    
53682.65995350994    126.61260748763306    7.405445781475473     25    
53683.15995350994    122.17412723091667    6.907209752132588     25    
53683.65995350994    117.92452809755895    6.467066467391058     25    
53684.15995350994    113.80937569674661    6.463497794209532     25    
53684.65995350994    109.83009210080691    6.5777498723126495    25    
53685.15995350994    105.94509477516588    6.423104150587971     25    
53685.65995350994    102.18168551943465    6.1839701243481775    25    
53686.15995350994    98.57603873739048     6.111136202128234     25    
53686.65995350994    95.12982320851994     6.145520145593727     25    
53687.15995350994    91.89486829049399     6.226012801970979     25    
53687.65995350994    88.86528097325701     6.3501935535421845    25    
53688.15995350994    86.05231294258984     6.377165740289727     25    
53688.65995350994    83.46036769130042     6.3244856379037255    25    
53689.15995350994    81.02380892815704     5.936541728400466     25    
53689.65995350994    78.74602639744481     4.956898250214387     25    
53690.15995350994    76.5655253750058      4.1501002400254015    25    
53690.65995350994    74.46944964582462     4.121348925070783     25    
53691.15995350994    72.43883445072235     4.201034007200926     25    
53691.65995350994    70.44883056674884     4.043066663947337     25    
53692.15995350994    68.53134574480232     3.9192845326777923    25    
53692.65995350994    66.69892578009853     3.989370737807403     25    
53693.15995350994    64.96592276723901     4.1443660898055885    25    
53693.65995350994    63.36286378101285     4.336793063511881     25    
53694.15995350994    61.88550477854766     4.513356280505513     25    
53694.65995350994    60.55365393153809     4.476659953677834     25    
53695.15995350994    59.35651391254066     4.292725656467681     25    
53695.65995350994    58.258725330133124    4.113317937329052     25    
53696.15995350994    57.262499390515266    3.9217207719135097    25    
53696.65995350994    56.32418687904651     3.7594928349524577    25    
53697.15995350994    55.44641738009303     3.6283625406094244    25    
53697.65995350994    54.59865264366318     3.560511530193479     25    
53698.15995350994    53.77699829011836     3.5820341800940367    25    
53698.65995350994    52.98179175323346     3.580296585205912     25    
53699.15995350994    52.21174246316713     3.5127972745083955    25    
53699.65995350994    51.46762426047613     3.432228820795317     25    
53700.15995350994    50.74944232019901     3.3498144816975213    25    
53700.65995350994    50.05720829534702     3.2800810340118054    25    
53701.15995350994    49.39093213146612     3.24857300561805      25    
53701.65995350994    48.75062059652835     3.241905452213796     25    
53702.15995350994    48.13628817533742     3.232502488825839     25    
53702.65995350994    47.54793759001574     3.257499376032519     25    
53703.15995350994    46.9855867301815      3.4262587792782795    25    
53703.65995350994    46.44923555417808     3.675940945658007     25    
53704.15995350994    45.93890407436716     3.809911178674479     25    
53704.65995350994    45.45459076738408     3.8723938375477225    25    
53705.15995350994    44.99631648626322     4.2128887705270985    25    