55929.94712735826    2.4358077437018557    0.6580051657512188     25    
55930.44712735826    2.836564195003717     0.6481312824507532     25    
55930.94712735826    3.26681911893562      0.6468612297942337     25    
55931.44712735826    3.725984675640197     0.711083696100899      25    
55931.94712735826    4.214254085923122     0.8391567524837453     25    
55932.44712735826    4.731124210035565     0.9386697098624066     25    
55932.94712735826    5.276337776565085     0.9662520250098463     25    
55933.44712735826    5.849940333927216     0.9598526890518205     25    
55933.94712735826    6.451295322762218     0.9570983467984482     25    
55934.44712735826    7.080547989734243     0.9601240587543969     25    
55934.94712735826    7.737303882273756     0.9626588778919858     25    
55935.44712735826    8.421172309357349     0.9645268922937584     25    
55935.94712735826    9.13229625840543      0.9658246112288247     25    
55936.44712735826    9.870038424697258     0.966613668314677      25    
55936.94712735826    10.634448106614085    0.9667528466137729     25    
55937.44712735826    11.425263525836368    0.9666072701780842     25    
55937.94712735826    12.242665363731739    0.9676016805910693     25    
55938.44712735826    13.087350885303321    0.970310200336275      25    
55938.94712735826    13.953101110466996    0.9672369111938758     25    
55939.44712735826    14.850064181793847    0.9497434519630079     25    
55939.94712735826    15.759916182390455    0.927782172919769      25    
55940.44712735826    16.642754885444955    0.9208745340707564     25    
55940.94712735826    17.515490003365116    0.9299388675070325     25    
55941.44712735826    18.32803434806228     0.9417967269018348     25    
55941.94712735826    19.05394034540305     0.9494295510867        25    
55942.44712735826    19.69971970823081     0.9560584715020212     25    
55942.94712735826    20.212253505176665    0.959801209885437      25    
55943.44712735826    20.58045435320876     0.9593431811007501     25    
55943.94712735826    20.83670015294146     0.958254286351496      25    
55944.44712735826    20.992499036059556    0.9598163417764017     25    
55944.94712735826    21.043799986070514    0.9627861104314673     25    
55945.44712735826    21.059680339237485    0.9668588661915006     25    
55945.94712735826    21.036492341760646    0.9735090405306198     25    
55946.44712735826    20.9984423611877      0.9796013058605696     25    
55946.94712735826    21.000626576771605    0.9822063012057576     25    
55947.44712735826    21.02962614510194     0.983392186706633      25    
55947.94712735826    21.083399336085215    0.9717515416482941     25    
55948.44712735826    21.17136022995328     0.9311110074345875     25    
55948.94712735826    21.279569053150436    0.8788586999886793     25    
55949.44712735826    21.381250787108       0.8547546032618027     25    
55949.94712735826    21.48508173387828     0.8622246897067859     25    
55950.44712735826    21.568796602150776    0.8740558805868125     25    
55950.94712735826    21.618006709933194    0.8745038251043484     25    
55951.44712735826    21.63814643014566     0.8718223215294884     25    
55951.94712735826    21.615862592437402    0.8681817552707938     25    
55952.44712735826    21.551759251703693    0.862556504637762      25    
55952.94712735826    21.444595558711182    0.8577390102287636     25    
55953.44712735826    21.291561270360386    0.8578182465234311     25    
55953.94712735826    21.093680908040845    0.8612620631912046     25    
55954.44712735826    20.84765635454372     0.8624920285323675     25    
55954.94712735826    20.54984065658261     0.8668204839771738     25    
55955.44712735826    20.207037760577037    0.8619956510747759     25    
55955.94712735826    19.82546483151843     0.8224087182936319     25    
55956.44712735826    19.401637492878322    0.7432977450816762     25    
55956.94712735826    18.95271779195086     0.6760426506666418     25    
55957.44712735826    18.481052297113106    0.6622662468496073     25    
55957.94712735826    17.989874663895762    0.672735048574107      25    
55958.44712735826    17.495565572338684    0.6734365126850695     25    
55958.94712735826    16.99306533980742     0.6678481730543763     25    
55959.44712735826    16.494870236406225    0.6607619847613376     25    
55959.94712735826    16.007382179990707    0.6515793455272031     25    
55960.44712735826    15.529370534806477    0.6412079740881759     25    
55960.94712735826    15.075126630322828    0.6352014480438559     25    
55961.44712735826    14.641424079593644    0.6353468707712034     25    
55961.94712735826    14.236848753955886    0.6365903314344231     25    
55962.44712735826    13.871524711098084    0.636384996017477      25    
55962.94712735826    13.541671593800258    0.6355687684488068     25    
55963.44712735826    13.249622395507004    0.6250851472668327     25    
55963.94712735826    12.998065397302435    0.5948773570823768     25    
55964.44712735826    12.78196952024536     0.5610623251509851     25    
55964.94712735826    12.596129322251306    0.5493676980404939     25    
55965.44712735826    12.442596954417263    0.5567035380183385     25    
55965.94712735826    12.314687876670215    0.5642764438348039     25    
55966.44712735826    12.211628279210881    0.5651381917357555     25    
55966.94712735826    12.131892123627999    0.5640765964905172     25    
55967.44712735826    12.068700134924532    0.5608269562837381     25    
55967.94712735826    12.024426503927836    0.5541471491488889     25    
55968.44712735826    11.992684428856531    0.5494659064925875     25    
55968.94712735826    11.970495397463763    0.5518865264131798     25    
55969.44712735826    11.95826703063372     0.5579692941214361     25    
55969.94712735826    11.948185342116725    0.5617882424114228     25    
55970.44712735826    11.94102971398095     0.5632998170372326     25    
55970.94712735826    11.934990663792803    0.5631123992037378     25    
55971.44712735826    11.927072342776231    0.5617108790603279     25    
55971.94712735826    11.918417630521986    0.5588359659737775     25    
55972.44712735826    11.909450750793926    0.5495619690079268     25    
55972.94712735826    11.900105106374237    0.5276174749047624     25    
55973.44712735826    11.890589964769898    0.5035448862480862     25    
55973.94712735826    11.881556956316103    0.494015454961416      25    
55974.44712735826    11.873070857971285    0.4969739171243029     25    
55974.94712735826    11.862901024031045    0.499032346243719      25    
55975.44712735826    11.851704796106567    0.4930389573183916     25    
55975.94712735826    11.837575721607552    0.48574215698916406    25    
55976.44712735826    11.815737804562678    0.48494011371750484    25    
55976.94712735826    11.787840677181245    0.4910741964381642     25    
55977.44712735826    11.74949259613522     0.497289747839668      25    
55977.94712735826    11.69793196765862     0.5001594561875963     25    
55978.44712735826    11.63426511265612     0.5012768178872267     25    
55978.94712735826    11.556224725207583    0.49816870033225225    25    
55979.44712735826    11.463137353899818    0.4844385366344295     25    
55979.94712735826    11.357132926069758    0.47856848496139504    25    
55980.44712735826    11.239438854876049    0.5043483611847012     25    
55980.94712735826    11.109629210027883    0.5488039452515163     25    
55981.44712735826    10.97021255209878     0.577180419355384      25    
55981.94712735826    10.821187566249964    0.5830414862308185     25    
55982.44712735826    10.663103178956082    0.5796706667082816     25    
55982.94712735826    10.497369327796417    0.574031672067963      25    
55983.44712735826    10.32358593481025     0.5634168666351781     25    
55983.94712735826    10.142048913257526    0.5551797195045468     25    
55984.44712735826    9.952824169779042     0.5536514112024818     25    
55984.94712735826    9.75595681435212      0.5551812372807713     25    
55985.44712735826    9.551587258481504     0.5572197370896941     25    
55985.94712735826    9.33925920635993      0.5611904726684231     25    
55986.44712735826    9.120967972622259     0.5622324904812332     25    
55986.94712735826    8.896749054294704     0.5628127614895768     25    
55987.44712735826    8.667396886621116     0.5579698902778406     25    
55987.94712735826    8.43818919501874      0.5186457613452404     25    
55988.44712735826    8.207731454835157     0.41257714995712674    25    
55988.94712735826    7.979729593250248     0.2744325163947819     25    
55989.44712735826    7.757811860256744     0.20784130150992564    25    
55989.94712735826    7.540647190743084     0.2240453444180757     25    
55990.44712735826    7.331692645109373     0.23691936125992263    25    
55990.94712735826    7.131832605830952     0.23098766798697318    25    
55991.44712735826    6.939901515170231     0.22469796125393535    25    
55991.94712735826    6.755490458680427     0.21993293178504938    25    
55992.44712735826    6.5788093277676385    0.2162410648073924     25    
55992.94712735826    6.408820419995551     0.2139658297909428     25    
55993.44712735826    6.245360367110568     0.2142598444858204     25    
55993.94712735826    6.088292874223771     0.21546488234716993    25    
55994.44712735826    5.936796598469042     0.21433138246220027    25    
55994.94712735826    5.791068916470432     0.21080828133311752    25    
55995.44712735826    5.650758514282459     0.20715000076520212    25    
55995.94712735826    5.515683414007434     0.20333893832865502    25    
55996.44712735826    5.385871691054927     0.2002360450951559     25    
55996.94712735826    5.260899598936538     0.20403899508063864    25    
55997.44712735826    5.140875750603868     0.2173326826898866     25    
55997.94712735826    5.025514127046446     0.22988977110532605    25    
55998.44712735826    4.914569375449224     0.23402188019619868    25    
55998.94712735826    4.808126088019879     0.23341031309636923    25    
55999.44712735826    4.70573913793809      0.23194780094301293    25    
55999.94712735826    4.607460465705559     0.23000485500306242    25    
56000.44712735826    4.513086086437706     0.2274502110739909     25    
56000.94712735826    4.422283081709391     0.22503270978612452    25    
56001.44712735826    4.335180743055417     0.22248498577493767    25    
56001.94712735826    4.2513584131361375    0.2204504482861953     25    
56002.44712735826    4.170774866172141     0.2192601436378904     25    
56002.94712735826    4.093331809348981     0.21866509946236967    25    
56003.44712735826    4.018633226844598     0.2186701538134274     25    
56003.94712735826    3.9468167100008738    0.21959296182256421    25    
56004.44712735826    3.877515883260783     0.21991968625295003    25    
56004.94712735826    3.810577370341322     0.21789488331379425    25    
56005.44712735826    3.746010831870122     0.21493028017492777    25    
56005.94712735826    3.6833785614270687    0.21427052598516452    25    
56006.44712735826    3.6227930623008495    0.21498433480273565    25    
56006.94712735826    3.5639594504544223    0.21957012091606484    25    
56007.44712735826    3.506627345609684     0.22816308022640633    25    