56259.6788826776    3.857776386474568     0.7360052865479445     25    
56260.1788826776    4.423495724817017     0.7328097895954393     25    
56260.6788826776    5.019945087685653     0.7324119445009332     25    
56261.1788826776    5.642567353846157     0.7559240188495389     25    
56261.6788826776    6.292855729286052     0.8084515679250918     25    
56262.1788826776    6.967223127658177     0.8545086198139527     25    
56262.6788826776    7.6632433381397265    0.8694477255474464     25    
56263.1788826776    8.38175334726829      0.867342024787653      25    
56263.6788826776    9.11784294111062      0.8655793685329959     25    
56264.1788826776    9.872182736069936     0.8670501167644126     25    
56264.6788826776    10.642566975478392    0.8682240350320117     25    
56265.1788826776    11.425246320927052    0.8689762280954912     25    
56265.6788826776    12.221763944351437    0.8693220548611479     25    
56266.1788826776    13.027675010630995    0.8694477003129972     25    
56266.6788826776    13.842017311218228    0.8692275913646206     25    
56267.1788826776    14.664365359698875    0.8689078167221571     25    
56267.6788826776    15.490165741690685    0.8677621791588975     25    
56268.1788826776    16.321340492594878    0.8585436933294404     25    
56268.6788826776    17.15283721810702     0.8649681008687014     25    
56269.1788826776    17.983488568196528    0.9162791334381979     25    
56269.6788826776    18.813333877809377    0.9935227786838959     25    
56270.1788826776    19.622034304482934    1.0454695444901507     25    
56270.6788826776    20.413328611611604    1.060608377106492      25    
56271.1788826776    21.175635424472063    1.0623031584007574     25    
56271.6788826776    21.888122411042854    1.0674443573001942     25    
56272.1788826776    22.55854146350878     1.0724164324966543     25    
56272.6788826776    23.16808289563124     1.0753165502380557     25    
56273.1788826776    23.703173229232924    1.0741393243448543     25    
56273.6788826776    24.17362013055887     1.0713079589026346     25    
56274.1788826776    24.587778852850395    1.0737685910361627     25    
56274.6788826776    24.939187690386646    1.0822203327029705     25    
56275.1788826776    25.245832386995215    1.0931804206397375     25    
56275.6788826776    25.521983994576985    1.1062172148523672     25    
56276.1788826776    25.76203045034771     1.1214278392200299     25    
56276.6788826776    25.987167606830877    1.1289277245273448     25    
56277.1788826776    26.203586462525042    1.134502137076735      25    
56277.6788826776    26.404807118019647    1.1251684762588747     25    
56278.1788826776    26.59013277371171     1.0678998352363749     25    
56278.6788826776    26.762207760036336    0.9463621223867643     25    
56279.1788826776    26.90715796704417     0.833340624146869      25    
56279.6788826776    27.020114570506944    0.8081580371665302     25    
56280.1788826776    27.10169858879177     0.8313584479199736     25    
56280.6788826776    27.138115555968383    0.8430904567727765     25    
56281.1788826776    27.128035820564264    0.8413477754908361     25    
56281.6788826776    27.076334704708714    0.8380041325493631     25    
56282.1788826776    26.98342979412718     0.8346319938134943     25    
56282.6788826776    26.84877826912874     0.8304964705856673     25    
56283.1788826776    26.685895514583727    0.8311699618363586     25    
56283.6788826776    26.49479377686806     0.8420165898553815     25    
56284.1788826776    26.27917925993987     0.8547832457059054     25    
56284.6788826776    26.050795239464094    0.8600593490774459     25    
56285.1788826776    25.807234373697327    0.8630613044473194     25    
56285.6788826776    25.54982023885835     0.8472844044110576     25    
56286.1788826776    25.281125120598524    0.7855850280146277     25    
56286.6788826776    24.999272399996933    0.6906477849022867     25    
56287.1788826776    24.700375318463433    0.6285728816953556     25    
56287.6788826776    24.385233444865566    0.626541386971594      25    
56288.1788826776    24.051829361997083    0.642938818427152      25    
56288.6788826776    23.696849926986747    0.6443844995820723     25    
56289.1788826776    23.321248774334453    0.6419999191769168     25    
56289.6788826776    22.927930714586495    0.6382090805471541     25    
56290.1788826776    22.515536446322088    0.6307600164839788     25    
56290.6788826776    22.087191431805064    0.6235434740854814     25    
56291.1788826776    21.64943027066357     0.6253276951894604     25    
56291.6788826776    21.199818230408283    0.6373191563598001     25    
56292.1788826776    20.744476116132923    0.647886113601736      25    
56292.6788826776    20.286130093436878    0.650657031349744      25    
56293.1788826776    19.824357731097287    0.648708969183421      25    
56293.6788826776    19.368220209928893    0.6387732837584965     25    
56294.1788826776    18.915497978168712    0.615049242304713      25    
56294.6788826776    18.472009739321166    0.5895675426548868     25    
56295.1788826776    18.04497113301016     0.5789377971084865     25    
56295.6788826776    17.631398454364835    0.5797114087103279     25    
56296.1788826776    17.240806364546227    0.581027613485955      25    
56296.6788826776    16.876188705659477    0.5798018201606124     25    
56297.1788826776    16.53611617952857     0.5776161113421437     25    
56297.6788826776    16.223596290699177    0.5715545855058204     25    
56298.1788826776    15.939232837541894    0.560055250633722      25    
56298.6788826776    15.679107693674723    0.5500848681686584     25    
56299.1788826776    15.441480960269544    0.5481276258062866     25    
56299.6788826776    15.226840904912425    0.5508680907114836     25    
56300.1788826776    15.030848480374964    0.5526929847353228     25    
56300.6788826776    14.854565455414876    0.5531634274016451     25    
56301.1788826776    14.695124423328615    0.5527293384952888     25    
56301.6788826776    14.548761306541346    0.5506134145475943     25    
56302.1788826776    14.417171810299868    0.5470013647594903     25    
56302.6788826776    14.294316735402212    0.5420053221302147     25    
56303.1788826776    14.179305091735998    0.5341454228282092     25    
56303.6788826776    14.071221490964664    0.5255237337343258     25    
56304.1788826776    13.963974770688392    0.5217132967197429     25    
56304.6788826776    13.858883635246523    0.5238786286819843     25    
56305.1788826776    13.753573065524753    0.5261129560414703     25    
56305.6788826776    13.645573780480765    0.522666551667002      25    
56306.1788826776    13.535957268963168    0.5164357248831157     25    
56306.6788826776    13.424235977136371    0.5158412188211794     25    
56307.1788826776    13.310420755069707    0.5250576348423237     25    
56307.6788826776    13.194403365285503    0.5362025543246921     25    
56308.1788826776    13.075811841055272    0.5418384269939585     25    
56308.6788826776    12.954662157246243    0.5442257223574232     25    
56309.1788826776    12.831578302859961    0.5419548233874983     25    
56309.6788826776    12.70632928821242     0.5342472689012369     25    
56310.1788826776    12.57946062489581     0.5211098064179831     25    
56310.6788826776    12.452752176086683    0.49995553179476093    25    
56311.1788826776    12.325646640151506    0.46429624600344627    25    
56311.6788826776    12.199486788000186    0.4306758692025924     25    
56312.1788826776    12.075834881154423    0.42153206862405673    25    
56312.6788826776    11.954017720521152    0.4292527110307103     25    
56313.1788826776    11.833106317523983    0.4315557411684413     25    
56313.6788826776    11.714517094625531    0.4205868423099331     25    
56314.1788826776    11.59522585023322     0.407634022548632      25    
56314.6788826776    11.471207699021253    0.40370144985582573    25    
56315.1788826776    11.344138689977157    0.40731078277211147    25    
56315.6788826776    11.209228019969503    0.41306727950298977    25    
56316.1788826776    11.06404754685174     0.4204207685880065     25    
56316.6788826776    10.909820146136344    0.42831991593767565    25    
56317.1788826776    10.745037922824626    0.43003715668210607    25    
56317.6788826776    10.56817246998845     0.4255360636296508     25    
56318.1788826776    10.384090922452488    0.4161704449212508     25    
56318.6788826776    10.195985560091588    0.3997375181217706     25    
56319.1788826776    10.002599918738781    0.376055474512081      25    
56319.6788826776    9.810291578215239     0.359064637280786      25    
56320.1788826776    9.619517904803681     0.35754372093325393    25    
56320.6788826776    9.430951403127546     0.36087758115679147    25    
56321.1788826776    9.248126615399189     0.356478007211146      25    
56321.6788826776    9.070604457566123     0.34503990604297985    25    
56322.1788826776    8.896715908662905     0.3359853177943698     25    
56322.6788826776    8.726177619799556     0.33546497295083305    25    
56323.1788826776    8.558833466768498     0.33976099303200336    25    
56323.6788826776    8.39269538057138      0.3460158378090434     25    
56324.1788826776    8.227920617471874     0.35655657863441265    25    
56324.6788826776    8.064249240206683     0.36467978583536165    25    
56325.1788826776    7.900783837737971     0.3628944724514022     25    
56325.6788826776    7.737796938705536     0.3537782292176966     25    
56326.1788826776    7.577236481644249     0.3429232104667563     25    
56326.6788826776    7.41896466197122      0.33319727001071436    25    
56327.1788826776    7.263748964154423     0.32077043585980375    25    
56327.6788826776    7.113547763416636     0.2993359468060573     25    
56328.1788826776    6.9677682266979835    0.264084084203766      25    
56328.6788826776    6.82755713340522      0.2312265444117876     25    
56329.1788826776    6.6938583028963095    0.22093750776471813    25    
56329.6788826776    6.56612413936409      0.2247451447330599     25    
56330.1788826776    6.4440291381917865    0.22560419706703966    25    
56330.6788826776    6.327726115491514     0.22219688721652886    25    
56331.1788826776    6.216823111326231     0.21826711714135622    25    
56331.6788826776    6.110933372890069     0.21460764211670072    25    
56332.1788826776    6.010217160436366     0.2108882227150814     25    
56332.6788826776    5.91410273789675      0.2083122226429711     25    
56333.1788826776    5.822572823357869     0.207483742001073      25    
56333.6788826776    5.73547592203342      0.20785735598272062    25    
56334.1788826776    5.652293588260453     0.2083226837156979     25    
56334.6788826776    5.573215970032942     0.2073343699309881     25    
56335.1788826776    5.497770880720417     0.21237550112668474    25    
56335.6788826776    5.425724114386497     0.23121459282372403    25    
56336.1788826776    5.357131293353039     0.25583545637011146    25    
56336.6788826776    5.2914038432638195    0.27144446782188236    25    
56337.1788826776    5.228662796712654     0.2735825738284205     25    
56337.6788826776    5.168587273755919     0.27688174596430604    25    
56338.1788826776    5.110768878968982     0.29088645789714734    25    