#Date  :
#Flux  :
#Fluxerr  :
#ZP  :
#end  :
@INSTRUMENT  SDSS
@BAND  SDSS_z
@MAGSYS  AB
54157.842832999995  0.0  13.067866655257063  25.0
54162.82917799999  0.0  13.067866655257063  25.0
54167.81552299999  0.0  13.067866655257063  25.0
54172.80186799999  0.0  13.067866655257063  25.0
54177.788212999985  0.0  13.067866655257063  25.0
54182.77455799998  0.0  13.067866655257063  25.0
54187.76090299998  0.0  13.067866655257063  25.0
54192.74724799998  0.0  13.067866655257063  25.0
54197.733592999975  0.0  13.067866655257063  25.0
54202.71993799997  0.0  13.067866655257063  25.0
54207.70628299997  0.0  13.067866655257063  25.0
54212.69262799997  0.0  13.067866655257063  25.0
54217.678972999965  0.0  13.067866655257063  25.0
54222.66531799996  0.0  13.067866655257063  25.0
54227.65166299996  0.0  13.067866655257063  25.0
54232.63800799996  0.0  13.067866655257063  25.0
54237.624352999956  0.0  13.067866655257063  25.0
54242.61069799995  0.0  13.067866655257063  25.0
54247.59704299995  0.0  13.067866655257063  25.0
54252.58338799995  0.0  13.067866655257063  25.0
54257.569732999946  0.0  13.067866655257063  25.0
54262.55607799994  0.0  13.067866655257063  25.0
54267.54242299994  0.0  13.067866655257063  25.0
54272.52876799994  0.0  13.067866655257063  25.0
54277.515112999936  0.0  13.067866655257063  25.0
54282.50145799993  0.0  13.067866655257063  25.0
54287.48780299993  0.0  13.067866655257063  25.0
54292.47414799993  0.0  13.067866655257063  25.0
54297.460492999926  0.0  13.067866655257063  25.0
54302.44683799992  0.0  13.067866655257063  25.0
54307.43318299992  0.0  13.067866655257063  25.0
54312.41952799992  0.0  13.067866655257063  25.0
54317.405872999916  0.0  13.067866655257063  25.0
54322.39221799991  0.0  13.067866655257063  25.0
54327.37856299991  0.0  13.067866655257063  25.0
54332.36490799991  0.0  13.067866655257063  25.0
54337.351252999906  0.0  13.067866655257063  25.0
54342.337597999904  0.0  13.067866655257063  25.0
54357.296633  7.858194783499756  9.712160821719468  25.0
54362.346435  7.9947165830741085  11.380457212518063  25.0
54379.336527  51.35950099987158  11.62346601576041  25.0
54382.326624  16.00035491011417  15.918441830369554  25.0
54385.344109  17.952616644027415  10.52036987519964  25.0
54387.344461  -12.483553353078834  14.069936664132815  25.0
54392.339359  26.9439423639943  14.228301951639066  25.0
54394.327239  27.170568551287726  14.018058380294562  25.0
54402.337147  22.119261967036667  14.651519530319558  25.0
54408.250843  12.005727054568599  12.89584918779338  25.0
54411.208679  29.461404348145365  12.31153588561515  25.0
54413.249491  18.46866904641847  15.53345035556988  25.0
54417.250884  16.11776365774811  13.067866655257063  25.0
54418.249215  -1.3272649354618593  11.202978873071403  25.0
54422.253346  -6.209011444641573  13.329988510439822  25.0
