54337.21348706656    6.912121040344365     1.4709214838290905    25    
54337.71348706656    8.004969335942123     1.4430548332885487    25    
54338.21348706656    9.154919687291647     1.4673934750141173    25    
54338.71348706656    10.350690590903469    1.770652592054981     25    
54339.21348706656    11.595197491499572    2.220939306559198     25    
54339.71348706656    12.875130750131698    2.479764432331714     25    
54340.21348706656    14.191377676063103    2.5158905786009376    25    
54340.71348706656    15.536206002857131    2.490950248552188     25    
54341.21348706656    16.90188346407719     2.5005946691692373    25    
54341.71348706656    18.28929736898654     2.5092952416205576    25    
54342.21348706656    19.685138078636864    2.514017762486205     25    
54342.71348706656    21.09232103775018     2.5143844500991093    25    
54343.21348706656    22.499564742837034    2.5126107554425516    25    
54343.71348706656    23.903700232243054    2.507746399435733     25    
54344.21348706656    25.3015585443139      2.502994755404326     25    
54344.71348706656    26.682731449734398    2.5139584512329676    25    
54345.21348706656    28.0502745483409      2.540296965712989     25    
54345.71348706656    29.38446143991168     2.5088703203799505    25    
54346.21348706656    30.70005142789629     2.354919819367462     25    
54346.71348706656    31.949141872758954    2.209074625630265     25    
54347.21348706656    33.09712482531904     2.2408896634712763    25    
54347.71348706656    34.144114656681786    2.369663442848681     25    
54348.21348706656    35.00311836896158     2.4538138060415013    25    
54348.71348706656    35.68937089653288     2.500702463539923     25    
54349.21348706656    36.147597920980175    2.52417151303032      25    
54349.71348706656    36.323173020619365    2.5023585289429504    25    
54350.21348706656    36.27136277082648     2.4745333709067356    25    
54350.71348706656    36.04361315877772     2.519747898414076     25    
54351.21348706656    35.623120128220876    2.6207791620015275    25    
54351.71348706656    35.14997140733905     2.731556890157123     25    
54352.21348706656    34.6188615186439      2.8747784435055577    25    
54352.71348706656    34.0985370698357      2.971948584839528     25    
54353.21348706656    33.684690832107904    2.9374235378082063    25    
54353.71348706656    33.34233444474919     2.8089290014808324    25    
54354.21348706656    33.07651070847316     2.6179268023160454    25    
54354.71348706656    32.899143171101784    2.309211479887619     25    
54355.21348706656    32.75085453792232     2.0451987369519675    25    
54355.71348706656    32.61609074936272     2.011058203573647     25    
54356.21348706656    32.48263781660449     2.085464426687677     25    
54356.71348706656    32.29639440740694     2.1182060851241893    25    
54357.21348706656    32.06863645660468     2.139137337115756     25    
54357.71348706656    31.79604823489811     2.1866397175280365    25    
54358.21348706656    31.47031977832187     2.263782119346156     25    
54358.71348706656    31.111485016861845    2.3653910651105527    25    
54359.21348706656    30.733905470770686    2.5193848787540705    25    
54359.71348706656    30.335519689929765    2.6870772497747426    25    
54360.21348706656    29.940146397287386    2.726358106657316     25    
54360.71348706656    29.54897123556152     2.6301417956537825    25    
54361.21348706656    29.151113105702407    2.4833897030871803    25    
54361.71348706656    28.750230414687646    2.2803135657754683    25    
54362.21348706656    28.333911869620216    2.064688681578648     25    
54362.71348706656    27.877701207624987    2.0328655853849598    25    
54363.21348706656    27.387795044182056    2.164242527323037     25    
54363.71348706656    26.837454323987625    2.2612985432581163    25    
54364.21348706656    26.217223011532084    2.299527413000833     25    
54364.71348706656    25.542116814916707    2.2989668767966562    25    
54365.21348706656    24.813419311904518    2.2230449140901714    25    
54365.71348706656    24.03680126681164     2.0955198068182046    25    
54366.21348706656    23.254155243787874    2.0451902799989816    25    
54366.71348706656    22.45644692245945     2.091184410744722     25    
54367.21348706656    21.67860460674406     2.1384084427794914    25    
54367.71348706656    20.934540479563424    2.143194734843041     25    
54368.21348706656    20.22646512034505     2.1347586012323623    25    
54368.71348706656    19.57842714563927     2.122567714587861     25    
54369.21348706656    18.98488149649026     2.1031991132239467    25    
54369.71348706656    18.45911712698038     2.1077019231139604    25    
54370.21348706656    18.000653804183475    2.1576405276627675    25    
54370.71348706656    17.61642219763293     2.2042189217571386    25    
54371.21348706656    17.318671203684005    2.209535682668575     25    
54371.71348706656    17.10106223017714     2.1867070461635914    25    
54372.21348706656    16.95251708379508     2.1185468545344293    25    
54372.71348706656    16.880304216863294    1.9826540220260351    25    
54373.21348706656    16.851452662303995    1.8623912959258446    25    
54373.71348706656    16.857478659342977    1.826009620311951     25    
54374.21348706656    16.8900751522948      1.8278059692574298    25    
54374.71348706656    16.915729076856213    1.8256011602714852    25    
54375.21348706656    16.941542822928625    1.8289713765208313    25    
54375.71348706656    16.96260084677504     1.8187025377941581    25    
54376.21348706656    16.97042330716461     1.7806488583831104    25    
54376.71348706656    16.98540785973627     1.743344531858292     25    
54377.21348706656    17.02160946979745     1.7351851465801007    25    
54377.71348706656    17.07753516593564     1.7447139539648386    25    
54378.21348706656    17.17996627460144     1.7610579486063347    25    
54378.71348706656    17.3289603047503      1.7875942694790667    25    
54379.21348706656    17.51848190953267     1.8089722505083763    25    
54379.71348706656    17.757028965678238    1.8012150123308057    25    
54380.21348706656    18.026853814359043    1.7981360614840793    25    
54380.71348706656    18.297635844188125    1.866025468417059     25    
54381.21348706656    18.57727737609156     1.9893094043300068    25    
54381.71348706656    18.82801610772617     2.0675919290515012    25    
54382.21348706656    19.0442312186284      2.0879422357903183    25    
54382.71348706656    19.226180350192443    2.0679502157721346    25    
54383.21348706656    19.36092433223681     1.9804386045300564    25    
54383.71348706656    19.4573794570493      1.8459257038522947    25    
54384.21348706656    19.543815931085152    1.8118719465382265    25    
54384.71348706656    19.6137374841325      1.9002619726197938    25    
54385.21348706656    19.69271918409367     1.9929218592780733    25    
54385.71348706656    19.794869862505408    2.049809960087782     25    
54386.21348706656    19.91429662243378     2.086959357732812     25    
54386.71348706656    20.05977500138167     2.0726421137102684    25    
54387.21348706656    20.231061429687603    2.0083852339192685    25    
54387.71348706656    20.392888108934105    1.99474614959429      25    
54388.21348706656    20.548266002742206    2.0717632316815755    25    
54388.71348706656    20.675862351628982    2.165443549578872     25    
54389.21348706656    20.750996227854888    2.239928971244014     25    
54389.71348706656    20.78036681163618     2.3004138137237455    25    
54390.21348706656    20.74580797620072     2.2817543364667925    25    
54390.71348706656    20.64451226047743     2.1750126494303768    25    
54391.21348706656    20.494077747153742    2.0190921167790985    25    
54391.71348706656    20.297440706977053    1.7896219448826722    25    
54392.21348706656    20.059937550605138    1.5196542601928626    25    
54392.71348706656    19.798392788081447    1.3841897846443219    25    
54393.21348706656    19.50880096432597     1.3904810339458809    25    
54393.71348706656    19.20349434837518     1.3965500047345272    25    
54394.21348706656    18.885119423601967    1.3569425438064087    25    
54394.71348706656    18.551555188768155    1.3434384456308048    25    
54395.21348706656    18.20338068254436     1.4137043062244743    25    
54395.71348706656    17.840268125591493    1.5304186218524252    25    
54396.21348706656    17.46116647776878     1.640303823173912     25    
54396.71348706656    17.065412465861975    1.7611307265254137    25    
54397.21348706656    16.656444860331785    1.8234730754244548    25    
54397.71348706656    16.232607879180733    1.7792352872394546    25    
54398.21348706656    15.79930457701598     1.672951200963921     25    
54398.71348706656    15.366830034321824    1.5468664043229619    25    
54399.21348706656    14.93246319753527     1.3808963023503231    25    
54399.71348706656    14.509789329991413    1.217336807071841     25    
54400.21348706656    14.09914040987408     1.0660224746060876    25    
54400.71348706656    13.705009607275093    0.9366838470163178    25    
54401.21348706656    13.334811617336495    0.8733121132174874    25    
54401.71348706656    12.985660175803991    0.8687802496907883    25    
54402.21348706656    12.656533513432954    0.8581751718998862    25    
54402.71348706656    12.347933524247892    0.8430875462520883    25    
54403.21348706656    12.057607013721999    0.8290636765391717    25    
54403.71348706656    11.784974967411316    0.813753542015724     25    
54404.21348706656    11.529458370871884    0.7997335920766317    25    
54404.71348706656    11.288995932683168    0.7911344023066859    25    
54405.21348706656    11.06412034613363     0.7874499879510402    25    
54405.71348706656    10.852399750558602    0.7848151486863661    25    
54406.21348706656    10.653996270002391    0.7815180634024811    25    
54406.71348706656    10.467497109221723    0.7808299403696141    25    
54407.21348706656    10.29148947297333     0.7796162089128439    25    
54407.71348706656    10.126135485301504    0.7832221260436472    25    
54408.21348706656    9.969003285541584     0.8129311739652741    25    
54408.71348706656    9.820625566982036     0.8412593296673968    25    
54409.21348706656    9.678941038202321     0.9758006011758086    25    