55542.932269597404    4.975804863979408     0.9377453213120504     25    
55543.432269597404    5.848562753200093     0.9333880197032323     25    
55543.932269597404    6.789896710888668     0.9367101056272166     25    
55544.432269597404    7.798849060601563     0.9840044530958686     25    
55544.932269597404    8.875666648381667     1.0652391632840965     25    
55545.432269597404    10.01921849509256     1.116933436117842      25    
55545.932269597404    11.229581582629734    1.1246110722019258     25    
55546.432269597404    12.506095922318964    1.1199228598636188     25    
55546.932269597404    13.84810841980417     1.1226294800978776     25    
55547.432269597404    15.255690881935479    1.125374987515454      25    
55547.932269597404    16.727714066076306    1.1275316048616688     25    
55548.432269597404    18.264426520315165    1.129109079448777      25    
55548.932269597404    19.86486542761742     1.1302773182912367     25    
55549.432269597404    21.528769743629415    1.130940020434928      25    
55549.932269597404    23.255861248497062    1.1314379610364633     25    
55550.432269597404    25.04640998145954     1.1310171179034054     25    
55550.932269597404    26.900804065470606    1.1294057833978204     25    
55551.432269597404    28.8091007851417      1.1387579468581688     25    
55551.932269597404    30.790517563047725    1.1664664763538684     25    
55552.432269597404    32.788373339030784    1.1951370506716201     25    
55552.932269597404    34.76564117446156     1.2097436754737523     25    
55553.432269597404    36.72051033950563     1.217375444699111      25    
55553.932269597404    38.55098896142185     1.2250953470795596     25    
55554.432269597404    40.27672777967059     1.2329521568667086     25    
55554.932269597404    41.82495742157079     1.238754797986672      25    
55555.432269597404    43.14559963057262     1.240468723574613      25    
55555.932269597404    44.274307095880594    1.2408514060391953     25    
55556.432269597404    45.22290785516298     1.2443840843436147     25    
55556.932269597404    45.986065757322315    1.2500833891321659     25    
55557.432269597404    46.64088143953659     1.2568822557703239     25    
55557.932269597404    47.18370381253141     1.266291737805326      25    
55558.432269597404    47.65280903343645     1.2737215548301777     25    
55558.932269597404    48.09950637041264     1.28310723778916       25    
55559.432269597404    48.50446693180348     1.2864756007318072     25    
55559.932269597404    48.86958193176186     1.2328897566190746     25    
55560.432269597404    49.20138121342034     1.0948502826943165     25    
55560.932269597404    49.46589957898348     0.9705764098150766     25    
55561.432269597404    49.65474169024707     0.9524622538107054     25    
55561.932269597404    49.76075737571684     0.9788002650478732     25    
55562.432269597404    49.75290191813785     0.9834837550656182     25    
55562.932269597404    49.63752776927461     0.9807448493454204     25    
55563.432269597404    49.42496457756996     0.9770768153378645     25    
55563.932269597404    49.107779450868314    0.9717491477821514     25    
55564.432269597404    48.709822707074636    0.967685963195756      25    
55564.932269597404    48.24920564456348     0.9696519818122722     25    
55565.432269597404    47.724031502820395    0.9746894804542483     25    
55565.932269597404    47.16603121815287     0.9741519297645063     25    
55566.432269597404    46.572099136407054    0.9652325901688286     25    
55566.932269597404    45.9489537998332      0.9648674763191809     25    
55567.432269597404    45.30259795314339     0.9873363617128401     25    
55567.932269597404    44.62864123576719     1.015328880919695      25    
55568.432269597404    43.92473435003446     1.0270735041271735     25    
55568.932269597404    43.191465814572965    1.0276192853999313     25    
55569.432269597404    42.426210329879495    1.0255860861217676     25    
55569.932269597404    41.62682268147562     1.0220084189183518     25    
55570.432269597404    40.798429425207054    1.016426575076977      25    
55570.932269597404    39.94292104934907     1.0085664774312115     25    
55571.432269597404    39.0615842791577      0.9993625812823934     25    
55571.932269597404    38.16637259230667     0.994842498798887      25    
55572.432269597404    37.2545645529173      0.9958679273687178     25    
55572.932269597404    36.33670008826407     0.9963904653369161     25    
55573.432269597404    35.41527677188838     1.0024218602802535     25    
55573.932269597404    34.493518557756005    0.9987960482782229     25    
55574.432269597404    33.58124346539454     0.9458228902677724     25    
55574.932269597404    32.675955973095604    0.8420348831214399     25    
55575.432269597404    31.789440416072168    0.7680269004934605     25    
55575.932269597404    30.92076540448131     0.7635894264606181     25    
55576.432269597404    30.076766215129698    0.7782758035134825     25    
55576.932269597404    29.26547415791758     0.7774387301313823     25    
55577.432269597404    28.484192525437038    0.7744358557628305     25    
55577.932269597404    27.735805818390816    0.7689424412195058     25    
55578.432269597404    27.021275244606258    0.7598072815530199     25    
55578.932269597404    26.334448138206334    0.7530966724328317     25    
55579.432269597404    25.674239945021764    0.753293545673394      25    
55579.932269597404    25.038865539415685    0.7559395961352848     25    
55580.432269597404    24.422899773889498    0.7563084232081625     25    
55580.932269597404    23.827632356548655    0.7554832902971015     25    
55581.432269597404    23.250165347328462    0.7528953708923654     25    
55581.932269597404    22.68984091417513     0.7530702595474371     25    
55582.432269597404    22.14750091707859     0.742556068421911      25    
55582.932269597404    21.6233105079413      0.6983126088750159     25    
55583.432269597404    21.117272608776016    0.6318056429816634     25    
55583.932269597404    20.63000257576181     0.5953755982932436     25    
55584.432269597404    20.162005972623383    0.5974017450477932     25    
55584.932269597404    19.710314548690402    0.6031948223869803     25    
55585.432269597404    19.275507236000685    0.5969497124200204     25    
55585.932269597404    18.854532912189782    0.5900775614956627     25    
55586.432269597404    18.441813246520404    0.5895840124240062     25    
55586.932269597404    18.03876237949876     0.5940194003731993     25    
55587.432269597404    17.638223953437286    0.5972445025700308     25    
55587.932269597404    17.239342417791853    0.5990565533150121     25    
55588.432269597404    16.842215165446284    0.5982969800796        25    
55588.932269597404    16.44447862521934     0.5940356505045594     25    
55589.432269597404    16.048102874012606    0.5856203024072352     25    
55589.932269597404    15.658796356934792    0.565489994593216      25    
55590.432269597404    15.275175987127977    0.5282503364263008     25    
55590.932269597404    14.902712395709665    0.49781217105405146    25    
55591.432269597404    14.543751001783038    0.49365647411363184    25    
55591.932269597404    14.197686717984034    0.49926982384863267    25    
55592.432269597404    13.866901731300677    0.49620590144482907    25    
55592.932269597404    13.550922769822304    0.4885503222420425     25    
55593.432269597404    13.244745420461715    0.48361547506227964    25    
55593.932269597404    12.948980811153012    0.48310762546544983    25    
55594.432269597404    12.660311371200152    0.48428640029356085    25    
55594.932269597404    12.375453418304811    0.4864843244983614     25    
55595.432269597404    12.095272046315255    0.48924027171157464    25    
55595.932269597404    11.817116682481752    0.4899572562396534     25    
55596.432269597404    11.540747805918599    0.49225414947631785    25    
55596.932269597404    11.268622363915531    0.476639368877839      25    
55597.432269597404    11.00099241450936     0.4151970785644089     25    
55597.932269597404    10.7387667456679      0.3309103023774544     25    
55598.432269597404    10.484172375347782    0.2933192264531595     25    
55598.932269597404    10.236664602521195    0.30194454573414237    25    
55599.432269597404    9.997920773725104     0.3077296069153796     25    
55599.932269597404    9.768258871199887     0.3024812377006572     25    
55600.432269597404    9.547280938872966     0.29736996631260776    25    
55600.932269597404    9.33497712837473      0.295725905093868      25    
55601.432269597404    9.131294908938346     0.29613002077257955    25    
55601.932269597404    8.935952872180874     0.2979811154463517     25    
55602.432269597404    8.749049917404127     0.30200155698375614    25    
55602.932269597404    8.570142325546495     0.30408824461143047    25    
55603.432269597404    8.399261061982687     0.3016958861438185     25    
55603.932269597404    8.236038733157041     0.2972688846038132     25    
55604.432269597404    8.079798591593791     0.2943831368997461     25    
55604.932269597404    7.930710349274562     0.2922937326587857     25    
55605.432269597404    7.787854998156936     0.2803804017606792     25    
55605.932269597404    7.651305613339518     0.24891346436255807    25    
55606.432269597404    7.52056098748906      0.2154740273610457     25    
55606.932269597404    7.395154996439396     0.20580036207623628    25    
55607.432269597404    7.275164198687741     0.21028165881152924    25    
55607.932269597404    7.160022523637865     0.211029708772109      25    
55608.432269597404    7.049858071388824     0.20903311435373242    25    
55608.932269597404    6.94418871043473      0.20686576029433423    25    
55609.432269597404    6.842928331289529     0.20467093874329742    25    
55609.932269597404    6.745902693786264     0.2026336233881225     25    
55610.432269597404    6.652679590464482     0.20140795868004213    25    
55610.932269597404    6.563366548457231     0.20085183466795273    25    
55611.432269597404    6.477412631698067     0.2006080361279057     25    
55611.932269597404    6.394880054711332     0.19879087149269367    25    
55612.432269597404    6.315416020610342     0.20102162137199825    25    
55612.932269597404    6.238743995332948     0.21448807102545064    25    
55613.432269597404    6.164868948644645     0.23243656192679513    25    
55613.932269597404    6.0932591531064535    0.24200192675365437    25    
55614.432269597404    6.024040963355351     0.2431282456790033     25    
55614.932269597404    5.9567263108162205    0.2481510741654101     25    