56152.79362784761    2.0893560754842544    0.5424972811127495     25    
56153.29362784761    2.4300007133114416    0.5372556544164242     25    
56153.79362784761    2.7965391879057764    0.5356814971371116     25    
56154.29362784761    3.1890913703786117    0.5665558835542466     25    
56154.79362784761    3.6076184993641123    0.6360094944246142     25    
56155.29362784761    4.052208297031558     0.6964517393493984     25    
56155.79362784761    4.52293292227599      0.7169311175808781     25    
56156.29362784761    5.0197619402884905    0.7144819005232147     25    
56156.79362784761    5.542821369058142     0.7111112116860081     25    
56157.29362784761    6.092107116638247     0.712585002743099      25    
56157.79362784761    6.667657421546434     0.7137794385505408     25    
56158.29362784761    7.26958273849755      0.7145836744349588     25    
56158.79362784761    7.897840338927226     0.7150156341217907     25    
56159.29362784761    8.552531328599791     0.7151332133784303     25    
56159.79362784761    9.23371012345685      0.7148994356413244     25    
56160.29362784761    9.94135897460479      0.7143683877985075     25    
56160.79362784761    10.675664826067436    0.7138171179731456     25    
56161.29362784761    11.437785975214352    0.7119596431689142     25    
56161.79362784761    12.22529941234338     0.711570689316186      25    
56162.29362784761    13.038309110661471    0.7172188662175277     25    
56162.79362784761    13.881082104019507    0.7287046918207022     25    
56163.29362784761    14.726156466351352    0.739170458422824      25    
56163.79362784761    15.56842255897007     0.7446732594783904     25    
56164.29362784761    16.404793123431098    0.7479980476033147     25    
56164.79362784761    17.196220990923475    0.7512944854514738     25    
56165.29362784761    17.951135315890667    0.7548712495948012     25    
56165.79362784761    18.650331112907676    0.7577305995612279     25    
56166.29362784761    19.264691483234234    0.7588603349072629     25    
56166.79362784761    19.80314151819808     0.7584085243965584     25    
56167.29362784761    20.275374896464374    0.758558974498599      25    
56167.79362784761    20.676288603501746    0.760210974955552      25    
56168.29362784761    21.01600476337473     0.7626397206060982     25    
56168.79362784761    21.320537360003232    0.7657876993303386     25    
56169.29362784761    21.58184666073328     0.7703517791002118     25    
56169.79362784761    21.81743874126983     0.77398262239019       25    
56170.29362784761    22.045638107582924    0.7796144400093369     25    
56170.79362784761    22.258807656425045    0.7859277687931504     25    
56171.29362784761    22.45675980614144     0.7655997787800891     25    
56171.79362784761    22.643650187415084    0.6881991053402666     25    
56172.29362784761    22.81207075756523     0.5850389524136839     25    
56172.79362784761    22.951057805026327    0.5307833972027871     25    
56173.29362784761    23.064689001588427    0.5359296728467542     25    
56173.79362784761    23.143721920171835    0.5527127653908352     25    
56174.29362784761    23.180410707597225    0.5533111751989678     25    
56174.79362784761    23.178890609387746    0.5520490601375885     25    
56175.29362784761    23.1414099188338      0.550305189501027      25    
56175.79362784761    23.064981017405625    0.5475376317387344     25    
56176.29362784761    22.95631867588871     0.5449968180429422     25    
56176.79362784761    22.823437539789587    0.5449119374933512     25    
56177.29362784761    22.662957191593183    0.5471217347934694     25    
56177.79362784761    22.483715805029885    0.5486454709393574     25    
56178.29362784761    22.290318903984506    0.5449326845117848     25    
56178.79362784761    22.080214271745557    0.5407104537213171     25    
56179.29362784761    21.855123959693955    0.5486067909985786     25    
56179.79362784761    21.616241288057388    0.5736247867379706     25    
56180.29362784761    21.360156362332134    0.5984266202290939     25    
56180.79362784761    21.084161356361808    0.6083485680512426     25    
56181.29362784761    20.789401748191707    0.6088489101498874     25    
56181.79362784761    20.47258820378167     0.6073530942762883     25    
56182.29362784761    20.13040385533401     0.6060379719414236     25    
56182.79362784761    19.766971094211776    0.6034657957388129     25    
56183.29362784761    19.38799302575941     0.6002484976161538     25    
56183.79362784761    18.989474263478083    0.5957360307856265     25    
56184.29362784761    18.582920886375685    0.5918943478600897     25    
56184.79362784761    18.175864423492914    0.5909908755863582     25    
56185.29362784761    17.76528979674011     0.5920213721864891     25    
56185.79362784761    17.365366831994322    0.5923286209921167     25    
56186.29362784761    16.97752704046312     0.595838668861445      25    
56186.79362784761    16.6019900787387      0.5946952149725004     25    
56187.29362784761    16.24442297213333     0.5723000108309777     25    
56187.79362784761    15.903977645514829    0.5224305872755663     25    
56188.29362784761    15.579296172235699    0.47555279561952696    25    
56188.79362784761    15.270127382893309    0.4633222883190856     25    
56189.29362784761    14.97649100273889     0.47110644062375       25    
56189.79362784761    14.6972974605378      0.47602144883761655    25    
56190.29362784761    14.433123061434358    0.4757344641965971     25    
56190.79362784761    14.182599670917382    0.47449916189741764    25    
56191.29362784761    13.94419384749492     0.47188891597583676    25    
56191.79362784761    13.718732226775371    0.46760598083217547    25    
56192.29362784761    13.503101137958962    0.4646878147903784     25    
56192.79362784761    13.296595411266614    0.46546720122093516    25    
56193.29362784761    13.099046329546807    0.46795421791394604    25    
56193.79362784761    12.907170177408444    0.46926964288197326    25    
56194.29362784761    12.721554664290426    0.4695764185230749     25    
56194.79362784761    12.54105158946168     0.468882404873352      25    
56195.29362784761    12.364126590431772    0.46827828195168564    25    
56195.79362784761    12.191371461085755    0.4678296004771648     25    
56196.29362784761    12.022038166949821    0.4578363024723299     25    
56196.79362784761    11.856084843664783    0.4264146319220827     25    
56197.29362784761    11.693343761857568    0.3854170060102633     25    
56197.79362784761    11.533162881759765    0.36277863306054725    25    
56198.29362784761    11.376005473334645    0.36301652421508007    25    
56198.79362784761    11.220496176839552    0.3682116601205669     25    
56199.29362784761    11.066015717972416    0.3659112835884473     25    
56199.79362784761    10.912753267873873    0.361785236884698      25    
56200.29362784761    10.757925470514845    0.35969537459915946    25    
56200.79362784761    10.601819248578416    0.3612874969078621     25    
56201.29362784761    10.443379123967006    0.3640641760939287     25    
56201.79362784761    10.280056660942902    0.3656603426569764     25    
56202.29362784761    10.112306165810608    0.3668225157363716     25    
56202.79362784761    9.940595737395368     0.36636509525980904    25    
56203.29362784761    9.764053344082338     0.3642838476905655     25    
56203.79362784761    9.583641399500658     0.36010624137466446    25    
56204.29362784761    9.403564711801435     0.3493828039437741     25    
56204.79362784761    9.222856114342658     0.32638469292319816    25    
56205.29362784761    9.04389400427876      0.3014059402456953     25    
56205.79362784761    8.87026056638272      0.2906957106062433     25    
56206.29362784761    8.700777610624487     0.29242995831235746    25    
56206.79362784761    8.536535985728019     0.29464454417519886    25    
56207.29362784761    8.379047719582625     0.2914434657221362     25    
56207.79362784761    8.22670199084789      0.28718457912801454    25    
56208.29362784761    8.076508323507312     0.28476314453034507    25    
56208.79362784761    7.929466070765514     0.2844688928578846     25    
56209.29362784761    7.78324505435701      0.2850077367288194     25    
56209.79362784761    7.635341807775992     0.28587832232239907    25    
56210.29362784761    7.486732908268495     0.2873291996111618     25    
56210.79362784761    7.336468805770521     0.2874799698600831     25    
56211.29362784761    7.183276122914599     0.28879644730339105    25    
56211.79362784761    7.02898353985144      0.2866832767754334     25    
56212.29362784761    6.876237671075076     0.26927446084402595    25    
56212.79362784761    6.723964654998788     0.22803771896908098    25    
56213.29362784761    6.57479740375061      0.18310364870903423    25    
56213.79362784761    6.4306205486324854    0.1673426335741659     25    
56214.29362784761    6.290647180076576     0.17316204973428118    25    
56214.79362784761    6.156814934364953     0.17708636862772653    25    
56215.29362784761    6.02975219153165      0.1745124024743267     25    
56215.79362784761    5.908509862514466     0.17146279259632202    25    
56216.29362784761    5.792462894555051     0.1697491512948877     25    
56216.79362784761    5.681930254576062     0.1690539587827758     25    
56217.29362784761    5.575924659748774     0.16904407247503928    25    
56217.79362784761    5.474022769031368     0.17007337230639621    25    
56218.29362784761    5.376352165153327     0.17168479161245798    25    
56218.79362784761    5.282063304159443     0.17196247674200035    25    
56219.29362784761    5.191170577943521     0.17042992071772092    25    
56219.79362784761    5.103646661805617     0.16825210648732308    25    
56220.29362784761    5.019308028469672     0.16693955589832776    25    
56220.79362784761    4.938226851204213     0.1664228431116962     25    
56221.29362784761    4.860247259373033     0.16278690269746135    25    
56221.79362784761    4.785361090915395     0.15136970830465973    25    
56222.29362784761    4.713524864315305     0.13586372147344752    25    
56222.79362784761    4.644526879039482     0.1266518304723125     25    
56223.29362784761    4.57847425571321      0.1264817160752481     25    
56223.79362784761    4.515092057857663     0.12862341343724595    25    
56224.29362784761    4.4541667752478284    0.1280656336197744     25    
56224.79362784761    4.395789974411925     0.12675415698310635    25    
56225.29362784761    4.339570526531075     0.12535062580944584    25    
56225.79362784761    4.2855153271890165    0.12386555199374419    25    
56226.29362784761    4.233511977116922     0.12239066925041459    25    
56226.79362784761    4.1832138650688675    0.12131377025114111    25    
56227.29362784761    4.134753193124384     0.12060185828680633    25    
56227.79362784761    4.087819530097988     0.12017950320581677    25    
56228.29362784761    4.042237870744264     0.11967542120755727    25    
56228.79362784761    3.9980679624792397    0.11937102146520782    25    
56229.29362784761    3.9549124478449067    0.12097683853739305    25    
56229.79362784761    3.9128301329825845    0.12565661214808435    25    
56230.29362784761    3.8716472246789064    0.13086006418498097    25    
56230.79362784761    3.8310524794763556    0.13352287028545384    25    
56231.29362784761    3.791178241209148     0.13385528764955573    25    
56231.79362784761    3.751678569148689     0.13598860266641946    25    
56232.29362784761    3.712439710239478     0.14040299018385546    25    