#Date  :
#Flux  :
#Fluxerr  :
#ZP  :
#end  :
@INSTRUMENT  PS
@BAND  PS_i
@MAGSYS  AB
54741.0462  0.0  1.4010707060966112  25.0
54746.032544999995  0.0  1.4010707060966112  25.0
54751.01888999999  0.0  1.4010707060966112  25.0
54756.00523499999  0.0  1.4010707060966112  25.0
54760.99157999999  0.0  1.4010707060966112  25.0
54765.977924999985  0.0  1.4010707060966112  25.0
54770.96426999998  0.0  1.4010707060966112  25.0
54775.95061499998  0.0  1.4010707060966112  25.0
54780.93695999998  0.0  1.4010707060966112  25.0
54785.923304999975  0.0  1.4010707060966112  25.0
54790.90964999997  0.0  1.4010707060966112  25.0
54795.89599499997  0.0  1.4010707060966112  25.0
54800.88233999997  0.0  1.4010707060966112  25.0
54805.868684999965  0.0  1.4010707060966112  25.0
54810.85502999996  0.0  1.4010707060966112  25.0
54815.84137499996  0.0  1.4010707060966112  25.0
54820.82771999996  0.0  1.4010707060966112  25.0
54825.814064999955  0.0  1.4010707060966112  25.0
54830.80040999995  0.0  1.4010707060966112  25.0
54835.78675499995  0.0  1.4010707060966112  25.0
54840.77309999995  0.0  1.4010707060966112  25.0
54845.759444999945  0.0  1.4010707060966112  25.0
54850.74578999994  0.0  1.4010707060966112  25.0
54855.73213499994  0.0  1.4010707060966112  25.0
54860.71847999994  0.0  1.4010707060966112  25.0
54865.704824999935  0.0  1.4010707060966112  25.0
54870.69116999993  0.0  1.4010707060966112  25.0
54875.67751499993  0.0  1.4010707060966112  25.0
54880.66385999993  0.0  1.4010707060966112  25.0
54885.650204999925  0.0  1.4010707060966112  25.0
54890.63654999992  0.0  1.4010707060966112  25.0
54895.62289499992  0.0  1.4010707060966112  25.0
54900.60923999992  0.0  1.4010707060966112  25.0
54905.595584999915  0.0  1.4010707060966112  25.0
54910.58192999991  0.0  1.4010707060966112  25.0
54915.56827499991  0.0  1.4010707060966112  25.0
54920.55461999991  0.0  1.4010707060966112  25.0
54925.540964999906  0.0  1.4010707060966112  25.0
54930.5273099999  0.0  1.4010707060966112  25.0
54935.5136549999  0.0  1.4010707060966112  25.0
54940.4999999999  0.0  1.4010707060966112  25.0
54945.486344999896  0.0  1.4010707060966112  25.0
54950.47268999989  0.0  1.4010707060966112  25.0
54955.45903499989  0.0  1.4010707060966112  25.0
54960.44537999989  0.0  1.4010707060966112  25.0
54965.431724999886  0.0  1.4010707060966112  25.0
54970.41806999988  0.0  1.4010707060966112  25.0
54975.40441499988  0.0  1.4010707060966112  25.0
54980.39075999988  0.0  1.4010707060966112  25.0
54985.377104999876  0.0  1.4010707060966112  25.0
54990.36344999987  0.0  1.4010707060966112  25.0
54995.34979499987  0.0  1.4010707060966112  25.0
55000.33613999987  0.0  1.4010707060966112  25.0
55005.322484999866  0.0  1.4010707060966112  25.0
55010.30882999986  0.0  1.4010707060966112  25.0
55015.29517499986  0.0  1.4010707060966112  25.0
55020.28151999986  0.0  1.4010707060966112  25.0
55025.267864999856  0.0  1.4010707060966112  25.0
55030.25420999985  0.0  1.4010707060966112  25.0
55035.24055499985  0.0  1.4010707060966112  25.0
55040.22689999985  0.0  1.4010707060966112  25.0
55045.213244999846  0.0  1.4010707060966112  25.0
55050.199589999844  0.0  1.4010707060966112  25.0
55055.18593499984  0.0  1.4010707060966112  25.0
55060.17227999984  0.0  1.4010707060966112  25.0
55065.158624999836  0.0  1.4010707060966112  25.0
55070.144969999834  0.0  1.4010707060966112  25.0
55075.13131499983  0.0  1.4010707060966112  25.0
55080.11765999983  0.0  1.4010707060966112  25.0
55085.10400499983  0.0  1.4010707060966112  25.0
55090.090349999824  0.0  1.4010707060966112  25.0
55095.07669499982  0.0  1.4010707060966112  25.0
55100.06303999982  0.0  1.4010707060966112  25.0
55105.04938499982  0.0  1.4010707060966112  25.0
55110.035729999814  0.0  1.4010707060966112  25.0
55115.02207499981  0.0  1.4010707060966112  25.0
55120.00841999981  0.0  1.4010707060966112  25.0
55124.99476499981  0.0  1.4010707060966112  25.0
55129.981109999804  0.0  1.4010707060966112  25.0
55134.9674549998  0.0  1.4010707060966112  25.0
55139.9537999998  0.0  1.4010707060966112  25.0
55144.9401449998  0.0  1.4010707060966112  25.0
55149.926489999794  0.0  1.4010707060966112  25.0
55154.91283499979  0.0  1.4010707060966112  25.0
55159.89917999979  0.0  1.4010707060966112  25.0
55164.88552499979  0.0  1.4010707060966112  25.0
55169.871869999784  0.0  1.4010707060966112  25.0
55174.85821499978  0.0  1.4010707060966112  25.0
55179.84455999978  0.0  1.4010707060966112  25.0
55184.83090499978  0.0  1.4010707060966112  25.0
55189.817249999775  0.0  1.4010707060966112  25.0
55194.80359499977  0.0  1.4010707060966112  25.0
55199.78993999977  0.0  1.4010707060966112  25.0
55204.77628499977  0.0  1.4010707060966112  25.0
55209.762629999765  0.0  1.4010707060966112  25.0
55214.74897499976  0.0  1.4010707060966112  25.0
55219.73531999976  0.0  1.4010707060966112  25.0
55224.72166499976  0.0  1.4010707060966112  25.0
55229.708009999755  0.0  1.4010707060966112  25.0
55234.69435499975  0.0  1.4010707060966112  25.0
55239.68069999975  0.0  1.4010707060966112  25.0
55244.66704499975  0.0  1.4010707060966112  25.0
55249.653389999745  0.0  1.4010707060966112  25.0
55254.63973499974  0.0  1.4010707060966112  25.0
55259.62607999974  0.0  1.4010707060966112  25.0
55264.61242499974  0.0  1.4010707060966112  25.0
55269.598769999735  0.0  1.4010707060966112  25.0
55274.58511499973  0.0  1.4010707060966112  25.0
55279.57145999973  0.0  1.4010707060966112  25.0
55284.55780499973  0.0  1.4010707060966112  25.0
55289.544149999725  0.0  1.4010707060966112  25.0
55294.53049499972  0.0  1.4010707060966112  25.0
55299.51683999972  0.0  1.4010707060966112  25.0
55304.50318499972  0.0  1.4010707060966112  25.0
55309.489529999715  0.0  1.4010707060966112  25.0
55314.47587499971  0.0  1.4010707060966112  25.0
55319.46221999971  0.0  1.4010707060966112  25.0
55324.44856499971  0.0  1.4010707060966112  25.0
55329.434909999705  0.0  1.4010707060966112  25.0
55334.4212549997  0.0  1.4010707060966112  25.0
55339.4075999997  0.0  1.4010707060966112  25.0
55344.3939449997  0.0  1.4010707060966112  25.0
55349.380289999695  0.0  1.4010707060966112  25.0
55354.36663499969  0.0  1.4010707060966112  25.0
55359.35297999969  0.0  1.4010707060966112  25.0
55364.33932499969  0.0  1.4010707060966112  25.0
55369.325669999685  0.0  1.4010707060966112  25.0
55374.31201499968  0.0  1.4010707060966112  25.0
55379.29835999968  0.0  1.4010707060966112  25.0
55384.28470499968  0.0  1.4010707060966112  25.0
55389.271049999676  0.0  1.4010707060966112  25.0
55394.25739499967  0.0  1.4010707060966112  25.0
55399.24373999967  0.0  1.4010707060966112  25.0
55404.23008499967  0.0  1.4010707060966112  25.0
55409.216429999666  0.0  1.4010707060966112  25.0
55414.20277499966  0.0  1.4010707060966112  25.0
55419.18911999966  0.0  1.4010707060966112  25.0
55424.17546499966  0.0  1.4010707060966112  25.0
55429.161809999656  0.0  1.4010707060966112  25.0
55434.14815499965  0.0  1.4010707060966112  25.0
55439.13449999965  0.0  1.4010707060966112  25.0
55444.12084499965  0.0  1.4010707060966112  25.0
55449.107189999646  0.0  1.4010707060966112  25.0
55454.09353499964  0.0  1.4010707060966112  25.0
55459.07987999964  0.0  1.4010707060966112  25.0
55464.06622499964  0.0  1.4010707060966112  25.0
55469.052569999636  0.0  1.4010707060966112  25.0
55474.03891499963  0.0  1.4010707060966112  25.0
55479.02525999963  0.0  1.4010707060966112  25.0
55484.01160499963  0.0  1.4010707060966112  25.0
55488.997949999626  0.0  1.4010707060966112  25.0
55493.984294999624  0.0  1.4010707060966112  25.0
55498.97063999962  0.0  1.4010707060966112  25.0
55503.95698499962  0.0  1.4010707060966112  25.0
55508.943329999616  0.0  1.4010707060966112  25.0
55513.929674999614  0.0  1.4010707060966112  25.0
55518.91601999961  0.0  1.4010707060966112  25.0
55523.90236499961  0.0  1.4010707060966112  25.0
55528.88870999961  0.0  1.4010707060966112  25.0
55533.875054999604  0.0  1.4010707060966112  25.0
55538.8613999996  0.0  1.4010707060966112  25.0
55543.8477449996  0.0  1.4010707060966112  25.0
55548.8340899996  0.0  1.4010707060966112  25.0
55553.820434999594  0.0  1.4010707060966112  25.0
55558.80677999959  0.0  1.4010707060966112  25.0
55563.79312499959  0.0  1.4010707060966112  25.0
55568.77946999959  0.0  1.4010707060966112  25.0
55573.765814999584  0.0  1.4010707060966112  25.0
55578.75215999958  0.0  1.4010707060966112  25.0
55583.73850499958  0.0  1.4010707060966112  25.0
55588.72484999958  0.0  1.4010707060966112  25.0
55593.711194999574  0.0  1.4010707060966112  25.0
55598.69753999957  0.0  1.4010707060966112  25.0
55603.68388499957  0.0  1.4010707060966112  25.0
55608.67022999957  0.0  1.4010707060966112  25.0
55613.656574999564  0.0  1.4010707060966112  25.0
55618.64291999956  0.0  1.4010707060966112  25.0
55623.62926499956  0.0  1.4010707060966112  25.0
55628.61560999956  0.0  1.4010707060966112  25.0
55633.601954999554  0.0  1.4010707060966112  25.0
55638.58829999955  0.0  1.4010707060966112  25.0
55643.57464499955  0.0  1.4010707060966112  25.0
55648.56098999955  0.0  1.4010707060966112  25.0
55653.547334999545  0.0  1.4010707060966112  25.0
55658.53367999954  0.0  1.4010707060966112  25.0
55663.52002499954  0.0  1.4010707060966112  25.0
55668.50636999954  0.0  1.4010707060966112  25.0
55673.492714999535  0.0  1.4010707060966112  25.0
55678.47905999953  0.0  1.4010707060966112  25.0
55683.46540499953  0.0  1.4010707060966112  25.0
55688.45174999953  0.0  1.4010707060966112  25.0
55693.438094999525  0.0  1.4010707060966112  25.0
55698.42443999952  0.0  1.4010707060966112  25.0
55703.41078499952  0.0  1.4010707060966112  25.0
55708.39712999952  0.0  1.4010707060966112  25.0
55713.383474999515  0.0  1.4010707060966112  25.0
55718.36981999951  0.0  1.4010707060966112  25.0
55723.35616499951  0.0  1.4010707060966112  25.0
55728.34250999951  0.0  1.4010707060966112  25.0
55733.328854999505  0.0  1.4010707060966112  25.0
55738.3151999995  0.0  1.4010707060966112  25.0
55743.3015449995  0.0  1.4010707060966112  25.0
55748.2878899995  0.0  1.4010707060966112  25.0
55753.274234999495  0.0  1.4010707060966112  25.0
55758.26057999949  0.0  1.4010707060966112  25.0
55763.24692499949  0.0  1.4010707060966112  25.0
55768.23326999949  0.0  1.4010707060966112  25.0
55773.219614999485  0.0  1.4010707060966112  25.0
55778.20595999948  0.0  1.4010707060966112  25.0
55783.19230499948  0.0  1.4010707060966112  25.0
55788.17864999948  0.0  1.4010707060966112  25.0
55793.164994999475  0.0  1.4010707060966112  25.0
55798.15133999947  0.0  1.4010707060966112  25.0
55803.13768499947  0.0  1.4010707060966112  25.0
55808.12402999947  0.0  1.4010707060966112  25.0
55813.110374999465  0.0  1.4010707060966112  25.0
55818.09671999946  0.0  1.4010707060966112  25.0
55823.08306499946  0.0  1.4010707060966112  25.0
55828.06940999946  0.0  1.4010707060966112  25.0
55833.055754999456  0.0  1.4010707060966112  25.0
55838.04209999945  0.0  1.4010707060966112  25.0
55843.02844499945  0.0  1.4010707060966112  25.0
55848.01478999945  0.0  1.4010707060966112  25.0
55853.001134999446  0.0  1.4010707060966112  25.0
55857.98747999944  0.0  1.4010707060966112  25.0
55862.97382499944  0.0  1.4010707060966112  25.0
55867.96016999944  0.0  1.4010707060966112  25.0
55872.946514999436  0.0  1.4010707060966112  25.0
55877.93285999943  0.0  1.4010707060966112  25.0
55882.91920499943  0.0  1.4010707060966112  25.0
55887.90554999943  0.0  1.4010707060966112  25.0
55892.891894999426  0.0  1.4010707060966112  25.0
55897.87823999942  0.0  1.4010707060966112  25.0
55902.86458499942  0.0  1.4010707060966112  25.0
55907.85092999942  0.0  1.4010707060966112  25.0
55912.837274999416  0.0  1.4010707060966112  25.0
55917.82361999941  0.0  1.4010707060966112  25.0
55922.80996499941  0.0  1.4010707060966112  25.0
55927.79630999941  0.0  1.4010707060966112  25.0
55932.782654999406  0.0  1.4010707060966112  25.0
55937.7689999994  0.0  1.4010707060966112  25.0
55942.7553449994  0.0  1.4010707060966112  25.0
55947.7416899994  0.0  1.4010707060966112  25.0
55952.728034999396  0.0  1.4010707060966112  25.0
55957.714379999394  0.0  1.4010707060966112  25.0
55962.70072499939  0.0  1.4010707060966112  25.0
55967.68706999939  0.0  1.4010707060966112  25.0
55972.673414999386  0.0  1.4010707060966112  25.0
55977.659759999384  0.0  1.4010707060966112  25.0
55982.64610499938  0.0  1.4010707060966112  25.0
55987.63244999938  0.0  1.4010707060966112  25.0
55992.61879499938  0.0  1.4010707060966112  25.0
55997.605139999374  0.0  1.4010707060966112  25.0
56002.59148499937  0.0  1.4010707060966112  25.0
56007.57782999937  0.0  1.4010707060966112  25.0
56012.56417499937  0.0  1.4010707060966112  25.0
56017.550519999364  0.0  1.4010707060966112  25.0
56022.53686499936  0.0  1.4010707060966112  25.0
56027.52320999936  0.0  1.4010707060966112  25.0
56032.50955499936  0.0  1.4010707060966112  25.0
56037.495899999354  0.0  1.4010707060966112  25.0
56042.48224499935  0.0  1.4010707060966112  25.0
56047.46858999935  0.0  1.4010707060966112  25.0
56052.45493499935  0.0  1.4010707060966112  25.0
56057.441279999344  0.0  1.4010707060966112  25.0
56062.42762499934  0.0  1.4010707060966112  25.0
56067.41396999934  0.0  1.4010707060966112  25.0
56072.40031499934  0.0  1.4010707060966112  25.0
56077.386659999334  0.0  1.4010707060966112  25.0
56082.37300499933  0.0  1.4010707060966112  25.0
56087.35934999933  0.0  1.4010707060966112  25.0
56092.34569499933  0.0  1.4010707060966112  25.0
56097.332039999324  0.0  1.4010707060966112  25.0
56102.31838499932  0.0  1.4010707060966112  25.0
56107.30472999932  0.0  1.4010707060966112  25.0
56112.29107499932  0.0  1.4010707060966112  25.0
56117.277419999315  0.0  1.4010707060966112  25.0
56122.26376499931  0.0  1.4010707060966112  25.0
56127.25010999931  0.0  1.4010707060966112  25.0
56132.23645499931  0.0  1.4010707060966112  25.0
56137.222799999305  0.0  1.4010707060966112  25.0
56142.2091449993  0.0  1.4010707060966112  25.0
56147.1954899993  0.0  1.4010707060966112  25.0
56152.1818349993  0.0  1.4010707060966112  25.0
56157.168179999295  0.0  1.4010707060966112  25.0
56162.15452499929  0.0  1.4010707060966112  25.0
56167.14086999929  0.0  1.4010707060966112  25.0
56172.12721499929  0.0  1.4010707060966112  25.0
56177.113559999285  0.0  1.4010707060966112  25.0
56182.09990499928  0.0  1.4010707060966112  25.0
56187.08624999928  0.0  1.4010707060966112  25.0
56192.07259499928  0.0  1.4010707060966112  25.0
56197.058939999275  0.0  1.4010707060966112  25.0
56202.04528499927  0.0  1.4010707060966112  25.0
56207.03162999927  0.0  1.4010707060966112  25.0
56212.01797499927  0.0  1.4010707060966112  25.0
56217.004319999265  0.0  1.4010707060966112  25.0
56221.99066499926  0.0  1.4010707060966112  25.0
56226.97700999926  0.0  1.4010707060966112  25.0
56231.96335499926  0.0  1.4010707060966112  25.0
56236.949699999255  0.0  1.4010707060966112  25.0
56241.93604499925  0.0  1.4010707060966112  25.0
56246.92238999925  0.0  1.4010707060966112  25.0
56251.90873499925  0.0  1.4010707060966112  25.0
56256.895079999245  0.0  1.4010707060966112  25.0
56261.88142499924  0.0  1.4010707060966112  25.0
56266.86776999924  0.0  1.4010707060966112  25.0
56271.85411499924  0.0  1.4010707060966112  25.0
56276.840459999235  0.0  1.4010707060966112  25.0
56281.82680499923  0.0  1.4010707060966112  25.0
56286.81314999923  0.0  1.4010707060966112  25.0
56291.79949499923  0.0  1.4010707060966112  25.0
56296.785839999226  0.0  1.4010707060966112  25.0
56301.77218499922  0.0  1.4010707060966112  25.0
56306.75852999922  0.0  1.4010707060966112  25.0
56311.74487499922  0.0  1.4010707060966112  25.0
56316.731219999216  0.0  1.4010707060966112  25.0
56321.71756499921  0.0  1.4010707060966112  25.0
56326.70390999921  0.0  1.4010707060966112  25.0
56331.69025499921  0.0  1.4010707060966112  25.0
56336.676599999206  0.0  1.4010707060966112  25.0
54940.5  0.7779636071726549  1.360675501195589  25.0
54941.3984375  2.58931813270301  1.333876273984301  25.0
54942.30078125  -0.1251613320787896  1.7170171003346337  25.0
54947.3984375  -5.3301059495926815  2.72115459149801  25.0
54948.3984375  0.367238073870135  1.608053242396221  25.0
54951.30078125  -1.7379265284411058  1.5766402315586132  25.0
54952.30078125  2.405355458620785  1.5189186462700108  25.0
54984.30078125  0.6770491787914202  1.394542712016233  25.0
54985.3984375  4.295536940348598  2.2711628180530194  25.0
54987.3984375  -0.04869021243714354  2.199207340953592  25.0
54994.30078125  -1.0110090638795635  1.6746095731511261  25.0
55000.30078125  -9.900605408307717  2.858390383873846  25.0
55189.6015625  -0.42584301668267155  1.2793942513969379  25.0
55192.6015625  0.7171008050566329  1.2098928806623894  25.0
55207.6015625  -0.8850624041893798  1.3016779004284904  25.0
55210.6015625  0.6089221694091878  1.2714427932409516  25.0
55213.6015625  -0.48503698153386027  1.1241941645124298  25.0
55219.6015625  0.1623661589177519  1.2600556423450286  25.0
55222.6015625  0.34132232120547723  1.203806577046248  25.0
55231.6015625  1.7064152185387569  1.2317838951439188  25.0
55234.6015625  -1.3784434784292492  1.1894743861706816  25.0
55237.6015625  -0.3301314173709481  1.1698412543971768  25.0
55240.5  0.05104618942019108  1.2738969932239879  25.0
55243.5  1.0918976791281918  1.1565888553432522  25.0
55246.5  -0.3905033560858236  1.3434964757869636  25.0
55249.6015625  -1.7301713875601312  1.3269064958215293  25.0
55252.6015625  -0.4168117667050436  1.5882237933477046  25.0
55258.6015625  2.5698813182045166  1.6526203532230124  25.0
55264.5  -3.7822282116136283  1.9831444987621403  25.0
55276.6015625  2.4546345585204805  1.5277535789726273  25.0
55288.3984375  -1.791524982863682  1.7847515219759218  25.0
55297.30078125  -0.32080566807626365  1.2458215632978895  25.0
55303.5  -1.051060690144776  1.3356432230775617  25.0
55327.3984375  -1.837270184576856  1.3682342311833953  25.0
55330.30078125  -0.7309422027446705  1.1576687407830508  25.0
55339.30078125  -4.629693095902675  3.062869664276206  25.0
55348.30078125  -0.2843861922532347  1.4002362874641945  25.0
55354.30078125  -0.00166881788294917  1.3770691638860117  25.0
55360.30078125  2.171230116474078  1.6865857694902404  25.0
55363.30078125  -0.11367594062947357  1.2941190768225272  25.0
55366.30078125  -4.549393806951708  1.9856969041917607  25.0
55567.6015625  -0.3266956310128543  1.2803759313901524  25.0
55594.6015625  -0.18013415955595127  1.1895725916172657  25.0
55597.6015625  -1.9312148816043975  1.2263847487993962  25.0
55615.6015625  3.0186950007631244  5.573949418134165  25.0
55630.6015625  -3.041567601619711  1.6668544322701515  25.0
55633.6015625  0.43664126256263847  1.2362013614952272  25.0
55636.3984375  0.514290361919106  1.8087039146541506  25.0
55645.6015625  -1.9824573414905216  1.3939536665730416  25.0
55651.5  0.9190278204566079  1.2543619732789102  25.0
55663.30078125  0.05232234532592282  1.2220654878946722  25.0
55666.30078125  3.099387298736741  1.6054027251381733  25.0
55672.3984375  0.15421839518902386  1.303935689518358  25.0
55675.3984375  0.6126524784888773  1.2674180550578233  25.0
55678.30078125  0.8653310669692907  1.372062745709669  25.0
55681.30078125  0.6913814164760651  1.1698412543971768  25.0
55702.30078125  5.442898228439211  3.0922212032989576  25.0
55705.30078125  -0.11632641107844281  1.1354832971980824  25.0
55708.30078125  1.4694431354771473  1.9548727515610307  25.0
55711.30078125  -1.1343052999298564  1.211365400652211  25.0
55714.30078125  1.186529439809195  1.3493864621280935  25.0
55720.30078125  -0.24669053711993474  1.9805922805688339  25.0
55723.30078125  0.5707356976838198  1.2923521277292667  25.0
55732.30078125  3.750128043504402  1.6484974095932998  25.0
55738.30078125  -3.16388215767679  2.0864148748707483  25.0
55939.6015625  -2.9100254783099935  1.5931320060774632  25.0
55945.6015625  -0.15510189314019335  1.2037084652178207  25.0
55948.6015625  0.9512261003942618  1.6085439887746713  25.0
55950.6015625  -0.7438019204394937  1.1622825244093704  25.0
55956.6015625  2.709080283330468  1.4485338009888322  25.0
55960.69921875  0.3529058829945686  1.1705284116687955  25.0
55968.6015625  -0.3225726639786026  1.376382006614393  25.0
55971.6015625  0.9061680559527063  1.3024631695285365  25.0
55974.6015625  -1.971953571523072  21.027791414599058  25.0
55977.6015625  -0.5117380501076426  1.8622042572482993  25.0
55979.6015625  -2.1633768637646758  1.6696030613566264  25.0
55985.6015625  -1.0885600045985253  1.2347288415054054  25.0
55998.5  -3.018302366213101  1.5438528125596112  25.0
56001.6015625  -0.10317220576883278  1.6263119660083316  25.0
56007.5  2.2962933016176312  1.2956898022589332  25.0
56019.5  -3.307007842775599  1.5890090624477506  25.0
56027.5  -0.7162173305100027  1.5694740425026732  25.0
56030.5  0.9718409121609811  1.2495518723775791  25.0
56033.30078125  -0.011583558863524  1.3365266976241919  25.0
56036.3984375  3.2799139992245583  1.738024640269533  25.0
56038.30078125  -0.1806249878502889  1.1074078672719843  25.0
56041.30078125  0.6223708857381239  1.253380293285696  25.0
56048.3984375  0.4053264103625364  1.5270664217010086  25.0
56057.3984375  -0.7900380089583535  1.3116908303993327  25.0
56063.30078125  1.2483738751093532  1.7474486184153408  25.0
56066.30078125  -0.3468196027829664  1.4330236128450398  25.0
56068.30078125  0.3353341996313808  1.1456924508257795  25.0
56323.6015625  2.863396895668346  1.9980657350808981  25.0
56326.6015625  1.6464359377784437  1.3637186530036598  25.0
56332.6015625  -0.28026322521898295  1.2162737070001266  25.0
56334.5  2.622988839012329  1.3964078665560777  25.0
56337.6015625  0.15814502154372484  1.2016469934029643  25.0
56352.5  129.33651847839465  2.289519840729871  25.0
56355.5  276.44477689141144  3.744139851716688  25.0
56358.6015625  424.4279711262042  3.8108925933647613  25.0
56369.3984375  417.3976160243586  1.994433537829636  25.0
56385.5  217.56327611987862  2.250548099904457  25.0
56388.5  237.18926070881338  3.1568143613037476  25.0
56391.3984375  250.53618414339306  1.909029438019429  25.0
56393.30078125  249.19405027987972  1.8666217235996077  25.0
56396.5  240.17233961796688  1.9822611178336669  25.0
56399.3984375  205.98491800242013  1.7444054666072701  25.0
56403.3984375  153.4867675141344  1.4499082091502267  25.0
56411.3984375  95.21047442439962  3.7100763236210326  25.0
56414.3984375  89.59558990545361  1.7070042639819483  25.0
56417.3984375  82.94377570181922  1.3573378266659226  25.0
56420.3984375  71.78341291861435  1.4019051247290277  25.0
56422.30078125  70.5067668282131  1.6861931349402175  25.0
56432.30078125  50.43982124772018  1.8772236053954845  25.0
56444.30078125  34.88624445846003  1.25220229601747  25.0
56447.30078125  31.294356938721656  1.3107091504061184  25.0
56450.30078125  30.964030140257265  1.952320533367724  25.0
56452.30078125  25.517400666556796  1.5493500707325611  25.0
56455.30078125  25.432194662766584  1.4039665965438841  25.0
56458.30078125  23.74590247981637  1.3623443384604224  25.0
56462.30078125  20.44684656328754  1.499678242664686  25.0
56479.30078125  13.883876739492983  1.2307040097041202  25.0
