56349.77022219455    78.65487680759632     11.220705859230007    25    
56350.27022219455    94.54186464942705     11.199855911760517    25    
56350.77022219455    111.87460107085464    11.333532417722983    25    
56351.27022219455    130.64841102177326    12.051477163598316    25    
56351.77022219455    150.8616438577807     12.87658770606267     25    
56352.27022219455    172.5083420975893     13.144830333655298    25    
56352.77022219455    195.58795371064326    13.138383924504307    25    
56353.27022219455    220.09360641914438    13.19754914964229     25    
56353.77022219455    246.02547917171015    13.267833726758361    25    
56354.27022219455    273.37615252870637    13.332648598167104    25    
56354.77022219455    302.14616878325035    13.39345923213545     25    
56355.27022219455    332.3279289685433     13.453657838603243    25    
56355.77022219455    363.9219710875322     13.513315670610336    25    
56356.27022219455    396.9305054626902     13.578756183113008    25    
56356.77022219455    431.39281115460045    13.620198372237706    25    
56357.27022219455    467.1088448450275     13.834388520556065    25    
56357.77022219455    504.41365480090656    14.341885346555319    25    
56358.27022219455    541.7366541180193     14.804449503063012    25    
56358.77022219455    578.8703516290739     15.064394882946013    25    
56359.27022219455    614.2918299917476     15.265743598584049    25    
56359.77022219455    646.9791055488798     15.471296444156817    25    
56360.27022219455    676.2141587509044     15.640868469877931    25    
56360.77022219455    700.2436089036215     15.73268510184654     25    
56361.27022219455    719.8062081041946     15.792588899488948    25    
56361.77022219455    735.0541110258366     15.903576253169295    25    
56362.27022219455    746.3700073031597     16.038417290294333    25    
56362.77022219455    755.2273174464132     16.192615905953936    25    
56363.27022219455    761.5641136589323     16.351747313665854    25    
56363.77022219455    766.9208030984945     16.45222034313834     25    
56364.27022219455    771.1704103433992     16.495616825075455    25    
56364.77022219455    774.3378435543142     15.827407094409878    25    
56365.27022219455    776.4874538353025     14.197939718709215    25    
56365.77022219455    776.9089339128255     13.165568025391808    25    
56366.27022219455    775.6021914236793     13.28732315446846     25    
56366.77022219455    772.0455994081882     13.45385626236698     25    
56367.27022219455    765.9976376811571     13.382265163263689    25    
56367.77022219455    757.7891245910693     13.278844419056817    25    
56368.27022219455    747.3435609420338     13.147320154525149    25    
56368.77022219455    735.2028313543594     13.041408793656256    25    
56369.27022219455    721.6738015218039     13.048998050310114    25    
56369.77022219455    707.0269557342892     13.064306355044188    25    
56370.27022219455    691.7765414726514     12.93276159946588     25    
56370.77022219455    675.8892675755113     12.782210403781773    25    
56371.27022219455    659.6604356422246     12.848178233832957    25    
56371.77022219455    643.0345618228301     13.019347778759988    25    
56372.27022219455    626.0680136182724     13.07077227985747     25    
56372.77022219455    608.7584031899316     13.043217480019177    25    
56373.27022219455    591.1667181412708     12.969018805986822    25    
56373.77022219455    573.2885157273877     12.845875282177973    25    
56374.27022219455    555.2002440262011     12.690877414945346    25    
56374.77022219455    536.8956821340605     12.493366109237881    25    
56375.27022219455    518.4587745575109     12.372968169582714    25    
56375.77022219455    499.8869775781985     12.37187128497361     25    
56376.27022219455    481.2606904242106     12.35726830889991     25    
56376.77022219455    462.5662984049174     12.396028928412234    25    
56377.27022219455    443.95605800334755    12.085791523421676    25    
56377.77022219455    425.45098137403176    10.867837150084743    25    
56378.27022219455    407.2169454218183     9.604836950658344     25    
56378.77022219455    389.3608157736161     9.397443801342694     25    
56379.27022219455    371.97794868574937    9.560669299957834     25    
56379.77022219455    355.25241933885695    9.50893406176774      25    
56380.27022219455    339.1688819600382     9.419890005175843     25    
56380.77022219455    323.8342935841262     9.258749511323124     25    
56381.27022219455    309.21576653301645    9.065031096209617     25    
56381.77022219455    295.2880482961102     8.996852253887972     25    
56382.27022219455    282.05094474291093    9.018266060599817     25    
56382.77022219455    269.476150801022      9.010737188599132     25    
56383.27022219455    257.5656457325961     8.982156339787494     25    
56383.77022219455    246.26067847841426    8.92630502719182      25    
56384.27022219455    235.56821887345927    8.861747552506811     25    
56384.77022219455    225.40000327385212    8.538524699282732     25    
56385.27022219455    215.75746084333912    7.772534129465479     25    
56385.77022219455    206.56147897177456    7.196953608752018     25    
56386.27022219455    197.79287977321113    7.1864034963368235    25    
56386.77022219455    189.43035361943586    7.237581297715362     25    
56387.27022219455    181.44943359318896    7.105626642079836     25    
56387.77022219455    173.87375285045883    6.99362104974347      25    
56388.27022219455    166.7105449235115     7.024847077231843     25    
56388.77022219455    159.96806725101771    7.093803505263261     25    
56389.27022219455    153.67130970235888    7.119484797419691     25    
56389.77022219455    147.79779854786014    7.10941531612119      25    
56390.27022219455    142.3316519662287     7.023055964460775     25    
56390.77022219455    137.2481457867972     6.862171973738234     25    
56391.27022219455    132.44406670456655    6.557493386836889     25    
56391.77022219455    127.92218658372924    6.136031922677263     25    
56392.27022219455    123.56216803720638    5.974507130968625     25    
56392.77022219455    119.37305833420459    6.065534367875179     25    
56393.27022219455    115.29889408079345    6.044995662917592     25    
56393.77022219455    111.33382626159391    5.8865539223727374    25    
56394.27022219455    107.5245985942682     5.780313450129939     25    
56394.77022219455    103.86930448400881    5.760663828445323     25    
56395.27022219455    100.40952507058526    5.774900418930336     25    
56395.77022219455    97.15666947092697     5.833803983970612     25    
56396.27022219455    94.11606260626833     5.860297945581205     25    
56396.77022219455    91.3047956548462      5.881709019969026     25    
56397.27022219455    88.68943228818675     5.699702498822451     25    
56397.77022219455    86.25513535059306     4.886101111493059     25    
56398.27022219455    83.98461617630751     3.835875767277006     25    
56398.77022219455    81.84936866117053     3.5810290335635506    25    
56399.27022219455    79.84530494118711     3.7414111860111507    25    
56399.77022219455    77.94324016726839     3.6943608767269613    25    
56400.27022219455    76.14622464607802     3.6081920761314317    25    
56400.77022219455    74.43987903999454     3.598106371896534     25    
56401.27022219455    72.82497101552582     3.6450822216359993    25    
56401.77022219455    71.28755809884866     3.7177020137891144    25    
56402.27022219455    69.8286896057634      3.8163428561031756    25    
56402.77022219455    68.43717402858219     3.832997294296342     25    
56403.27022219455    67.1130766777414      3.7585768932431924    25    
56403.77022219455    65.85262558802053     3.6752069784768904    25    
56404.27022219455    64.65572467768024     3.615985256884379     25    
56404.77022219455    63.51912259416474     3.440320220602358     25    
56405.27022219455    62.442619477738766    2.995963303098197     25    
56405.77022219455    61.42276919605625     2.5922192861465527    25    
56406.27022219455    60.45888613741782     2.5529558800359817    25    
56406.77022219455    59.54726915483409     2.6083046033995205    25    
56407.27022219455    58.68543316273269     2.5770488873151995    25    
56407.77022219455    57.87105796152544     2.5355028499352783    25    
56408.27022219455    57.10031678418927     2.494439634956467     25    
56408.77022219455    56.37205248124944     2.456078721859852     25    
56409.27022219455    55.681472399092335    2.435778335920193     25    
56409.77022219455    55.02824105955677     2.4293640491268014    25    
56410.27022219455    54.40688837689666     2.41662794578609      25    
56410.77022219455    53.81761206590207     2.4134175306249297    25    
56411.27022219455    53.25455308705693     2.5623903622260937    25    
56411.77022219455    52.71815386974022     2.831876762410971     25    
56412.27022219455    52.20245489902778     2.9865362638131985    25    
56412.77022219455    51.70785484052571     3.01369617677244      25    
56413.27022219455    51.22858218226395     3.1652562595372293    25    