#Date  :
#Flux  :
#Fluxerr  :
#ZP  :
#end  :
@INSTRUMENT  PS
@BAND  PS_z
@MAGSYS  AB
54757.0462  0.0  2.2949639760128946  25.0
54762.032544999995  0.0  2.2949639760128946  25.0
54767.01888999999  0.0  2.2949639760128946  25.0
54772.00523499999  0.0  2.2949639760128946  25.0
54776.99157999999  0.0  2.2949639760128946  25.0
54781.977924999985  0.0  2.2949639760128946  25.0
54786.96426999998  0.0  2.2949639760128946  25.0
54791.95061499998  0.0  2.2949639760128946  25.0
54796.93695999998  0.0  2.2949639760128946  25.0
54801.923304999975  0.0  2.2949639760128946  25.0
54806.90964999997  0.0  2.2949639760128946  25.0
54811.89599499997  0.0  2.2949639760128946  25.0
54816.88233999997  0.0  2.2949639760128946  25.0
54821.868684999965  0.0  2.2949639760128946  25.0
54826.85502999996  0.0  2.2949639760128946  25.0
54831.84137499996  0.0  2.2949639760128946  25.0
54836.82771999996  0.0  2.2949639760128946  25.0
54841.814064999955  0.0  2.2949639760128946  25.0
54846.80040999995  0.0  2.2949639760128946  25.0
54851.78675499995  0.0  2.2949639760128946  25.0
54856.77309999995  0.0  2.2949639760128946  25.0
54861.759444999945  0.0  2.2949639760128946  25.0
54866.74578999994  0.0  2.2949639760128946  25.0
54871.73213499994  0.0  2.2949639760128946  25.0
54876.71847999994  0.0  2.2949639760128946  25.0
54881.704824999935  0.0  2.2949639760128946  25.0
54886.69116999993  0.0  2.2949639760128946  25.0
54891.67751499993  0.0  2.2949639760128946  25.0
54896.66385999993  0.0  2.2949639760128946  25.0
54901.650204999925  0.0  2.2949639760128946  25.0
54906.63654999992  0.0  2.2949639760128946  25.0
54911.62289499992  0.0  2.2949639760128946  25.0
54916.60923999992  0.0  2.2949639760128946  25.0
54921.595584999915  0.0  2.2949639760128946  25.0
54926.58192999991  0.0  2.2949639760128946  25.0
54931.56827499991  0.0  2.2949639760128946  25.0
54936.55461999991  0.0  2.2949639760128946  25.0
54941.540964999906  0.0  2.2949639760128946  25.0
54946.5273099999  0.0  2.2949639760128946  25.0
54951.5136549999  0.0  2.2949639760128946  25.0
54956.4999999999  0.0  2.2949639760128946  25.0
54961.486344999896  0.0  2.2949639760128946  25.0
54966.47268999989  0.0  2.2949639760128946  25.0
54971.45903499989  0.0  2.2949639760128946  25.0
54976.44537999989  0.0  2.2949639760128946  25.0
54981.431724999886  0.0  2.2949639760128946  25.0
54986.41806999988  0.0  2.2949639760128946  25.0
54991.40441499988  0.0  2.2949639760128946  25.0
54996.39075999988  0.0  2.2949639760128946  25.0
55001.377104999876  0.0  2.2949639760128946  25.0
55006.36344999987  0.0  2.2949639760128946  25.0
55011.34979499987  0.0  2.2949639760128946  25.0
55016.33613999987  0.0  2.2949639760128946  25.0
55021.322484999866  0.0  2.2949639760128946  25.0
55026.30882999986  0.0  2.2949639760128946  25.0
55031.29517499986  0.0  2.2949639760128946  25.0
55036.28151999986  0.0  2.2949639760128946  25.0
55041.267864999856  0.0  2.2949639760128946  25.0
55046.25420999985  0.0  2.2949639760128946  25.0
55051.24055499985  0.0  2.2949639760128946  25.0
55056.22689999985  0.0  2.2949639760128946  25.0
55061.213244999846  0.0  2.2949639760128946  25.0
55066.199589999844  0.0  2.2949639760128946  25.0
55071.18593499984  0.0  2.2949639760128946  25.0
55076.17227999984  0.0  2.2949639760128946  25.0
55081.158624999836  0.0  2.2949639760128946  25.0
55086.144969999834  0.0  2.2949639760128946  25.0
55091.13131499983  0.0  2.2949639760128946  25.0
55096.11765999983  0.0  2.2949639760128946  25.0
55101.10400499983  0.0  2.2949639760128946  25.0
55106.090349999824  0.0  2.2949639760128946  25.0
55111.07669499982  0.0  2.2949639760128946  25.0
55116.06303999982  0.0  2.2949639760128946  25.0
55121.04938499982  0.0  2.2949639760128946  25.0
55126.035729999814  0.0  2.2949639760128946  25.0
55131.02207499981  0.0  2.2949639760128946  25.0
55136.00841999981  0.0  2.2949639760128946  25.0
55140.99476499981  0.0  2.2949639760128946  25.0
55145.981109999804  0.0  2.2949639760128946  25.0
55150.9674549998  0.0  2.2949639760128946  25.0
55155.9537999998  0.0  2.2949639760128946  25.0
55160.9401449998  0.0  2.2949639760128946  25.0
55165.926489999794  0.0  2.2949639760128946  25.0
55170.91283499979  0.0  2.2949639760128946  25.0
55175.89917999979  0.0  2.2949639760128946  25.0
55180.88552499979  0.0  2.2949639760128946  25.0
55185.871869999784  0.0  2.2949639760128946  25.0
55190.85821499978  0.0  2.2949639760128946  25.0
55195.84455999978  0.0  2.2949639760128946  25.0
55200.83090499978  0.0  2.2949639760128946  25.0
55205.817249999775  0.0  2.2949639760128946  25.0
55210.80359499977  0.0  2.2949639760128946  25.0
55215.78993999977  0.0  2.2949639760128946  25.0
55220.77628499977  0.0  2.2949639760128946  25.0
55225.762629999765  0.0  2.2949639760128946  25.0
55230.74897499976  0.0  2.2949639760128946  25.0
55235.73531999976  0.0  2.2949639760128946  25.0
55240.72166499976  0.0  2.2949639760128946  25.0
55245.708009999755  0.0  2.2949639760128946  25.0
55250.69435499975  0.0  2.2949639760128946  25.0
55255.68069999975  0.0  2.2949639760128946  25.0
55260.66704499975  0.0  2.2949639760128946  25.0
55265.653389999745  0.0  2.2949639760128946  25.0
55270.63973499974  0.0  2.2949639760128946  25.0
55275.62607999974  0.0  2.2949639760128946  25.0
55280.61242499974  0.0  2.2949639760128946  25.0
55285.598769999735  0.0  2.2949639760128946  25.0
55290.58511499973  0.0  2.2949639760128946  25.0
55295.57145999973  0.0  2.2949639760128946  25.0
55300.55780499973  0.0  2.2949639760128946  25.0
55305.544149999725  0.0  2.2949639760128946  25.0
55310.53049499972  0.0  2.2949639760128946  25.0
55315.51683999972  0.0  2.2949639760128946  25.0
55320.50318499972  0.0  2.2949639760128946  25.0
54956.5  -3.528168362871393  2.5122647559844107  25.0
54957.6015625  -2.995668339319609  2.8800953145548536  25.0
54995.3984375  -2.9008140557770816  3.3238288528323903  25.0
54998.3984375  -0.6629983144508778  2.544275655981887  25.0
55004.3984375  1.8965955380073518  5.482403111204885  25.0
55007.3984375  -2.3092019886248383  2.678996449753078  25.0
55010.3984375  -2.8889326887768836  2.5571389742609836  25.0
55013.3984375  -2.4980269306605236  1.8734220122319059  25.0
55034.3984375  -23.14857900635415  8.07263288839566  25.0
55094.19921875  -21.767200737356244  7.391076668671493  25.0
55103.19921875  1.276802049743697  2.7405632779067557  25.0
55295.6015625  -8.03050805878478  2.8090037650127226  25.0
55298.6015625  -5.375470995491157  2.6577866392473726  25.0
55304.6015625  -2.60466425497372  2.513639637605314  25.0
55325.5  -2.6986349134668783  2.6975548232465067  25.0
55328.6015625  1.9369527429433804  2.744000013738872  25.0
55331.5  0.04045546678528843  2.365466504618132  25.0
55337.5  3.072946200647606  2.3154862520641206  25.0
55352.5  13.561222498674466  2.0581226839809954  25.0
55358.5  11.233560088209616  3.997432072536121  25.0
55361.3984375  10.204891676561124  2.2120891984120385  25.0
55364.3984375  11.843141507918395  3.5368094592104766  25.0
55367.30078125  13.428564120978658  2.109084887813905  25.0
55376.3984375  6.329611121765403  2.057631801985574  25.0
55379.30078125  5.563117521076942  2.063327044487963  25.0
55406.3984375  2.9669960362127767  2.105353547869313  25.0
55409.30078125  8.746137969157918  2.8133241258942085  25.0
55412.3984375  6.326763594158237  2.4403877203343836  25.0
55424.30078125  3.7702138281222037  2.0401535187125166  25.0
55427.30078125  1.1128199319287793  2.4998925069887914  25.0
55436.30078125  7.97414559113807  4.012063015490068  25.0
55439.19921875  1.386778064591565  1.9134846130554592  25.0
55445.19921875  4.384999608337949  2.8593767606206817  25.0
55448.19921875  -0.009524709682949663  2.0969089167012314  25.0
55451.30078125  -2.1501294399163564  7.6880113937185826  25.0
55454.19921875  0.9053383838141636  2.274441699961669  25.0
55457.19921875  1.8197104197333032  2.811655014736943  25.0
55595.69921875  -1.3760750203972394  2.120671650701628  25.0
55673.6015625  -0.03770606641409173  1.8090074691830056  25.0
55676.6015625  -40.035593885842694  14.503383306295097  25.0
55694.5  -2.5406426422668242  8.86092532052672  25.0
55724.5  -0.5453632481868523  2.473576849493704  25.0
55736.5  -1.4568877564988256  2.025031693763148  25.0
55739.5  0.4819306564168506  3.756466884793738  25.0
55742.30078125  1.1064373422599676  2.4493232334978865  25.0
55748.30078125  1.9215365011695928  2.1476746553631387  25.0
55751.30078125  -5.067832758029602  2.8143060771731068  25.0
55754.30078125  0.3414166450788472  1.8295297452342316  25.0
55760.30078125  -5.543282592192139  2.448930490443938  25.0
55763.30078125  0.3417112257803153  2.2478314383541065  25.0
55766.30078125  1.034658351907385  3.2340807908553573  25.0
55769.30078125  0.04045546678528843  1.8568273540082174  25.0
55775.30078125  -0.03417112140748118  1.6482656220292022  25.0
55778.30078125  -0.6358970772038659  2.5002852500427397  25.0
55790.30078125  -0.06775308726477786  1.8691996030038367  25.0
55793.30078125  2.0383860813257217  1.872047317899059  25.0
55796.30078125  1.3193195287644965  1.8309044395670782  25.0
55799.19921875  2.036422178767925  2.020122124656712  25.0
55802.19921875  -3.920252537437653  2.89502067433322  25.0
55805.19921875  0.9902752029142897  2.4198652569951014  25.0
56046.6015625  2.6500295425337703  2.1567084947561708  25.0
56054.5  -5.206677634799332  3.1517950341913954  25.0
56056.5  -1.2932002427963831  2.041626351986836  25.0
56058.5  1.4235021621685031  3.25391571974016  25.0
56061.5  0.009721095110209155  1.9502088042764252  25.0
56064.5  -0.8782371465671518  2.759514581742189  25.0
56067.5  -2.129607163865131  2.2501880839658512  25.0
56072.3984375  1.407103969115817  2.448930490443938  25.0
56075.5  1.7713996529126703  3.5132430030930264  25.0
56085.3984375  1.474071529303436  2.0196312426612906  25.0
56090.30078125  1.4290991720853905  1.9786846422122557  25.0
56093.30078125  1.02719576566223  1.858005770458118  25.0
56137.30078125  -2.5807052430903776  2.166920563311047  25.0
56141.30078125  -1.903861752725533  2.7624602482908283  25.0
56400.6015625  -3.1032878021997603  3.9082728442079255  25.0
56412.5  1.7886814710147256  2.1678041883604164  25.0
56415.5  2.4818250154907835  1.9870311344388645  25.0
56421.5  0.43666374190834384  1.929097320000249  25.0
56429.3984375  5.66239067901854  2.6011293802001307  25.0
56437.5  -4.619287602299045  11.381241964625264  25.0
56442.5  -0.26649547618460945  1.8370905640648878  25.0
56453.5  1.6854808825336458  1.9824159821568472  25.0
56459.30078125  0.2221123037805071  1.9025851973341594  25.0
56461.5  1.9634648656094702  2.6103594974761086  25.0
56463.30078125  -1.0380950877395017  1.766784500630653  25.0
56469.5  2.1088884226429023  2.1004439787628773  25.0
56471.3984375  -0.2662990812466284  2.7150331065195643  25.0
56474.3984375  0.19167250475936226  1.9244823550062882  25.0
56477.30078125  0.7705195447455278  1.791627324851421  25.0
56480.3984375  1.8678249086709902  1.928606438004828  25.0
56482.30078125  0.03731329409638481  2.1088884226429023  25.0
56485.30078125  0.9461865643896414  2.5246371922680866  25.0
56488.30078125  -0.10428084257850058  1.853096014063626  25.0
56490.30078125  -0.15386824672903174  1.818924933625407  25.0
56492.3984375  -1.5370131454339886  1.7067886446927678  25.0
56498.3984375  1.9984214321555853  2.5347509345934336  25.0
56506.30078125  1.2234832939430706  2.068531217706874  25.0
56511.30078125  -0.23733219743832773  2.2145439829652567  25.0
56517.30078125  1.1726194163396906  1.7721851390205665  25.0
56519.30078125  0.5488000308409828  2.0967126388182855  25.0
56525.30078125  -0.08974829023435146  2.099167423371503  25.0
56541.30078125  0.30164853131273384  3.0056841299915398  25.0
