#Date  :
#Flux  :
#Fluxerr  :
#ZP  :
#end  :
@INSTRUMENT  PS
@BAND  PS_r
@MAGSYS  AB
54875.1477625  0.0  0.9891231353871377  25.0
54880.134107499995  0.0  0.9891231353871377  25.0
54885.12045249999  0.0  0.9891231353871377  25.0
54890.10679749999  0.0  0.9891231353871377  25.0
54895.09314249999  0.0  0.9891231353871377  25.0
54900.079487499985  0.0  0.9891231353871377  25.0
54905.06583249998  0.0  0.9891231353871377  25.0
54910.05217749998  0.0  0.9891231353871377  25.0
54915.03852249998  0.0  0.9891231353871377  25.0
54920.024867499975  0.0  0.9891231353871377  25.0
54925.01121249997  0.0  0.9891231353871377  25.0
54929.99755749997  0.0  0.9891231353871377  25.0
54934.98390249997  0.0  0.9891231353871377  25.0
54939.970247499965  0.0  0.9891231353871377  25.0
54944.95659249996  0.0  0.9891231353871377  25.0
54949.94293749996  0.0  0.9891231353871377  25.0
54954.92928249996  0.0  0.9891231353871377  25.0
54959.915627499955  0.0  0.9891231353871377  25.0
54964.90197249995  0.0  0.9891231353871377  25.0
54969.88831749995  0.0  0.9891231353871377  25.0
54974.87466249995  0.0  0.9891231353871377  25.0
54979.861007499945  0.0  0.9891231353871377  25.0
54984.84735249994  0.0  0.9891231353871377  25.0
54989.83369749994  0.0  0.9891231353871377  25.0
54994.82004249994  0.0  0.9891231353871377  25.0
54999.806387499935  0.0  0.9891231353871377  25.0
55004.79273249993  0.0  0.9891231353871377  25.0
55009.77907749993  0.0  0.9891231353871377  25.0
55014.76542249993  0.0  0.9891231353871377  25.0
55019.751767499925  0.0  0.9891231353871377  25.0
55024.73811249992  0.0  0.9891231353871377  25.0
55029.72445749992  0.0  0.9891231353871377  25.0
55034.71080249992  0.0  0.9891231353871377  25.0
55039.697147499915  0.0  0.9891231353871377  25.0
55044.68349249991  0.0  0.9891231353871377  25.0
55049.66983749991  0.0  0.9891231353871377  25.0
55054.65618249991  0.0  0.9891231353871377  25.0
55059.642527499906  0.0  0.9891231353871377  25.0
55064.6288724999  0.0  0.9891231353871377  25.0
55069.6152174999  0.0  0.9891231353871377  25.0
55074.6015624999  0.0  0.9891231353871377  25.0
55079.587907499896  0.0  0.9891231353871377  25.0
55084.57425249989  0.0  0.9891231353871377  25.0
55089.56059749989  0.0  0.9891231353871377  25.0
55094.54694249989  0.0  0.9891231353871377  25.0
55099.533287499886  0.0  0.9891231353871377  25.0
55104.51963249988  0.0  0.9891231353871377  25.0
55109.50597749988  0.0  0.9891231353871377  25.0
55114.49232249988  0.0  0.9891231353871377  25.0
55119.478667499876  0.0  0.9891231353871377  25.0
55124.46501249987  0.0  0.9891231353871377  25.0
55129.45135749987  0.0  0.9891231353871377  25.0
55134.43770249987  0.0  0.9891231353871377  25.0
55139.424047499866  0.0  0.9891231353871377  25.0
55144.41039249986  0.0  0.9891231353871377  25.0
55149.39673749986  0.0  0.9891231353871377  25.0
55154.38308249986  0.0  0.9891231353871377  25.0
55159.369427499856  0.0  0.9891231353871377  25.0
55164.35577249985  0.0  0.9891231353871377  25.0
55169.34211749985  0.0  0.9891231353871377  25.0
55174.32846249985  0.0  0.9891231353871377  25.0
55179.314807499846  0.0  0.9891231353871377  25.0
55184.301152499844  0.0  0.9891231353871377  25.0
55189.28749749984  0.0  0.9891231353871377  25.0
55194.27384249984  0.0  0.9891231353871377  25.0
55199.260187499836  0.0  0.9891231353871377  25.0
55204.246532499834  0.0  0.9891231353871377  25.0
55209.23287749983  0.0  0.9891231353871377  25.0
55214.21922249983  0.0  0.9891231353871377  25.0
55219.20556749983  0.0  0.9891231353871377  25.0
55224.191912499824  0.0  0.9891231353871377  25.0
55229.17825749982  0.0  0.9891231353871377  25.0
55234.16460249982  0.0  0.9891231353871377  25.0
55239.15094749982  0.0  0.9891231353871377  25.0
55244.137292499814  0.0  0.9891231353871377  25.0
55249.12363749981  0.0  0.9891231353871377  25.0
55254.10998249981  0.0  0.9891231353871377  25.0
55259.09632749981  0.0  0.9891231353871377  25.0
55264.082672499804  0.0  0.9891231353871377  25.0
55269.0690174998  0.0  0.9891231353871377  25.0
55274.0553624998  0.0  0.9891231353871377  25.0
55279.0417074998  0.0  0.9891231353871377  25.0
55284.028052499794  0.0  0.9891231353871377  25.0
55289.01439749979  0.0  0.9891231353871377  25.0
55294.00074249979  0.0  0.9891231353871377  25.0
55298.98708749979  0.0  0.9891231353871377  25.0
55303.973432499784  0.0  0.9891231353871377  25.0
55308.95977749978  0.0  0.9891231353871377  25.0
55313.94612249978  0.0  0.9891231353871377  25.0
55318.93246749978  0.0  0.9891231353871377  25.0
55323.918812499775  0.0  0.9891231353871377  25.0
55328.90515749977  0.0  0.9891231353871377  25.0
55333.89150249977  0.0  0.9891231353871377  25.0
55338.87784749977  0.0  0.9891231353871377  25.0
55343.864192499765  0.0  0.9891231353871377  25.0
55348.85053749976  0.0  0.9891231353871377  25.0
55353.83688249976  0.0  0.9891231353871377  25.0
55358.82322749976  0.0  0.9891231353871377  25.0
55363.809572499755  0.0  0.9891231353871377  25.0
55368.79591749975  0.0  0.9891231353871377  25.0
55373.78226249975  0.0  0.9891231353871377  25.0
55378.76860749975  0.0  0.9891231353871377  25.0
55383.754952499745  0.0  0.9891231353871377  25.0
55388.74129749974  0.0  0.9891231353871377  25.0
55393.72764249974  0.0  0.9891231353871377  25.0
55398.71398749974  0.0  0.9891231353871377  25.0
55403.700332499735  0.0  0.9891231353871377  25.0
55408.68667749973  0.0  0.9891231353871377  25.0
55413.67302249973  0.0  0.9891231353871377  25.0
55418.65936749973  0.0  0.9891231353871377  25.0
55423.645712499725  0.0  0.9891231353871377  25.0
55428.63205749972  0.0  0.9891231353871377  25.0
55433.61840249972  0.0  0.9891231353871377  25.0
55438.60474749972  0.0  0.9891231353871377  25.0
55443.591092499715  0.0  0.9891231353871377  25.0
55448.57743749971  0.0  0.9891231353871377  25.0
55453.56378249971  0.0  0.9891231353871377  25.0
55458.55012749971  0.0  0.9891231353871377  25.0
55463.536472499705  0.0  0.9891231353871377  25.0
55468.5228174997  0.0  0.9891231353871377  25.0
55473.5091624997  0.0  0.9891231353871377  25.0
55478.4955074997  0.0  0.9891231353871377  25.0
55483.481852499695  0.0  0.9891231353871377  25.0
55488.46819749969  0.0  0.9891231353871377  25.0
55493.45454249969  0.0  0.9891231353871377  25.0
55498.44088749969  0.0  0.9891231353871377  25.0
55503.427232499685  0.0  0.9891231353871377  25.0
55508.41357749968  0.0  0.9891231353871377  25.0
55513.39992249968  0.0  0.9891231353871377  25.0
55518.38626749968  0.0  0.9891231353871377  25.0
55523.372612499676  0.0  0.9891231353871377  25.0
55528.35895749967  0.0  0.9891231353871377  25.0
55533.34530249967  0.0  0.9891231353871377  25.0
55538.33164749967  0.0  0.9891231353871377  25.0
55543.317992499666  0.0  0.9891231353871377  25.0
55548.30433749966  0.0  0.9891231353871377  25.0
55553.29068249966  0.0  0.9891231353871377  25.0
55558.27702749966  0.0  0.9891231353871377  25.0
55563.263372499656  0.0  0.9891231353871377  25.0
55568.24971749965  0.0  0.9891231353871377  25.0
55573.23606249965  0.0  0.9891231353871377  25.0
55578.22240749965  0.0  0.9891231353871377  25.0
55583.208752499646  0.0  0.9891231353871377  25.0
55588.19509749964  0.0  0.9891231353871377  25.0
55593.18144249964  0.0  0.9891231353871377  25.0
55598.16778749964  0.0  0.9891231353871377  25.0
55603.154132499636  0.0  0.9891231353871377  25.0
55608.14047749963  0.0  0.9891231353871377  25.0
55613.12682249963  0.0  0.9891231353871377  25.0
55618.11316749963  0.0  0.9891231353871377  25.0
55623.099512499626  0.0  0.9891231353871377  25.0
55628.085857499624  0.0  0.9891231353871377  25.0
55633.07220249962  0.0  0.9891231353871377  25.0
55638.05854749962  0.0  0.9891231353871377  25.0
55643.044892499616  0.0  0.9891231353871377  25.0
55648.031237499614  0.0  0.9891231353871377  25.0
55653.01758249961  0.0  0.9891231353871377  25.0
55658.00392749961  0.0  0.9891231353871377  25.0
55662.99027249961  0.0  0.9891231353871377  25.0
55667.976617499604  0.0  0.9891231353871377  25.0
55672.9629624996  0.0  0.9891231353871377  25.0
55677.9493074996  0.0  0.9891231353871377  25.0
55682.9356524996  0.0  0.9891231353871377  25.0
55687.921997499594  0.0  0.9891231353871377  25.0
55692.90834249959  0.0  0.9891231353871377  25.0
55697.89468749959  0.0  0.9891231353871377  25.0
55702.88103249959  0.0  0.9891231353871377  25.0
55707.867377499584  0.0  0.9891231353871377  25.0
55712.85372249958  0.0  0.9891231353871377  25.0
55717.84006749958  0.0  0.9891231353871377  25.0
55722.82641249958  0.0  0.9891231353871377  25.0
55727.812757499574  0.0  0.9891231353871377  25.0
55732.79910249957  0.0  0.9891231353871377  25.0
55737.78544749957  0.0  0.9891231353871377  25.0
55742.77179249957  0.0  0.9891231353871377  25.0
55747.758137499564  0.0  0.9891231353871377  25.0
55752.74448249956  0.0  0.9891231353871377  25.0
55757.73082749956  0.0  0.9891231353871377  25.0
55762.71717249956  0.0  0.9891231353871377  25.0
55767.703517499554  0.0  0.9891231353871377  25.0
55772.68986249955  0.0  0.9891231353871377  25.0
55777.67620749955  0.0  0.9891231353871377  25.0
55782.66255249955  0.0  0.9891231353871377  25.0
55787.648897499545  0.0  0.9891231353871377  25.0
55792.63524249954  0.0  0.9891231353871377  25.0
55797.62158749954  0.0  0.9891231353871377  25.0
55802.60793249954  0.0  0.9891231353871377  25.0
55807.594277499535  0.0  0.9891231353871377  25.0
55812.58062249953  0.0  0.9891231353871377  25.0
55817.56696749953  0.0  0.9891231353871377  25.0
55822.55331249953  0.0  0.9891231353871377  25.0
55827.539657499525  0.0  0.9891231353871377  25.0
55832.52600249952  0.0  0.9891231353871377  25.0
55837.51234749952  0.0  0.9891231353871377  25.0
55842.49869249952  0.0  0.9891231353871377  25.0
55847.485037499515  0.0  0.9891231353871377  25.0
55852.47138249951  0.0  0.9891231353871377  25.0
55857.45772749951  0.0  0.9891231353871377  25.0
55862.44407249951  0.0  0.9891231353871377  25.0
55867.430417499505  0.0  0.9891231353871377  25.0
55872.4167624995  0.0  0.9891231353871377  25.0
55877.4031074995  0.0  0.9891231353871377  25.0
55882.3894524995  0.0  0.9891231353871377  25.0
55887.375797499495  0.0  0.9891231353871377  25.0
55892.36214249949  0.0  0.9891231353871377  25.0
55897.34848749949  0.0  0.9891231353871377  25.0
55902.33483249949  0.0  0.9891231353871377  25.0
55907.321177499485  0.0  0.9891231353871377  25.0
55912.30752249948  0.0  0.9891231353871377  25.0
55917.29386749948  0.0  0.9891231353871377  25.0
55922.28021249948  0.0  0.9891231353871377  25.0
55927.266557499475  0.0  0.9891231353871377  25.0
55932.25290249947  0.0  0.9891231353871377  25.0
55937.23924749947  0.0  0.9891231353871377  25.0
55942.22559249947  0.0  0.9891231353871377  25.0
55947.211937499465  0.0  0.9891231353871377  25.0
55952.19828249946  0.0  0.9891231353871377  25.0
55957.18462749946  0.0  0.9891231353871377  25.0
55962.17097249946  0.0  0.9891231353871377  25.0
55967.157317499456  0.0  0.9891231353871377  25.0
55972.14366249945  0.0  0.9891231353871377  25.0
55977.13000749945  0.0  0.9891231353871377  25.0
55982.11635249945  0.0  0.9891231353871377  25.0
55987.102697499446  0.0  0.9891231353871377  25.0
55992.08904249944  0.0  0.9891231353871377  25.0
55997.07538749944  0.0  0.9891231353871377  25.0
56002.06173249944  0.0  0.9891231353871377  25.0
56007.048077499436  0.0  0.9891231353871377  25.0
56012.03442249943  0.0  0.9891231353871377  25.0
56017.02076749943  0.0  0.9891231353871377  25.0
56022.00711249943  0.0  0.9891231353871377  25.0
56026.993457499426  0.0  0.9891231353871377  25.0
56031.97980249942  0.0  0.9891231353871377  25.0
56036.96614749942  0.0  0.9891231353871377  25.0
56041.95249249942  0.0  0.9891231353871377  25.0
56046.938837499416  0.0  0.9891231353871377  25.0
56051.92518249941  0.0  0.9891231353871377  25.0
56056.91152749941  0.0  0.9891231353871377  25.0
56061.89787249941  0.0  0.9891231353871377  25.0
56066.884217499406  0.0  0.9891231353871377  25.0
56071.8705624994  0.0  0.9891231353871377  25.0
56076.8569074994  0.0  0.9891231353871377  25.0
56081.8432524994  0.0  0.9891231353871377  25.0
56086.829597499396  0.0  0.9891231353871377  25.0
56091.815942499394  0.0  0.9891231353871377  25.0
56096.80228749939  0.0  0.9891231353871377  25.0
56101.78863249939  0.0  0.9891231353871377  25.0
56106.774977499386  0.0  0.9891231353871377  25.0
56111.761322499384  0.0  0.9891231353871377  25.0
56116.74766749938  0.0  0.9891231353871377  25.0
56121.73401249938  0.0  0.9891231353871377  25.0
56126.72035749938  0.0  0.9891231353871377  25.0
55074.6015625  -1.1960919683632323  1.0760618012569458  25.0
55083.6015625  -0.4062033047720415  1.7718647719484242  25.0
55086.6015625  -0.047287585546451585  1.624911069209691  25.0
55089.6015625  0.8587151132403161  0.9460454130173171  25.0
55095.6015625  -0.1929685860440629  1.0294595604592636  25.0
55098.6015625  0.7491606512960904  1.0122284154902734  25.0
55101.6015625  -1.0579495383520447  0.8264068331340054  25.0
55104.6015625  -0.8997368159526473  0.9630806710063835  25.0
55161.3984375  -0.8815267029262209  0.8783938184055519  25.0
55170.3984375  -0.6543896807561727  1.5168251527200565  25.0
55173.3984375  -0.261892932498932  0.6352005063038735  25.0
55176.3984375  0.12022599573093726  1.0027317250698673  25.0
55179.3984375  -0.01938497244043193  0.4378262605539286  25.0
55188.30078125  0.7064745628334628  1.0296553540707507  25.0
55191.30078125  -0.3792797224553764  0.8146583761288412  25.0
55203.30078125  -0.18591951417517527  0.48344948660995646  25.0
55206.30078125  0.5061631794901176  0.4911838944743223  25.0
55215.19921875  0.36478994481040833  0.7524893761124651  25.0
55413.6015625  0.48628868071339476  0.7031458380170881  25.0
55416.6015625  -0.03377684598524724  1.0058647029589731  25.0
55422.6015625  -3.3189424185383936  1.260121147741392  25.0
55425.6015625  -0.12335891526477014  0.6521378674871962  25.0
55428.6015625  0.928031093602378  1.2635477693635102  25.0
55446.6015625  0.26815879490870687  0.8064344842357571  25.0
55449.6015625  0.1664366376345906  0.70784521148231  25.0
55452.6015625  0.5971158945007242  1.0915306169856775  25.0
55455.6015625  -0.65517290188634  0.645676211465934  25.0
55458.6015625  0.17231086613717272  0.9412481427463515  25.0
55467.6015625  -0.13138703688847603  1.1303005531132506  25.0
55476.6015625  1.6478205090171214  0.7885180149423434  25.0
55479.6015625  0.24006035755468172  1.8370688063639442  25.0
55482.6015625  0.01723108661371727  0.5666677937561971  25.0
55485.6015625  0.2283119005495175  1.3181781084427895  25.0
55500.3984375  -1.0658797865121161  0.5958431426576205  25.0
55503.3984375  -0.14049209340168922  1.08546054818739  25.0
55509.5  -1.9647355778972893  0.9652345874696164  25.0
55530.5  -0.6503756316153744  3.277529035234651  25.0
55587.30078125  -0.19032518555211186  1.3306118897723773  25.0
55590.30078125  -0.15831060753408652  0.8948416955601564  25.0
55593.30078125  -0.2652216806574158  0.8392322016865678  25.0
55596.30078125  -0.6617324547133457  1.1175730346822135  25.0
55809.6015625  -0.37555936373180887  0.5231005406734403  25.0
55812.5  -0.007146984722331285  0.6093538822188248  25.0
55824.6015625  0.5769477053067704  0.7807836070779776  25.0
55828.5  -0.21245147425570213  0.4473229042901163  25.0
55829.5  1.8370688063639442  0.9204925260337178  25.0
55833.6015625  0.6827818085274288  0.7126424817532757  25.0
55836.6015625  -0.19022727707531367  1.2024556808945324  25.0
55839.5  1.7642283542582387  1.3307098332623393  25.0
55852.6015625  -0.13990467755406374  1.5086012608269723  25.0
55855.5  1.7579623984800272  0.8256235653196198  25.0
55858.3984375  -0.20119252462136517  0.4902048330484495  25.0
55863.5  -2.2322088850868083  1.2080362189798837  25.0
55887.3984375  0.9100167741874389  1.1095449364006167  25.0
55895.30078125  -0.10955446194422577  0.610528737256185  25.0
55911.30078125  -0.4158957888039347  0.732419083724255  25.0
55941.30078125  -3.5990454874058613  3.327655561039104  25.0
56161.6015625  20.00705431959503  0.8919045112825379  25.0
56206.6015625  3.1820725069492184  2.084667708145177  25.0
56209.6015625  2.098961668836549  0.7875389535164705  25.0
56213.3984375  3.6110874014071648  1.8880767302096177  25.0
56217.5  2.7441483962737645  0.9855986169592758  25.0
56220.5  0.8817224965377082  1.9941066737259816  25.0
56235.5  -0.21783617204534783  0.7955671451665038  25.0
56238.3984375  -0.2012904214271088  1.2265400691077593  25.0
56241.3984375  1.389354268166635  1.6986327326197441  25.0
56242.3984375  1.980889624582008  1.0870269904477246  25.0
56268.30078125  0.7144047643093159  0.547478619303898  25.0
56271.30078125  -0.6251164350490057  0.8762399019423189  25.0
56302.30078125  2.1078710717909295  0.8304209289590221  25.0
56507.6015625  -0.43606397799788843  1.0926075285330759  25.0
56512.6015625  0.04983308631489536  0.9927455973049615  25.0
56518.6015625  -0.3843707298277912  0.416679009934102  25.0
56534.6015625  -0.8825057643520938  0.7532725972426324  25.0
56537.6015625  -0.28725004921315334  0.4766940934872451  25.0
56538.6015625  0.5305412581205753  0.6652570198254261  25.0
56545.6015625  -0.27608899638456  0.8045743048739734  25.0
56567.6015625  -0.1379466013865364  1.347353504028431  25.0
56574.6015625  -0.1442124521252567  0.7494543883975395  25.0
56590.5  -0.5297579903061898  0.9926476538149996  25.0
56593.5  -0.19336020828020112  1.2863593590494151  25.0
56619.3984375  1.2327079880275722  1.214497875001146  25.0
56622.3984375  -0.13334511305600338  1.0832087816026317  25.0
56625.30078125  2.6573077205781366  0.8707573073469296  25.0
56626.30078125  3.3762161114254057  3.574177738009812  25.0
56630.30078125  1.5408115974433212  1.0567746833146847  25.0
56633.30078125  1.1493917840755878  0.9976407176974526  25.0
56636.30078125  1.2495474524051513  1.779207639274034  25.0
56649.3984375  2.166613263448314  1.571455585167772  25.0
56655.3984375  0.5014638060248956  1.0723414425333784  25.0
56656.3984375  1.419802368911162  1.014088594852057  25.0
56663.30078125  2.7887927009565745  1.29262522145919  25.0
