56143.396148322005    1.8908954620291891     0.609666001864992      25    
56143.896148322005    2.170811785843853      0.6152663267409253     25    
56144.396148322005    2.469295531795675      0.6221644317685041     25    
56144.896148322005    2.7858662869323028     0.6398516539589795     25    
56145.396148322005    3.1206378155277523     0.6748540937845432     25    
56145.896148322005    3.4734139948546106     0.7122355502238078     25    
56146.396148322005    3.8437674327954054     0.7353696596395584     25    
56146.896148322005    4.231887305872538      0.7451363424229617     25    
56147.396148322005    4.63744905827532       0.7506096051136955     25    
56147.896148322005    5.060113665944426      0.7582865136779517     25    
56148.396148322005    5.500075023204125      0.7661473100235054     25    
56148.896148322005    5.95691548838372       0.7735330177324953     25    
56149.396148322005    6.430419752705283      0.780291898481148      25    
56149.896148322005    6.920715733848438      0.7865444847082238     25    
56150.396148322005    7.427328051505734      0.7927035862228665     25    
56150.896148322005    7.950200459403899      0.7985764313767562     25    
56151.396148322005    8.489324204131403      0.804504303349662      25    
56151.896148322005    9.04426598914405       0.8119311118793924     25    
56152.396148322005    9.616494331499357      0.8250703904038441     25    
56152.896148322005    10.203455628617936     0.836598385874611      25    
56153.396148322005    10.802625664257485     0.8340630269358359     25    
56153.896148322005    11.423629724985975     0.8101104102752048     25    
56154.396148322005    12.042262444024423     0.7873059644168579     25    
56154.896148322005    12.636919443594158     0.7929580302437323     25    
56155.396148322005    13.22222858074033      0.8231643971889262     25    
56155.896148322005    13.761332451510977     0.8554993483337099     25    
56156.396148322005    14.23221844812743      0.8765443927223843     25    
56156.896148322005    14.647624509691015     0.8932884869579303     25    
56157.396148322005    14.972853035158703     0.9059473531056691     25    
56157.896148322005    15.186687035628383     0.9112336544149577     25    
56158.396148322005    15.306229513286828     0.9125866572604054     25    
56158.896148322005    15.348982505418137     0.9210899277247542     25    
56159.396148322005    15.303316363592103     0.9408128068234864     25    
56159.896148322005    15.189164603591452     0.9645132526570842     25    
56160.396148322005    15.045975633165346     0.9860891209595358     25    
56160.896148322005    14.859336417523417     1.0109313491754983     25    
56161.396148322005    14.652364601269445     1.02792374418524       25    
56161.896148322005    14.458392949275021     1.0227375732711328     25    
56162.396148322005    14.267525988050036     0.9965765584806267     25    
56162.896148322005    14.080673921166898     0.9613990251374622     25    
56163.396148322005    13.903752096726292     0.9216215371883779     25    
56163.896148322005    13.735002319631029     0.8721692918033048     25    
56164.396148322005    13.561004483703249     0.8363572075481082     25    
56164.896148322005    13.37859684015916      0.8363667351718308     25    
56165.396148322005    13.189058895014542     0.8565030235865922     25    
56165.896148322005    12.979989789487444     0.8676195372700882     25    
56166.396148322005    12.748046979464966     0.8626031633105256     25    
56166.896148322005    12.49757811763967      0.8512252542235207     25    
56167.396148322005    12.2303439314063       0.8378104080795511     25    
56167.896148322005    11.942833309026017     0.818267242053956      25    
56168.396148322005    11.64277322335809      0.8006505185840437     25    
56168.896148322005    11.338738044629348     0.7982501895447635     25    
56169.396148322005    11.026320712121091     0.8124079625968961     25    
56169.896148322005    10.713713719808121     0.8242626328599436     25    
56170.396148322005    10.408066212509253     0.8201095985518004     25    
56170.896148322005    10.106011069395574     0.8060517963507712     25    
56171.396148322005    9.809685215638295      0.7821200487355184     25    
56171.896148322005    9.521124577400391      0.740326236983431      25    
56172.396148322005    9.23884709350721       0.6843205888787359     25    
56172.896148322005    8.960156433248587      0.642377604664662      25    
56173.396148322005    8.685249351988208      0.6317915524098777     25    
56173.896148322005    8.413577653781696      0.6355893579054589     25    
56174.396148322005    8.142641894257194      0.63383221664653       25    
56174.896148322005    7.872160562649317      0.6266534843183246     25    
56175.396148322005    7.603221032773651      0.6174962024083686     25    
56175.896148322005    7.336293640356095      0.6049277330078098     25    
56176.396148322005    7.070453782168316      0.5860404499208873     25    
56176.896148322005    6.808595922339921      0.5716543231758932     25    
56177.396148322005    6.552755657389186      0.5745177290627917     25    
56177.896148322005    6.301726032860071      0.5910613773727108     25    
56178.396148322005    6.058552680005794      0.6048599783768213     25    
56178.896148322005    5.825028630651368      0.6100117662067231     25    
56179.396148322005    5.600040960083014      0.6103261000451373     25    
56179.896148322005    5.383661119860375      0.5969648550819865     25    
56180.396148322005    5.176781831627914      0.5562738506821433     25    
56180.896148322005    4.97815723184139       0.5009211690284351     25    
56181.396148322005    4.785271412986841      0.46413144638271636    25    
56181.896148322005    4.598902168238174      0.4582843940023909     25    
56182.396148322005    4.417767884664297      0.463510756668932      25    
56182.896148322005    4.2395220401759826     0.4614811701660936     25    
56183.396148322005    4.0646057687666755     0.4566582309648723     25    
56183.896148322005    3.893300309343361      0.4477076701121684     25    
56184.396148322005    3.7252187645339494     0.4287916186002388     25    
56184.896148322005    3.5601947893214203     0.3988963792619513     25    
56185.396148322005    3.400533133377041      0.3712162626046504     25    
56185.896148322005    3.247056059639872      0.357667869427306      25    
56186.396148322005    3.099317164710051      0.3530258380742809     25    
56186.896148322005    2.9597230520337723     0.3505605446325277     25    
56187.396148322005    2.8290356990561407     0.34935024559713534    25    
56187.896148322005    2.706560599477833      0.34974638768394495    25    
56188.396148322005    2.5923703373467966     0.34789975001491735    25    
56188.896148322005    2.487313823982427      0.3431743423131867     25    
56189.396148322005    2.3897090297586083     0.336977687963251      25    
56189.896148322005    2.297423612531925      0.329850315947773      25    
56190.396148322005    2.211496409453949      0.32016495198073963    25    
56190.896148322005    2.1300559461588984     0.312230534667028      25    
56191.396148322005    2.05126532627786       0.3126113729867066     25    
56191.896148322005    1.976037995338019      0.3209777053312009     25    
56192.396148322005    1.9029119271526953     0.32451543921080644    25    
56192.896148322005    1.8309884791500832     0.3124679725426374     25    
56193.396148322005    1.7607742596767162     0.2896338964295517     25    
56193.896148322005    1.6916611275360138     0.2692873670170905     25    
56194.396148322005    1.6235926844754787     0.2591115835967944     25    
56194.896148322005    1.5565491456228595     0.25374872359123396    25    
56195.396148322005    1.4899802530240285     0.249181222020934      25    
56195.896148322005    1.4235657605656262     0.24607733173285615    25    
56196.396148322005    1.3579297696388357     0.24350048077491362    25    
56196.896148322005    1.2936474181057793     0.2380824883492997     25    
56197.396148322005    1.2299240365213966     0.22800995684839276    25    
56197.896148322005    1.1687480116097828     0.21951243302189127    25    
56198.396148322005    1.111861067894704      0.2197901280753972     25    
56198.896148322005    1.0582427157832068     0.2273015485506964     25    
56199.396148322005    1.0101902367404434     0.23703461922169886    25    
56199.896148322005    0.9693996655153811     0.24766653074181771    25    
56200.396148322005    0.9349688656121504     0.259769775369426      25    
56200.896148322005    0.9068012329225689     0.26689219917084467    25    
56201.396148322005    0.8861025880244543     0.26348824656654163    25    
56201.896148322005    0.8714485475519929     0.25552747112923596    25    
56202.396148322005    0.8588244917308816     0.2549436966685405     25    
56202.896148322005    0.8492136413283861     0.26603587731959855    25    
56203.396148322005    0.8408884331273669     0.2803248562137316     25    
56203.896148322005    0.8298377957916943     0.2907176232897251     25    
56204.396148322005    0.8169730693421071     0.3002970964935875     25    
56204.896148322005    0.8015593591529777     0.3048653476152998     25    
56205.396148322005    0.7818304501314428     0.29787759213632137    25    
56205.896148322005    0.7578291944855698     0.2789469162969103     25    
56206.396148322005    0.7321677149537977     0.2557496765681925     25    
56206.896148322005    0.706007906774439      0.23336348901450268    25    
56207.396148322005    0.6786285297693627     0.20820401265336308    25    
56207.896148322005    0.6530498724953187     0.18694113331410359    25    
56208.396148322005    0.6301725704677232     0.17577243522243025    25    
56208.896148322005    0.6094691089608573     0.17274875383826244    25    
56209.396148322005    0.5924635536000475     0.17474404692526146    25    
56209.896148322005    0.5799180251672575     0.17768495074862534    25    
56210.396148322005    0.5705869180041437     0.18783882154591935    25    
56210.896148322005    0.5630971038274976     0.21314671344186034    25    
56211.396148322005    0.5581139629244699     0.252948822070105      25    
56211.896148322005    0.554429976086466      0.2908310924627911     25    
56212.396148322005    0.5505850377891753     0.31900541568004703    25    
56212.896148322005    0.5472205083585977     0.3444741982648809     25    
56213.396148322005    0.5434404227556706     0.35873177272432977    25    
56213.896148322005    0.5383763949534945     0.3532238260950334     25    
56214.396148322005    0.5324206045654771     0.3313241669823548     25    
56214.896148322005    0.5259535895203377     0.3035493785281025     25    
56215.396148322005    0.518987394105442      0.27214778923878585    25    
56215.896148322005    0.5115583697638126     0.23339592414551164    25    
56216.396148322005    0.5042129602548792     0.1984828903443104     25    
56216.896148322005    0.4969235774243626     0.17489163566740462    25    
56217.396148322005    0.4897663021983996     0.1598813942993128     25    
56217.896148322005    0.4831143394904466     0.15054891508206397    25    
56218.396148322005    0.4769478290517394     0.15052930360107836    25    
56218.896148322005    0.4712100911571063     0.15548439775626385    25    
56219.396148322005    0.4659144390397847     0.15905011155298607    25    
56219.896148322005    0.46106741411548147    0.16289647271196828    25    
56220.396148322005    0.4566273915503771     0.1672889410858362     25    
56220.896148322005    0.4525699689790494     0.17213394918854524    25    
56221.396148322005    0.44890992637672794    0.17750542636218794    25    
56221.896148322005    0.44560419921701444    0.18235411311012645    25    
56222.396148322005    0.44264216903448916    0.18684747860634046    25    
56222.896148322005    0.44002803580324534    0.19077696454867657    25    
56223.396148322005    0.4377159990892032     0.19184393044731574    25    
56223.896148322005    0.4357111295766114     0.1888497805663298     25    
56224.396148322005    0.434001832765541      0.18336610469014297    25    
56224.896148322005    0.4325453601026548     0.1767837103691934     25    
56225.396148322005    0.43135694097592364    0.16359157699405846    25    
56225.896148322005    0.43041140763412333    0.15516460007448868    25    
56226.396148322005    0.42967273529470834    0.1624361386221908     25    
56226.896148322005    0.4291596936029343     0.16949162501134174    25    
56227.396148322005    0.42883685077949973    0.2156121771113062     25    
56227.896148322005    0.42867821503587217    0.2942092242787488     25    