54367.355301117714    2.8329351700865204    1.5132166475868816    25    
54367.855301117714    3.365221695532746     1.5196664266294468    25    
54368.355301117714    3.9487194283866285    1.570913423852112     25    
54368.855301117714    4.5862112147451715    1.8443004284556603    25    
54369.355301117714    5.277024417563918     2.2358903665182788    25    
54369.855301117714    6.024516426462427     2.46375890509899      25    
54370.355301117714    6.828362619312208     2.5071582331829596    25    
54370.855301117714    7.690715452871484     2.502442260749073     25    
54371.355301117714    8.613246515325326     2.5228514900680725    25    
54371.855301117714    9.595998788815091     2.5380945968406317    25    
54372.355301117714    10.642188587297104    2.54463147642522      25    
54372.855301117714    11.751057820783533    2.542693655464001     25    
54373.355301117714    12.925701316921351    2.5336202813743256    25    
54373.855301117714    14.166405030470592    2.5155115650672895    25    
54374.355301117714    15.474559747864491    2.493174608468167     25    
54374.855301117714    16.85471688046507     2.469040522520693     25    
54375.355301117714    18.30492041053535     2.4442355082278153    25    
54375.855301117714    19.819029666211357    2.4492218095113496    25    
54376.355301117714    21.41931389191086     2.489687469199459     25    
54376.855301117714    23.017907235844902    2.5444410292738313    25    
54377.355301117714    24.591327814821604    2.6097248531454666    25    
54377.855301117714    26.108317935193416    2.6774795740951354    25    
54378.355301117714    27.44866866087824     2.72210656825459      25    
54378.855301117714    28.640584882746886    2.749476436613281     25    
54379.355301117714    29.571013802123574    2.750432565900015     25    
54379.855301117714    30.20091568529638     2.701842525151679     25    
54380.355301117714    30.58304723658832     2.659522564347064     25    
54380.855301117714    30.72473982782833     2.685738038574542     25    
54381.355301117714    30.64105054908863     2.7525548648264873    25    
54381.855301117714    30.441401027426462    2.8362710503741786    25    
54382.355301117714    30.10319582380884     2.9517937866209585    25    
54382.855301117714    29.71625363896757     3.014175747011734     25    
54383.355301117714    29.314934907983698    2.98299086158603      25    
54383.855301117714    28.897998179502196    2.888580323979237     25    
54384.355301117714    28.50402487640212     2.711057110033441     25    
54384.855301117714    28.12356106079635     2.4398775097861503    25    
54385.355301117714    27.76728124264011     2.3204335239972815    25    
54385.855301117714    27.4345028720571      2.465221352026555     25    
54386.355301117714    27.130430630702666    2.616031506920405     25    
54386.855301117714    26.86691787752566     2.6164081051581967    25    
54387.355301117714    26.63168541024963     2.5573111892289897    25    
54387.855301117714    26.40191648217366     2.494684494112582     25    
54388.355301117714    26.18566908402861     2.411098506784571     25    
54388.855301117714    25.935746165536145    2.394239703707069     25    
54389.355301117714    25.64992405883811     2.5144990721860867    25    
54389.855301117714    25.307900501680397    2.643058591971137     25    
54390.355301117714    24.871674330552676    2.6664308965376122    25    
54390.855301117714    24.35466267683244     2.6282853927363896    25    
54391.355301117714    23.765127768152514    2.547579849568491     25    
54391.855301117714    23.093937902266397    2.397236305738331     25    
54392.355301117714    22.38203807220124     2.2740198791439217    25    
54392.855301117714    21.640877768399008    2.271630595610677     25    
54393.355301117714    20.880577454189634    2.3134301836832525    25    
54393.855301117714    20.13949793951672     2.3099650300319174    25    
54394.355301117714    19.40876801859892     2.279748433743447     25    
54394.855301117714    18.718404156606482    2.2262486236132477    25    
54395.355301117714    18.068400362335513    2.1256861129709224    25    
54395.855301117714    17.469978743008426    2.040316026659224     25    
54396.355301117714    16.93401902167057     2.0511829919261584    25    
54396.855301117714    16.46015923464334     2.11109527583172      25    
54397.355301117714    16.06869475566566     2.132181204301309     25    
54397.855301117714    15.758300467729772    2.113024473524085     25    
54398.355301117714    15.524910375731437    2.125917686480411     25    
54398.855301117714    15.373602726699401    2.195012192694653     25    
54399.355301117714    15.2919151645366      2.299259583106162     25    
54399.855301117714    15.26543796848799     2.451740047394562     25    
54400.355301117714    15.297088361213927    2.632796020418482     25    
54400.855301117714    15.366027997751019    2.7184480374388245    25    
54401.355301117714    15.474711282156932    2.6967581463955392    25    
54401.855301117714    15.611411367801965    2.635381403489191     25    
54402.355301117714    15.769423319003833    2.5332820894668555    25    
54402.855301117714    15.948103873376034    2.42817078780898      25    
54403.355301117714    16.136433525828167    2.479337406997601     25    
54403.855301117714    16.33711549281444     2.66468725669337      25    
54404.355301117714    16.53828727737267     2.8107788836676635    25    
54404.855301117714    16.739594976794795    2.894758452996649     25    
54405.355301117714    16.93632914176718     2.937170851010267     25    
54405.855301117714    17.12237379263294     2.911941721043688     25    
54406.355301117714    17.298912857020074    2.8403257624143388    25    
54406.855301117714    17.459397481320927    2.8107595349875147    25    
54407.355301117714    17.605211005970414    2.8278529090469107    25    
54407.855301117714    17.730803029764413    2.848286026174795     25    
54408.355301117714    17.834006259908417    2.8801820267314535    25    
54408.855301117714    17.914864756815202    2.884709005755011     25    
54409.355301117714    17.970525893875415    2.7614895706531706    25    
54409.855301117714    18.001702193816143    2.520949026320461     25    
54410.355301117714    18.010005836438026    2.3333125287716556    25    
54410.855301117714    17.995216154583677    2.2506606261920643    25    
54411.355301117714    17.95842875504921     2.2066076240738566    25    
54411.855301117714    17.901310332545314    2.183365674571463     25    
54412.355301117714    17.82245032012191     2.1726308631707583    25    
54412.855301117714    17.719888143890252    2.0871447120149815    25    
54413.355301117714    17.594803648680557    1.9101094953717217    25    
54413.855301117714    17.438864114621655    1.809518578928977     25    
54414.355301117714    17.25187198280743     1.8938047322164393    25    
54414.855301117714    17.02975319072615     2.020657253525744     25    
54415.355301117714    16.765183848314717    2.082211589456865     25    
54415.855301117714    16.46063213792284     2.1164002137877085    25    
54416.355301117714    16.116663429688774    2.1160736391527966    25    
54416.855301117714    15.73002196629322     2.063598982090772     25    
54417.355301117714    15.315119749835633    2.036478414818867     25    
54417.855301117714    14.875799844386794    2.0981822728184922    25    
54418.355301117714    14.415997432381696    2.1886940930932073    25    
54418.855301117714    13.949855410985256    2.2518070142907853    25    
54419.355301117714    13.474006177345004    2.3022441685890622    25    
54419.855301117714    13.002727144049102    2.2874296820968016    25    
54420.355301117714    12.535785704014387    2.1862211925565767    25    
54420.855301117714    12.079331849205605    2.0255348930709043    25    
54421.355301117714    11.639142693567207    1.7794692228559406    25    
54421.855301117714    11.215052377714729    1.453913960935318     25    
54422.355301117714    10.817747451492359    1.2905999277316613    25    
54422.855301117714    10.445711161375604    1.3605368919946164    25    
54423.355301117714    10.10268279507785     1.432738047604764     25    
54423.855301117714    9.792379343700228     1.4172665643464681    25    
54424.355301117714    9.509670786904843     1.3977317151223256    25    
54424.855301117714    9.250211007549082     1.4298362763416446    25    
54425.355301117714    9.014830186263092     1.494295355789837     25    
54425.855301117714    8.795924589585562     1.5615785103599826    25    
54426.355301117714    8.594443757956299     1.6459545528797086    25    
54426.855301117714    8.40581731614868      1.689668175298776     25    
54427.355301117714    8.227157560033364     1.6425849476024599    25    
54427.855301117714    8.058628961230625     1.5403398648114168    25    
54428.355301117714    7.896661971823669     1.4272327548746337    25    
54428.855301117714    7.742112041132881     1.2885677869289007    25    
54429.355301117714    7.591434192260938     1.1428945406306       25    
54429.855301117714    7.444380155052821     0.9819750102617049    25    
54430.355301117714    7.2998524307532096    0.8340304840984316    25    
54430.855301117714    7.155817883566356     0.7789772679074883    25    
54431.355301117714    7.013055245605156     0.8000534605270738    25    
54431.855301117714    6.8719445655878095    0.806494435090855     25    
54432.355301117714    6.732332914380636     0.8011249310736158    25    
54432.855301117714    6.59493871678607      0.7928983106277862    25    
54433.355301117714    6.4599097008997255    0.7803363999736298    25    
54433.855301117714    6.327478890404554     0.7651735875191192    25    
54434.355301117714    6.198260128897708     0.7500159092203401    25    
54434.855301117714    6.072110023294681     0.7341878879813438    25    
54435.355301117714    5.949807472207592     0.7162066135943971    25    
54435.855301117714    5.83125603971482      0.6866683567826716    25    
54436.355301117714    5.7169845118670874    0.6752565426175856    25    
54436.855301117714    5.607340213497945     0.6913983681097624    25    
54437.355301117714    5.502365428331793     0.7450036018127808    25    
54437.855301117714    5.402785818477047     0.8629307081506653    25    
54438.355301117714    5.308425744210581     0.9976386704947896    25    
54438.855301117714    5.220016128485122     1.298088934413183     25    