#Date  :
#Flux  :
#Fluxerr  :
#ZP  :
#end  :
@INSTRUMENT  PS
@BAND  PS_i
@MAGSYS  AB
54975.0462  0.0  0.796909581674541  25.0
54980.032544999995  0.0  0.796909581674541  25.0
54985.01888999999  0.0  0.796909581674541  25.0
54990.00523499999  0.0  0.796909581674541  25.0
54994.99157999999  0.0  0.796909581674541  25.0
54999.977924999985  0.0  0.796909581674541  25.0
55004.96426999998  0.0  0.796909581674541  25.0
55009.95061499998  0.0  0.796909581674541  25.0
55014.93695999998  0.0  0.796909581674541  25.0
55019.923304999975  0.0  0.796909581674541  25.0
55024.90964999997  0.0  0.796909581674541  25.0
55029.89599499997  0.0  0.796909581674541  25.0
55034.88233999997  0.0  0.796909581674541  25.0
55039.868684999965  0.0  0.796909581674541  25.0
55044.85502999996  0.0  0.796909581674541  25.0
55049.84137499996  0.0  0.796909581674541  25.0
55054.82771999996  0.0  0.796909581674541  25.0
55059.814064999955  0.0  0.796909581674541  25.0
55064.80040999995  0.0  0.796909581674541  25.0
55069.78675499995  0.0  0.796909581674541  25.0
55074.77309999995  0.0  0.796909581674541  25.0
55079.759444999945  0.0  0.796909581674541  25.0
55084.74578999994  0.0  0.796909581674541  25.0
55089.73213499994  0.0  0.796909581674541  25.0
55094.71847999994  0.0  0.796909581674541  25.0
55099.704824999935  0.0  0.796909581674541  25.0
55104.69116999993  0.0  0.796909581674541  25.0
55109.67751499993  0.0  0.796909581674541  25.0
55114.66385999993  0.0  0.796909581674541  25.0
55119.650204999925  0.0  0.796909581674541  25.0
55124.63654999992  0.0  0.796909581674541  25.0
55129.62289499992  0.0  0.796909581674541  25.0
55134.60923999992  0.0  0.796909581674541  25.0
55139.595584999915  0.0  0.796909581674541  25.0
55144.58192999991  0.0  0.796909581674541  25.0
55149.56827499991  0.0  0.796909581674541  25.0
55154.55461999991  0.0  0.796909581674541  25.0
55159.540964999906  0.0  0.796909581674541  25.0
55164.5273099999  0.0  0.796909581674541  25.0
55169.5136549999  0.0  0.796909581674541  25.0
55174.4999999999  0.0  0.796909581674541  25.0
55179.486344999896  0.0  0.796909581674541  25.0
55184.47268999989  0.0  0.796909581674541  25.0
55189.45903499989  0.0  0.796909581674541  25.0
55194.44537999989  0.0  0.796909581674541  25.0
55199.431724999886  0.0  0.796909581674541  25.0
55204.41806999988  0.0  0.796909581674541  25.0
55209.40441499988  0.0  0.796909581674541  25.0
55214.39075999988  0.0  0.796909581674541  25.0
55219.377104999876  0.0  0.796909581674541  25.0
55224.36344999987  0.0  0.796909581674541  25.0
55229.34979499987  0.0  0.796909581674541  25.0
55234.33613999987  0.0  0.796909581674541  25.0
55239.322484999866  0.0  0.796909581674541  25.0
55244.30882999986  0.0  0.796909581674541  25.0
55249.29517499986  0.0  0.796909581674541  25.0
55254.28151999986  0.0  0.796909581674541  25.0
55259.267864999856  0.0  0.796909581674541  25.0
55264.25420999985  0.0  0.796909581674541  25.0
55269.24055499985  0.0  0.796909581674541  25.0
55274.22689999985  0.0  0.796909581674541  25.0
55279.213244999846  0.0  0.796909581674541  25.0
55284.199589999844  0.0  0.796909581674541  25.0
55289.18593499984  0.0  0.796909581674541  25.0
55294.17227999984  0.0  0.796909581674541  25.0
55299.158624999836  0.0  0.796909581674541  25.0
55304.144969999834  0.0  0.796909581674541  25.0
55309.13131499983  0.0  0.796909581674541  25.0
55314.11765999983  0.0  0.796909581674541  25.0
55319.10400499983  0.0  0.796909581674541  25.0
55324.090349999824  0.0  0.796909581674541  25.0
55329.07669499982  0.0  0.796909581674541  25.0
55334.06303999982  0.0  0.796909581674541  25.0
55339.04938499982  0.0  0.796909581674541  25.0
55344.035729999814  0.0  0.796909581674541  25.0
55349.02207499981  0.0  0.796909581674541  25.0
55354.00841999981  0.0  0.796909581674541  25.0
55358.99476499981  0.0  0.796909581674541  25.0
55363.981109999804  0.0  0.796909581674541  25.0
55368.9674549998  0.0  0.796909581674541  25.0
55373.9537999998  0.0  0.796909581674541  25.0
55378.9401449998  0.0  0.796909581674541  25.0
55383.926489999794  0.0  0.796909581674541  25.0
55388.91283499979  0.0  0.796909581674541  25.0
55393.89917999979  0.0  0.796909581674541  25.0
55398.88552499979  0.0  0.796909581674541  25.0
55403.871869999784  0.0  0.796909581674541  25.0
55408.85821499978  0.0  0.796909581674541  25.0
55413.84455999978  0.0  0.796909581674541  25.0
55418.83090499978  0.0  0.796909581674541  25.0
55423.817249999775  0.0  0.796909581674541  25.0
55428.80359499977  0.0  0.796909581674541  25.0
55433.78993999977  0.0  0.796909581674541  25.0
55438.77628499977  0.0  0.796909581674541  25.0
55443.762629999765  0.0  0.796909581674541  25.0
55448.74897499976  0.0  0.796909581674541  25.0
55453.73531999976  0.0  0.796909581674541  25.0
55458.72166499976  0.0  0.796909581674541  25.0
55463.708009999755  0.0  0.796909581674541  25.0
55468.69435499975  0.0  0.796909581674541  25.0
55473.68069999975  0.0  0.796909581674541  25.0
55478.66704499975  0.0  0.796909581674541  25.0
55174.5  -0.13654856489059988  0.667134454267162  25.0
55180.5  0.23068950897953514  0.6517224247608754  25.0
55183.5  0.6444581706855865  0.7168063291441157  25.0
55189.5  0.34151866188502794  0.36017013706985757  25.0
55192.3984375  -0.48160119517576655  0.5593484531697399  25.0
55204.5  -0.0920794781252138  0.48552782153046753  25.0
55207.5  0.5976330835326137  0.4114126671695994  25.0
55210.3984375  -0.3429911350657712  3.1343343949971834  25.0
55213.3984375  0.0259157585157926  0.5887981976390757  25.0
55219.5  -1.7416568375207953  1.5200966435382368  25.0
55222.3984375  0.048984711754200036  0.6604591988259861  25.0
55231.3984375  -1.1674852598607248  0.7813993935307486  25.0
55234.3984375  0.9762583785122894  0.8698467387671831  25.0
55237.5  0.153334908940124  0.9333600113321744  25.0
55240.3984375  -0.4846443001747588  0.5461942595623995  25.0
55243.30078125  0.5862458858276122  1.0640185664771051  25.0
55246.30078125  -1.6731371467794613  1.1478521280872198  25.0
55249.5  -1.0954316709328697  1.171902726212033  25.0
55258.3984375  0.8430475115558951  1.4125070065249048  25.0
55264.3984375  3.363747560834673  1.724281494837158  25.0
55267.30078125  -0.7052227673550242  1.0193531565855727  25.0
55477.6015625  0.22371975422130266  0.7789452403567909  25.0
55480.6015625  1.4027885992756581  1.2609391168916588  25.0
55483.6015625  0.8743623169469187  0.854434756069975  25.0
55501.6015625  3.0577650406532793  0.6259048307337234  25.0
55507.6015625  6.064091023290953  0.7224999514011556  25.0
55510.6015625  8.007870959441341  0.7667726799335866  25.0
55516.6015625  9.060306057747512  0.7512624917897941  25.0
55534.6015625  4.499623773437249  1.544245447109634  25.0
55546.5  2.2408295990370535  0.8645457978692447  25.0
55561.5  2.4661200084811443  0.48091403790414783  25.0
55567.6015625  1.5702594052208763  0.6108854825865383  25.0
55570.5  1.073442544622913  0.9448453676746815  25.0
55576.5  1.7330181284750334  1.1819156561828754  25.0
55585.30078125  2.5724335363978232  1.270068478697714  25.0
55588.5  0.6957988360182948  0.4866076133521093  25.0
55594.3984375  0.866999904234124  0.3474086014170794  25.0
55597.30078125  -0.1809194871673454  0.6740060737924279  25.0
55615.5  0.27928156863030773  1.8556272072537077  25.0
55633.30078125  0.11573742414659943  0.6925593669352126  25.0
55645.3984375  -0.12810630184481533  0.6572197297429039  25.0
55648.30078125  2.7821155522515375  0.8964496487034597  25.0
55651.30078125  0.7515570145113899  0.6185424180209287  25.0
55666.30078125  0.6937373642034386  1.1768110325599483  25.0
55672.30078125  -0.5809449449296737  0.6565325724712852  25.0
55879.6015625  1.7793523756313991  0.9945171957425567  25.0
55885.6015625  -0.8713192587570049  0.63581960206706  25.0
55888.5  0.11367594062947357  0.7964187416779338  25.0
55890.6015625  0.03504517298206109  0.47237358111404865  25.0
55893.6015625  0.3579123245754506  0.8885963959940577  25.0
55900.6015625  0.18877273987674734  0.581828419476304  25.0
55915.3984375  3.481546538712016  3.405369818918135  25.0
55939.5  2.915031990104493  2.158664874691772  25.0
55942.3984375  0.47080294929579963  1.9501607624881268  25.0
55945.6015625  0.3486847573228111  0.665563822448913  25.0
55948.3984375  0.8467778206355845  1.092781153674822  25.0
55950.6015625  0.9284517049842589  0.7600974244924106  25.0
55953.5  -2.130295015662235  2.5925575081679355  25.0
55956.30078125  0.7869948571502828  1.26486574324636  25.0
55960.5  0.18572959977094625  0.7347706704618657  25.0
55968.30078125  0.11986037947858152  0.796909581674541  25.0
55979.30078125  0.5310767059686302  1.7011143712589754  25.0
55985.30078125  -1.5659400506979952  0.5680852272348506  25.0
55998.19921875  2.6946499806264743  1.417022678322797  25.0
56015.30078125  -0.4144558189776701  0.4548019211554  25.0
56233.6015625  -0.8914432305271169  0.7865040171536756  25.0
56239.6015625  -0.34917557391487913  0.8058426262055847  25.0
56242.6015625  -1.1390171953846036  0.7279972095741055  25.0
56250.6015625  0.1009143932744258  0.9764546957873008  25.0
56293.3984375  1.7829845728826612  4.623606792286534  25.0
56302.3984375  -0.20663891085472205  0.5480594141022442  25.0
56310.30078125  0.3481939173262039  0.9274700249910445  25.0
56314.5  -0.3905033560858236  0.8283225925121488  25.0
56323.5  0.1097493142747726  0.8678833787807542  25.0
56326.3984375  1.0875784182234678  0.6855896355815194  25.0
56329.3984375  -0.21694631673808173  0.6552564165655533  25.0
56332.30078125  0.12094020640703214  0.7562689567752153  25.0
56337.3984375  -0.7247577404910234  0.5309785473311244  25.0
56340.3984375  0.5779017931216031  2.0419458758723845  25.0
56344.30078125  -0.3102037862803867  1.071871819186507  25.0
56352.3984375  2.820498434870074  2.537682851030549  25.0
56355.3984375  -0.44125504618895817  0.4977985405911777  25.0
56358.5  1.032900078361093  0.8988056432399116  25.0
56369.30078125  1.1118253336232924  2.7714155586272335  25.0
56388.30078125  0.16275881687231417  0.7900380089583535  25.0
56391.30078125  0.15402206621174275  0.9558399776387384  25.0
56393.30078125  1.6549763477594643  0.7520478076989187  25.0
56396.30078125  2.8954970637775723  3.271177552822997  25.0
56403.30078125  0.6667417729080606  1.6401534105054476  25.0
56420.30078125  0.014921193898030488  0.30284135016305275  25.0
56623.6015625  -1.0145430556842414  0.6993328278229728  25.0
56626.6015625  1.5014451917579466  4.9683650168728  25.0
56631.5  0.13851187806795037  0.4759075729187266  25.0
56638.6015625  -1.1078005018220072  0.8231198570607945  25.0
56650.6015625  0.4977985405911777  1.1716082971085942  25.0
56656.6015625  -0.7694231503825557  0.869748533320599  25.0
56658.5  0.4996636951310224  0.7758039299112144  25.0
56661.5  0.46520748567626546  0.8518824442585115  25.0
56677.5  -0.306080819246135  0.5820247367513155  25.0
56680.5  -0.45421292252128703  1.2598592314518602  25.0
56683.5  0.1833736286390335  0.6253158320996104  25.0
