55318.779664679925    3.4592432390137136    0.8528167688552577     25    
55319.279664679925    4.009257478967839     0.8468722000235833     25    
55319.779664679925    4.593842473414723     0.849141525804679      25    
55320.279664679925    5.209748640528155     0.9052084588962411     25    
55320.779664679925    5.85799952993941      1.0108357692689305     25    
55321.279664679925    6.535329198119222     1.0884418508177067     25    
55321.779664679925    7.241081393181406     1.1066211196016498     25    
55322.279664679925    7.974534337512503     1.1013297062892522     25    
55322.779664679925    8.732455047734302     1.1030482993346293     25    
55323.279664679925    9.515866757818207     1.1073010761122342     25    
55323.779664679925    10.32148747819174     1.1110678959677034     25    
55324.279664679925    11.148693364715001    1.1142348818673309     25    
55324.779664679925    11.996729995283344    1.1169594010130435     25    
55325.279664679925    12.862381142796472    1.1193334904878935     25    
55325.779664679925    13.746669409906058    1.1212578164404512     25    
55326.279664679925    14.64629764899216     1.1234904782551236     25    
55326.779664679925    15.562368807554378    1.1291124241495627     25    
55327.279664679925    16.491187822624997    1.1332321668096952     25    
55327.779664679925    17.428368742171454    1.124412572984025      25    
55328.279664679925    18.38165003769931     1.1010340044336644     25    
55328.779664679925    19.302265995399814    1.0859742578121165     25    
55329.279664679925    20.18740094865044     1.0940065593618962     25    
55329.779664679925    21.01752020709648     1.1110810683785741     25    
55330.279664679925    21.733354192809664    1.1224547480021831     25    
55330.779664679925    22.35202986780723     1.130734499841412      25    
55331.279664679925    22.825007279667343    1.1356847783926483     25    
55331.779664679925    23.11667616815345     1.13465664975025       25    
55332.279664679925    23.26279838081122     1.1314157053714866     25    
55332.779664679925    23.294695719938016    1.1326189731732357     25    
55333.279664679925    23.195510093185582    1.1373014986796577     25    
55333.779664679925    23.048353271091308    1.1436516539984014     25    
55334.279664679925    22.867343192466333    1.153553218402636      25    
55334.779664679925    22.669329409812654    1.163026323133736      25    
55335.279664679925    22.529817742525616    1.1637499675610525     25    
55335.779664679925    22.435340525051362    1.1566846830432547     25    
55336.279664679925    22.38337870674756     1.1461764023445604     25    
55336.779664679925    22.386000042053606    1.130293295677481      25    
55337.279664679925    22.423680658089047    1.1139810423937169     25    
55337.779664679925    22.46581163246408     1.1101729589521365     25    
55338.279664679925    22.52210033410235     1.1183257368099733     25    
55338.779664679925    22.561250906055445    1.1248873760452756     25    
55339.279664679925    22.573446044128925    1.1238903464469447     25    
55339.779664679925    22.560183846092293    1.1202776906278382     25    
55340.279664679925    22.50793459465667     1.1165575614574628     25    
55340.779664679925    22.41946964039621     1.1117010286783975     25    
55341.279664679925    22.293241449722146    1.1101398629345711     25    
55341.779664679925    22.128793121102955    1.116558778411794      25    
55342.279664679925    21.925690372485573    1.1246363191296886     25    
55342.779664679925    21.681601766890783    1.1291797658204963     25    
55343.279664679925    21.396657351973747    1.1353089996813914     25    
55343.779664679925    21.073557514347556    1.1087698942943836     25    
55344.279664679925    20.71163632857076     1.00560720832467       25    
55344.779664679925    20.31327337175558     0.8682557495143118     25    
55345.279664679925    19.883131310320127    0.8017042351336963     25    
55345.779664679925    19.419586955650665    0.8088078124519893     25    
55346.279664679925    18.92864713261523     0.8214076845372378     25    
55346.779664679925    18.407956983874666    0.816039484741676      25    
55347.279664679925    17.864782682325437    0.8084514082782067     25    
55347.779664679925    17.31197495790929     0.7979153515339558     25    
55348.279664679925    16.744363419588023    0.7835838728038599     25    
55348.779664679925    16.184893977103467    0.7732873892199397     25    
55349.279664679925    15.63579899968959     0.7724519608105337     25    
55349.779664679925    15.103783482291206    0.7749662717820348     25    
55350.279664679925    14.609677587744267    0.7745901265684958     25    
55350.779664679925    14.148178000824709    0.7733382292531616     25    
55351.279664679925    13.72858253778117     0.764017870617492      25    
55351.779664679925    13.354888988293142    0.7364158929070541     25    
55352.279664679925    13.024490942145645    0.7042550595911629     25    
55352.779664679925    12.737751992097499    0.6926173009837845     25    
55353.279664679925    12.494642682064171    0.6991404764466279     25    
55353.779664679925    12.294728904333535    0.7053570808328588     25    
55354.279664679925    12.140631533097954    0.7054451035884911     25    
55354.779664679925    12.027212871866324    0.7032946508324629     25    
55355.279664679925    11.947836190245257    0.6975911998091401     25    
55355.779664679925    11.905656990632897    0.6877251472782869     25    
55356.279664679925    11.883369241590279    0.6816145199103997     25    
55356.779664679925    11.879822543874885    0.6841414319492263     25    
55357.279664679925    11.889463630927548    0.6896306688479226     25    
55357.779664679925    11.896642791574417    0.6922415381438363     25    
55358.279664679925    11.90527026433261     0.6933355126062832     25    
55358.779664679925    11.910188178806546    0.6922844227100869     25    
55359.279664679925    11.907452563964965    0.6927390662905073     25    
55359.779664679925    11.901941980563594    0.6871853619302908     25    
55360.279664679925    11.898254972750575    0.6581552683729175     25    
55360.779664679925    11.894833198784658    0.6026873672425672     25    
55361.279664679925    11.897509394436232    0.5592616107393529     25    
55361.779664679925    11.908744761400923    0.5541598402178832     25    
55362.279664679925    11.926366544011714    0.5635548128543487     25    
55362.779664679925    11.95051489201871     0.562788572124049      25    
55363.279664679925    11.982023798712511    0.5565493346535787     25    
55363.779664679925    12.011090709848476    0.5549035448294608     25    
55364.279664679925    12.037421299696783    0.5634829392361586     25    
55364.779664679925    12.057512442119833    0.5745427297186426     25    
55365.279664679925    12.062498212063899    0.5797756758511702     25    
55365.779664679925    12.054610494122612    0.5812609557206517     25    
55366.279664679925    12.031552078086783    0.5785580997263062     25    
55366.779664679925    11.990362136970827    0.5619821635299427     25    
55367.279664679925    11.935696140078413    0.5497626148041935     25    
55367.779664679925    11.872746715101053    0.576788806948146      25    
55368.279664679925    11.799741129411387    0.6345254891395223     25    
55368.779664679925    11.72362819883665     0.6749251036595        25    
55369.279664679925    11.646391959281466    0.6850944937200543     25    
55369.779664679925    11.56702631016671     0.682913302784099      25    
55370.279664679925    11.487631183554962    0.6775417545574856     25    
55370.779664679925    11.408310974559937    0.6658972845697517     25    
55371.279664679925    11.321162378310806    0.6581092098005819     25    
55371.779664679925    11.226239103280472    0.6591881988966504     25    
55372.279664679925    11.120347867975036    0.6637553387088654     25    
55372.779664679925    10.996257992728763    0.6686192140093183     25    
55373.279664679925    10.855864388661965    0.6750754189048304     25    
55373.779664679925    10.697125138547008    0.6756958582035837     25    
55374.279664679925    10.517045033073503    0.6763725187286581     25    
55374.779664679925    10.320723540742947    0.6620936742758881     25    
55375.279664679925    10.113746267918746    0.5942786746621825     25    
55375.779664679925    9.894188031289126     0.4540926740002146     25    
55376.279664679925    9.670101702478995     0.3173688441841846     25    
55376.779664679925    9.442243924368531     0.2872658665105944     25    
55377.279664679925    9.21230221927372      0.31012022103022746    25    
55377.779664679925    8.985406417067974     0.3074172997052316     25    
55378.279664679925    8.760202841378968     0.29827668268343294    25    
55378.779664679925    8.537797873487298     0.29123428223912595    25    
55379.279664679925    8.31833835682239      0.2878254132589348     25    
55379.779664679925    8.102065241052054     0.2867362592269087     25    
55380.279664679925    7.889671393701352     0.28791471707627947    25    
55380.779664679925    7.680923019423344     0.2916893737147237     25    
55381.279664679925    7.4767743151238815    0.2923390278834126     25    
55381.779664679925    7.277175421730501     0.28714518968667346    25    
55382.279664679925    7.082601235406572     0.2794951223116884     25    
55382.779664679925    6.893895449252845     0.2714645428962468     25    
55383.279664679925    6.710778236128263     0.2619103112363052     25    
55383.779664679925    6.534353000848415     0.2598066193259808     25    
55384.279664679925    6.364749734178315     0.27208706230772955    25    
55384.779664679925    6.202115605587211     0.2867997379948462     25    
55385.279664679925    6.047095131013525     0.29152480131311537    25    
55385.779664679925    5.899550117063699     0.28971980845733153    25    
55386.279664679925    5.758899756667399     0.2869169203002668     25    
55386.779664679925    5.625208494394344     0.2840807258825231     25    
55387.279664679925    5.498145791447536     0.2808233740669801     25    
55387.779664679925    5.377185913210681     0.27803537092281855    25    
55388.279664679925    5.262501977206294     0.2754508927899124     25    
55388.779664679925    5.15340697563498      0.27376546280132147    25    
55389.279664679925    5.049921577879856     0.27331710914695645    25    
55389.779664679925    4.951749456814138     0.27367602626831017    25    
55390.279664679925    4.85836887150214      0.27418080109734416    25    
55390.779664679925    4.769951247314177     0.2749089242883999     25    
55391.279664679925    4.685808136107044     0.278047460177941      25    
55391.779664679925    4.605964780103693     0.2850549177412082     25    
55392.279664679925    4.530119418152892     0.2931230312728029     25    
55392.779664679925    4.457754333216581     0.29793615366651244    25    
55393.279664679925    4.389039198078888     0.30036903000794807    25    
55393.779664679925    4.323284184686775     0.31103624940346186    25    