#Date  :
#Flux  :
#Fluxerr  :
#ZP  :
#end  :
@INSTRUMENT  PS
@BAND  PS_r
@MAGSYS  AB
54962.0462  0.0  0.8907297029293961  25.0
54967.032544999995  0.0  0.8907297029293961  25.0
54972.01888999999  0.0  0.8907297029293961  25.0
54977.00523499999  0.0  0.8907297029293961  25.0
54981.99157999999  0.0  0.8907297029293961  25.0
54986.977924999985  0.0  0.8907297029293961  25.0
54991.96426999998  0.0  0.8907297029293961  25.0
54996.95061499998  0.0  0.8907297029293961  25.0
55001.93695999998  0.0  0.8907297029293961  25.0
55006.923304999975  0.0  0.8907297029293961  25.0
55011.90964999997  0.0  0.8907297029293961  25.0
55016.89599499997  0.0  0.8907297029293961  25.0
55021.88233999997  0.0  0.8907297029293961  25.0
55026.868684999965  0.0  0.8907297029293961  25.0
55031.85502999996  0.0  0.8907297029293961  25.0
55036.84137499996  0.0  0.8907297029293961  25.0
55041.82771999996  0.0  0.8907297029293961  25.0
55046.814064999955  0.0  0.8907297029293961  25.0
55051.80040999995  0.0  0.8907297029293961  25.0
55056.78675499995  0.0  0.8907297029293961  25.0
55061.77309999995  0.0  0.8907297029293961  25.0
55066.759444999945  0.0  0.8907297029293961  25.0
55071.74578999994  0.0  0.8907297029293961  25.0
55076.73213499994  0.0  0.8907297029293961  25.0
55081.71847999994  0.0  0.8907297029293961  25.0
55086.704824999935  0.0  0.8907297029293961  25.0
55091.69116999993  0.0  0.8907297029293961  25.0
55096.67751499993  0.0  0.8907297029293961  25.0
55101.66385999993  0.0  0.8907297029293961  25.0
55106.650204999925  0.0  0.8907297029293961  25.0
55111.63654999992  0.0  0.8907297029293961  25.0
55116.62289499992  0.0  0.8907297029293961  25.0
55121.60923999992  0.0  0.8907297029293961  25.0
55126.595584999915  0.0  0.8907297029293961  25.0
55131.58192999991  0.0  0.8907297029293961  25.0
55136.56827499991  0.0  0.8907297029293961  25.0
55141.55461999991  0.0  0.8907297029293961  25.0
55146.540964999906  0.0  0.8907297029293961  25.0
55151.5273099999  0.0  0.8907297029293961  25.0
55156.5136549999  0.0  0.8907297029293961  25.0
55161.4999999999  0.0  0.8907297029293961  25.0
55166.486344999896  0.0  0.8907297029293961  25.0
55171.47268999989  0.0  0.8907297029293961  25.0
55176.45903499989  0.0  0.8907297029293961  25.0
55181.44537999989  0.0  0.8907297029293961  25.0
55186.431724999886  0.0  0.8907297029293961  25.0
55191.41806999988  0.0  0.8907297029293961  25.0
55196.40441499988  0.0  0.8907297029293961  25.0
55201.39075999988  0.0  0.8907297029293961  25.0
55206.377104999876  0.0  0.8907297029293961  25.0
55211.36344999987  0.0  0.8907297029293961  25.0
55216.34979499987  0.0  0.8907297029293961  25.0
55221.33613999987  0.0  0.8907297029293961  25.0
55226.322484999866  0.0  0.8907297029293961  25.0
55231.30882999986  0.0  0.8907297029293961  25.0
55236.29517499986  0.0  0.8907297029293961  25.0
55241.28151999986  0.0  0.8907297029293961  25.0
55246.267864999856  0.0  0.8907297029293961  25.0
55251.25420999985  0.0  0.8907297029293961  25.0
55256.24055499985  0.0  0.8907297029293961  25.0
55261.22689999985  0.0  0.8907297029293961  25.0
55266.213244999846  0.0  0.8907297029293961  25.0
55271.199589999844  0.0  0.8907297029293961  25.0
55276.18593499984  0.0  0.8907297029293961  25.0
55281.17227999984  0.0  0.8907297029293961  25.0
55286.158624999836  0.0  0.8907297029293961  25.0
55291.144969999834  0.0  0.8907297029293961  25.0
55296.13131499983  0.0  0.8907297029293961  25.0
55301.11765999983  0.0  0.8907297029293961  25.0
55306.10400499983  0.0  0.8907297029293961  25.0
55311.090349999824  0.0  0.8907297029293961  25.0
55316.07669499982  0.0  0.8907297029293961  25.0
55321.06303999982  0.0  0.8907297029293961  25.0
55326.04938499982  0.0  0.8907297029293961  25.0
55331.035729999814  0.0  0.8907297029293961  25.0
55336.02207499981  0.0  0.8907297029293961  25.0
55341.00841999981  0.0  0.8907297029293961  25.0
55345.99476499981  0.0  0.8907297029293961  25.0
55350.981109999804  0.0  0.8907297029293961  25.0
55355.9674549998  0.0  0.8907297029293961  25.0
55360.9537999998  0.0  0.8907297029293961  25.0
55365.9401449998  0.0  0.8907297029293961  25.0
55370.926489999794  0.0  0.8907297029293961  25.0
55375.91283499979  0.0  0.8907297029293961  25.0
55380.89917999979  0.0  0.8907297029293961  25.0
55385.88552499979  0.0  0.8907297029293961  25.0
55390.871869999784  0.0  0.8907297029293961  25.0
55395.85821499978  0.0  0.8907297029293961  25.0
55400.84455999978  0.0  0.8907297029293961  25.0
55405.83090499978  0.0  0.8907297029293961  25.0
55410.817249999775  0.0  0.8907297029293961  25.0
55415.80359499977  0.0  0.8907297029293961  25.0
55420.78993999977  0.0  0.8907297029293961  25.0
55425.77628499977  0.0  0.8907297029293961  25.0
55430.762629999765  0.0  0.8907297029293961  25.0
55435.74897499976  0.0  0.8907297029293961  25.0
55440.73531999976  0.0  0.8907297029293961  25.0
55445.72166499976  0.0  0.8907297029293961  25.0
55450.708009999755  0.0  0.8907297029293961  25.0
55455.69435499975  0.0  0.8907297029293961  25.0
55460.68069999975  0.0  0.8907297029293961  25.0
55465.66704499975  0.0  0.8907297029293961  25.0
55470.653389999745  0.0  0.8907297029293961  25.0
55475.63973499974  0.0  0.8907297029293961  25.0
55480.62607999974  0.0  0.8907297029293961  25.0
55485.61242499974  0.0  0.8907297029293961  25.0
55490.598769999735  0.0  0.8907297029293961  25.0
55495.58511499973  0.0  0.8907297029293961  25.0
55500.57145999973  0.0  0.8907297029293961  25.0
55505.55780499973  0.0  0.8907297029293961  25.0
55510.544149999725  0.0  0.8907297029293961  25.0
55515.53049499972  0.0  0.8907297029293961  25.0
55520.51683999972  0.0  0.8907297029293961  25.0
55525.50318499972  0.0  0.8907297029293961  25.0
55530.489529999715  0.0  0.8907297029293961  25.0
55535.47587499971  0.0  0.8907297029293961  25.0
55540.46221999971  0.0  0.8907297029293961  25.0
55545.44856499971  0.0  0.8907297029293961  25.0
55550.434909999705  0.0  0.8907297029293961  25.0
55555.4212549997  0.0  0.8907297029293961  25.0
55560.4075999997  0.0  0.8907297029293961  25.0
55565.3939449997  0.0  0.8907297029293961  25.0
55570.380289999695  0.0  0.8907297029293961  25.0
55575.36663499969  0.0  0.8907297029293961  25.0
55580.35297999969  0.0  0.8907297029293961  25.0
55585.33932499969  0.0  0.8907297029293961  25.0
55590.325669999685  0.0  0.8907297029293961  25.0
55595.31201499968  0.0  0.8907297029293961  25.0
55600.29835999968  0.0  0.8907297029293961  25.0
55605.28470499968  0.0  0.8907297029293961  25.0
55610.271049999676  0.0  0.8907297029293961  25.0
55615.25739499967  0.0  0.8907297029293961  25.0
55620.24373999967  0.0  0.8907297029293961  25.0
55625.23008499967  0.0  0.8907297029293961  25.0
55630.216429999666  0.0  0.8907297029293961  25.0
55635.20277499966  0.0  0.8907297029293961  25.0
55640.18911999966  0.0  0.8907297029293961  25.0
55645.17546499966  0.0  0.8907297029293961  25.0
55650.161809999656  0.0  0.8907297029293961  25.0
55655.14815499965  0.0  0.8907297029293961  25.0
55660.13449999965  0.0  0.8907297029293961  25.0
55665.12084499965  0.0  0.8907297029293961  25.0
55670.107189999646  0.0  0.8907297029293961  25.0
55675.09353499964  0.0  0.8907297029293961  25.0
55680.07987999964  0.0  0.8907297029293961  25.0
55685.06622499964  0.0  0.8907297029293961  25.0
55690.052569999636  0.0  0.8907297029293961  25.0
55695.03891499963  0.0  0.8907297029293961  25.0
55700.02525999963  0.0  0.8907297029293961  25.0
55705.01160499963  0.0  0.8907297029293961  25.0
55709.997949999626  0.0  0.8907297029293961  25.0
55714.984294999624  0.0  0.8907297029293961  25.0
55719.97063999962  0.0  0.8907297029293961  25.0
55724.95698499962  0.0  0.8907297029293961  25.0
55729.943329999616  0.0  0.8907297029293961  25.0
55734.929674999614  0.0  0.8907297029293961  25.0
55739.91601999961  0.0  0.8907297029293961  25.0
55744.90236499961  0.0  0.8907297029293961  25.0
55749.88870999961  0.0  0.8907297029293961  25.0
55754.875054999604  0.0  0.8907297029293961  25.0
55759.8613999996  0.0  0.8907297029293961  25.0
55764.8477449996  0.0  0.8907297029293961  25.0
55769.8340899996  0.0  0.8907297029293961  25.0
55774.820434999594  0.0  0.8907297029293961  25.0
55779.80677999959  0.0  0.8907297029293961  25.0
55784.79312499959  0.0  0.8907297029293961  25.0
55789.77946999959  0.0  0.8907297029293961  25.0
55794.765814999584  0.0  0.8907297029293961  25.0
55799.75215999958  0.0  0.8907297029293961  25.0
55804.73850499958  0.0  0.8907297029293961  25.0
55809.72484999958  0.0  0.8907297029293961  25.0
55814.711194999574  0.0  0.8907297029293961  25.0
55819.69753999957  0.0  0.8907297029293961  25.0
55824.68388499957  0.0  0.8907297029293961  25.0
55829.67022999957  0.0  0.8907297029293961  25.0
55834.656574999564  0.0  0.8907297029293961  25.0
55839.64291999956  0.0  0.8907297029293961  25.0
55844.62926499956  0.0  0.8907297029293961  25.0
55849.61560999956  0.0  0.8907297029293961  25.0
55854.601954999554  0.0  0.8907297029293961  25.0
55859.58829999955  0.0  0.8907297029293961  25.0
55864.57464499955  0.0  0.8907297029293961  25.0
55869.56098999955  0.0  0.8907297029293961  25.0
55874.547334999545  0.0  0.8907297029293961  25.0
55879.53367999954  0.0  0.8907297029293961  25.0
55884.52002499954  0.0  0.8907297029293961  25.0
55889.50636999954  0.0  0.8907297029293961  25.0
55894.492714999535  0.0  0.8907297029293961  25.0
55899.47905999953  0.0  0.8907297029293961  25.0
55904.46540499953  0.0  0.8907297029293961  25.0
55909.45174999953  0.0  0.8907297029293961  25.0
55914.438094999525  0.0  0.8907297029293961  25.0
55919.42443999952  0.0  0.8907297029293961  25.0
55924.41078499952  0.0  0.8907297029293961  25.0
55929.39712999952  0.0  0.8907297029293961  25.0
55934.383474999515  0.0  0.8907297029293961  25.0
55939.36981999951  0.0  0.8907297029293961  25.0
55944.35616499951  0.0  0.8907297029293961  25.0
55949.34250999951  0.0  0.8907297029293961  25.0
55954.328854999505  0.0  0.8907297029293961  25.0
55959.3151999995  0.0  0.8907297029293961  25.0
55964.3015449995  0.0  0.8907297029293961  25.0
55969.2878899995  0.0  0.8907297029293961  25.0
55974.274234999495  0.0  0.8907297029293961  25.0
55979.26057999949  0.0  0.8907297029293961  25.0
55984.24692499949  0.0  0.8907297029293961  25.0
55989.23326999949  0.0  0.8907297029293961  25.0
55994.219614999485  0.0  0.8907297029293961  25.0
55999.20595999948  0.0  0.8907297029293961  25.0
56004.19230499948  0.0  0.8907297029293961  25.0
56009.17864999948  0.0  0.8907297029293961  25.0
56014.164994999475  0.0  0.8907297029293961  25.0
56019.15133999947  0.0  0.8907297029293961  25.0
56024.13768499947  0.0  0.8907297029293961  25.0
56029.12402999947  0.0  0.8907297029293961  25.0
56034.110374999465  0.0  0.8907297029293961  25.0
56039.09671999946  0.0  0.8907297029293961  25.0
56044.08306499946  0.0  0.8907297029293961  25.0
56049.06940999946  0.0  0.8907297029293961  25.0
56054.055754999456  0.0  0.8907297029293961  25.0
56059.04209999945  0.0  0.8907297029293961  25.0
56064.02844499945  0.0  0.8907297029293961  25.0
56069.01478999945  0.0  0.8907297029293961  25.0
56074.001134999446  0.0  0.8907297029293961  25.0
56078.98747999944  0.0  0.8907297029293961  25.0
56083.97382499944  0.0  0.8907297029293961  25.0
56088.96016999944  0.0  0.8907297029293961  25.0
56093.946514999436  0.0  0.8907297029293961  25.0
56098.93285999943  0.0  0.8907297029293961  25.0
56103.91920499943  0.0  0.8907297029293961  25.0
56108.90554999943  0.0  0.8907297029293961  25.0
56113.891894999426  0.0  0.8907297029293961  25.0
56118.87823999942  0.0  0.8907297029293961  25.0
56123.86458499942  0.0  0.8907297029293961  25.0
56128.85092999942  0.0  0.8907297029293961  25.0
56133.837274999416  0.0  0.8907297029293961  25.0
56138.82361999941  0.0  0.8907297029293961  25.0
56143.80996499941  0.0  0.8907297029293961  25.0
56148.79630999941  0.0  0.8907297029293961  25.0
56153.782654999406  0.0  0.8907297029293961  25.0
56158.7689999994  0.0  0.8907297029293961  25.0
56163.7553449994  0.0  0.8907297029293961  25.0
56168.7416899994  0.0  0.8907297029293961  25.0
56173.728034999396  0.0  0.8907297029293961  25.0
56178.714379999394  0.0  0.8907297029293961  25.0
56183.70072499939  0.0  0.8907297029293961  25.0
56188.68706999939  0.0  0.8907297029293961  25.0
56193.673414999386  0.0  0.8907297029293961  25.0
56198.659759999384  0.0  0.8907297029293961  25.0
56203.64610499938  0.0  0.8907297029293961  25.0
56208.63244999938  0.0  0.8907297029293961  25.0
56213.61879499938  0.0  0.8907297029293961  25.0
56218.605139999374  0.0  0.8907297029293961  25.0
56223.59148499937  0.0  0.8907297029293961  25.0
56228.57782999937  0.0  0.8907297029293961  25.0
56233.56417499937  0.0  0.8907297029293961  25.0
56238.550519999364  0.0  0.8907297029293961  25.0
56243.53686499936  0.0  0.8907297029293961  25.0
56248.52320999936  0.0  0.8907297029293961  25.0
56253.50955499936  0.0  0.8907297029293961  25.0
56258.495899999354  0.0  0.8907297029293961  25.0
56263.48224499935  0.0  0.8907297029293961  25.0
56268.46858999935  0.0  0.8907297029293961  25.0
56273.45493499935  0.0  0.8907297029293961  25.0
56278.441279999344  0.0  0.8907297029293961  25.0
56283.42762499934  0.0  0.8907297029293961  25.0
55161.5  -0.41942030723179663  1.1250137521293484  25.0
55173.5  -0.1863111247402589  0.7178313859314341  25.0
55179.5  0.5698007249610846  0.49803713771855895  25.0
55182.5  -0.04268610013368225  0.8356097864529622  25.0
55203.5  0.07528809983486033  0.5145829116789071  25.0
55206.5  0.5292685062774716  0.5584438551788949  25.0
55212.3984375  0.28725004921315334  0.5399400050510194  25.0
55215.3984375  0.009790390320368698  0.35901361311356983  25.0
55221.5  0.5579543244659585  1.2100921919531547  25.0
55230.5  1.1554618528738756  1.6114981330857938  25.0
55233.3984375  -0.2744246339763726  0.9855006734693138  25.0
55236.30078125  -0.22008796197221522  1.1576157693371083  25.0
55239.3984375  -0.5901647077665256  0.8546031672937742  25.0
55242.30078125  -0.23350080472767595  0.5894793834421019  25.0
55248.3984375  0.6460678453731268  0.5604998281521659  25.0
55275.3984375  -0.7610070051069983  0.7369226635779897  25.0
55482.6015625  0.5163451942349473  0.746615147609883  25.0
55485.6015625  -0.20266107007595613  1.1225660985646664  25.0
55503.6015625  -0.8640019142242182  0.3692935246641431  25.0
55509.6015625  -0.20784997425411458  0.6942365751153621  25.0
55515.6015625  -0.8957228134960673  0.8247424473837089  25.0
55518.6015625  -1.1808189462459877  0.9853048798578266  25.0
55530.6015625  0.45270764876398023  1.0400331624270676  25.0
55545.5  -0.05884024602236492  0.6729914276897919  25.0
55548.6015625  -0.3308172789538011  0.6668234620857606  25.0
55560.3984375  1.218903558049137  0.5917311967110785  25.0
55563.6015625  0.5413106536998666  1.8653629906452383  25.0
55566.6015625  0.5378840320777484  0.5571711033357912  25.0
55584.5  1.0915306169856775  1.1273634622040687  25.0
55587.6015625  -0.042196581091800404  1.1222724548316538  25.0
55590.6015625  0.736237339253566  0.6503756316153744  25.0
55593.6015625  -0.06451866924240522  0.5653950419130934  25.0
55596.30078125  0.37095788707233046  0.5310307421492935  25.0
55602.30078125  0.00802812016482406  0.6108224276734158  25.0
55632.30078125  0.008223927635688615  0.722041275367938  25.0
55632.30078125  0.11787629732727167  0.7681540321369024  25.0
55653.30078125  -0.5798847962159523  0.5694090910538918  25.0
55665.30078125  -1.0328861820813817  1.3571439315502862  25.0
55888.5  0.87663158253373  1.0540333860169901  25.0
55892.5  -0.5459121770435634  0.7580699141978163  25.0
55911.6015625  0.008909254877875925  0.9630806710063835  25.0
55947.3984375  0.8093715751449391  1.0942719142833723  25.0
55948.3984375  1.6375406441507663  1.241029823410618  25.0
55952.6015625  0.006167945909126689  0.6537043564317491  25.0
55955.30078125  -1.0609845727511886  0.8528409314219524  25.0
55970.3984375  -1.563623187129226  0.9624932901719218  25.0
55984.30078125  -0.6270745112165331  0.7861683048676232  25.0
56000.3984375  -0.4245113146042115  0.45740702222920226  25.0
56006.3984375  0.801637120596355  0.6813132630728378  25.0
56238.6015625  -1.1143422066715825  1.143125921665813  25.0
56242.6015625  -0.8855407987512376  1.626673305081513  25.0
56268.6015625  1.9453506098335027  1.2166517914643786  25.0
56271.6015625  0.3111385971306746  0.94868876682505  25.0
56282.6015625  -0.009790390320368698  0.6023047986788826  25.0
56295.5  0.5162472507449853  1.0672504351609635  25.0
56302.3984375  4.256763752925754  0.9297933294741999  25.0
56309.6015625  13.944649202581042  0.8672327422348494  25.0
56325.5  15.311289731183297  1.5057620200393158  25.0
56328.3984375  14.454630590916253  0.9616120788675743  25.0
56331.5  13.580935072238903  0.9261709142405943  25.0
56332.5  11.417258993068208  0.7272301795460965  25.0
56354.3984375  4.0054443056840805  1.0106619732299387  25.0
56357.30078125  2.3319730595618338  0.9142266636239428  25.0
56360.30078125  2.7292671481163677  1.1733782287988528  25.0
56371.30078125  -0.5403316389582121  1.7628577056093913  25.0
56384.30078125  1.2092110740172437  1.3952285433534355  25.0
56387.30078125  0.6592848945171003  1.1048455162511763  25.0
56391.30078125  -0.05296601168425552  0.8206305014371669  25.0
56395.30078125  -0.2759910995788164  0.8600857618891635  25.0
56398.30078125  -10.538082373690452  18.332799899026835  25.0
56420.30078125  1.2626666514275995  0.5886961623119347  25.0
56622.6015625  -0.5382756659849411  1.2063718332295872  25.0
56630.6015625  1.3783890789758564  0.7734408331208045  25.0
56656.6015625  -0.6159134350458306  1.0514878823307827  25.0
56663.5  -0.9040446488791132  1.390333329592508  25.0
56666.6015625  0.6586974669984202  0.9941162459538089  25.0
56682.3984375  -2.781254133387914  1.1812105334689622  25.0
56709.30078125  3.3020050106708525  2.101898853114167  25.0
