56298.50810564123    1.795345699537912     0.558065199612451      25    
56299.00810564123    2.076453836262536     0.5354972599852628     25    
56299.50810564123    2.378157829370269     0.5201896238236483     25    
56300.00810564123    2.700564955524957     0.5963220412383331     25    
56300.50810564123    3.0436438411020688    0.7734290102968061     25    
56301.00810564123    3.407455448701245     0.9250095898853531     25    
56301.50810564123    3.792082642918464     0.9835870678295431     25    
56302.00810564123    4.197484500118896     0.9804971122707798     25    
56302.50810564123    4.623755944980344     0.9653896214080447     25    
56303.00810564123    5.070939155319007     0.9654979813999921     25    
56303.50810564123    5.539016206913588     0.9660808688780309     25    
56304.00810564123    6.028098322486717     0.9665732847118974     25    
56304.50810564123    6.538174886327164     0.9669648669262484     25    
56305.00810564123    7.069279355086733     0.9672786694905714     25    
56305.50810564123    7.62151089140621      0.9675304538311458     25    
56306.00810564123    8.194830229543522     0.9676944000239274     25    
56306.50810564123    8.78931433823891      0.9678630462777298     25    
56307.00810564123    9.405547540868355     0.9703761426387063     25    
56307.50810564123    10.043579113196873    0.9755560334862425     25    
56308.00810564123    10.700354076942594    0.9696910342090451     25    
56308.50810564123    11.381365173048653    0.9378052287953764     25    
56309.00810564123    12.07947677320079     0.8920625093988198     25    
56309.50810564123    12.77022936254006     0.8635783966282938     25    
56310.00810564123    13.46249229747706     0.86216798859908       25    
56310.50810564123    14.138055622924252    0.8706044367152448     25    
56311.00810564123    14.769390862116664    0.8741337247068119     25    
56311.50810564123    15.368454464331696    0.8760343478823521     25    
56312.00810564123    15.911630431183925    0.8775587125803971     25    
56312.50810564123    16.378151492425502    0.878314176399973      25    
56313.00810564123    16.7782552550041      0.8784797145054409     25    
56313.50810564123    17.118245264900295    0.878956010134661      25    
56314.00810564123    17.39269087042738     0.8800529271191485     25    
56314.50810564123    17.610935510052897    0.8814418190595829     25    
56315.00810564123    17.79373154186395     0.8830175494884223     25    
56315.50810564123    17.9342870508788      0.8851194142199034     25    
56316.00810564123    18.04521432859081     0.8868367172154132     25    
56316.50810564123    18.142805046531684    0.8915779031059241     25    
56317.00810564123    18.221464687944845    0.901935442123024      25    
56317.50810564123    18.28162624031548     0.8885330638417146     25    
56318.00810564123    18.326280718589167    0.8152636348971324     25    
56318.50810564123    18.352766521711438    0.6973383500898221     25    
56319.00810564123    18.352793450871783    0.6097854799018011     25    
56319.50810564123    18.327576788399917    0.5976080913032682     25    
56320.00810564123    18.274327802460128    0.6164838844386737     25    
56320.50810564123    18.186022408851688    0.6216485448103569     25    
56321.00810564123    18.063093571071917    0.6207106102898581     25    
56321.50810564123    17.90919587533456     0.6193771240452401     25    
56322.00810564123    17.724848959130597    0.6178784159603207     25    
56322.50810564123    17.50949253391701     0.6160810422953344     25    
56323.00810564123    17.27264186055518     0.6149415444237202     25    
56323.50810564123    17.014965427742986    0.6153099304003095     25    
56324.00810564123    16.737620187529156    0.6162349632770119     25    
56324.50810564123    16.449680313007594    0.6169083091027501     25    
56325.00810564123    16.149536833751814    0.6236166945147448     25    
56325.50810564123    15.8396801039252      0.6211793579988373     25    
56326.00810564123    15.524422579007247    0.5856275725966024     25    
56326.50810564123    15.20208022222915     0.5096506649543339     25    
56327.00810564123    14.87500897222071     0.4347974873245726     25    
56327.50810564123    14.544267536522517    0.41144398699941714    25    
56328.00810564123    14.209425938304776    0.42091323385575297    25    
56328.50810564123    13.873273461564727    0.4283391737348362     25    
56329.00810564123    13.535954779403461    0.42693356910966423    25    
56329.50810564123    13.197551152645195    0.4248596905193718     25    
56330.00810564123    12.859287872142422    0.4222999821475875     25    
56330.50810564123    12.520966549846673    0.41878051804409927    25    
56331.00810564123    12.182595315988939    0.4157009329085256     25    
56331.50810564123    11.844283743887733    0.41470658833820284    25    
56332.00810564123    11.505967681737802    0.4153013057448794     25    
56332.50810564123    11.167921372858995    0.4155689891458425     25    
56333.00810564123    10.829675068095563    0.4187104922645323     25    
56333.50810564123    10.491872320825838    0.42035215215095567    25    
56334.00810564123    10.156516091169697    0.40542749699102243    25    
56334.50810564123    9.822590714387086     0.3601768686253573     25    
56335.00810564123    9.492214865745565     0.30400355984373706    25    
56335.50810564123    9.16819086955802      0.27514266518255254    25    
56336.00810564123    8.849182548670594     0.27660973153916407    25    
56336.50810564123    8.538129960923257     0.2844707446321389     25    
56337.00810564123    8.236978418081971     0.2841566775488861     25    
56337.50810564123    7.944765586739343     0.28311406230761244    25    
56338.00810564123    7.663013040319124     0.28132186269024434    25    
56338.50810564123    7.392254243675732     0.2779699447868686     25    
56339.00810564123    7.131910272885805     0.2742094880260917     25    
56339.50810564123    6.881678860778893     0.2722243003901726     25    
56340.00810564123    6.641702065504621     0.2723382472577084     25    
56340.50810564123    6.411677569189186     0.27297481523671024    25    
56341.00810564123    6.191422401257922     0.27296191605343845    25    
56341.50810564123    5.98112288977494      0.2727636683714337     25    
56342.00810564123    5.779717424519229     0.2719357273343708     25    
56342.50810564123    5.587129967112979     0.2727789214611304     25    
56343.00810564123    5.40320139989859      0.2727146863182798     25    
56343.50810564123    5.226102022518278     0.26126820225046227    25    
56344.00810564123    5.056207603171352     0.22702521336315581    25    
56344.50810564123    4.892719784871472     0.18188057858877457    25    
56345.00810564123    4.73402045196828      0.15594461389964562    25    
56345.50810564123    4.5805401404167485    0.15663319558249872    25    
56346.00810564123    4.431953614782458     0.16344871993654522    25    
56346.50810564123    4.2876824040993835    0.16186121084611185    25    
56347.00810564123    4.147975699424969     0.15849847417006616    25    
56347.50810564123    4.013758367906204     0.15633803317139297    25    
56348.00810564123    3.885041376504037     0.15688456612858245    25    
56348.50810564123    3.761996279010754     0.1585718051600468     25    
56349.00810564123    3.6455846565341052    0.15955944900410057    25    
56349.50810564123    3.5359359809409256    0.16012775517699734    25    
56350.00810564123    3.4325260870844803    0.15996406960042478    25    
56350.50810564123    3.335263909625748     0.15812436847704472    25    
56351.00810564123    3.244522908598859     0.15455310202995076    25    
56351.50810564123    3.1580667270448095    0.15111173229032462    25    
56352.00810564123    3.075155237372613     0.14893027653428106    25    
56352.50810564123    2.9960340827240386    0.14741848087570456    25    
56353.00810564123    2.9181911090601393    0.14676530830591494    25    
56353.50810564123    2.8414562487457986    0.14776910768041515    25    
56354.00810564123    2.765893732512319     0.1490140621225838     25    
56354.50810564123    2.6905749853402057    0.1481938453228081     25    
56355.00810564123    2.6152456772690997    0.14500613401684742    25    
56355.50810564123    2.5413336672666613    0.14170179084979148    25    
56356.00810564123    2.4696810926704527    0.14021353818411084    25    
56356.50810564123    2.3998386165564396    0.13982989780689062    25    
56357.00810564123    2.3334728180500495    0.1399774314336133     25    
56357.50810564123    2.2711268635151627    0.14088763460941942    25    
56358.00810564123    2.2124942738351376    0.14213611553136948    25    
56358.50810564123    2.1581927644111984    0.14235680326413372    25    
56359.00810564123    2.10867159384556      0.14268202586931633    25    
56359.50810564123    2.062848804470426     0.14065691465366778    25    
56360.00810564123    2.0197142156941776    0.13145481512745483    25    
56360.50810564123    1.9797983000556332    0.11247826804793118    25    
56361.00810564123    1.941787696410442     0.09309043465850007    25    
56361.50810564123    1.9049249370778365    0.08654679240864771    25    
56362.00810564123    1.8695803623469036    0.08899207747407376    25    
56362.50810564123    1.834871418503221     0.09077550909999654    25    
56363.00810564123    1.8004660933907108    0.08923665038205668    25    
56363.50810564123    1.7667734907791537    0.08740249790127717    25    
56364.00810564123    1.734095686389542     0.08667405592850415    25    
56364.50810564123    1.7022770176835673    0.08708127633834777    25    
56365.00810564123    1.6716614695897014    0.08804308953066954    25    
56365.50810564123    1.6425911098844446    0.08942284407621953    25    
56366.00810564123    1.6149204410527984    0.09138271679239816    25    
56366.50810564123    1.5888319555158037    0.09252161318068437    25    
56367.00810564123    1.5645246995231934    0.09192160451031711    25    
56367.50810564123    1.5418202919421231    0.09032117662800936    25    
56368.00810564123    1.5203608682742769    0.0886847948247429     25    
56368.50810564123    1.5002516671013733    0.08693951740782697    25    
56369.00810564123    1.4812761618808854    0.08522592742737946    25    
56369.50810564123    1.4630741500325444    0.08406256592675604    25    
56370.00810564123    1.44578854795123      0.08340920389252164    25    
56370.50810564123    1.4291657241526508    0.08303640814007239    25    
56371.00810564123    1.4129992605438908    0.08290236799518166    25    
56371.50810564123    1.3973885741585652    0.08303231323324943    25    
56372.00810564123    1.3822634353591416    0.08295426194873777    25    
56372.50810564123    1.3676121925835039    0.0824393031391617     25    
56373.00810564123    1.353437281275963     0.08172972896437788    25    
56373.50810564123    1.3397019916099437    0.08106132395151404    25    
56374.00810564123    1.3264190097078001    0.08037208367766692    25    
56374.50810564123    1.313563925346542     0.07976842027337896    25    
56375.00810564123    1.3011098079158299    0.07941884170979241    25    
56375.50810564123    1.2890704425120432    0.07928285540703499    25    
56376.00810564123    1.2774105407219323    0.07928152525056086    25    
56376.50810564123    1.2661187104363238    0.0793621337559789     25    
56377.00810564123    1.2551983171557626    0.07956115731569076    25    
56377.50810564123    1.2446100292642477    0.07993237182681696    25    
56378.00810564123    1.2343605253309613    0.08042773293727651    25    
56378.50810564123    1.22443445979849      0.08113360160845087    25    
56379.00810564123    1.214798465392387     0.08201632749594562    25    
56379.50810564123    1.2054670787592654    0.0825466104855289     25    
56380.00810564123    1.1964106965997519    0.0846260549911608     25    
56380.50810564123    1.1876081105888592    0.08878237323230515    25    