#Date  :
#Flux  :
#Fluxerr  :
#ZP  :
#end  :
@INSTRUMENT  PS
@BAND  PS_g
@MAGSYS  AB
54780.0462  0.0  1.3877443559407232  25.0
54785.032544999995  0.0  1.3877443559407232  25.0
54790.01888999999  0.0  1.3877443559407232  25.0
54795.00523499999  0.0  1.3877443559407232  25.0
54799.99157999999  0.0  1.3877443559407232  25.0
54804.977924999985  0.0  1.3877443559407232  25.0
54809.96426999998  0.0  1.3877443559407232  25.0
54814.95061499998  0.0  1.3877443559407232  25.0
54819.93695999998  0.0  1.3877443559407232  25.0
54824.923304999975  0.0  1.3877443559407232  25.0
54829.90964999997  0.0  1.3877443559407232  25.0
54834.89599499997  0.0  1.3877443559407232  25.0
54839.88233999997  0.0  1.3877443559407232  25.0
54844.868684999965  0.0  1.3877443559407232  25.0
54849.85502999996  0.0  1.3877443559407232  25.0
54854.84137499996  0.0  1.3877443559407232  25.0
54859.82771999996  0.0  1.3877443559407232  25.0
54864.814064999955  0.0  1.3877443559407232  25.0
54869.80040999995  0.0  1.3877443559407232  25.0
54874.78675499995  0.0  1.3877443559407232  25.0
54879.77309999995  0.0  1.3877443559407232  25.0
54884.759444999945  0.0  1.3877443559407232  25.0
54889.74578999994  0.0  1.3877443559407232  25.0
54894.73213499994  0.0  1.3877443559407232  25.0
54899.71847999994  0.0  1.3877443559407232  25.0
54904.704824999935  0.0  1.3877443559407232  25.0
54909.69116999993  0.0  1.3877443559407232  25.0
54914.67751499993  0.0  1.3877443559407232  25.0
54919.66385999993  0.0  1.3877443559407232  25.0
54924.650204999925  0.0  1.3877443559407232  25.0
54929.63654999992  0.0  1.3877443559407232  25.0
54934.62289499992  0.0  1.3877443559407232  25.0
54939.60923999992  0.0  1.3877443559407232  25.0
54944.595584999915  0.0  1.3877443559407232  25.0
54949.58192999991  0.0  1.3877443559407232  25.0
54954.56827499991  0.0  1.3877443559407232  25.0
54959.55461999991  0.0  1.3877443559407232  25.0
54964.540964999906  0.0  1.3877443559407232  25.0
54969.5273099999  0.0  1.3877443559407232  25.0
54974.5136549999  0.0  1.3877443559407232  25.0
54979.4999999999  0.0  1.3877443559407232  25.0
54984.486344999896  0.0  1.3877443559407232  25.0
54989.47268999989  0.0  1.3877443559407232  25.0
54994.45903499989  0.0  1.3877443559407232  25.0
54999.44537999989  0.0  1.3877443559407232  25.0
55004.431724999886  0.0  1.3877443559407232  25.0
55009.41806999988  0.0  1.3877443559407232  25.0
55014.40441499988  0.0  1.3877443559407232  25.0
55019.39075999988  0.0  1.3877443559407232  25.0
55024.377104999876  0.0  1.3877443559407232  25.0
55029.36344999987  0.0  1.3877443559407232  25.0
55034.34979499987  0.0  1.3877443559407232  25.0
55039.33613999987  0.0  1.3877443559407232  25.0
55044.322484999866  0.0  1.3877443559407232  25.0
55049.30882999986  0.0  1.3877443559407232  25.0
55054.29517499986  0.0  1.3877443559407232  25.0
55059.28151999986  0.0  1.3877443559407232  25.0
55064.267864999856  0.0  1.3877443559407232  25.0
55069.25420999985  0.0  1.3877443559407232  25.0
55074.24055499985  0.0  1.3877443559407232  25.0
55079.22689999985  0.0  1.3877443559407232  25.0
55084.213244999846  0.0  1.3877443559407232  25.0
55089.199589999844  0.0  1.3877443559407232  25.0
55094.18593499984  0.0  1.3877443559407232  25.0
55099.17227999984  0.0  1.3877443559407232  25.0
55104.158624999836  0.0  1.3877443559407232  25.0
55109.144969999834  0.0  1.3877443559407232  25.0
55114.13131499983  0.0  1.3877443559407232  25.0
55119.11765999983  0.0  1.3877443559407232  25.0
55124.10400499983  0.0  1.3877443559407232  25.0
55129.090349999824  0.0  1.3877443559407232  25.0
55134.07669499982  0.0  1.3877443559407232  25.0
55139.06303999982  0.0  1.3877443559407232  25.0
55144.04938499982  0.0  1.3877443559407232  25.0
55149.035729999814  0.0  1.3877443559407232  25.0
55154.02207499981  0.0  1.3877443559407232  25.0
55159.00841999981  0.0  1.3877443559407232  25.0
55163.99476499981  0.0  1.3877443559407232  25.0
55168.981109999804  0.0  1.3877443559407232  25.0
55173.9674549998  0.0  1.3877443559407232  25.0
55178.9537999998  0.0  1.3877443559407232  25.0
55183.9401449998  0.0  1.3877443559407232  25.0
55188.926489999794  0.0  1.3877443559407232  25.0
55193.91283499979  0.0  1.3877443559407232  25.0
55198.89917999979  0.0  1.3877443559407232  25.0
55203.88552499979  0.0  1.3877443559407232  25.0
55208.871869999784  0.0  1.3877443559407232  25.0
55213.85821499978  0.0  1.3877443559407232  25.0
55218.84455999978  0.0  1.3877443559407232  25.0
55223.83090499978  0.0  1.3877443559407232  25.0
55228.817249999775  0.0  1.3877443559407232  25.0
55233.80359499977  0.0  1.3877443559407232  25.0
55238.78993999977  0.0  1.3877443559407232  25.0
55243.77628499977  0.0  1.3877443559407232  25.0
55248.762629999765  0.0  1.3877443559407232  25.0
55253.74897499976  0.0  1.3877443559407232  25.0
55258.73531999976  0.0  1.3877443559407232  25.0
55263.72166499976  0.0  1.3877443559407232  25.0
55268.708009999755  0.0  1.3877443559407232  25.0
55273.69435499975  0.0  1.3877443559407232  25.0
55278.68069999975  0.0  1.3877443559407232  25.0
55283.66704499975  0.0  1.3877443559407232  25.0
55288.653389999745  0.0  1.3877443559407232  25.0
55293.63973499974  0.0  1.3877443559407232  25.0
55298.62607999974  0.0  1.3877443559407232  25.0
55303.61242499974  0.0  1.3877443559407232  25.0
55308.598769999735  0.0  1.3877443559407232  25.0
55313.58511499973  0.0  1.3877443559407232  25.0
55318.57145999973  0.0  1.3877443559407232  25.0
55323.55780499973  0.0  1.3877443559407232  25.0
55328.544149999725  0.0  1.3877443559407232  25.0
55333.53049499972  0.0  1.3877443559407232  25.0
55338.51683999972  0.0  1.3877443559407232  25.0
55343.50318499972  0.0  1.3877443559407232  25.0
55348.489529999715  0.0  1.3877443559407232  25.0
55353.47587499971  0.0  1.3877443559407232  25.0
55358.46221999971  0.0  1.3877443559407232  25.0
55363.44856499971  0.0  1.3877443559407232  25.0
55368.434909999705  0.0  1.3877443559407232  25.0
55373.4212549997  0.0  1.3877443559407232  25.0
55378.4075999997  0.0  1.3877443559407232  25.0
55383.3939449997  0.0  1.3877443559407232  25.0
55388.380289999695  0.0  1.3877443559407232  25.0
55393.36663499969  0.0  1.3877443559407232  25.0
55398.35297999969  0.0  1.3877443559407232  25.0
55403.33932499969  0.0  1.3877443559407232  25.0
55408.325669999685  0.0  1.3877443559407232  25.0
55413.31201499968  0.0  1.3877443559407232  25.0
55418.29835999968  0.0  1.3877443559407232  25.0
55423.28470499968  0.0  1.3877443559407232  25.0
55428.271049999676  0.0  1.3877443559407232  25.0
55433.25739499967  0.0  1.3877443559407232  25.0
55438.24373999967  0.0  1.3877443559407232  25.0
55443.23008499967  0.0  1.3877443559407232  25.0
55448.216429999666  0.0  1.3877443559407232  25.0
55453.20277499966  0.0  1.3877443559407232  25.0
55458.18911999966  0.0  1.3877443559407232  25.0
55463.17546499966  0.0  1.3877443559407232  25.0
55468.161809999656  0.0  1.3877443559407232  25.0
55473.14815499965  0.0  1.3877443559407232  25.0
55478.13449999965  0.0  1.3877443559407232  25.0
55483.12084499965  0.0  1.3877443559407232  25.0
55488.107189999646  0.0  1.3877443559407232  25.0
55493.09353499964  0.0  1.3877443559407232  25.0
55498.07987999964  0.0  1.3877443559407232  25.0
55503.06622499964  0.0  1.3877443559407232  25.0
55508.052569999636  0.0  1.3877443559407232  25.0
55513.03891499963  0.0  1.3877443559407232  25.0
55518.02525999963  0.0  1.3877443559407232  25.0
55523.01160499963  0.0  1.3877443559407232  25.0
55527.997949999626  0.0  1.3877443559407232  25.0
55532.984294999624  0.0  1.3877443559407232  25.0
55537.97063999962  0.0  1.3877443559407232  25.0
55542.95698499962  0.0  1.3877443559407232  25.0
55547.943329999616  0.0  1.3877443559407232  25.0
55552.929674999614  0.0  1.3877443559407232  25.0
55557.91601999961  0.0  1.3877443559407232  25.0
55562.90236499961  0.0  1.3877443559407232  25.0
55567.88870999961  0.0  1.3877443559407232  25.0
55572.875054999604  0.0  1.3877443559407232  25.0
55577.8613999996  0.0  1.3877443559407232  25.0
55582.8477449996  0.0  1.3877443559407232  25.0
55587.8340899996  0.0  1.3877443559407232  25.0
55592.820434999594  0.0  1.3877443559407232  25.0
55597.80677999959  0.0  1.3877443559407232  25.0
55602.79312499959  0.0  1.3877443559407232  25.0
55607.77946999959  0.0  1.3877443559407232  25.0
55612.765814999584  0.0  1.3877443559407232  25.0
55617.75215999958  0.0  1.3877443559407232  25.0
55622.73850499958  0.0  1.3877443559407232  25.0
55627.72484999958  0.0  1.3877443559407232  25.0
55632.711194999574  0.0  1.3877443559407232  25.0
55637.69753999957  0.0  1.3877443559407232  25.0
55642.68388499957  0.0  1.3877443559407232  25.0
55647.67022999957  0.0  1.3877443559407232  25.0
55652.656574999564  0.0  1.3877443559407232  25.0
55657.64291999956  0.0  1.3877443559407232  25.0
55662.62926499956  0.0  1.3877443559407232  25.0
55667.61560999956  0.0  1.3877443559407232  25.0
55672.601954999554  0.0  1.3877443559407232  25.0
55677.58829999955  0.0  1.3877443559407232  25.0
55682.57464499955  0.0  1.3877443559407232  25.0
55687.56098999955  0.0  1.3877443559407232  25.0
55692.547334999545  0.0  1.3877443559407232  25.0
55697.53367999954  0.0  1.3877443559407232  25.0
55702.52002499954  0.0  1.3877443559407232  25.0
55707.50636999954  0.0  1.3877443559407232  25.0
55712.492714999535  0.0  1.3877443559407232  25.0
55717.47905999953  0.0  1.3877443559407232  25.0
55722.46540499953  0.0  1.3877443559407232  25.0
55727.45174999953  0.0  1.3877443559407232  25.0
55732.438094999525  0.0  1.3877443559407232  25.0
55737.42443999952  0.0  1.3877443559407232  25.0
55742.41078499952  0.0  1.3877443559407232  25.0
55747.39712999952  0.0  1.3877443559407232  25.0
55752.383474999515  0.0  1.3877443559407232  25.0
55757.36981999951  0.0  1.3877443559407232  25.0
55762.35616499951  0.0  1.3877443559407232  25.0
55767.34250999951  0.0  1.3877443559407232  25.0
55772.328854999505  0.0  1.3877443559407232  25.0
55777.3151999995  0.0  1.3877443559407232  25.0
55782.3015449995  0.0  1.3877443559407232  25.0
55787.2878899995  0.0  1.3877443559407232  25.0
55792.274234999495  0.0  1.3877443559407232  25.0
55797.26057999949  0.0  1.3877443559407232  25.0
55802.24692499949  0.0  1.3877443559407232  25.0
55807.23326999949  0.0  1.3877443559407232  25.0
55812.219614999485  0.0  1.3877443559407232  25.0
55817.20595999948  0.0  1.3877443559407232  25.0
55822.19230499948  0.0  1.3877443559407232  25.0
55827.17864999948  0.0  1.3877443559407232  25.0
55832.164994999475  0.0  1.3877443559407232  25.0
55837.15133999947  0.0  1.3877443559407232  25.0
55842.13768499947  0.0  1.3877443559407232  25.0
55847.12402999947  0.0  1.3877443559407232  25.0
55852.110374999465  0.0  1.3877443559407232  25.0
55857.09671999946  0.0  1.3877443559407232  25.0
55862.08306499946  0.0  1.3877443559407232  25.0
55867.06940999946  0.0  1.3877443559407232  25.0
55872.055754999456  0.0  1.3877443559407232  25.0
55877.04209999945  0.0  1.3877443559407232  25.0
55882.02844499945  0.0  1.3877443559407232  25.0
55887.01478999945  0.0  1.3877443559407232  25.0
55892.001134999446  0.0  1.3877443559407232  25.0
55896.98747999944  0.0  1.3877443559407232  25.0
55901.97382499944  0.0  1.3877443559407232  25.0
55906.96016999944  0.0  1.3877443559407232  25.0
55911.946514999436  0.0  1.3877443559407232  25.0
55916.93285999943  0.0  1.3877443559407232  25.0
55921.91920499943  0.0  1.3877443559407232  25.0
55926.90554999943  0.0  1.3877443559407232  25.0
55931.891894999426  0.0  1.3877443559407232  25.0
55936.87823999942  0.0  1.3877443559407232  25.0
55941.86458499942  0.0  1.3877443559407232  25.0
55946.85092999942  0.0  1.3877443559407232  25.0
55951.837274999416  0.0  1.3877443559407232  25.0
55956.82361999941  0.0  1.3877443559407232  25.0
55961.80996499941  0.0  1.3877443559407232  25.0
55966.79630999941  0.0  1.3877443559407232  25.0
55971.782654999406  0.0  1.3877443559407232  25.0
55976.7689999994  0.0  1.3877443559407232  25.0
55981.7553449994  0.0  1.3877443559407232  25.0
55986.7416899994  0.0  1.3877443559407232  25.0
55991.728034999396  0.0  1.3877443559407232  25.0
55996.714379999394  0.0  1.3877443559407232  25.0
56001.70072499939  0.0  1.3877443559407232  25.0
56006.68706999939  0.0  1.3877443559407232  25.0
56011.673414999386  0.0  1.3877443559407232  25.0
56016.659759999384  0.0  1.3877443559407232  25.0
56021.64610499938  0.0  1.3877443559407232  25.0
56026.63244999938  0.0  1.3877443559407232  25.0
56031.61879499938  0.0  1.3877443559407232  25.0
56036.605139999374  0.0  1.3877443559407232  25.0
56041.59148499937  0.0  1.3877443559407232  25.0
56046.57782999937  0.0  1.3877443559407232  25.0
56051.56417499937  0.0  1.3877443559407232  25.0
56056.550519999364  0.0  1.3877443559407232  25.0
56061.53686499936  0.0  1.3877443559407232  25.0
56066.52320999936  0.0  1.3877443559407232  25.0
56071.50955499936  0.0  1.3877443559407232  25.0
56076.495899999354  0.0  1.3877443559407232  25.0
56081.48224499935  0.0  1.3877443559407232  25.0
56086.46858999935  0.0  1.3877443559407232  25.0
56091.45493499935  0.0  1.3877443559407232  25.0
56096.441279999344  0.0  1.3877443559407232  25.0
56101.42762499934  0.0  1.3877443559407232  25.0
56106.41396999934  0.0  1.3877443559407232  25.0
56111.40031499934  0.0  1.3877443559407232  25.0
56116.386659999334  0.0  1.3877443559407232  25.0
56121.37300499933  0.0  1.3877443559407232  25.0
56126.35934999933  0.0  1.3877443559407232  25.0
56131.34569499933  0.0  1.3877443559407232  25.0
56136.332039999324  0.0  1.3877443559407232  25.0
56141.31838499932  0.0  1.3877443559407232  25.0
56146.30472999932  0.0  1.3877443559407232  25.0
56151.29107499932  0.0  1.3877443559407232  25.0
56156.277419999315  0.0  1.3877443559407232  25.0
56161.26376499931  0.0  1.3877443559407232  25.0
56166.25010999931  0.0  1.3877443559407232  25.0
56171.23645499931  0.0  1.3877443559407232  25.0
56176.222799999305  0.0  1.3877443559407232  25.0
56181.2091449993  0.0  1.3877443559407232  25.0
56186.1954899993  0.0  1.3877443559407232  25.0
56191.1818349993  0.0  1.3877443559407232  25.0
56196.168179999295  0.0  1.3877443559407232  25.0
56201.15452499929  0.0  1.3877443559407232  25.0
56206.14086999929  0.0  1.3877443559407232  25.0
56211.12721499929  0.0  1.3877443559407232  25.0
56216.113559999285  0.0  1.3877443559407232  25.0
56221.09990499928  0.0  1.3877443559407232  25.0
56226.08624999928  0.0  1.3877443559407232  25.0
56231.07259499928  0.0  1.3877443559407232  25.0
56236.058939999275  0.0  1.3877443559407232  25.0
56241.04528499927  0.0  1.3877443559407232  25.0
56246.03162999927  0.0  1.3877443559407232  25.0
56251.01797499927  0.0  1.3877443559407232  25.0
56256.004319999265  0.0  1.3877443559407232  25.0
56260.99066499926  0.0  1.3877443559407232  25.0
56265.97700999926  0.0  1.3877443559407232  25.0
56270.96335499926  0.0  1.3877443559407232  25.0
56275.949699999255  0.0  1.3877443559407232  25.0
56280.93604499925  0.0  1.3877443559407232  25.0
56285.92238999925  0.0  1.3877443559407232  25.0
56290.90873499925  0.0  1.3877443559407232  25.0
56295.895079999245  0.0  1.3877443559407232  25.0
56300.88142499924  0.0  1.3877443559407232  25.0
56305.86776999924  0.0  1.3877443559407232  25.0
56310.85411499924  0.0  1.3877443559407232  25.0
56315.840459999235  0.0  1.3877443559407232  25.0
56320.82680499923  0.0  1.3877443559407232  25.0
56325.81314999923  0.0  1.3877443559407232  25.0
56330.79949499923  0.0  1.3877443559407232  25.0
56335.785839999226  0.0  1.3877443559407232  25.0
56340.77218499922  0.0  1.3877443559407232  25.0
56345.75852999922  0.0  1.3877443559407232  25.0
56350.74487499922  0.0  1.3877443559407232  25.0
56355.731219999216  0.0  1.3877443559407232  25.0
56360.71756499921  0.0  1.3877443559407232  25.0
56365.70390999921  0.0  1.3877443559407232  25.0
56370.69025499921  0.0  1.3877443559407232  25.0
56375.676599999206  0.0  1.3877443559407232  25.0
56380.6629449992  0.0  1.3877443559407232  25.0
56385.6492899992  0.0  1.3877443559407232  25.0
56390.6356349992  0.0  1.3877443559407232  25.0
54979.5  -2.296376993961102  1.4361354617479216  25.0
54982.3984375  -1.8127660972670592  1.273565370587954  25.0
54993.3984375  -3.4700608055426554  1.7781724031093007  25.0
54996.3984375  -2.5689267670284854  1.5850079725680764  25.0
55002.3984375  -1.492025167061329  1.6523956321641942  25.0
55011.3984375  -6.888930937864588  1.814565730636592  25.0
55029.30078125  -5.71394750761043  3.5299496749328325  25.0
55092.19921875  -5.489088876984464  1.3955429261251426  25.0
55296.6015625  9.229799895565478  7.767769126528983  25.0
55302.6015625  -0.20186281741041054  1.5064225200671908  25.0
55305.6015625  4.087847080072512  1.6525954854831801  25.0
55326.5  1.3078590940675014  1.2640670936934943  25.0
55329.5  -1.8763543507555271  1.31025857344359  25.0
55332.3984375  -0.37253137792060925  1.2209750566852677  25.0
55335.3984375  1.185081648505039  1.675591394048601  25.0
55338.3984375  0.09658220931124561  2.7556923634171193  25.0
55347.3984375  -0.6485805149050322  2.1423053410014683  25.0
55350.5  -0.8726392078307912  1.4573315462440777  25.0
55353.3984375  0.8990343391165603  1.262867306330517  25.0
55362.3984375  1.3665482714445671  1.456731604887656  25.0
55365.30078125  -0.537900917306769  1.223974477417778  25.0
55368.3984375  0.18816533242046332  1.6492961894223248  25.0
55377.3984375  -0.03629331445698236  1.735580190098271  25.0
55389.30078125  -0.008598416259364266  1.1241929404207365  25.0
55407.30078125  -3.2422028495340456  1.5242191911432668  25.0
55413.30078125  1.1397899854397098  1.3676480367981856  25.0
55416.30078125  0.4560159780452964  1.3152576715643514  25.0
55422.30078125  -8.087809807319335  3.7614068976805086  25.0
55425.30078125  -2.3536664353063386  1.8566579289506933  25.0
55428.30078125  0.09888178586530781  2.091914653155885  25.0
55437.30078125  1.2887626136190893  1.5247191104903295  25.0
55440.30078125  -0.09988160072196674  1.0754018419259683  25.0
55443.30078125  0.11717841800401281  1.3333544086685039  25.0
55446.30078125  0.7702580997640103  1.266266719750597  25.0
55449.19921875  -0.6037887711867657  2.047622733434815  25.0
55452.30078125  -0.23645644005576943  1.467229720476241  25.0
55602.6015625  0.9880179805465378  1.1843817804891246  25.0
55674.5  -0.8257478600647808  1.3488515270279842  25.0
55677.6015625  0.7917541549383771  1.1960796834406868  25.0
55701.6015625  -1.6713919952533813  3.0271423711308847  25.0
55710.5  0.29864498134987466  1.0971978677785459  25.0
55722.3984375  5.586270985936565  4.703933457192597  25.0
55737.3984375  -2.3498671245485547  1.3604494079701877  25.0
55740.3984375  4.602851920123487  2.484842297059776  25.0
55743.30078125  1.5636119394030685  1.5673112281514934  25.0
55746.30078125  0.15927066399304693  1.1012971492145405  25.0
55752.30078125  0.09798195130244144  2.054121589596764  25.0
55761.30078125  -0.45311653164721205  1.158786539228629  25.0
55764.30078125  1.1644855053653047  2.04262373066392  25.0
55767.30078125  -0.8794379393210854  1.1577867005345035  25.0
55770.30078125  0.7121688160684332  1.1053963353006693  25.0
55773.30078125  -0.0657878795455707  1.421438138063849  25.0
55776.30078125  0.6589786084842584  1.1471886582864255  25.0
55779.30078125  0.6413818384021014  2.061920064431318  25.0
55791.30078125  0.05249032764952699  1.077501541323578  25.0
55794.30078125  -0.01669692360055741  1.139290161442513  25.0
55797.30078125  -0.6861735821203679  1.1430893768504309  25.0
55800.30078125  3.119525330631076  2.9498565373026033  25.0
55803.30078125  0.8735391198654237  1.2780645493616523  25.0
55806.19921875  0.945325840876015  1.3877443559407232  25.0
56059.3984375  1.9401426482627129  1.4699291705305406  25.0
56062.6015625  -0.9513247776909016  1.2265740008125845  25.0
56065.3984375  0.2702502203507878  1.1380903740795356  25.0
56067.5  -0.1795669198857032  1.1831819931261471  25.0
56088.30078125  1.8619569023997993  1.3605493346296806  25.0
56091.30078125  1.5367168887702367  1.3074591013799317  25.0
56094.3984375  -0.4060251875374168  1.2583682229066844  25.0
56416.5  21.083716586156665  1.3822453384728992  25.0
56421.5  26.675386662901563  1.2707658985242956  25.0
56424.5  25.9053289408808  1.1807825137500585  25.0
56427.5  23.281311309715655  1.495424485131543  25.0
56443.5  9.406766958331843  1.506222476048473  25.0
56451.5  1.7572762892913556  1.1846817511673353  25.0
56460.5  3.072133968168137  1.4310363416178016  25.0
56472.3984375  0.7420632874337753  1.5884073859881565  25.0
56475.3984375  0.5198042278775493  1.054605750117382  25.0
56478.30078125  0.3972268263338048  1.144389186222767  25.0
56480.3984375  1.3118583534941373  1.1068960933418575  25.0
56486.30078125  1.0261109194340032  1.165785219387775  25.0
56489.30078125  1.7084851907965872  1.5023232386311962  25.0
56501.3984375  2.605320094555777  1.7482779317439587  25.0
56507.30078125  2.4504486469207354  1.3391533014646726  25.0
56512.30078125  1.6982871412360792  1.236372248385255  25.0
56518.30078125  -0.9821190657410102  1.5295182599422388  25.0
56537.30078125  -2.193695867541177  2.2757806601216357  25.0
