55459.26753112337    2.5132710829192444    0.6461417905804056     25    
55459.76753112337    2.8463434222589465    0.6483625997170377     25    
55460.26753112337    3.1953090477726422    0.6509246661655325     25    
55460.76753112337    3.557140051194721     0.6563283756482736     25    
55461.26753112337    3.9324063470584134    0.6667929466106034     25    
55461.76753112337    4.320187054007125     0.6785902842684788     25    
55462.26753112337    4.717631677911504     0.6865095018613051     25    
55462.76753112337    5.12578941004534      0.6900038363307742     25    
55463.26753112337    5.54308267817521      0.6916755852463798     25    
55463.76753112337    5.966956678398893     0.6935766827028114     25    
55464.26753112337    6.398703326549023     0.6954095036541048     25    
55464.76753112337    6.836206635606186     0.6967581028557766     25    
55465.26753112337    7.277325767986186     0.6974797037220359     25    
55465.76753112337    7.723358811898745     0.6976120009061533     25    
55466.26753112337    8.171769641629366     0.6972259909850875     25    
55466.76753112337    8.620949662002678     0.6962787688278936     25    
55467.26753112337    9.071966581423807     0.6947387679303612     25    
55467.76753112337    9.521982411574022     0.6930607757573741     25    
55468.26753112337    9.97029626800229      0.6959987921344865     25    
55468.76753112337    10.417348137588423    0.7005569084191406     25    
55469.26753112337    10.85906630548777     0.6884702837750367     25    
55469.76753112337    11.297409190747858    0.6385858941942919     25    
55470.26753112337    11.729737781842532    0.5649903861727049     25    
55470.76753112337    12.144900624541565    0.5126749781849445     25    
55471.26753112337    12.545919214961074    0.5082911097110532     25    
55471.76753112337    12.927930187612903    0.5254451271887735     25    
55472.26753112337    13.277520264504428    0.5359679356031046     25    
55472.76753112337    13.598698334294038    0.5406442773846499     25    
55473.26753112337    13.88590062160382     0.5440874208350057     25    
55473.76753112337    14.127798241845623    0.5450564946898585     25    
55474.26753112337    14.324340225503693    0.5423536985314472     25    
55474.76753112337    14.482487224336765    0.5401134702537985     25    
55475.26753112337    14.605899286986546    0.542680871350781      25    
55475.76753112337    14.690270980838335    0.5490142371282142     25    
55476.26753112337    14.748956106737175    0.5570434164783739     25    
55476.76753112337    14.790440712553224    0.5667649278345499     25    
55477.26753112337    14.809298942878984    0.5788333548303776     25    
55477.76753112337    14.8184685585321      0.5865105706840955     25    
55478.26753112337    14.82552589953754     0.5854050009926715     25    
55478.76753112337    14.825787161367332    0.5783193192463797     25    
55479.26753112337    14.820700230880233    0.5678094539730053     25    
55479.76753112337    14.81240741863512     0.5514215942177981     25    
55480.26753112337    14.798703182277777    0.5315178072929811     25    
55480.76753112337    14.774619419506804    0.5194529595363422     25    
55481.26753112337    14.740811864820545    0.5215212389322693     25    
55481.76753112337    14.696160885706353    0.5292965704140159     25    
55482.26753112337    14.63625158869154     0.5326554094820859     25    
55482.76753112337    14.56062368036597     0.530827017819009      25    
55483.26753112337    14.471026545229549    0.5273797500627989     25    
55483.76753112337    14.36831573736609     0.5242353794190647     25    
55484.26753112337    14.250994964871284    0.5200382671771324     25    
55484.76753112337    14.122732813758246    0.5174497674470685     25    
55485.26753112337    13.986957458943696    0.5204915797103988     25    
55485.76753112337    13.841672446843765    0.5294497325134765     25    
55486.26753112337    13.690568309906553    0.5371703167041033     25    
55486.76753112337    13.536681688892996    0.5380101971371237     25    
55487.26753112337    13.378489222792982    0.5343277262005365     25    
55487.76753112337    13.217112567265918    0.5286768815887716     25    
55488.26753112337    13.053517209943335    0.5211408706700269     25    
55488.76753112337    12.887124649461638    0.5114860924774631     25    
55489.26753112337    12.717147309238682    0.505103709330324      25    
55489.76753112337    12.543531726849869    0.5059541183957176     25    
55490.26753112337    12.366255744359728    0.5104750035403897     25    
55490.76753112337    12.184496885820884    0.5132055144123479     25    
55491.26753112337    11.998454116162486    0.5131254037354794     25    
55491.76753112337    11.807802362158254    0.511653738187504      25    
55492.26753112337    11.611572371733702    0.5086916114137725     25    
55492.76753112337    11.410150015338063    0.50266095847318       25    
55493.26753112337    11.202930701617861    0.49661703201399265    25    
55493.76753112337    10.98889004460898     0.49522323473147806    25    
55494.26753112337    10.76846563978388     0.49930241352360993    25    
55494.76753112337    10.541022860866677    0.5041402053834465     25    
55495.26753112337    10.30544958922532     0.5070252291450483     25    
55495.76753112337    10.061554512382488    0.5114566593712769     25    
55496.26753112337    9.811587823763103     0.5067496632122139     25    
55496.76753112337    9.556400503221036     0.4780204563921194     25    
55497.26753112337    9.29497913391501      0.4237150360192449     25    
55497.76753112337    9.032298729816262     0.3715512356162214     25    
55498.26753112337    8.770226184835625     0.3524347712815807     25    
55498.76753112337    8.507557671644514     0.3551982329959675     25    
55499.26753112337    8.249434460193218     0.3598103441852097     25    
55499.76753112337    7.997358215292097     0.35891014586660636    25    
55500.26753112337    7.750273321010762     0.35830233177370496    25    
55500.76753112337    7.510227586511626     0.35603212047758914    25    
55501.26753112337    7.277974219475782     0.35040689571331923    25    
55501.76753112337    7.052474631245969     0.343702520054761      25    
55502.26753112337    6.832796516487453     0.3396123642899592     25    
55502.76753112337    6.6192828356228       0.3390623875745677     25    
55503.26753112337    6.411405482566785     0.33985681220552527    25    
55503.76753112337    6.208192170530438     0.3400378822920623     25    
55504.26753112337    6.009876101658168     0.34019677574121254    25    
55504.76753112337    5.816337987159229     0.3397627011997581     25    
55505.26753112337    5.627243209593654     0.3387081961429618     25    
55505.76753112337    5.442590508005655     0.33879497427036037    25    
55506.26753112337    5.26280586445851      0.3329372719336134     25    
55506.76753112337    5.08813727816976      0.310888476606228      25    
55507.26753112337    4.918417864834312     0.27061663098048183    25    
55507.76753112337    4.754077701707245     0.23170180434576504    25    
55508.26753112337    4.595379379091693     0.21860536613073134    25    
55508.76753112337    4.44216639067348      0.22346300487523768    25    
55509.26753112337    4.2945019705891       0.22838479829128322    25    
55509.76753112337    4.152534855769152     0.22532325005780687    25    
55510.26753112337    4.016117891278844     0.2209140027478415     25    
55510.76753112337    3.884847434358126     0.21865507396407474    25    
55511.26753112337    3.7587874781412514    0.2203301584346063     25    
55511.76753112337    3.637826420979682     0.22355252070418707    25    
55512.26753112337    3.5215537543635658    0.22561064000791048    25    
55512.76753112337    3.410136463260358     0.22686107612801415    25    
55513.26753112337    3.3033099190690156    0.22706432932664436    25    
55513.76753112337    3.200624307398394     0.22516218192680143    25    
55514.26753112337    3.1023328595473845    0.22155438977734823    25    
55514.76753112337    3.007991381752967     0.2154757711970983     25    
55515.26753112337    2.9171151996692717    0.20476568684981147    25    
55515.76753112337    2.829987855012283     0.18706267989484465    25    
55516.26753112337    2.7460840683952528    0.16997469066286655    25    
55516.76753112337    2.66496875354789      0.16379718810855323    25    
55517.26753112337    2.5868695266386834    0.1668292871537106     25    
55517.76753112337    2.511512123719282     0.1698702382458557     25    
55518.26753112337    2.4386623088337007    0.1666826823185992     25    
55518.76753112337    2.368451246590261     0.1606506249724811     25    
55519.26753112337    2.3010677547211498    0.15589496623392135    25    
55519.76753112337    2.236525898182373     0.15472646081408234    25    
55520.26753112337    2.1748297883269254    0.15546578464487287    25    
55520.76753112337    2.1162015970577204    0.15691599714566837    25    
55521.26753112337    2.060771536008006     0.15966120357483293    25    
55521.76753112337    2.0083637030536554    0.1627290649391374     25    
55522.26753112337    1.9587717145791772    0.16377806272714068    25    
55522.76753112337    1.9123293538289576    0.1634501581465507     25    
55523.26753112337    1.86842659794306      0.16088055669012843    25    
55523.76753112337    1.8261959451343353    0.15341746295184258    25    
55524.26753112337    1.7860636949350512    0.13770446706979675    25    
55524.76753112337    1.7473350533202021    0.11993341884606361    25    
55525.26753112337    1.7091409990139474    0.11092347535781286    25    
55525.76753112337    1.671812075854583     0.11153382246660277    25    
55526.26753112337    1.6350860412156387    0.1139851661419088     25    
55526.76753112337    1.5985212451501756    0.11189250665367911    25    
55527.26753112337    1.5621891885776442    0.10733634140688497    25    
55527.76753112337    1.526904467349984     0.10401462403678424    25    
55528.26753112337    1.4929586695031698    0.10475560407069852    25    
55528.76753112337    1.460153085447263     0.10806037091931546    25    
55529.26753112337    1.4294364150898364    0.11196631752639222    25    
55529.76753112337    1.4011257991400619    0.11668243855882231    25    
55530.26753112337    1.3750013811636865    0.12170823447512417    25    
55530.76753112337    1.351428747528787     0.12382318768014704    25    
55531.26753112337    1.3308120833741326    0.12148219055912708    25    
55531.76753112337    1.3125998614702312    0.11675321560780247    25    
55532.26753112337    1.295899774513634     0.11228739890178575    25    
55532.76753112337    1.2810443816658923    0.10797388284478814    25    
55533.26753112337    1.2675131172985192    0.10374188650824943    25    
55533.76753112337    1.2543231501765522    0.10047219052113941    25    
55534.26753112337    1.2418180279468478    0.09816536847997454    25    
55534.76753112337    1.22956350608596      0.09673416457198004    25    
55535.26753112337    1.216898319155095     0.09640475490203888    25    
55535.76753112337    1.2039886872090448    0.09758464127029669    25    
55536.26753112337    1.1909417191477834    0.09857495805550727    25    
55536.76753112337    1.1777624099637467    0.09783229027492152    25    
55537.26753112337    1.1644263283564789    0.09586317113202532    25    
55537.76753112337    1.151081641790273     0.09345543410770778    25    
55538.26753112337    1.137791118535707     0.09092714991121213    25    
55538.76753112337    1.1245133029394319    0.08803469954147128    25    
55539.26753112337    1.1114022435595843    0.085481970442675      25    
55539.76753112337    1.0984830511764396    0.08366990085571276    25    
55540.26753112337    1.0857462956698434    0.0823602003859734     25    
55540.76753112337    1.073350616111072     0.0814860902267101     25    
55541.26753112337    1.0612804516783652    0.08039483380404683    25    
55541.76753112337    1.0495675503401383    0.08001557241109863    25    
55542.26753112337    1.038364441194924     0.0822884326404054     25    
55542.76753112337    1.027625563833908     0.08821593462816152    25    
55543.26753112337    1.0174193107427383    0.09491444575101926    25    
55543.76753112337    1.0078854276461275    0.09924535676184093    25    
55544.26753112337    0.9989606314354901    0.0998107888161217     25    
55544.76753112337    0.9907438206700647    0.10226438081415624    25    
55545.26753112337    0.9833558192571046    0.11060069805510218    25    