#Date  :
#Flux  :
#Fluxerr  :
#ZP  :
#end  :
@INSTRUMENT  PS
@BAND  PS_i
@MAGSYS  AB
54888.1477625  0.0  1.0066898029748395  25.0
54893.134107499995  0.0  1.0066898029748395  25.0
54898.12045249999  0.0  1.0066898029748395  25.0
54903.10679749999  0.0  1.0066898029748395  25.0
54908.09314249999  0.0  1.0066898029748395  25.0
54913.079487499985  0.0  1.0066898029748395  25.0
54918.06583249998  0.0  1.0066898029748395  25.0
54923.05217749998  0.0  1.0066898029748395  25.0
54928.03852249998  0.0  1.0066898029748395  25.0
54933.024867499975  0.0  1.0066898029748395  25.0
54938.01121249997  0.0  1.0066898029748395  25.0
54942.99755749997  0.0  1.0066898029748395  25.0
54947.98390249997  0.0  1.0066898029748395  25.0
54952.970247499965  0.0  1.0066898029748395  25.0
54957.95659249996  0.0  1.0066898029748395  25.0
54962.94293749996  0.0  1.0066898029748395  25.0
54967.92928249996  0.0  1.0066898029748395  25.0
54972.915627499955  0.0  1.0066898029748395  25.0
54977.90197249995  0.0  1.0066898029748395  25.0
54982.88831749995  0.0  1.0066898029748395  25.0
54987.87466249995  0.0  1.0066898029748395  25.0
54992.861007499945  0.0  1.0066898029748395  25.0
54997.84735249994  0.0  1.0066898029748395  25.0
55002.83369749994  0.0  1.0066898029748395  25.0
55007.82004249994  0.0  1.0066898029748395  25.0
55012.806387499935  0.0  1.0066898029748395  25.0
55017.79273249993  0.0  1.0066898029748395  25.0
55022.77907749993  0.0  1.0066898029748395  25.0
55027.76542249993  0.0  1.0066898029748395  25.0
55032.751767499925  0.0  1.0066898029748395  25.0
55037.73811249992  0.0  1.0066898029748395  25.0
55042.72445749992  0.0  1.0066898029748395  25.0
55047.71080249992  0.0  1.0066898029748395  25.0
55052.697147499915  0.0  1.0066898029748395  25.0
55057.68349249991  0.0  1.0066898029748395  25.0
55062.66983749991  0.0  1.0066898029748395  25.0
55067.65618249991  0.0  1.0066898029748395  25.0
55072.642527499906  0.0  1.0066898029748395  25.0
55077.6288724999  0.0  1.0066898029748395  25.0
55082.6152174999  0.0  1.0066898029748395  25.0
55087.6015624999  0.0  1.0066898029748395  25.0
55092.587907499896  0.0  1.0066898029748395  25.0
55097.57425249989  0.0  1.0066898029748395  25.0
55102.56059749989  0.0  1.0066898029748395  25.0
55107.54694249989  0.0  1.0066898029748395  25.0
55112.533287499886  0.0  1.0066898029748395  25.0
55117.51963249988  0.0  1.0066898029748395  25.0
55122.50597749988  0.0  1.0066898029748395  25.0
55127.49232249988  0.0  1.0066898029748395  25.0
55132.478667499876  0.0  1.0066898029748395  25.0
55137.46501249987  0.0  1.0066898029748395  25.0
55142.45135749987  0.0  1.0066898029748395  25.0
55147.43770249987  0.0  1.0066898029748395  25.0
55152.424047499866  0.0  1.0066898029748395  25.0
55157.41039249986  0.0  1.0066898029748395  25.0
55162.39673749986  0.0  1.0066898029748395  25.0
55167.38308249986  0.0  1.0066898029748395  25.0
55172.369427499856  0.0  1.0066898029748395  25.0
55177.35577249985  0.0  1.0066898029748395  25.0
55182.34211749985  0.0  1.0066898029748395  25.0
55187.32846249985  0.0  1.0066898029748395  25.0
55192.314807499846  0.0  1.0066898029748395  25.0
55197.301152499844  0.0  1.0066898029748395  25.0
55202.28749749984  0.0  1.0066898029748395  25.0
55207.27384249984  0.0  1.0066898029748395  25.0
55212.260187499836  0.0  1.0066898029748395  25.0
55217.246532499834  0.0  1.0066898029748395  25.0
55222.23287749983  0.0  1.0066898029748395  25.0
55227.21922249983  0.0  1.0066898029748395  25.0
55232.20556749983  0.0  1.0066898029748395  25.0
55237.191912499824  0.0  1.0066898029748395  25.0
55242.17825749982  0.0  1.0066898029748395  25.0
55247.16460249982  0.0  1.0066898029748395  25.0
55252.15094749982  0.0  1.0066898029748395  25.0
55257.137292499814  0.0  1.0066898029748395  25.0
55262.12363749981  0.0  1.0066898029748395  25.0
55267.10998249981  0.0  1.0066898029748395  25.0
55272.09632749981  0.0  1.0066898029748395  25.0
55277.082672499804  0.0  1.0066898029748395  25.0
55282.0690174998  0.0  1.0066898029748395  25.0
55287.0553624998  0.0  1.0066898029748395  25.0
55292.0417074998  0.0  1.0066898029748395  25.0
55297.028052499794  0.0  1.0066898029748395  25.0
55302.01439749979  0.0  1.0066898029748395  25.0
55307.00074249979  0.0  1.0066898029748395  25.0
55311.98708749979  0.0  1.0066898029748395  25.0
55316.973432499784  0.0  1.0066898029748395  25.0
55321.95977749978  0.0  1.0066898029748395  25.0
55326.94612249978  0.0  1.0066898029748395  25.0
55331.93246749978  0.0  1.0066898029748395  25.0
55336.918812499775  0.0  1.0066898029748395  25.0
55341.90515749977  0.0  1.0066898029748395  25.0
55346.89150249977  0.0  1.0066898029748395  25.0
55351.87784749977  0.0  1.0066898029748395  25.0
55356.864192499765  0.0  1.0066898029748395  25.0
55361.85053749976  0.0  1.0066898029748395  25.0
55366.83688249976  0.0  1.0066898029748395  25.0
55371.82322749976  0.0  1.0066898029748395  25.0
55376.809572499755  0.0  1.0066898029748395  25.0
55381.79591749975  0.0  1.0066898029748395  25.0
55386.78226249975  0.0  1.0066898029748395  25.0
55391.76860749975  0.0  1.0066898029748395  25.0
55396.754952499745  0.0  1.0066898029748395  25.0
55401.74129749974  0.0  1.0066898029748395  25.0
55406.72764249974  0.0  1.0066898029748395  25.0
55411.71398749974  0.0  1.0066898029748395  25.0
55416.700332499735  0.0  1.0066898029748395  25.0
55421.68667749973  0.0  1.0066898029748395  25.0
55426.67302249973  0.0  1.0066898029748395  25.0
55431.65936749973  0.0  1.0066898029748395  25.0
55436.645712499725  0.0  1.0066898029748395  25.0
55441.63205749972  0.0  1.0066898029748395  25.0
55446.61840249972  0.0  1.0066898029748395  25.0
55451.60474749972  0.0  1.0066898029748395  25.0
55456.591092499715  0.0  1.0066898029748395  25.0
55461.57743749971  0.0  1.0066898029748395  25.0
55466.56378249971  0.0  1.0066898029748395  25.0
55471.55012749971  0.0  1.0066898029748395  25.0
55476.536472499705  0.0  1.0066898029748395  25.0
55481.5228174997  0.0  1.0066898029748395  25.0
55486.5091624997  0.0  1.0066898029748395  25.0
55491.4955074997  0.0  1.0066898029748395  25.0
55496.481852499695  0.0  1.0066898029748395  25.0
55501.46819749969  0.0  1.0066898029748395  25.0
55506.45454249969  0.0  1.0066898029748395  25.0
55511.44088749969  0.0  1.0066898029748395  25.0
55516.427232499685  0.0  1.0066898029748395  25.0
55521.41357749968  0.0  1.0066898029748395  25.0
55087.6015625  1.9537929597393888  1.9714628251446216  25.0
55090.6015625  0.010209238469151697  1.0536130019562397  25.0
55093.6015625  0.6204075725607734  2.834339692130876  25.0
55096.6015625  -0.11927139254673814  0.5522805163694625  25.0
55102.6015625  1.2008616306847615  1.0747186537195663  25.0
55180.3984375  -0.15755603461188147  0.6881419473929828  25.0
55204.30078125  -0.38225744542185935  0.5631769208869352  25.0
55207.30078125  0.8688650587739687  0.8656255896908864  25.0
55213.30078125  1.1004380891092125  1.0288752465598079  25.0
55219.30078125  0.10130705122898806  0.9952043530141754  25.0
55222.30078125  1.1108436536300779  0.7980875789427669  25.0
55441.6015625  -0.6185424180209287  0.7673616785676995  25.0
55444.6015625  -0.9900998230094054  1.4009234447358134  25.0
55447.6015625  -0.6701776060752328  0.7366358250017104  25.0
55453.6015625  -0.6644839838181928  1.0863022155086577  25.0
55456.6015625  1.9663582015216947  0.9619261876367229  25.0
55465.6015625  3.3052407064460247  2.928382500986845  25.0
55477.5  -0.05997927490917845  0.6816629624177399  25.0
55480.5  -1.508316764474134  1.39964733563916  25.0
55483.5  0.19427002145423655  0.9218745613715102  25.0
55498.5  0.03327818878199173  1.3596938212023746  25.0
55507.5  -0.3663545993235047  0.6806813292336039  25.0
55510.3984375  -0.5156646764623436  0.7974004216711482  25.0
55516.3984375  -0.35526185412648137  0.9534839831022864  25.0
55534.3984375  4.535061616076142  1.1598283244263343  25.0
55546.3984375  25.338935999592778  1.127826361763692  25.0
55555.3984375  37.300825986442945  1.6967950167360943  25.0
55576.30078125  16.720769024289794  1.668719680428153  25.0
55588.19921875  14.082661789120284  1.4663018718406493  25.0
55594.19921875  13.229012489386669  0.9450416849496931  25.0
55597.19921875  12.800519938436597  1.1729826116518316  25.0
55822.6015625  0.7014924582753348  0.5794724249398521  25.0
55825.6015625  0.9574106094569874  1.1894743861706816  25.0
55831.6015625  -0.9767492185088965  0.8146775589082011  25.0
55834.6015625  0.6422003347866403  0.9012597496047909  25.0
55837.5  -1.3352505885275385  0.6976639905581395  25.0
55850.5  -2.0749294249100845  1.178577981653209  25.0
55853.5  -0.11760256698417454  1.1977203670482635  25.0
55859.5  -0.09247213607977606  0.7519496490614129  25.0
55879.3984375  1.411819849253286  1.804580971024438  25.0
55890.3984375  0.7011979823628175  0.6163827407594883  25.0
55893.3984375  -0.9674234458096729  1.2895052931962074  25.0
55896.3984375  0.018945990592506828  0.7466487081634744  25.0
55900.3984375  -0.6503481102176379  2.388372750487171  25.0
55915.30078125  0.5929211412687881  1.5852787533680612  25.0
55945.19921875  -0.09855841044024345  0.910389205029003  25.0
55948.30078125  1.1145739627097675  0.6635023038249783  25.0
55950.30078125  -1.3370175376207991  0.7195549582305907  25.0
55956.19921875  0.7002163023696031  1.0066898029748395  25.0
56204.5  0.7417404486246374  1.1117271281767083  25.0
56207.6015625  -0.63581960206706  0.9748840639690518  25.0
56210.5  0.3898161988142048  0.4487156643483371  25.0
56213.5  2.036252206806266  1.4420548628226677  25.0
56215.5  -0.6804850119585925  1.3576323493875184  25.0
56218.5  0.034750676590571995  0.6991365105479612  25.0
56221.5  0.42044391714722734  1.1800505016430307  25.0
56233.5  -0.5024123242174974  0.9819520475784077  25.0
56236.3984375  -0.9856823566580971  0.6988419878263655  25.0
56239.5  -2.619945687204258  1.046741429240052  25.0
56242.3984375  0.6067625389568257  1.2610372287200862  25.0
56284.30078125  0.8670981096807081  0.8874183987258317  25.0
56293.30078125  0.7133705427860219  1.7424421066208413  25.0
56299.30078125  1.9562470661042681  1.0325073501929132  25.0
56302.30078125  -0.7776690844510592  0.7885654889685318  25.0
56310.30078125  1.1540365435317885  0.6175607380277143  25.0
56314.19921875  0.993437403920915  2.391415902295242  25.0
56558.6015625  -2.060695533099259  1.9169808025572583  25.0
56564.6015625  -1.2837135123016619  1.2226544397197068  25.0
56569.5  0.31727172308066415  0.8749513623901101  25.0
56588.5  -1.6077587196746252  1.0270100920199632  25.0
56597.5  -1.0481157437832898  1.3912050374865665  25.0
56599.5  0.369594068406587  1.48711300088238  25.0
56620.3984375  0.8690613760489801  0.9148066713803112  25.0
56623.3984375  0.2622007252637271  0.6945226801125631  25.0
56631.3984375  -0.07175916567555098  0.6598702001918731  25.0
56638.3984375  -0.649170112949412  0.7183769609623647  25.0
56656.30078125  1.3601846611989818  1.383057262055569  25.0
56661.30078125  -0.42113107441884606  0.9529931431056792  25.0
56668.30078125  0.8976276459716857  1.5035066635728027  25.0
56677.30078125  -0.8670981096807081  0.8865349241792015  25.0
56683.19921875  -2.171819161917269  1.3892417711182947  25.0
