#Date  :
#Flux  :
#Fluxerr  :
#ZP  :
#end  :
@INSTRUMENT  PS
@BAND  PS_z
@MAGSYS  AB
54892.1477625  0.0  1.9642503517173664  25.0
54897.134107499995  0.0  1.9642503517173664  25.0
54902.12045249999  0.0  1.9642503517173664  25.0
54907.10679749999  0.0  1.9642503517173664  25.0
54912.09314249999  0.0  1.9642503517173664  25.0
54917.079487499985  0.0  1.9642503517173664  25.0
54922.06583249998  0.0  1.9642503517173664  25.0
54927.05217749998  0.0  1.9642503517173664  25.0
54932.03852249998  0.0  1.9642503517173664  25.0
54937.024867499975  0.0  1.9642503517173664  25.0
54942.01121249997  0.0  1.9642503517173664  25.0
54946.99755749997  0.0  1.9642503517173664  25.0
54951.98390249997  0.0  1.9642503517173664  25.0
54956.970247499965  0.0  1.9642503517173664  25.0
54961.95659249996  0.0  1.9642503517173664  25.0
54966.94293749996  0.0  1.9642503517173664  25.0
54971.92928249996  0.0  1.9642503517173664  25.0
54976.915627499955  0.0  1.9642503517173664  25.0
54981.90197249995  0.0  1.9642503517173664  25.0
54986.88831749995  0.0  1.9642503517173664  25.0
54991.87466249995  0.0  1.9642503517173664  25.0
54996.861007499945  0.0  1.9642503517173664  25.0
55001.84735249994  0.0  1.9642503517173664  25.0
55006.83369749994  0.0  1.9642503517173664  25.0
55011.82004249994  0.0  1.9642503517173664  25.0
55016.806387499935  0.0  1.9642503517173664  25.0
55021.79273249993  0.0  1.9642503517173664  25.0
55026.77907749993  0.0  1.9642503517173664  25.0
55031.76542249993  0.0  1.9642503517173664  25.0
55036.751767499925  0.0  1.9642503517173664  25.0
55041.73811249992  0.0  1.9642503517173664  25.0
55046.72445749992  0.0  1.9642503517173664  25.0
55051.71080249992  0.0  1.9642503517173664  25.0
55056.697147499915  0.0  1.9642503517173664  25.0
55061.68349249991  0.0  1.9642503517173664  25.0
55066.66983749991  0.0  1.9642503517173664  25.0
55071.65618249991  0.0  1.9642503517173664  25.0
55076.642527499906  0.0  1.9642503517173664  25.0
55081.6288724999  0.0  1.9642503517173664  25.0
55086.6152174999  0.0  1.9642503517173664  25.0
55091.6015624999  0.0  1.9642503517173664  25.0
55096.587907499896  0.0  1.9642503517173664  25.0
55101.57425249989  0.0  1.9642503517173664  25.0
55106.56059749989  0.0  1.9642503517173664  25.0
55111.54694249989  0.0  1.9642503517173664  25.0
55116.533287499886  0.0  1.9642503517173664  25.0
55121.51963249988  0.0  1.9642503517173664  25.0
55126.50597749988  0.0  1.9642503517173664  25.0
55131.49232249988  0.0  1.9642503517173664  25.0
55136.478667499876  0.0  1.9642503517173664  25.0
55141.46501249987  0.0  1.9642503517173664  25.0
55146.45135749987  0.0  1.9642503517173664  25.0
55151.43770249987  0.0  1.9642503517173664  25.0
55156.424047499866  0.0  1.9642503517173664  25.0
55161.41039249986  0.0  1.9642503517173664  25.0
55166.39673749986  0.0  1.9642503517173664  25.0
55171.38308249986  0.0  1.9642503517173664  25.0
55176.369427499856  0.0  1.9642503517173664  25.0
55181.35577249985  0.0  1.9642503517173664  25.0
55186.34211749985  0.0  1.9642503517173664  25.0
55191.32846249985  0.0  1.9642503517173664  25.0
55196.314807499846  0.0  1.9642503517173664  25.0
55201.301152499844  0.0  1.9642503517173664  25.0
55206.28749749984  0.0  1.9642503517173664  25.0
55211.27384249984  0.0  1.9642503517173664  25.0
55216.260187499836  0.0  1.9642503517173664  25.0
55221.246532499834  0.0  1.9642503517173664  25.0
55226.23287749983  0.0  1.9642503517173664  25.0
55231.21922249983  0.0  1.9642503517173664  25.0
55236.20556749983  0.0  1.9642503517173664  25.0
55241.191912499824  0.0  1.9642503517173664  25.0
55246.17825749982  0.0  1.9642503517173664  25.0
55251.16460249982  0.0  1.9642503517173664  25.0
55256.15094749982  0.0  1.9642503517173664  25.0
55261.137292499814  0.0  1.9642503517173664  25.0
55266.12363749981  0.0  1.9642503517173664  25.0
55271.10998249981  0.0  1.9642503517173664  25.0
55276.09632749981  0.0  1.9642503517173664  25.0
55281.082672499804  0.0  1.9642503517173664  25.0
55286.0690174998  0.0  1.9642503517173664  25.0
55291.0553624998  0.0  1.9642503517173664  25.0
55296.0417074998  0.0  1.9642503517173664  25.0
55301.028052499794  0.0  1.9642503517173664  25.0
55306.01439749979  0.0  1.9642503517173664  25.0
55311.00074249979  0.0  1.9642503517173664  25.0
55315.98708749979  0.0  1.9642503517173664  25.0
55320.973432499784  0.0  1.9642503517173664  25.0
55325.95977749978  0.0  1.9642503517173664  25.0
55330.94612249978  0.0  1.9642503517173664  25.0
55335.93246749978  0.0  1.9642503517173664  25.0
55340.918812499775  0.0  1.9642503517173664  25.0
55345.90515749977  0.0  1.9642503517173664  25.0
55350.89150249977  0.0  1.9642503517173664  25.0
55355.87784749977  0.0  1.9642503517173664  25.0
55360.864192499765  0.0  1.9642503517173664  25.0
55365.85053749976  0.0  1.9642503517173664  25.0
55370.83688249976  0.0  1.9642503517173664  25.0
55375.82322749976  0.0  1.9642503517173664  25.0
55380.809572499755  0.0  1.9642503517173664  25.0
55385.79591749975  0.0  1.9642503517173664  25.0
55390.78226249975  0.0  1.9642503517173664  25.0
55395.76860749975  0.0  1.9642503517173664  25.0
55400.754952499745  0.0  1.9642503517173664  25.0
55405.74129749974  0.0  1.9642503517173664  25.0
55410.72764249974  0.0  1.9642503517173664  25.0
55415.71398749974  0.0  1.9642503517173664  25.0
55420.700332499735  0.0  1.9642503517173664  25.0
55425.68667749973  0.0  1.9642503517173664  25.0
55430.67302249973  0.0  1.9642503517173664  25.0
55435.65936749973  0.0  1.9642503517173664  25.0
55440.645712499725  0.0  1.9642503517173664  25.0
55445.63205749972  0.0  1.9642503517173664  25.0
55450.61840249972  0.0  1.9642503517173664  25.0
55455.60474749972  0.0  1.9642503517173664  25.0
55460.591092499715  0.0  1.9642503517173664  25.0
55465.57743749971  0.0  1.9642503517173664  25.0
55470.56378249971  0.0  1.9642503517173664  25.0
55475.55012749971  0.0  1.9642503517173664  25.0
55480.536472499705  0.0  1.9642503517173664  25.0
55485.5228174997  0.0  1.9642503517173664  25.0
55490.5091624997  0.0  1.9642503517173664  25.0
55495.4955074997  0.0  1.9642503517173664  25.0
55500.481852499695  0.0  1.9642503517173664  25.0
55505.46819749969  0.0  1.9642503517173664  25.0
55510.45454249969  0.0  1.9642503517173664  25.0
55515.44088749969  0.0  1.9642503517173664  25.0
55520.427232499685  0.0  1.9642503517173664  25.0
55091.6015625  0.5712861626279916  1.926740674388504  25.0
55097.6015625  -1.5976963485382971  1.7188662895759121  25.0
55103.6015625  -0.6810658059488857  1.9939046061030974  25.0
55181.3984375  -0.4573824363085579  1.8380725153437862  25.0
55187.30078125  -0.037018716321292555  3.3922695272264134  25.0
55190.30078125  -1.6163530482612554  1.414664787946473  25.0
55200.3984375  -1.6216553604216397  1.4387221260593448  25.0
55205.30078125  -0.17350681579236382  1.6177277425941021  25.0
55214.30078125  0.4626848421129702  1.1204789833449367  25.0
55220.30078125  -1.31116950170889  1.8506412295104078  25.0
55223.19921875  -3.3108673956118206  3.2922108831769186  25.0
55232.19921875  -2.1062373602067384  1.434892553529252  25.0
55439.6015625  3.108197371306196  1.8708689014491586  25.0
55442.6015625  0.17448874366025524  1.9642503517173664  25.0
55445.6015625  1.5158035222163395  2.050365587267393  25.0
55448.6015625  5.305361209939869  1.931061222558046  25.0
55454.6015625  2.841800151118095  2.0500709831549178  25.0
55457.6015625  -0.49204453920824004  1.7607946540157895  25.0
55466.6015625  -3.808803782959494  2.4223202288363757  25.0
55472.6015625  -0.704926678890755  2.0923920906487434  25.0
55475.6015625  -0.8039051390758504  1.461895558190763  25.0
55478.5  -0.38197031518587793  1.2373284698570377  25.0
55481.5  -3.327265588664507  2.131472927481455  25.0
55484.5  2.0814926749274436  1.0966181104030672  25.0
55487.5  -3.3669358210102245  3.0310178362077287  25.0
55499.5  0.5566554537841143  1.3745039545374187  25.0
55502.5  0.6643730087837243  1.2705176926603863  25.0
55508.3984375  0.4211492675490551  1.7496008214700707  25.0
55511.3984375  -1.949619596051475  1.878528046509344  25.0
55517.3984375  3.9588424922749432  1.832966481066348  25.0
55547.30078125  25.54507502155503  1.5835566621558832  25.0
55568.30078125  19.23510217621537  2.130687254085502  25.0
55577.30078125  12.802191952451302  1.8540779653425243  25.0
55586.30078125  11.381241964625264  2.161814529033609  25.0
55589.19921875  13.303466187537394  2.224461447407658  25.0
55595.19921875  14.198984777630487  1.4011142161449812  25.0
55823.6015625  -3.2057029045729437  2.110066839092803  25.0
55827.6015625  3.0035237622627404  2.4883057441010683  25.0
55835.6015625  -2.2182753229098484  3.464146562876441  25.0
55842.5  1.4751516195238077  3.2419360265104324  25.0
55851.5  1.1178277336207165  1.7963406160749111  25.0
55854.5  3.8385559889986416  3.1374588826379792  25.0
55857.5  0.5276885465648066  2.0129540488800037  25.0
55860.5  0.23664485027190443  1.6716356129756507  25.0
55862.5  0.7845610921864689  2.5203166440985445  25.0
55870.5  3.3898145553851395  1.6967730413088935  25.0
55878.3984375  -2.514916005708631  1.5095191651330286  25.0
55880.3984375  0.12431218981229133  1.5007800234964999  25.0
55889.3984375  -0.372936569436874  1.1061428317915205  25.0
55891.3984375  -0.31696661073404153  1.805177990296941  25.0
55897.3984375  2.6304890304733863  1.2737580569655287  25.0
55901.3984375  1.3037069154637349  1.5656854485408211  25.0
55919.30078125  5.723368298947268  4.157388433582028  25.0
55929.30078125  -0.051551259886314024  2.0015637511632827  25.0
55935.30078125  -1.395909949282042  1.3624262160102465  25.0
55946.30078125  -0.08444587857718741  1.3214798028492676  25.0
55951.30078125  -0.1541628274304999  1.9668034625001136  25.0
55957.19921875  -1.2843628685743533  1.309009321268147  25.0
55981.19921875  2.2613821037996265  2.560772175264102  25.0
55984.19921875  -0.25864005324147804  2.91063338127801  25.0
55985.19921875  -2.347693617232599  2.22671995407793  25.0
56205.5  0.6345223828710193  1.6297072485357733  25.0
56208.6015625  0.9498197653927601  1.4779010081895008  25.0
56211.5  0.8256057379329488  1.2726779667451573  25.0
56214.5  -2.5752064657589915  2.1994223453039443  25.0
56216.5  -3.760001759567327  2.501954548488061  25.0
56219.5  -0.05459524095897886  1.7185718727514931  25.0
56222.5  -0.06323621439027588  1.3512321961764715  25.0
56226.5  0.308914792852929  1.5936704044812304  25.0
56229.5  -1.560383042736409  2.871454405503826  25.0
56232.5  -1.487622101104928  1.5128576683796442  25.0
56234.3984375  0.8334611608760802  1.1608361882809652  25.0
56251.3984375  -0.3000774420419061  7.209615518431293  25.0
56259.3984375  -0.42144382483951615  2.8003626686736385  25.0
56262.3984375  5.149823723293032  2.8676249266177614  25.0
56283.30078125  -0.8042978821297985  1.7032537699191785  25.0
56289.30078125  0.6950092144483537  1.6400174560321226  25.0
56292.30078125  -2.3837302739990855  1.510304651240925  25.0
56300.30078125  -0.5838548767946131  1.9227147303314371  25.0
56303.30078125  -0.7544159089833027  3.3487700032826875  25.0
56308.19921875  1.8857942612275251  1.983889002719223  25.0
56311.30078125  -0.026904848161782506  3.1138926138085847  25.0
56315.30078125  -0.00785543025907112  2.3871671971192585  25.0
56351.19921875  -0.7235833317916992  2.714443898294614  25.0
56353.19921875  -5.614668933134801  4.16396711384573  25.0
56536.6015625  -1.3032159398242855  1.5834583359263539  25.0
56554.6015625  2.2248543777496623  2.4916443409917117  25.0
56557.6015625  1.5017618811313702  2.015506972374695  25.0
56559.6015625  4.561942996085381  3.216111251010766  25.0
56562.6015625  1.1519006751174623  2.2335934257421632  25.0
56568.6015625  104.87245352192448  107.40848363394208  25.0
56584.5  -0.7621731461629471  2.674577762642063  25.0
56589.5  -1.947459415610732  1.2399797195812579  25.0
56600.5  -0.3745076352966947  2.599754685867284  25.0
56613.3984375  -1.4548257149995558  2.473478710552231  25.0
56616.3984375  0.6647657986596865  1.1627018582532611  25.0
56618.3984375  -0.4504107320588238  2.116743845586034  25.0
56621.3984375  1.391000380175606  1.7478331967952196  25.0
56624.3984375  -2.7195499325720522  2.164465591469773  25.0
56629.3984375  1.0901373817927824  1.3722455415111747  25.0
56632.3984375  -0.16849897898391614  2.2794495952976344  25.0
56637.3984375  -1.6283325542029266  2.093864923923063  25.0
56643.30078125  -3.217289667460667  2.734966361633896  25.0
56648.3984375  1.7560815500803555  2.0381896161547197  25.0
56651.3984375  -0.8165719921839448  2.331000820067438  25.0
56667.30078125  -2.0904281880909465  1.416334086391795  25.0
56673.30078125  -6.8240126343394865  4.190675888970878  25.0
56676.30078125  0.5139415564143266  1.6413921503649693  25.0
56681.30078125  0.5319108153268335  2.1429613641396483  25.0
