55536.13286636337    4.875711535483144     0.8925338057179125     25    
55536.63286636337    5.590165879895399     0.884193452725747      25    
55537.13286636337    6.338820413473798     0.8835684583546805     25    
55537.63286636337    7.113800333508573     0.9390436815287092     25    
55538.13286636337    7.917654568512587     1.0497642750309786     25    
55538.63286636337    8.742988353428135     1.1347475537892007     25    
55539.13286636337    9.587350927962166     1.1559149809750469     25    
55539.63286636337    10.450127003787825    1.1496089169376755     25    
55540.13286636337    11.323046419185225    1.1494845740958928     25    
55540.63286636337    12.208545197811455    1.1534241537336758     25    
55541.13286636337    13.09976506468866     1.1571200494658551     25    
55541.63286636337    13.993379862861666    1.160400801669821      25    
55542.13286636337    14.889565022023936    1.1633814027004141     25    
55542.63286636337    15.779767926301165    1.166141559806102      25    
55543.13286636337    16.66619878963894     1.1684540534508192     25    
55543.63286636337    17.54259227956714     1.1710746872382036     25    
55544.13286636337    18.405413401286708    1.1727376355535184     25    
55544.63286636337    19.254922693611686    1.1749765155605498     25    
55545.13286636337    20.080203391341456    1.1873337809741087     25    
55545.63286636337    20.889076808742384    1.2136900872540102     25    
55546.13286636337    21.658353790547515    1.2411776660894742     25    
55546.63286636337    22.37215855301312     1.2597539959524136     25    
55547.13286636337    23.034456232239382    1.273713088406182      25    
55547.63286636337    23.60556984872967     1.284765912502572      25    
55548.13286636337    24.089257547675874    1.2933136525581423     25    
55548.63286636337    24.470184114010817    1.2985853905907163     25    
55549.13286636337    24.717290830563975    1.298275847666956      25    
55549.63286636337    24.841273529566166    1.2931791745086096     25    
55550.13286636337    24.882949212995722    1.2940691974443372     25    
55550.63286636337    24.828584618771483    1.3042799101489588     25    
55551.13286636337    24.719016843839178    1.318697720577692      25    
55551.63286636337    24.6065162085024      1.335880277842423      25    
55552.13286636337    24.47307258028189     1.3567672166271487     25    
55552.63286636337    24.381232435725884    1.366788878472834      25    
55553.13286636337    24.351155135837274    1.3625952831551682     25    
55553.63286636337    24.36401103399937     1.3464613360753668     25    
55554.13286636337    24.41968127896338     1.3118171262424403     25    
55554.63286636337    24.522292694199084    1.254925286918606      25    
55555.13286636337    24.628617839711893    1.2143526650166494     25    
55555.63286636337    24.734722922831608    1.2158635781818663     25    
55556.13286636337    24.83016426906679     1.2333400979124163     25    
55556.63286636337    24.87740189610215     1.238007788698293      25    
55557.13286636337    24.883793964049836    1.2343810247393392     25    
55557.63286636337    24.848330771653732    1.230230097063816      25    
55558.13286636337    24.76424272392434     1.2261088025343478     25    
55558.63286636337    24.640451208725445    1.223592595988906      25    
55559.13286636337    24.492208785499425    1.2308486081097756     25    
55559.63286636337    24.314862258385496    1.249806835653505      25    
55560.13286636337    24.121254252537057    1.2633311088084789     25    
55560.63286636337    23.92119135542512     1.2690211687200794     25    
55561.13286636337    23.707910203494134    1.2627412056367142     25    
55561.63286636337    23.476794439238205    1.2130776692357381     25    
55562.13286636337    23.23248902628276     1.0982228261632183     25    
55562.63286636337    22.957492975844396    0.9878859002945135     25    
55563.13286636337    22.64374875467641     0.9598334142249201     25    
55563.63286636337    22.29217813322113     0.9770590333404363     25    
55564.13286636337    21.883444831004056    0.9830304733456244     25    
55564.63286636337    21.414687951309045    0.9782971385215543     25    
55565.13286636337    20.898897384596303    0.9705898689226246     25    
55565.63286636337    20.336896402769156    0.9573241171466553     25    
55566.13286636337    19.73224162781236     0.940802699418127      25    
55566.63286636337    19.119900375129703    0.9340694469774519     25    
55567.13286636337    18.492541874371227    0.9417267418323945     25    
55567.63286636337    17.87216277719898     0.9508665517660709     25    
55568.13286636337    17.281152702467022    0.9507409832789593     25    
55568.63286636337    16.71177962455166     0.9458281070963132     25    
55569.13286636337    16.181985736846364    0.9409944747499882     25    
55569.63286636337    15.692925484340833    0.9359333256504112     25    
55570.13286636337    15.244262990265726    0.9319975132062428     25    
55570.63286636337    14.838767159636898    0.9324583101312789     25    
55571.13286636337    14.475511315942093    0.936158836120804      25    
55571.63286636337    14.157810242162205    0.9376012902429678     25    
55572.13286636337    13.888037432382706    0.9361856167553095     25    
55572.63286636337    13.661657827482498    0.9319152953208768     25    
55573.13286636337    13.47588340587566     0.9218509408009464     25    
55573.63286636337    13.332167475314597    0.9061302957353573     25    
55574.13286636337    13.216472593547612    0.8958994553876481     25    
55574.63286636337    13.129092041960563    0.8968032012605704     25    
55575.13286636337    13.06470818801875     0.9016134036453167     25    
55575.63286636337    13.01141846217276     0.9036367926489212     25    
55576.13286636337    12.972588951266689    0.9045913639336188     25    
55576.63286636337    12.94294862926174     0.9034673330709256     25    
55577.13286636337    12.919586531103626    0.9020532774190256     25    
55577.63286636337    12.905270389118552    0.8964817274861429     25    
55578.13286636337    12.901828378614033    0.8765734011437117     25    
55578.63286636337    12.908596181223631    0.8397047816774836     25    
55579.13286636337    12.927759689242711    0.8103462771832559     25    
55579.63286636337    12.961375387489927    0.8060739165635387     25    
55580.13286636337    13.007211180561324    0.8126552132903556     25    
55580.63286636337    13.062784711638846    0.813175948810571      25    
55581.13286636337    13.130257601511166    0.8079334866160269     25    
55581.63286636337    13.200212965254774    0.8081060332807047     25    
55582.13286636337    13.269826649529188    0.8228657805630258     25    
55582.63286636337    13.338293175696617    0.8433132479738676     25    
55583.13286636337    13.39515480102324     0.854910711750443      25    
55583.63286636337    13.441616866179736    0.8591757122232733     25    
55584.13286636337    13.476811208633443    0.857007954010239      25    
55584.63286636337    13.497280634406097    0.8440305578892435     25    
55585.13286636337    13.50616865464073     0.8246523899366056     25    
55585.63286636337    13.511714606943762    0.8156129708641008     25    
55586.13286636337    13.5116501312135      0.8190383950481849     25    
55586.63286636337    13.51250003184051     0.8260243884019969     25    
55587.13286636337    13.520289969587296    0.8331507104724567     25    
55587.63286636337    13.532421326388654    0.8409437186786433     25    
55588.13286636337    13.549902016203493    0.8402413572518233     25    
55588.63286636337    13.575985808780867    0.8258327506969002     25    
55589.13286636337    13.601076959039531    0.8126521293433968     25    
55589.63286636337    13.618795251738922    0.8157064156756173     25    
55590.13286636337    13.630908253577807    0.8285938940599356     25    
55590.63286636337    13.62458514772748     0.8412306310120764     25    
55591.13286636337    13.600544337162551    0.8561605430369231     25    
55591.63286636337    13.555105990833166    0.8656074734486757     25    
55592.13286636337    13.48179767862456     0.8628668597060679     25    
55592.63286636337    13.38281628679951     0.8501254133180048     25    
55593.13286636337    13.257974765428777    0.8052236379012702     25    
55593.63286636337    13.107082898940824    0.6917069274100973     25    
55594.13286636337    12.930456222455502    0.5494219142698363     25    
55594.63286636337    12.727694062486362    0.4803384346532104     25    
55595.13286636337    12.498695031842288    0.485711284725371      25    
55595.63286636337    12.248162073648144    0.49300846748657245    25    
55596.13286636337    11.973498376810001    0.48072461419216833    25    
55596.63286636337    11.681503481373609    0.46904652595834195    25    
55597.13286636337    11.382084554917288    0.4653754339517407     25    
55597.63286636337    11.071625928695822    0.46856690855387173    25    
55598.13286636337    10.763115000980351    0.4742893407397584     25    
55598.63286636337    10.458818171105358    0.4843234616340637     25    
55599.13286636337    10.160197645063262    0.49367324421763104    25    
55599.63286636337    9.876045212054276     0.4917538696546164     25    
55600.13286636337    9.604793426882575     0.4793955958769596     25    
55600.63286636337    9.345568532324412     0.4640911900988118     25    
55601.13286636337    9.098691599651131     0.4504803455254986     25    
55601.63286636337    8.863598846204656     0.43408685041737716    25    
55602.13286636337    8.6391242689642       0.4072874533298002     25    
55602.63286636337    8.425643703763896     0.3644726965830541     25    
55603.13286636337    8.222070651892976     0.3264117325766524     25    
55603.63286636337    8.028040341886697     0.3158253632117322     25    
55604.13286636337    7.843469592888221     0.32022246157491596    25    
55604.63286636337    7.6671650590662175    0.319766994950472      25    
55605.13286636337    7.499477872266341     0.3154441906472836     25    
55605.63286636337    7.3394203934061935    0.3109172272269109     25    
55606.13286636337    7.186515077155954     0.30675942923776844    25    
55606.63286636337    7.040786096713772     0.302926681962088      25    
55607.13286636337    6.901002662002409     0.30093015828458086    25    
55607.63286636337    6.767483340309961     0.30094578924419696    25    
55608.13286636337    6.639325344220146     0.30223789484226743    25    
55608.63286636337    6.515933160966585     0.2995696511533664     25    
55609.13286636337    6.397428698718296     0.2978040112165415     25    
55609.63286636337    6.282556595455445     0.3214835696385715     25    
55610.13286636337    6.171586827380457     0.3767584436070946     25    
55610.63286636337    6.063710002571033     0.42467878765954925    25    
55611.13286636337    5.958220766978435     0.4403042114129973     25    
55611.63286636337    5.855322511434094     0.43991485057181257    25    
55612.13286636337    5.753751554284051     0.45158488719948653    25    