#Date  :
#Flux  :
#Fluxerr  :
#ZP  :
#end  :
@INSTRUMENT  SDSS
@BAND  SDSS_g
@MAGSYS  AB
53416.834199  0.0  2.5555392887522723  25.0
53421.820543999995  0.0  2.5555392887522723  25.0
53426.80688899999  0.0  2.5555392887522723  25.0
53431.79323399999  0.0  2.5555392887522723  25.0
53436.77957899999  0.0  2.5555392887522723  25.0
53441.765923999985  0.0  2.5555392887522723  25.0
53446.75226899998  0.0  2.5555392887522723  25.0
53451.73861399998  0.0  2.5555392887522723  25.0
53456.72495899998  0.0  2.5555392887522723  25.0
53461.711303999975  0.0  2.5555392887522723  25.0
53466.69764899997  0.0  2.5555392887522723  25.0
53471.68399399997  0.0  2.5555392887522723  25.0
53476.67033899997  0.0  2.5555392887522723  25.0
53481.656683999965  0.0  2.5555392887522723  25.0
53486.64302899996  0.0  2.5555392887522723  25.0
53491.62937399996  0.0  2.5555392887522723  25.0
53496.61571899996  0.0  2.5555392887522723  25.0
53501.602063999955  0.0  2.5555392887522723  25.0
53506.58840899995  0.0  2.5555392887522723  25.0
53511.57475399995  0.0  2.5555392887522723  25.0
53516.56109899995  0.0  2.5555392887522723  25.0
53521.547443999945  0.0  2.5555392887522723  25.0
53526.53378899994  0.0  2.5555392887522723  25.0
53531.52013399994  0.0  2.5555392887522723  25.0
53536.50647899994  0.0  2.5555392887522723  25.0
53541.492823999935  0.0  2.5555392887522723  25.0
53546.47916899993  0.0  2.5555392887522723  25.0
53551.46551399993  0.0  2.5555392887522723  25.0
53556.45185899993  0.0  2.5555392887522723  25.0
53561.438203999925  0.0  2.5555392887522723  25.0
53566.42454899992  0.0  2.5555392887522723  25.0
53571.41089399992  0.0  2.5555392887522723  25.0
53576.39723899992  0.0  2.5555392887522723  25.0
53581.383583999916  0.0  2.5555392887522723  25.0
53586.36992899991  0.0  2.5555392887522723  25.0
53591.35627399991  0.0  2.5555392887522723  25.0
53596.34261899991  0.0  2.5555392887522723  25.0
53601.328963999906  0.0  2.5555392887522723  25.0
53606.3153089999  0.0  2.5555392887522723  25.0
53611.3016539999  0.0  2.5555392887522723  25.0
53616.2879989999  0.0  2.5555392887522723  25.0
53621.274343999896  0.0  2.5555392887522723  25.0
53626.26068899989  0.0  2.5555392887522723  25.0
53631.24703399989  0.0  2.5555392887522723  25.0
53636.23337899989  0.0  2.5555392887522723  25.0
53641.219723999886  0.0  2.5555392887522723  25.0
53646.20606899988  0.0  2.5555392887522723  25.0
53651.19241399988  0.0  2.5555392887522723  25.0
53616.287999  -2.1448522767156755  2.3925901716698297  25.0
53623.278305  4.6509544604548  2.2277077599779345  25.0
53626.264261  4.443815752299153  2.5555392887522723  25.0
53628.249241  2.3829236986225664  4.048871282082385  25.0
53635.257545  -0.9285337824257148  4.664763707665177  25.0
53637.250867  -1.9697510220881016  2.797753484822276  25.0
53644.242926  -0.6299778577373752  1.6051868957341628  25.0
53654.277271  -0.43029614307533126  1.6858328994427614  25.0
53656.224902  -2.511625882623275  5.299989079342495  25.0
53663.237698  3.634593865771091  2.6306615935767206  25.0
53668.226856  31.457465145237634  2.1412618724409778  25.0
53670.231777  67.80340380294854  2.022778531375948  25.0
53673.199254  112.32441680920233  2.539244377044028  25.0
53675.196304  133.3144725689746  4.253248140795957  25.0
53677.216897  155.76830853304673  2.329620004390513  25.0
53680.203587  159.11014635795786  2.9165130108315136  25.0
53693.204282  69.37765798493146  3.554500231950907  25.0
53702.19918  13.461254180674997  6.1975901480169675  25.0
53704.186508  16.082249301204456  1.8849622442163902  25.0
