#Date  :
#Flux  :
#Fluxerr  :
#ZP  :
#end  :
@INSTRUMENT  SDSS
@BAND  SDSS_z
@MAGSYS  AB
53423.823675  0.0  14.247415003579473  25.0
53428.81002  0.0  14.247415003579473  25.0
53433.796364999995  0.0  14.247415003579473  25.0
53438.78270999999  0.0  14.247415003579473  25.0
53443.76905499999  0.0  14.247415003579473  25.0
53448.75539999999  0.0  14.247415003579473  25.0
53453.741744999985  0.0  14.247415003579473  25.0
53458.72808999998  0.0  14.247415003579473  25.0
53463.71443499998  0.0  14.247415003579473  25.0
53468.70077999998  0.0  14.247415003579473  25.0
53473.687124999975  0.0  14.247415003579473  25.0
53478.67346999997  0.0  14.247415003579473  25.0
53483.65981499997  0.0  14.247415003579473  25.0
53488.64615999997  0.0  14.247415003579473  25.0
53493.632504999965  0.0  14.247415003579473  25.0
53498.61884999996  0.0  14.247415003579473  25.0
53503.60519499996  0.0  14.247415003579473  25.0
53508.59153999996  0.0  14.247415003579473  25.0
53513.577884999955  0.0  14.247415003579473  25.0
53518.56422999995  0.0  14.247415003579473  25.0
53523.55057499995  0.0  14.247415003579473  25.0
53528.53691999995  0.0  14.247415003579473  25.0
53533.523264999945  0.0  14.247415003579473  25.0
53538.50960999994  0.0  14.247415003579473  25.0
53543.49595499994  0.0  14.247415003579473  25.0
53548.48229999994  0.0  14.247415003579473  25.0
53553.468644999935  0.0  14.247415003579473  25.0
53558.45498999993  0.0  14.247415003579473  25.0
53563.44133499993  0.0  14.247415003579473  25.0
53568.42767999993  0.0  14.247415003579473  25.0
53573.414024999925  0.0  14.247415003579473  25.0
53578.40036999992  0.0  14.247415003579473  25.0
53583.38671499992  0.0  14.247415003579473  25.0
53588.37305999992  0.0  14.247415003579473  25.0
53593.359404999916  0.0  14.247415003579473  25.0
53598.34574999991  0.0  14.247415003579473  25.0
53603.33209499991  0.0  14.247415003579473  25.0
53608.31843999991  0.0  14.247415003579473  25.0
53613.304784999906  0.0  14.247415003579473  25.0
53618.2911299999  0.0  14.247415003579473  25.0
53623.2774749999  0.0  14.247415003579473  25.0
53628.2638199999  0.0  14.247415003579473  25.0
53633.250164999896  0.0  14.247415003579473  25.0
53638.23650999989  0.0  14.247415003579473  25.0
53643.22285499989  0.0  14.247415003579473  25.0
53648.20919999989  0.0  14.247415003579473  25.0
53623.277475  -30.826622343888893  16.890477043338947  25.0
53626.263432  -0.4671775981434358  13.329988510439822  25.0
53628.248412  10.468491591361385  14.77985002191945  25.0
53635.256715  -13.42555377014187  18.75263438953312  25.0
53637.250038  2.1376583377352185  17.103451050674938  25.0
53644.242097  4.447880230132419  11.041883149573666  25.0
53654.276442  -8.37424718589081  13.27811022660157  25.0
53656.224073  -22.61347088149582  23.511784322695068  25.0
53663.236868  -7.6588729561212014  10.605013390935737  25.0
53668.226027  8.04932530290385  16.257015893313948  25.0
53670.230948  21.58682694869669  13.714979985239497  25.0
53673.198425  81.06664458725079  16.92597271122828  25.0
53675.195474  115.49744243990258  17.160790206496166  25.0
53677.216068  75.00507668614951  11.822787843138967  25.0
53680.202758  69.51690034326053  13.106092759137884  25.0
53693.203453  31.836883660739108  13.297223278541978  25.0
53702.198351  136.08492981571504  33.4205365358016  25.0
53704.185679  29.92557846669817  13.357292870354694  25.0
