#Date  :
#Flux  :
#Fluxerr  :
#ZP  :
#end  :
@INSTRUMENT  PS
@BAND  PS_i
@MAGSYS  AB
54741.1477625  0.0  0.9191750350083274  25.0
54746.134107499995  0.0  0.9191750350083274  25.0
54751.12045249999  0.0  0.9191750350083274  25.0
54756.10679749999  0.0  0.9191750350083274  25.0
54761.09314249999  0.0  0.9191750350083274  25.0
54766.079487499985  0.0  0.9191750350083274  25.0
54771.06583249998  0.0  0.9191750350083274  25.0
54776.05217749998  0.0  0.9191750350083274  25.0
54781.03852249998  0.0  0.9191750350083274  25.0
54786.024867499975  0.0  0.9191750350083274  25.0
54791.01121249997  0.0  0.9191750350083274  25.0
54795.99755749997  0.0  0.9191750350083274  25.0
54800.98390249997  0.0  0.9191750350083274  25.0
54805.970247499965  0.0  0.9191750350083274  25.0
54810.95659249996  0.0  0.9191750350083274  25.0
54815.94293749996  0.0  0.9191750350083274  25.0
54820.92928249996  0.0  0.9191750350083274  25.0
54825.915627499955  0.0  0.9191750350083274  25.0
54830.90197249995  0.0  0.9191750350083274  25.0
54835.88831749995  0.0  0.9191750350083274  25.0
54840.87466249995  0.0  0.9191750350083274  25.0
54845.861007499945  0.0  0.9191750350083274  25.0
54850.84735249994  0.0  0.9191750350083274  25.0
54855.83369749994  0.0  0.9191750350083274  25.0
54860.82004249994  0.0  0.9191750350083274  25.0
54865.806387499935  0.0  0.9191750350083274  25.0
54870.79273249993  0.0  0.9191750350083274  25.0
54875.77907749993  0.0  0.9191750350083274  25.0
54880.76542249993  0.0  0.9191750350083274  25.0
54885.751767499925  0.0  0.9191750350083274  25.0
54890.73811249992  0.0  0.9191750350083274  25.0
54895.72445749992  0.0  0.9191750350083274  25.0
54900.71080249992  0.0  0.9191750350083274  25.0
54905.697147499915  0.0  0.9191750350083274  25.0
54910.68349249991  0.0  0.9191750350083274  25.0
54915.66983749991  0.0  0.9191750350083274  25.0
54920.65618249991  0.0  0.9191750350083274  25.0
54925.642527499906  0.0  0.9191750350083274  25.0
54930.6288724999  0.0  0.9191750350083274  25.0
54935.6152174999  0.0  0.9191750350083274  25.0
54940.6015624999  0.0  0.9191750350083274  25.0
54945.587907499896  0.0  0.9191750350083274  25.0
54950.57425249989  0.0  0.9191750350083274  25.0
54955.56059749989  0.0  0.9191750350083274  25.0
54960.54694249989  0.0  0.9191750350083274  25.0
54965.533287499886  0.0  0.9191750350083274  25.0
54970.51963249988  0.0  0.9191750350083274  25.0
54975.50597749988  0.0  0.9191750350083274  25.0
54980.49232249988  0.0  0.9191750350083274  25.0
54985.478667499876  0.0  0.9191750350083274  25.0
54990.46501249987  0.0  0.9191750350083274  25.0
54995.45135749987  0.0  0.9191750350083274  25.0
55000.43770249987  0.0  0.9191750350083274  25.0
55005.424047499866  0.0  0.9191750350083274  25.0
55010.41039249986  0.0  0.9191750350083274  25.0
55015.39673749986  0.0  0.9191750350083274  25.0
55020.38308249986  0.0  0.9191750350083274  25.0
55025.369427499856  0.0  0.9191750350083274  25.0
55030.35577249985  0.0  0.9191750350083274  25.0
55035.34211749985  0.0  0.9191750350083274  25.0
55040.32846249985  0.0  0.9191750350083274  25.0
55045.314807499846  0.0  0.9191750350083274  25.0
55050.301152499844  0.0  0.9191750350083274  25.0
55055.28749749984  0.0  0.9191750350083274  25.0
55060.27384249984  0.0  0.9191750350083274  25.0
55065.260187499836  0.0  0.9191750350083274  25.0
55070.246532499834  0.0  0.9191750350083274  25.0
55075.23287749983  0.0  0.9191750350083274  25.0
55080.21922249983  0.0  0.9191750350083274  25.0
55085.20556749983  0.0  0.9191750350083274  25.0
55090.191912499824  0.0  0.9191750350083274  25.0
55095.17825749982  0.0  0.9191750350083274  25.0
55100.16460249982  0.0  0.9191750350083274  25.0
55105.15094749982  0.0  0.9191750350083274  25.0
55110.137292499814  0.0  0.9191750350083274  25.0
55115.12363749981  0.0  0.9191750350083274  25.0
55120.10998249981  0.0  0.9191750350083274  25.0
55125.09632749981  0.0  0.9191750350083274  25.0
55130.082672499804  0.0  0.9191750350083274  25.0
55135.0690174998  0.0  0.9191750350083274  25.0
55140.0553624998  0.0  0.9191750350083274  25.0
55145.0417074998  0.0  0.9191750350083274  25.0
55150.028052499794  0.0  0.9191750350083274  25.0
55155.01439749979  0.0  0.9191750350083274  25.0
55160.00074249979  0.0  0.9191750350083274  25.0
55164.98708749979  0.0  0.9191750350083274  25.0
55169.973432499784  0.0  0.9191750350083274  25.0
55174.95977749978  0.0  0.9191750350083274  25.0
55179.94612249978  0.0  0.9191750350083274  25.0
55184.93246749978  0.0  0.9191750350083274  25.0
55189.918812499775  0.0  0.9191750350083274  25.0
55194.90515749977  0.0  0.9191750350083274  25.0
55199.89150249977  0.0  0.9191750350083274  25.0
55204.87784749977  0.0  0.9191750350083274  25.0
55209.864192499765  0.0  0.9191750350083274  25.0
55214.85053749976  0.0  0.9191750350083274  25.0
55219.83688249976  0.0  0.9191750350083274  25.0
55224.82322749976  0.0  0.9191750350083274  25.0
55229.809572499755  0.0  0.9191750350083274  25.0
55234.79591749975  0.0  0.9191750350083274  25.0
55239.78226249975  0.0  0.9191750350083274  25.0
55244.76860749975  0.0  0.9191750350083274  25.0
55249.754952499745  0.0  0.9191750350083274  25.0
55254.74129749974  0.0  0.9191750350083274  25.0
55259.72764249974  0.0  0.9191750350083274  25.0
55264.71398749974  0.0  0.9191750350083274  25.0
55269.700332499735  0.0  0.9191750350083274  25.0
55274.68667749973  0.0  0.9191750350083274  25.0
55279.67302249973  0.0  0.9191750350083274  25.0
55284.65936749973  0.0  0.9191750350083274  25.0
55289.645712499725  0.0  0.9191750350083274  25.0
55294.63205749972  0.0  0.9191750350083274  25.0
55299.61840249972  0.0  0.9191750350083274  25.0
55304.60474749972  0.0  0.9191750350083274  25.0
55309.591092499715  0.0  0.9191750350083274  25.0
55314.57743749971  0.0  0.9191750350083274  25.0
55319.56378249971  0.0  0.9191750350083274  25.0
55324.55012749971  0.0  0.9191750350083274  25.0
55329.536472499705  0.0  0.9191750350083274  25.0
55334.5228174997  0.0  0.9191750350083274  25.0
55339.5091624997  0.0  0.9191750350083274  25.0
55344.4955074997  0.0  0.9191750350083274  25.0
55349.481852499695  0.0  0.9191750350083274  25.0
55354.46819749969  0.0  0.9191750350083274  25.0
55359.45454249969  0.0  0.9191750350083274  25.0
55364.44088749969  0.0  0.9191750350083274  25.0
55369.427232499685  0.0  0.9191750350083274  25.0
55374.41357749968  0.0  0.9191750350083274  25.0
55379.39992249968  0.0  0.9191750350083274  25.0
55384.38626749968  0.0  0.9191750350083274  25.0
55389.372612499676  0.0  0.9191750350083274  25.0
55394.35895749967  0.0  0.9191750350083274  25.0
55399.34530249967  0.0  0.9191750350083274  25.0
55404.33164749967  0.0  0.9191750350083274  25.0
55409.317992499666  0.0  0.9191750350083274  25.0
55414.30433749966  0.0  0.9191750350083274  25.0
55419.29068249966  0.0  0.9191750350083274  25.0
55424.27702749966  0.0  0.9191750350083274  25.0
55429.263372499656  0.0  0.9191750350083274  25.0
55434.24971749965  0.0  0.9191750350083274  25.0
55439.23606249965  0.0  0.9191750350083274  25.0
55444.22240749965  0.0  0.9191750350083274  25.0
55449.208752499646  0.0  0.9191750350083274  25.0
55454.19509749964  0.0  0.9191750350083274  25.0
55459.18144249964  0.0  0.9191750350083274  25.0
55464.16778749964  0.0  0.9191750350083274  25.0
55469.154132499636  0.0  0.9191750350083274  25.0
55474.14047749963  0.0  0.9191750350083274  25.0
55479.12682249963  0.0  0.9191750350083274  25.0
55484.11316749963  0.0  0.9191750350083274  25.0
55489.099512499626  0.0  0.9191750350083274  25.0
55494.085857499624  0.0  0.9191750350083274  25.0
55499.07220249962  0.0  0.9191750350083274  25.0
55504.05854749962  0.0  0.9191750350083274  25.0
55509.044892499616  0.0  0.9191750350083274  25.0
55514.031237499614  0.0  0.9191750350083274  25.0
55519.01758249961  0.0  0.9191750350083274  25.0
55524.00392749961  0.0  0.9191750350083274  25.0
55528.99027249961  0.0  0.9191750350083274  25.0
55533.976617499604  0.0  0.9191750350083274  25.0
55538.9629624996  0.0  0.9191750350083274  25.0
55543.9493074996  0.0  0.9191750350083274  25.0
55548.9356524996  0.0  0.9191750350083274  25.0
55553.921997499594  0.0  0.9191750350083274  25.0
55558.90834249959  0.0  0.9191750350083274  25.0
55563.89468749959  0.0  0.9191750350083274  25.0
55568.88103249959  0.0  0.9191750350083274  25.0
55573.867377499584  0.0  0.9191750350083274  25.0
55578.85372249958  0.0  0.9191750350083274  25.0
55583.84006749958  0.0  0.9191750350083274  25.0
55588.82641249958  0.0  0.9191750350083274  25.0
55593.812757499574  0.0  0.9191750350083274  25.0
55598.79910249957  0.0  0.9191750350083274  25.0
55603.78544749957  0.0  0.9191750350083274  25.0
55608.77179249957  0.0  0.9191750350083274  25.0
55613.758137499564  0.0  0.9191750350083274  25.0
55618.74448249956  0.0  0.9191750350083274  25.0
55623.73082749956  0.0  0.9191750350083274  25.0
55628.71717249956  0.0  0.9191750350083274  25.0
55633.703517499554  0.0  0.9191750350083274  25.0
55638.68986249955  0.0  0.9191750350083274  25.0
55643.67620749955  0.0  0.9191750350083274  25.0
55648.66255249955  0.0  0.9191750350083274  25.0
55653.648897499545  0.0  0.9191750350083274  25.0
55658.63524249954  0.0  0.9191750350083274  25.0
55663.62158749954  0.0  0.9191750350083274  25.0
55668.60793249954  0.0  0.9191750350083274  25.0
55673.594277499535  0.0  0.9191750350083274  25.0
55678.58062249953  0.0  0.9191750350083274  25.0
55683.56696749953  0.0  0.9191750350083274  25.0
55688.55331249953  0.0  0.9191750350083274  25.0
55693.539657499525  0.0  0.9191750350083274  25.0
55698.52600249952  0.0  0.9191750350083274  25.0
55703.51234749952  0.0  0.9191750350083274  25.0
55708.49869249952  0.0  0.9191750350083274  25.0
55713.485037499515  0.0  0.9191750350083274  25.0
55718.47138249951  0.0  0.9191750350083274  25.0
55723.45772749951  0.0  0.9191750350083274  25.0
55728.44407249951  0.0  0.9191750350083274  25.0
55733.430417499505  0.0  0.9191750350083274  25.0
55738.4167624995  0.0  0.9191750350083274  25.0
55743.4031074995  0.0  0.9191750350083274  25.0
55748.3894524995  0.0  0.9191750350083274  25.0
55753.375797499495  0.0  0.9191750350083274  25.0
55758.36214249949  0.0  0.9191750350083274  25.0
55763.34848749949  0.0  0.9191750350083274  25.0
55768.33483249949  0.0  0.9191750350083274  25.0
55773.321177499485  0.0  0.9191750350083274  25.0
55778.30752249948  0.0  0.9191750350083274  25.0
55783.29386749948  0.0  0.9191750350083274  25.0
55788.28021249948  0.0  0.9191750350083274  25.0
55793.266557499475  0.0  0.9191750350083274  25.0
55798.25290249947  0.0  0.9191750350083274  25.0
55803.23924749947  0.0  0.9191750350083274  25.0
55808.22559249947  0.0  0.9191750350083274  25.0
55813.211937499465  0.0  0.9191750350083274  25.0
55818.19828249946  0.0  0.9191750350083274  25.0
55823.18462749946  0.0  0.9191750350083274  25.0
55828.17097249946  0.0  0.9191750350083274  25.0
55833.157317499456  0.0  0.9191750350083274  25.0
55838.14366249945  0.0  0.9191750350083274  25.0
55843.13000749945  0.0  0.9191750350083274  25.0
55848.11635249945  0.0  0.9191750350083274  25.0
55853.102697499446  0.0  0.9191750350083274  25.0
55858.08904249944  0.0  0.9191750350083274  25.0
55863.07538749944  0.0  0.9191750350083274  25.0
55868.06173249944  0.0  0.9191750350083274  25.0
55873.048077499436  0.0  0.9191750350083274  25.0
55878.03442249943  0.0  0.9191750350083274  25.0
55883.02076749943  0.0  0.9191750350083274  25.0
55888.00711249943  0.0  0.9191750350083274  25.0
55892.993457499426  0.0  0.9191750350083274  25.0
55897.97980249942  0.0  0.9191750350083274  25.0
55902.96614749942  0.0  0.9191750350083274  25.0
55907.95249249942  0.0  0.9191750350083274  25.0
55912.938837499416  0.0  0.9191750350083274  25.0
55917.92518249941  0.0  0.9191750350083274  25.0
55922.91152749941  0.0  0.9191750350083274  25.0
55927.89787249941  0.0  0.9191750350083274  25.0
55932.884217499406  0.0  0.9191750350083274  25.0
55937.8705624994  0.0  0.9191750350083274  25.0
55942.8569074994  0.0  0.9191750350083274  25.0
55947.8432524994  0.0  0.9191750350083274  25.0
55952.829597499396  0.0  0.9191750350083274  25.0
55957.815942499394  0.0  0.9191750350083274  25.0
55962.80228749939  0.0  0.9191750350083274  25.0
55967.78863249939  0.0  0.9191750350083274  25.0
55972.774977499386  0.0  0.9191750350083274  25.0
55977.761322499384  0.0  0.9191750350083274  25.0
55982.74766749938  0.0  0.9191750350083274  25.0
55987.73401249938  0.0  0.9191750350083274  25.0
55992.72035749938  0.0  0.9191750350083274  25.0
55997.706702499374  0.0  0.9191750350083274  25.0
56002.69304749937  0.0  0.9191750350083274  25.0
56007.67939249937  0.0  0.9191750350083274  25.0
56012.66573749937  0.0  0.9191750350083274  25.0
56017.652082499364  0.0  0.9191750350083274  25.0
56022.63842749936  0.0  0.9191750350083274  25.0
56027.62477249936  0.0  0.9191750350083274  25.0
56032.61111749936  0.0  0.9191750350083274  25.0
56037.597462499354  0.0  0.9191750350083274  25.0
54940.6015625  -0.41828428669486534  1.1318510999468203  25.0
54941.6015625  1.626115742351477  1.5393371407617187  25.0
54952.6015625  0.024050609827082677  1.45795777913464  25.0
54953.6015625  0.2939082588229306  2.5414131601102383  25.0
54984.3984375  -0.9375810667903142  1.1320474172218318  25.0
54985.5  0.5494337286454818  1.2728171077841892  25.0
54997.3984375  0.2677961654787221  0.5360831709540513  25.0
55000.3984375  -0.11024014256911022  1.504390138119433  25.0
55009.3984375  -0.6140267930321147  2.0385100895142907  25.0
55012.3984375  0.21517932083574276  0.8237088088858291  25.0
55015.30078125  1.5252012671611639  1.7887763537772068  25.0
55075.30078125  1.089247161870144  1.7691431283855452  25.0
55093.19921875  -0.5795705835773578  1.3409441639755  25.0
55300.6015625  0.4303586416714855  1.1031867181956876  25.0
55324.6015625  0.3440709736964914  1.0597974174008085  25.0
55327.6015625  -1.0128742184194082  1.0905233645849544  25.0
55330.3984375  0.8411823570160504  0.6276718266360624  25.0
55348.3984375  -1.6563506623027018  1.5007580344863278  25.0
55363.5  -1.214408552460282  0.8083949380170482  25.0
55366.30078125  -0.04996636834287528  0.9243287613545464  25.0
55378.3984375  0.5596429758913356  0.3871657283652356  25.0
55408.30078125  0.6053881776045098  1.4287043519403158  25.0
55411.3984375  -1.161693478966179  1.1869220743592181  25.0
55414.30078125  0.2722136318300303  1.0056100111531978  25.0
55417.30078125  0.00736243172898283  0.44243304345718415  25.0
55423.30078125  1.3075677931514633  0.5158610405464336  25.0
55429.30078125  -0.9993273902620448  1.3279862876431712  25.0
55438.30078125  -0.6342489234397326  1.1681724171323435  25.0
55441.30078125  0.011976221937829207  0.5709320149588314  25.0
55444.30078125  -0.8873201932792476  0.4786562020052016  25.0
55447.30078125  0.30225235152893976  0.5994982380724584  25.0
55450.30078125  -1.531974728048924  1.3631296075604684  25.0
55453.19921875  0.21861513059837573  0.8676870615057427  25.0
55456.19921875  0.24129141417995129  1.3107091504061184  25.0
55615.6015625  -5.506215183729191  3.3391080108848255  25.0
55672.5  0.9039102668628386  0.9140213086621083  25.0
55675.6015625  -0.41926591987900136  0.6961915173773963  25.0
55678.6015625  -0.4150448176117831  0.9591775585502479  25.0
55693.3984375  3.6940754827169466  3.6553980773768147  25.0
55702.5  -2.5053862720281543  0.8644475924226604  25.0
55708.3984375  0.2084058833525218  1.6722535786146742  25.0
55711.5  1.1176171145178382  0.6064680162352301  25.0
55723.3984375  0.8817248232778703  0.6418077002366173  25.0
55735.5  1.3532148830362103  3.790768808830963  25.0
55738.3984375  1.1555090635216103  1.6945371340280697  25.0
55741.5  0.3486847573228111  0.8537475051801994  25.0
55744.30078125  -0.6621279892817409  0.5763311144942755  25.0
55747.30078125  0.26455669639563983  0.484742505621343  25.0
55753.30078125  -0.6327764502589893  0.556992458633288  25.0
55762.30078125  0.18406078591065225  0.7773746085385419  25.0
55774.30078125  0.17228089514427972  0.46834879612184194  25.0
55777.30078125  0.22902069511924114  0.5113454155576196  25.0
55789.30078125  0.23451797669673033  0.9317892858957685  25.0
55792.30078125  -0.3510407284547239  1.044679957425196  25.0
55795.30078125  -1.81371042644865  0.9271755022694487  25.0
55801.30078125  0.7891544407935663  0.6222727271006181  25.0
55804.30078125  -1.040753331070495  0.7875838089753173  25.0
55807.19921875  -2.019662133222675  1.255049130550529  25.0
56057.5  15.621802706225148  0.9651656567198051  25.0
56063.6015625  28.87496418641953  1.0434037547103858  25.0
56066.5  34.4882789161107  0.896155125981864  25.0
56068.5  35.75599158750828  0.6940318869250344  25.0
56086.3984375  20.02139622796397  0.7320219945663123  25.0
56089.30078125  18.70784061749742  0.5813375794796968  25.0
56092.30078125  17.77104491342531  0.6660546156364419  25.0
56136.30078125  5.887490855539679  0.7830682307955819  25.0
56411.5  -0.34102782188842073  1.0443854347036001  25.0
56414.5  -0.17856350433316304  0.5786871090307275  25.0
56417.6015625  -0.7133705427860219  2.6303513453432803  25.0
56420.5  -0.060764602520572565  0.4353651066569067  25.0
56422.5  -0.3473104427795737  0.7741351394554596  25.0
56428.5  -1.6023595733301026  1.1493246480770416  25.0
56432.5  0.22293441490763893  0.7624534190288625  25.0
56447.5  0.7078732378039935  0.9365012749686723  25.0
56450.5  0.8657237951374707  1.0936646282214524  25.0
56452.3984375  0.17336072207273034  0.6302241384475259  25.0
56455.3984375  -0.5798651062989535  0.6518205833983812  25.0
56458.3984375  -1.0893453673167284  0.9760620612372778  25.0
56462.3984375  -0.14381283066815845  0.513897727369083  25.0
56470.3984375  -0.16697994254407164  0.885553244185987  25.0
56473.3984375  -0.16246431755525767  0.7458633922543499  25.0
56476.3984375  0.1618753306234143  0.738991772729084  25.0
56479.30078125  0.24276391076523376  0.46864331884343763  25.0
56481.30078125  0.2658328523013716  1.1477540162587927  25.0
56487.30078125  0.2159646601494065  0.6796996492403895  25.0
56491.30078125  0.7492991786124437  0.4492065043449443  25.0
56499.30078125  -3.037935591604763  2.3776727568628666  25.0
56502.30078125  0.5996946021565484  1.052238687413002  25.0
56505.3984375  -0.7820865508023673  2.2247304590682266  25.0
56508.30078125  -0.9649693394447937  0.44586882981527787  25.0
56513.30078125  -0.5146830432782076  0.3881473849539108  25.0
56516.30078125  1.9853042696417378  0.9555454549171427  25.0
56520.30078125  0.8500172897186667  1.0546928873960384  25.0
56538.30078125  0.21086003652647953  0.5513970418228322  25.0
