54376.76637885017    12.464901960521033    2.1585173123693586    25    
54377.26637885017    14.632747524657926    2.1627770654814666    25    
54377.76637885017    16.947196252450507    2.171310306837461     25    
54378.26637885017    19.396707151157983    2.1993522576049425    25    
54378.76637885017    21.982479298803053    2.239295984613848     25    
54379.26637885017    24.689381609895722    2.2626585795104592    25    
54379.76637885017    27.519979301102005    2.269324390240629     25    
54380.26637885017    30.459999102394544    2.273955106396911     25    
54380.76637885017    33.50892446087077     2.280149684327556     25    
54381.26637885017    36.6576223934528      2.2853838520060816    25    
54381.76637885017    39.89854297963274     2.289310841929719     25    
54382.26637885017    43.22984076552832     2.2923477439538873    25    
54382.76637885017    46.63806305891126     2.294910809348316     25    
54383.26637885017    50.12546282182919     2.2969971400502645    25    
54383.76637885017    53.67734314674825     2.2978938388267394    25    
54384.26637885017    57.29845337018906     2.282064267934943     25    
54384.76637885017    60.96296639997069     2.3227875009951675    25    
54385.26637885017    64.6912015259304      2.4871950804018708    25    
54385.76637885017    68.41020293826914     2.658233222707775     25    
54386.26637885017    72.04723579681314     2.7257274121258344    25    
54386.76637885017    75.59478625402616     2.741432764406213     25    
54387.26637885017    78.89711081261059     2.760391198668553     25    
54387.76637885017    81.97986133085864     2.778073465099302     25    
54388.26637885017    84.70943970509929     2.7877495636076604    25    
54388.76637885017    87.04239512870657     2.7835253029685574    25    
54389.26637885017    89.0481757820347      2.7839912418654045    25    
54389.76637885017    90.72409955287452     2.804342122363707     25    
54390.26637885017    92.12515474771705     2.8343834398860364    25    
54390.76637885017    93.36559707839086     2.8706727649621047    25    
54391.26637885017    94.42835530624791     2.9114456598591127    25    
54391.76637885017    95.44464435287341     2.9286233869552336    25    
54392.26637885017    96.41892318666271     2.93301650056755      25    
54392.76637885017    97.31887453898246     2.860072699282269     25    
54393.26637885017    98.16394941868793     2.616388072331647     25    
54393.76637885017    98.88939208163369     2.3532559845727317    25    
54394.26637885017    99.44144153263674     2.3002340859777997    25    
54394.76637885017    99.8179228509975      2.3574641955448064    25    
54395.26637885017    99.93124863107988     2.3707456606252757    25    
54395.76637885017    99.79336782519587     2.3620197625408936    25    
54396.26637885017    99.43466522711121     2.352798438842345     25    
54396.76637885017    98.83773349922954     2.3408459916576283    25    
54397.26637885017    98.08268674877891     2.3396857223422294    25    
54397.76637885017    97.19444908690063     2.3679340473121546    25    
54398.26637885017    96.20047880087566     2.3990952514935002    25    
54398.76637885017    95.17425610237486     2.4058289834579307    25    
54399.26637885017    94.09763792256369     2.3920158784635968    25    
54399.76637885017    92.98901270108533     2.3177050304664544    25    
54400.26637885017    91.85081806296192     2.1646974396590593    25    
54400.76637885017    90.65125044020685     2.055586061375674     25    
54401.26637885017    89.38968725900097     2.0535472800882046    25    
54401.76637885017    88.04921119512261     2.0758560245054825    25    
54402.26637885017    86.61007024366289     2.071517228721826     25    
54402.76637885017    85.08127441346308     2.0615646552977758    25    
54403.26637885017    83.46230146981873     2.0442040255787735    25    
54403.76637885017    81.75406802954504     2.0203368372369677    25    
54404.26637885017    79.98352190583037     2.015595858134392     25    
54404.76637885017    78.14693138713673     2.0372168309894483    25    
54405.26637885017    76.26747511511306     2.053205466301945     25    
54405.76637885017    74.34622100824028     2.066284984971408     25    
54406.26637885017    72.40311253591095     2.0463302976831685    25    
54406.76637885017    70.46044650203753     1.917514832203281     25    
54407.26637885017    68.5210449132806      1.7175295780188635    25    
54407.76637885017    66.63037569392404     1.6191793480684684    25    
54408.26637885017    64.78035409893508     1.6267834928226594    25    
54408.76637885017    63.01716298834868     1.6349453222712755    25    
54409.26637885017    61.34654997552706     1.6285156499768942    25    
54409.76637885017    59.7722045980916      1.6164500587482378    25    
54410.26637885017    58.306788761457625    1.5886836516644403    25    
54410.76637885017    56.93715416987736     1.5581487722486227    25    
54411.26637885017    55.64935606926747     1.548391587343568     25    
54411.76637885017    54.44500093269348     1.5526039144189365    25    
54412.26637885017    53.3048299950739      1.5535644969059068    25    
54412.76637885017    52.23124808975355     1.5517278758034436    25    
54413.26637885017    51.211349948789746    1.546685408787303     25    
54413.76637885017    50.24288941810702     1.5412763809126324    25    
54414.26637885017    49.321279014451264    1.525848494943658     25    
54414.76637885017    48.441152679145       1.4807145794848504    25    
54415.26637885017    47.60170753399848     1.423165380630656     25    
54415.76637885017    46.79432171024809     1.402489785652308     25    
54416.26637885017    46.02051988513174     1.4128125912546294    25    
54416.76637885017    45.26849733159655     1.4132917980562236    25    
54417.26637885017    44.540057155309796    1.394639348407336     25    
54417.76637885017    43.823478753082995    1.3849636525769122    25    
54418.26637885017    43.11547782343707     1.4036740950947308    25    
54418.76637885017    42.41087025798623     1.4283365608888023    25    
54419.26637885017    41.69763441685067     1.43817001644451      25    
54419.76637885017    40.97907223725254     1.4385651921405849    25    
54420.26637885017    40.25259105303476     1.4232636031554273    25    
54420.76637885017    39.51679885463122     1.391869359215838     25    
54421.26637885017    38.787760800209945    1.3465693287735436    25    
54421.76637885017    38.06504902731228     1.2741758217828634    25    
54422.26637885017    37.35933658258419     1.211819416491182     25    
54422.76637885017    36.681017099866395    1.2078707955066699    25    
54423.26637885017    36.02614812723347     1.2260915189733772    25    
54423.76637885017    35.398893006413665    1.2112494010372576    25    
54424.26637885017    34.79730453273628     1.1758179456772084    25    
54424.76637885017    34.19949070631132     1.1578047087990546    25    
54425.26637885017    33.60878570910792     1.161308084067475     25    
54425.76637885017    33.005221308479214    1.1713389407543389    25    
54426.26637885017    32.38165228660419     1.1889257950898175    25    
54426.76637885017    31.738035464234137    1.2025034632921727    25    
54427.26637885017    31.064714922147807    1.2011346440448794    25    
54427.76637885017    30.369257801726985    1.183629999038409     25    
54428.26637885017    29.668699012449267    1.117073785193834     25    
54428.76637885017    28.959898056695696    0.9913527747186848    25    
54429.26637885017    28.263513507754205    0.9046836952913119    25    
54429.76637885017    27.58011395264348     0.9035723380201832    25    
54430.26637885017    26.91715636024478     0.9133363669067235    25    
54430.76637885017    26.28259439028775     0.8893735987747539    25    
54431.26637885017    25.6708749009061      0.8623585949773472    25    
54431.76637885017    25.079091819065948    0.8575292811761632    25    
54432.26637885017    24.507305539860518    0.867828346079192     25    
54432.76637885017    23.949308835824485    0.8849957500047034    25    
54433.26637885017    23.40569345841704     0.9123053806383263    25    
54433.76637885017    22.873905986800136    0.9239261547345831    25    
54434.26637885017    22.35207352997082     0.9084958532221815    25    
54434.76637885017    21.84345686384577     0.8821980871835964    25    
54435.26637885017    21.34951669644377     0.85982495229776      25    
54435.76637885017    20.87094900734514     0.8293120048214022    25    
54436.26637885017    20.41158587333282     0.7591887598939994    25    
54436.76637885017    19.97076712362241     0.6435988420822307    25    
54437.26637885017    19.55099691175588     0.5664167889270356    25    
54437.76637885017    19.152835881286187    0.5653907616824627    25    
54438.26637885017    18.7743645748879      0.5751924440205551    25    
54438.76637885017    18.415435349065397    0.5675373116830185    25    
54439.26637885017    18.075003474531492    0.5583959727103822    25    
54439.76637885017    17.75160350723486     0.5496252260670456    25    
54440.26637885017    17.445282338024644    0.5412418811799208    25    
54440.76637885017    17.153931936417862    0.5368486666593315    25    
54441.26637885017    16.877930944550354    0.5363019361963582    25    
54441.76637885017    16.615157717856093    0.5377339287085009    25    
54442.26637885017    16.36568637535028     0.5326847018752577    25    
54442.76637885017    16.128013256319743    0.5486776910509034    25    
54443.26637885017    15.901285711666072    0.6158379035120244    25    
54443.76637885017    15.685031369072428    0.6900920051216335    25    
54444.26637885017    15.47746603473943     0.7191440115186347    25    
54444.76637885017    15.278839940601666    0.7238363759087476    25    
54445.26637885017    15.086964425812011    0.755105063889661     25    