55567.82122917692    5.97711517401964      1.7602156235575277    25    
55568.32122917692    7.0264890769044435    1.7517665751475546    25    
55568.82122917692    8.153484259303218     1.787562661957996     25    
55569.32122917692    9.354818236494232     2.0340622152500654    25    
55569.82122917692    10.63106323521021     2.3825219759331633    25    
55570.32122917692    11.978033847022854    2.5659475897723194    25    
55570.82122917692    13.396385676754893    2.5874166227470012    25    
55571.32122917692    14.882669483504543    2.581963996535792     25    
55571.82122917692    16.435985158951514    2.599867409880533     25    
55572.32122917692    18.054928084918114    2.6144116879301613    25    
55572.82122917692    19.736395256814358    2.6244233127762677    25    
55573.32122917692    21.480858558013995    2.6304876875827228    25    
55573.82122917692    23.284149545357653    2.633483761451975     25    
55574.32122917692    25.146990236489202    2.6326514128771334    25    
55574.82122917692    27.065812903123383    2.632529290727133     25    
55575.32122917692    29.044456581965502    2.6208218138777837    25    
55575.82122917692    31.071096681696336    2.6291698206561946    25    
55576.32122917692    33.15087082561426     2.715475914912183     25    
55576.82122917692    35.26669741417258     2.847390958987748     25    
55577.32122917692    37.29203612555849     2.9368062184137633    25    
55577.82122917692    39.25790823787475     2.986204353867899     25    
55578.32122917692    41.00441676911557     3.0223966758982566    25    
55578.82122917692    42.50488103936363     3.0538200839301863    25    
55579.32122917692    43.70038386177247     3.0717400059648785    25    
55579.82122917692    44.45502558111745     3.063112625926022     25    
55580.32122917692    44.824260814163544    3.0374560319671344    25    
55580.82122917692    44.8780282005817      3.035027237824694     25    
55581.32122917692    44.58755268169614     3.0550556252802537    25    
55581.82122917692    44.12845965254231     3.0850529315556923    25    
55582.32122917692    43.51520346357617     3.134499153428467     25    
55582.82122917692    42.82877702898615     3.1729897820682504    25    
55583.32122917692    42.19337442029012     3.1763043405512272    25    
55583.82122917692    41.57421745677876     3.143621151906782     25    
55584.32122917692    41.01669702125134     3.000743473241162     25    
55584.82122917692    40.51949025614261     2.709108399452289     25    
55585.32122917692    40.0559405405237      2.5077155939621294    25    
55585.82122917692    39.625889336268095    2.551413841269171     25    
55586.32122917692    39.2167274198627      2.6450868680614468    25    
55586.82122917692    38.81642823110789     2.6428959380628467    25    
55587.32122917692    38.42412047958665     2.607547321639532     25    
55587.82122917692    38.01785289490541     2.571516029848977     25    
55588.32122917692    37.60225794886131     2.5273881566428797    25    
55588.82122917692    37.15405738321378     2.5188245942557304    25    
55589.32122917692    36.67331893053261     2.5775720856810143    25    
55589.82122917692    36.146783342233874    2.633118916089392     25    
55590.32122917692    35.558506826136586    2.640053727304225     25    
55590.82122917692    34.914625883265565    2.6097146854110123    25    
55591.32122917692    34.213030438167515    2.494683154502652     25    
55591.82122917692    33.45316480209898     2.2791465714529817    25    
55592.32122917692    32.64954127654434     2.1304524988270996    25    
55592.82122917692    31.800928815899542    2.129542383357524     25    
55593.32122917692    30.917717458709333    2.157439605401002     25    
55593.82122917692    30.002134793040696    2.1408112485458095    25    
55594.32122917692    29.063709289680205    2.1106098988112607    25    
55594.82122917692    28.13143881287596     2.061924048326698     25    
55595.32122917692    27.198801555605282    1.9925410207703642    25    
55595.82122917692    26.315373008390864    1.9564284262191345    25    
55596.32122917692    25.47715389217149     1.975748769136563     25    
55596.82122917692    24.717312079664648    2.0001347698825156    25    
55597.32122917692    24.06240368394743     1.9814446446854403    25    
55597.82122917692    23.505316252082547    1.9668338815981528    25    
55598.32122917692    23.061666895974803    2.0421310089395615    25    
55598.82122917692    22.72846579330295     2.1831973426048434    25    
55599.32122917692    22.489910361946517    2.2949942537100028    25    
55599.82122917692    22.347976856357448    2.3765575018365297    25    
55600.32122917692    22.29083147442283     2.427831847335549     25    
55600.82122917692    22.315454794207827    2.4357742368685367    25    
55601.32122917692    22.414420463321225    2.4163079349740304    25    
55601.82122917692    22.569676596273155    2.3810493350978033    25    
55602.32122917692    22.784373835378943    2.3283092269932038    25    
55602.82122917692    23.027325820950097    2.3314109296345324    25    
55603.32122917692    23.302743187513656    2.4115735636269733    25    
55603.82122917692    23.586730199645416    2.488517517756264     25    
55604.32122917692    23.86581913413383     2.5292135682184336    25    
55604.82122917692    24.142523995405966    2.5479481770711963    25    
55605.32122917692    24.405701643110273    2.5331511688239767    25    
55605.82122917692    24.65879264809974     2.488406934297941     25    
55606.32122917692    24.91398405338952     2.4314543671646853    25    
55606.82122917692    25.16937470761084     2.3526515360039797    25    
55607.32122917692    25.434823834425295    2.294239029439038     25    
55607.82122917692    25.717978787921016    2.302492030089714     25    
55608.32122917692    26.011639028494706    2.320428227175457     25    
55608.82122917692    26.3143977661343      2.2686404300283276    25    
55609.32122917692    26.6239205794008      2.172291026921824     25    
55609.82122917692    26.910441578100258    2.114695385690846     25    
55610.32122917692    27.17922068444216     2.1053185973036226    25    
55610.82122917692    27.404100584290244    2.105324673189014     25    
55611.32122917692    27.575104562522572    2.1092234153107245    25    
55611.82122917692    27.69254318841448     2.106994333477904     25    
55612.32122917692    27.74439116243084     2.0716517253143105    25    
55612.82122917692    27.736134161382456    2.0124020069741726    25    
55613.32122917692    27.682854786056197    1.9474092683015731    25    
55613.82122917692    27.581563846038872    1.8686400649879413    25    
55614.32122917692    27.44710790139672     1.81766029547932      25    
55614.82122917692    27.28407306526983     1.8343039003925279    25    
55615.32122917692    27.092788631484485    1.8596276106103629    25    
55615.82122917692    26.880011417276908    1.8260654522470248    25    
55616.32122917692    26.64199521921624     1.7621761658658026    25    
55616.82122917692    26.369257157546237    1.7260691114258935    25    
55617.32122917692    26.063776664346914    1.7182589986813785    25    
55617.82122917692    25.71554822665836     1.7186373514455822    25    
55618.32122917692    25.32012453497777     1.7309574196772686    25    
55618.82122917692    24.88207016233481     1.7361220187130426    25    
55619.32122917692    24.398552531101107    1.7139589639646908    25    
55619.82122917692    23.875687222395012    1.6668702542879879    25    
55620.32122917692    23.338349643122196    1.560241483641719     25    
55620.82122917692    22.781255194577092    1.367985896401997     25    
55621.32122917692    22.231176655701653    1.2244933751944902    25    
55621.82122917692    21.69181173868519     1.2281590024336155    25    
55622.32122917692    21.16955585861776     1.2652409947819623    25    
55622.82122917692    20.67784893102548     1.2447711414976101    25    
55623.32122917692    20.209946393276635    1.2065552678964482    25    
55623.82122917692    19.759145596316777    1.1805220980824338    25    
55624.32122917692    19.327035881570918    1.1637588110157824    25    
55624.82122917692    18.903968334252095    1.157280664756295     25    
55625.32122917692    18.4891540662474      1.1690535247903167    25    
55625.82122917692    18.079772754694922    1.1772117038860235    25    
55626.32122917692    17.671119147739113    1.1604509043802345    25    
55626.82122917692    17.265752802866388    1.1301449455589045    25    
55627.32122917692    16.86585777444135     1.101785546003479     25    
55627.82122917692    16.470920248301315    1.0745237661765956    25    
55628.32122917692    16.084496539430056    1.0188077544227145    25    
55628.82122917692    15.706604532652147    0.9025197657569054    25    
55629.32122917692    15.338812761100263    0.786537956965399     25    
55629.82122917692    14.982772246456486    0.7553031168913824    25    
55630.32122917692    14.63790605444833     0.7683426450355426    25    
55630.82122917692    14.304608523309462    0.7646121092239918    25    
55631.32122917692    13.982807981296022    0.754419894162602     25    
55631.82122917692    13.672570487814324    0.7442107611183413    25    
55632.32122917692    13.373887716530577    0.7339187238462966    25    
55632.82122917692    13.086822243807596    0.7247028302963894    25    
55633.32122917692    12.811406983296243    0.7177067754580032    25    
55633.82122917692    12.54765757081539     0.7125356316702669    25    
55634.32122917692    12.29564854319533     0.707318784933331     25    
55634.82122917692    12.05536517597274     0.7024454672369509    25    
55635.32122917692    11.826895157830114    0.7139671353439397    25    
55635.82122917692    11.610227820881901    0.7381047677555613    25    
55636.32122917692    11.405429627424313    0.7886353840144977    25    
55636.82122917692    11.212528267145176    0.8489573688581616    25    
55637.32122917692    11.031544393474405    0.951844195327407     25    
55637.82122917692    10.86254927636484     1.1291694797417418    25    