#Date  :
#Flux  :
#Fluxerr  :
#ZP  :
#end  :
@INSTRUMENT  PS
@BAND  PS_r
@MAGSYS  AB
54884.1477625  0.0  1.130447421663975  25.0
54889.134107499995  0.0  1.130447421663975  25.0
54894.12045249999  0.0  1.130447421663975  25.0
54899.10679749999  0.0  1.130447421663975  25.0
54904.09314249999  0.0  1.130447421663975  25.0
54909.079487499985  0.0  1.130447421663975  25.0
54914.06583249998  0.0  1.130447421663975  25.0
54919.05217749998  0.0  1.130447421663975  25.0
54924.03852249998  0.0  1.130447421663975  25.0
54929.024867499975  0.0  1.130447421663975  25.0
54934.01121249997  0.0  1.130447421663975  25.0
54938.99755749997  0.0  1.130447421663975  25.0
54943.98390249997  0.0  1.130447421663975  25.0
54948.970247499965  0.0  1.130447421663975  25.0
54953.95659249996  0.0  1.130447421663975  25.0
54958.94293749996  0.0  1.130447421663975  25.0
54963.92928249996  0.0  1.130447421663975  25.0
54968.915627499955  0.0  1.130447421663975  25.0
54973.90197249995  0.0  1.130447421663975  25.0
54978.88831749995  0.0  1.130447421663975  25.0
54983.87466249995  0.0  1.130447421663975  25.0
54988.861007499945  0.0  1.130447421663975  25.0
54993.84735249994  0.0  1.130447421663975  25.0
54998.83369749994  0.0  1.130447421663975  25.0
55003.82004249994  0.0  1.130447421663975  25.0
55008.806387499935  0.0  1.130447421663975  25.0
55013.79273249993  0.0  1.130447421663975  25.0
55018.77907749993  0.0  1.130447421663975  25.0
55023.76542249993  0.0  1.130447421663975  25.0
55028.751767499925  0.0  1.130447421663975  25.0
55033.73811249992  0.0  1.130447421663975  25.0
55038.72445749992  0.0  1.130447421663975  25.0
55043.71080249992  0.0  1.130447421663975  25.0
55048.697147499915  0.0  1.130447421663975  25.0
55053.68349249991  0.0  1.130447421663975  25.0
55058.66983749991  0.0  1.130447421663975  25.0
55063.65618249991  0.0  1.130447421663975  25.0
55068.642527499906  0.0  1.130447421663975  25.0
55073.6288724999  0.0  1.130447421663975  25.0
55078.6152174999  0.0  1.130447421663975  25.0
55083.6015624999  0.0  1.130447421663975  25.0
55088.587907499896  0.0  1.130447421663975  25.0
55093.57425249989  0.0  1.130447421663975  25.0
55098.56059749989  0.0  1.130447421663975  25.0
55103.54694249989  0.0  1.130447421663975  25.0
55108.533287499886  0.0  1.130447421663975  25.0
55113.51963249988  0.0  1.130447421663975  25.0
55118.50597749988  0.0  1.130447421663975  25.0
55123.49232249988  0.0  1.130447421663975  25.0
55128.478667499876  0.0  1.130447421663975  25.0
55133.46501249987  0.0  1.130447421663975  25.0
55138.45135749987  0.0  1.130447421663975  25.0
55143.43770249987  0.0  1.130447421663975  25.0
55148.424047499866  0.0  1.130447421663975  25.0
55153.41039249986  0.0  1.130447421663975  25.0
55158.39673749986  0.0  1.130447421663975  25.0
55163.38308249986  0.0  1.130447421663975  25.0
55168.369427499856  0.0  1.130447421663975  25.0
55173.35577249985  0.0  1.130447421663975  25.0
55178.34211749985  0.0  1.130447421663975  25.0
55183.32846249985  0.0  1.130447421663975  25.0
55188.314807499846  0.0  1.130447421663975  25.0
55193.301152499844  0.0  1.130447421663975  25.0
55198.28749749984  0.0  1.130447421663975  25.0
55203.27384249984  0.0  1.130447421663975  25.0
55208.260187499836  0.0  1.130447421663975  25.0
55213.246532499834  0.0  1.130447421663975  25.0
55218.23287749983  0.0  1.130447421663975  25.0
55223.21922249983  0.0  1.130447421663975  25.0
55228.20556749983  0.0  1.130447421663975  25.0
55233.191912499824  0.0  1.130447421663975  25.0
55238.17825749982  0.0  1.130447421663975  25.0
55243.16460249982  0.0  1.130447421663975  25.0
55248.15094749982  0.0  1.130447421663975  25.0
55253.137292499814  0.0  1.130447421663975  25.0
55258.12363749981  0.0  1.130447421663975  25.0
55263.10998249981  0.0  1.130447421663975  25.0
55268.09632749981  0.0  1.130447421663975  25.0
55273.082672499804  0.0  1.130447421663975  25.0
55278.0690174998  0.0  1.130447421663975  25.0
55283.0553624998  0.0  1.130447421663975  25.0
55288.0417074998  0.0  1.130447421663975  25.0
55293.028052499794  0.0  1.130447421663975  25.0
55298.01439749979  0.0  1.130447421663975  25.0
55303.00074249979  0.0  1.130447421663975  25.0
55307.98708749979  0.0  1.130447421663975  25.0
55312.973432499784  0.0  1.130447421663975  25.0
55317.95977749978  0.0  1.130447421663975  25.0
55322.94612249978  0.0  1.130447421663975  25.0
55327.93246749978  0.0  1.130447421663975  25.0
55332.918812499775  0.0  1.130447421663975  25.0
55337.90515749977  0.0  1.130447421663975  25.0
55342.89150249977  0.0  1.130447421663975  25.0
55347.87784749977  0.0  1.130447421663975  25.0
55352.864192499765  0.0  1.130447421663975  25.0
55357.85053749976  0.0  1.130447421663975  25.0
55362.83688249976  0.0  1.130447421663975  25.0
55367.82322749976  0.0  1.130447421663975  25.0
55372.809572499755  0.0  1.130447421663975  25.0
55377.79591749975  0.0  1.130447421663975  25.0
55382.78226249975  0.0  1.130447421663975  25.0
55387.76860749975  0.0  1.130447421663975  25.0
55392.754952499745  0.0  1.130447421663975  25.0
55397.74129749974  0.0  1.130447421663975  25.0
55402.72764249974  0.0  1.130447421663975  25.0
55407.71398749974  0.0  1.130447421663975  25.0
55412.700332499735  0.0  1.130447421663975  25.0
55417.68667749973  0.0  1.130447421663975  25.0
55422.67302249973  0.0  1.130447421663975  25.0
55427.65936749973  0.0  1.130447421663975  25.0
55432.645712499725  0.0  1.130447421663975  25.0
55437.63205749972  0.0  1.130447421663975  25.0
55442.61840249972  0.0  1.130447421663975  25.0
55447.60474749972  0.0  1.130447421663975  25.0
55452.591092499715  0.0  1.130447421663975  25.0
55457.57743749971  0.0  1.130447421663975  25.0
55462.56378249971  0.0  1.130447421663975  25.0
55467.55012749971  0.0  1.130447421663975  25.0
55472.536472499705  0.0  1.130447421663975  25.0
55477.5228174997  0.0  1.130447421663975  25.0
55482.5091624997  0.0  1.130447421663975  25.0
55487.4955074997  0.0  1.130447421663975  25.0
55492.481852499695  0.0  1.130447421663975  25.0
55497.46819749969  0.0  1.130447421663975  25.0
55502.45454249969  0.0  1.130447421663975  25.0
55507.44088749969  0.0  1.130447421663975  25.0
55512.427232499685  0.0  1.130447421663975  25.0
55517.41357749968  0.0  1.130447421663975  25.0
55522.39992249968  0.0  1.130447421663975  25.0
55527.38626749968  0.0  1.130447421663975  25.0
55532.372612499676  0.0  1.130447421663975  25.0
55537.35895749967  0.0  1.130447421663975  25.0
55542.34530249967  0.0  1.130447421663975  25.0
55547.33164749967  0.0  1.130447421663975  25.0
55552.317992499666  0.0  1.130447421663975  25.0
55557.30433749966  0.0  1.130447421663975  25.0
55562.29068249966  0.0  1.130447421663975  25.0
55567.27702749966  0.0  1.130447421663975  25.0
55572.263372499656  0.0  1.130447421663975  25.0
55577.24971749965  0.0  1.130447421663975  25.0
55582.23606249965  0.0  1.130447421663975  25.0
55587.22240749965  0.0  1.130447421663975  25.0
55592.208752499646  0.0  1.130447421663975  25.0
55597.19509749964  0.0  1.130447421663975  25.0
55602.18144249964  0.0  1.130447421663975  25.0
55607.16778749964  0.0  1.130447421663975  25.0
55612.154132499636  0.0  1.130447421663975  25.0
55617.14047749963  0.0  1.130447421663975  25.0
55622.12682249963  0.0  1.130447421663975  25.0
55627.11316749963  0.0  1.130447421663975  25.0
55632.099512499626  0.0  1.130447421663975  25.0
55637.085857499624  0.0  1.130447421663975  25.0
55642.07220249962  0.0  1.130447421663975  25.0
55647.05854749962  0.0  1.130447421663975  25.0
55652.044892499616  0.0  1.130447421663975  25.0
55657.031237499614  0.0  1.130447421663975  25.0
55662.01758249961  0.0  1.130447421663975  25.0
55667.00392749961  0.0  1.130447421663975  25.0
55671.99027249961  0.0  1.130447421663975  25.0
55676.976617499604  0.0  1.130447421663975  25.0
55681.9629624996  0.0  1.130447421663975  25.0
55686.9493074996  0.0  1.130447421663975  25.0
55691.9356524996  0.0  1.130447421663975  25.0
55696.921997499594  0.0  1.130447421663975  25.0
55701.90834249959  0.0  1.130447421663975  25.0
55706.89468749959  0.0  1.130447421663975  25.0
55711.88103249959  0.0  1.130447421663975  25.0
55716.867377499584  0.0  1.130447421663975  25.0
55721.85372249958  0.0  1.130447421663975  25.0
55726.84006749958  0.0  1.130447421663975  25.0
55731.82641249958  0.0  1.130447421663975  25.0
55736.812757499574  0.0  1.130447421663975  25.0
55741.79910249957  0.0  1.130447421663975  25.0
55746.78544749957  0.0  1.130447421663975  25.0
55751.77179249957  0.0  1.130447421663975  25.0
55756.758137499564  0.0  1.130447421663975  25.0
55761.74448249956  0.0  1.130447421663975  25.0
55766.73082749956  0.0  1.130447421663975  25.0
55771.71717249956  0.0  1.130447421663975  25.0
55776.703517499554  0.0  1.130447421663975  25.0
55781.68986249955  0.0  1.130447421663975  25.0
55786.67620749955  0.0  1.130447421663975  25.0
55791.66255249955  0.0  1.130447421663975  25.0
55796.648897499545  0.0  1.130447421663975  25.0
55801.63524249954  0.0  1.130447421663975  25.0
55806.62158749954  0.0  1.130447421663975  25.0
55811.60793249954  0.0  1.130447421663975  25.0
55816.594277499535  0.0  1.130447421663975  25.0
55821.58062249953  0.0  1.130447421663975  25.0
55826.56696749953  0.0  1.130447421663975  25.0
55831.55331249953  0.0  1.130447421663975  25.0
55836.539657499525  0.0  1.130447421663975  25.0
55841.52600249952  0.0  1.130447421663975  25.0
55846.51234749952  0.0  1.130447421663975  25.0
55851.49869249952  0.0  1.130447421663975  25.0
55856.485037499515  0.0  1.130447421663975  25.0
55861.47138249951  0.0  1.130447421663975  25.0
55866.45772749951  0.0  1.130447421663975  25.0
55871.44407249951  0.0  1.130447421663975  25.0
55876.430417499505  0.0  1.130447421663975  25.0
55881.4167624995  0.0  1.130447421663975  25.0
55886.4031074995  0.0  1.130447421663975  25.0
55891.3894524995  0.0  1.130447421663975  25.0
55896.375797499495  0.0  1.130447421663975  25.0
55901.36214249949  0.0  1.130447421663975  25.0
55906.34848749949  0.0  1.130447421663975  25.0
55911.33483249949  0.0  1.130447421663975  25.0
55916.321177499485  0.0  1.130447421663975  25.0
55921.30752249948  0.0  1.130447421663975  25.0
55926.29386749948  0.0  1.130447421663975  25.0
55931.28021249948  0.0  1.130447421663975  25.0
55936.266557499475  0.0  1.130447421663975  25.0
55941.25290249947  0.0  1.130447421663975  25.0
55946.23924749947  0.0  1.130447421663975  25.0
55951.22559249947  0.0  1.130447421663975  25.0
55956.211937499465  0.0  1.130447421663975  25.0
55961.19828249946  0.0  1.130447421663975  25.0
55966.18462749946  0.0  1.130447421663975  25.0
55971.17097249946  0.0  1.130447421663975  25.0
55976.157317499456  0.0  1.130447421663975  25.0
55981.14366249945  0.0  1.130447421663975  25.0
55986.13000749945  0.0  1.130447421663975  25.0
55991.11635249945  0.0  1.130447421663975  25.0
55996.102697499446  0.0  1.130447421663975  25.0
56001.08904249944  0.0  1.130447421663975  25.0
56006.07538749944  0.0  1.130447421663975  25.0
56011.06173249944  0.0  1.130447421663975  25.0
56016.048077499436  0.0  1.130447421663975  25.0
56021.03442249943  0.0  1.130447421663975  25.0
56026.02076749943  0.0  1.130447421663975  25.0
56031.00711249943  0.0  1.130447421663975  25.0
56035.993457499426  0.0  1.130447421663975  25.0
56040.97980249942  0.0  1.130447421663975  25.0
56045.96614749942  0.0  1.130447421663975  25.0
56050.95249249942  0.0  1.130447421663975  25.0
56055.938837499416  0.0  1.130447421663975  25.0
56060.92518249941  0.0  1.130447421663975  25.0
56065.91152749941  0.0  1.130447421663975  25.0
56070.89787249941  0.0  1.130447421663975  25.0
56075.884217499406  0.0  1.130447421663975  25.0
56080.8705624994  0.0  1.130447421663975  25.0
56085.8569074994  0.0  1.130447421663975  25.0
56090.8432524994  0.0  1.130447421663975  25.0
56095.829597499396  0.0  1.130447421663975  25.0
56100.815942499394  0.0  1.130447421663975  25.0
56105.80228749939  0.0  1.130447421663975  25.0
56110.78863249939  0.0  1.130447421663975  25.0
56115.774977499386  0.0  1.130447421663975  25.0
56120.761322499384  0.0  1.130447421663975  25.0
56125.74766749938  0.0  1.130447421663975  25.0
56130.73401249938  0.0  1.130447421663975  25.0
56135.72035749938  0.0  1.130447421663975  25.0
56140.706702499374  0.0  1.130447421663975  25.0
56145.69304749937  0.0  1.130447421663975  25.0
56150.67939249937  0.0  1.130447421663975  25.0
56155.66573749937  0.0  1.130447421663975  25.0
56160.652082499364  0.0  1.130447421663975  25.0
56165.63842749936  0.0  1.130447421663975  25.0
56170.62477249936  0.0  1.130447421663975  25.0
56175.61111749936  0.0  1.130447421663975  25.0
56180.597462499354  0.0  1.130447421663975  25.0
56185.58380749935  0.0  1.130447421663975  25.0
56190.57015249935  0.0  1.130447421663975  25.0
56195.55649749935  0.0  1.130447421663975  25.0
56200.542842499344  0.0  1.130447421663975  25.0
56205.52918749934  0.0  1.130447421663975  25.0
56210.51553249934  0.0  1.130447421663975  25.0
56215.50187749934  0.0  1.130447421663975  25.0
56220.488222499334  0.0  1.130447421663975  25.0
56225.47456749933  0.0  1.130447421663975  25.0
56230.46091249933  0.0  1.130447421663975  25.0
56235.44725749933  0.0  1.130447421663975  25.0
56240.433602499324  0.0  1.130447421663975  25.0
56245.41994749932  0.0  1.130447421663975  25.0
56250.40629249932  0.0  1.130447421663975  25.0
56255.39263749932  0.0  1.130447421663975  25.0
56260.378982499315  0.0  1.130447421663975  25.0
56265.36532749931  0.0  1.130447421663975  25.0
55083.6015625  0.7685456193598769  2.2981962806851506  25.0
55086.6015625  -1.7371089316458679  2.5102559809810048  25.0
55089.6015625  0.7359436488363352  1.2501349266080495  25.0
55095.6015625  1.4052146711183413  1.3093667423468072  25.0
55098.6015625  1.0618656906870996  1.2797997595381911  25.0
55101.6015625  1.9895051036980667  1.1583989437830573  25.0
55170.3984375  -3.0787840474674226  5.526773178310526  25.0
55188.30078125  -0.5179116364952818  1.0009694891980454  25.0
55191.30078125  0.8936668405227963  0.84686871274519  25.0
55203.30078125  -0.4080634841338252  0.5722482851573302  25.0
55221.19921875  0.6252143318547494  1.7565917498311798  25.0
55446.6015625  -0.4623022359901299  1.1095449364006167  25.0
55449.6015625  -0.4735611622823577  0.9053173540379986  25.0
55452.6015625  -0.7175376955142033  1.121293393405781  25.0
55455.6015625  -0.29390752218801186  0.48374317702718733  25.0
55458.6015625  -0.2992922199776576  6.20348482467123  25.0
55467.6015625  -2.3421550743066635  2.7563863839918654  25.0
55476.6015625  -0.19287068923831927  0.7050060173788718  25.0
55479.5  -1.520447567953662  1.3142619561077347  25.0
55482.6015625  -0.8888695702518307  0.7379017250038626  25.0
55485.5  -1.8589993714823747  1.5115383517361543  25.0
55500.5  -0.7269364891288657  0.582724037003609  25.0
55503.5  1.1022021624434437  0.821805356474527  25.0
55509.3984375  0.39151771017347703  0.6243331672346202  25.0
55518.5  -0.7655105849607331  1.5328813492832498  25.0
55524.3984375  7.159418515331928  2.8563462587099413  25.0
55545.3984375  0.27207494724376163  1.5423780397036557  25.0
55548.3984375  2.3266861652094954  2.885227917194134  25.0
55557.30078125  0.45437198783005844  1.0024380813368547  25.0
55596.19921875  0.1472474631822914  0.82797327539434  25.0
55821.6015625  1.9054057253001333  1.4785447473054198  25.0
55824.6015625  -1.1110134351709895  0.65576032940502  25.0
55828.6015625  0.28401922120252227  0.6079832335699775  25.0
55829.6015625  0.04464417921897326  0.9836404941075301  25.0
55833.6015625  -1.046592668569855  2.5774181382482704  25.0
55836.6015625  1.1581053000500448  2.1145284280552423  25.0
55852.5  0.019580780640737396  1.0309280592296362  25.0
55858.5  -0.6485154522535905  0.8191619092983576  25.0
55859.5  -0.4654351671950173  0.8738901918675988  25.0
55863.5  0.08635124418665548  1.4012985187832865  25.0
55895.3984375  -0.45770075933065146  0.6377460099900809  25.0
55947.30078125  1.4925449708953424  0.7641399363118857  25.0
55955.30078125  1.5779172411890343  1.1734761722888147  25.0
56206.6015625  1.5510915556781129  1.1396014499221692  25.0
56209.5  1.1673082533690016  0.8121128724426337  25.0
56213.5  0.5137996905487399  1.6535968407139598  25.0
56217.5  0.22782236983658108  1.0504109707833844  25.0
56220.5  -0.2540606278288225  1.525832312427526  25.0
56235.5  -0.15429654672223359  1.0256412582457342  25.0
56238.3984375  -0.5012679657291901  2.0288625140285377  25.0
56242.3984375  -0.5097855947237232  1.4197045187896369  25.0
56268.3984375  -0.6352005063038735  0.7432864227935083  25.0
56271.3984375  -1.1028874867678673  1.109740730012104  25.0
56302.30078125  65.30963486422803  1.0480612607086643  25.0
56309.30078125  53.68579932566997  1.593777550772304  25.0
56344.19921875  6.2311917214865  3.2624519000973304  25.0
56563.6015625  -2.8487098410197556  5.616648888405298  25.0
56590.5  0.2901871634644444  0.8029099191236769  25.0
56593.5  -0.2748162445414563  1.0725372361448657  25.0
56597.5  0.24035407131402176  0.8849533245483393  25.0
56622.3984375  -1.4169631281235056  1.0649986685762054  25.0
56630.3984375  0.46426031215765723  0.9426187913951989  25.0
56633.3984375  0.03289571054275446  1.23877805682586  25.0
56636.3984375  -0.43733672984099214  1.5168251527200565  25.0
56652.30078125  1.4321383001192247  1.3965991920022829  25.0
56655.30078125  1.0449283761879953  0.9326325702618564  25.0
56656.30078125  0.49382729496627337  1.461901076539328  25.0
56663.30078125  -1.2313373393787248  1.223015503995679  25.0
