#Date  :
#Flux  :
#Fluxerr  :
#ZP  :
#end  :
@INSTRUMENT  PS
@BAND  PS_z
@MAGSYS  AB
54892.1477625  0.0  1.9329758683570502  25.0
54897.134107499995  0.0  1.9329758683570502  25.0
54902.12045249999  0.0  1.9329758683570502  25.0
54907.10679749999  0.0  1.9329758683570502  25.0
54912.09314249999  0.0  1.9329758683570502  25.0
54917.079487499985  0.0  1.9329758683570502  25.0
54922.06583249998  0.0  1.9329758683570502  25.0
54927.05217749998  0.0  1.9329758683570502  25.0
54932.03852249998  0.0  1.9329758683570502  25.0
54937.024867499975  0.0  1.9329758683570502  25.0
54942.01121249997  0.0  1.9329758683570502  25.0
54946.99755749997  0.0  1.9329758683570502  25.0
54951.98390249997  0.0  1.9329758683570502  25.0
54956.970247499965  0.0  1.9329758683570502  25.0
54961.95659249996  0.0  1.9329758683570502  25.0
54966.94293749996  0.0  1.9329758683570502  25.0
54971.92928249996  0.0  1.9329758683570502  25.0
54976.915627499955  0.0  1.9329758683570502  25.0
54981.90197249995  0.0  1.9329758683570502  25.0
54986.88831749995  0.0  1.9329758683570502  25.0
54991.87466249995  0.0  1.9329758683570502  25.0
54996.861007499945  0.0  1.9329758683570502  25.0
55001.84735249994  0.0  1.9329758683570502  25.0
55006.83369749994  0.0  1.9329758683570502  25.0
55011.82004249994  0.0  1.9329758683570502  25.0
55016.806387499935  0.0  1.9329758683570502  25.0
55021.79273249993  0.0  1.9329758683570502  25.0
55026.77907749993  0.0  1.9329758683570502  25.0
55031.76542249993  0.0  1.9329758683570502  25.0
55036.751767499925  0.0  1.9329758683570502  25.0
55041.73811249992  0.0  1.9329758683570502  25.0
55046.72445749992  0.0  1.9329758683570502  25.0
55051.71080249992  0.0  1.9329758683570502  25.0
55056.697147499915  0.0  1.9329758683570502  25.0
55061.68349249991  0.0  1.9329758683570502  25.0
55066.66983749991  0.0  1.9329758683570502  25.0
55071.65618249991  0.0  1.9329758683570502  25.0
55076.642527499906  0.0  1.9329758683570502  25.0
55081.6288724999  0.0  1.9329758683570502  25.0
55086.6152174999  0.0  1.9329758683570502  25.0
55091.6015624999  0.0  1.9329758683570502  25.0
55096.587907499896  0.0  1.9329758683570502  25.0
55101.57425249989  0.0  1.9329758683570502  25.0
55106.56059749989  0.0  1.9329758683570502  25.0
55111.54694249989  0.0  1.9329758683570502  25.0
55116.533287499886  0.0  1.9329758683570502  25.0
55121.51963249988  0.0  1.9329758683570502  25.0
55126.50597749988  0.0  1.9329758683570502  25.0
55131.49232249988  0.0  1.9329758683570502  25.0
55136.478667499876  0.0  1.9329758683570502  25.0
55141.46501249987  0.0  1.9329758683570502  25.0
55146.45135749987  0.0  1.9329758683570502  25.0
55151.43770249987  0.0  1.9329758683570502  25.0
55156.424047499866  0.0  1.9329758683570502  25.0
55161.41039249986  0.0  1.9329758683570502  25.0
55166.39673749986  0.0  1.9329758683570502  25.0
55171.38308249986  0.0  1.9329758683570502  25.0
55176.369427499856  0.0  1.9329758683570502  25.0
55181.35577249985  0.0  1.9329758683570502  25.0
55186.34211749985  0.0  1.9329758683570502  25.0
55191.32846249985  0.0  1.9329758683570502  25.0
55196.314807499846  0.0  1.9329758683570502  25.0
55201.301152499844  0.0  1.9329758683570502  25.0
55206.28749749984  0.0  1.9329758683570502  25.0
55211.27384249984  0.0  1.9329758683570502  25.0
55216.260187499836  0.0  1.9329758683570502  25.0
55221.246532499834  0.0  1.9329758683570502  25.0
55226.23287749983  0.0  1.9329758683570502  25.0
55231.21922249983  0.0  1.9329758683570502  25.0
55236.20556749983  0.0  1.9329758683570502  25.0
55241.191912499824  0.0  1.9329758683570502  25.0
55246.17825749982  0.0  1.9329758683570502  25.0
55251.16460249982  0.0  1.9329758683570502  25.0
55256.15094749982  0.0  1.9329758683570502  25.0
55261.137292499814  0.0  1.9329758683570502  25.0
55266.12363749981  0.0  1.9329758683570502  25.0
55271.10998249981  0.0  1.9329758683570502  25.0
55276.09632749981  0.0  1.9329758683570502  25.0
55281.082672499804  0.0  1.9329758683570502  25.0
55286.0690174998  0.0  1.9329758683570502  25.0
55291.0553624998  0.0  1.9329758683570502  25.0
55296.0417074998  0.0  1.9329758683570502  25.0
55301.028052499794  0.0  1.9329758683570502  25.0
55306.01439749979  0.0  1.9329758683570502  25.0
55311.00074249979  0.0  1.9329758683570502  25.0
55315.98708749979  0.0  1.9329758683570502  25.0
55320.973432499784  0.0  1.9329758683570502  25.0
55325.95977749978  0.0  1.9329758683570502  25.0
55330.94612249978  0.0  1.9329758683570502  25.0
55335.93246749978  0.0  1.9329758683570502  25.0
55340.918812499775  0.0  1.9329758683570502  25.0
55345.90515749977  0.0  1.9329758683570502  25.0
55350.89150249977  0.0  1.9329758683570502  25.0
55355.87784749977  0.0  1.9329758683570502  25.0
55360.864192499765  0.0  1.9329758683570502  25.0
55365.85053749976  0.0  1.9329758683570502  25.0
55370.83688249976  0.0  1.9329758683570502  25.0
55375.82322749976  0.0  1.9329758683570502  25.0
55380.809572499755  0.0  1.9329758683570502  25.0
55385.79591749975  0.0  1.9329758683570502  25.0
55390.78226249975  0.0  1.9329758683570502  25.0
55395.76860749975  0.0  1.9329758683570502  25.0
55400.754952499745  0.0  1.9329758683570502  25.0
55405.74129749974  0.0  1.9329758683570502  25.0
55410.72764249974  0.0  1.9329758683570502  25.0
55415.71398749974  0.0  1.9329758683570502  25.0
55420.700332499735  0.0  1.9329758683570502  25.0
55425.68667749973  0.0  1.9329758683570502  25.0
55430.67302249973  0.0  1.9329758683570502  25.0
55435.65936749973  0.0  1.9329758683570502  25.0
55440.645712499725  0.0  1.9329758683570502  25.0
55445.63205749972  0.0  1.9329758683570502  25.0
55450.61840249972  0.0  1.9329758683570502  25.0
55455.60474749972  0.0  1.9329758683570502  25.0
55460.591092499715  0.0  1.9329758683570502  25.0
55465.57743749971  0.0  1.9329758683570502  25.0
55470.56378249971  0.0  1.9329758683570502  25.0
55475.55012749971  0.0  1.9329758683570502  25.0
55091.6015625  1.0727572374611978  2.3286441744556927  25.0
55097.6015625  -2.1114415334256496  2.6193933368691407  25.0
55103.6015625  0.04556149520997491  3.0039165053166887  25.0
55181.3984375  2.642959605698535  1.5916083629819606  25.0
55187.30078125  2.5935685613694743  6.974149482596409  25.0
55200.3984375  1.4351871576417272  1.7193573588593893  25.0
55205.30078125  -0.48742948057025104  1.8561400068417941  25.0
55220.30078125  3.5254189742057  2.6489492650253426  25.0
55232.19921875  1.6434541918642391  1.8411165081219547  25.0
55439.6015625  0.05842476666705754  1.4397039836942152  25.0
55445.6015625  0.9317522738947522  1.558321001237139  25.0
55448.6015625  -1.255886936994495  2.0392697063750913  25.0
55454.6015625  -1.9371492081143826  1.6775271333609851  25.0
55457.6015625  0.14355799241066824  2.261087499687151  25.0
55466.6015625  -0.47093305493206383  2.2001096924703676  25.0
55472.6015625  -1.3195159002914707  1.4841853652728116  25.0
55475.6015625  -7.745552277815194  2.384024878111561  25.0
55481.5  -1.9261514661635537  1.6143891457034585  25.0
55484.5  -0.5820873925858043  1.3610515216773997  25.0
55487.5  4.530423165371382  2.0511510733752893  25.0
55499.5  59.65610042081025  2.195396401246877  25.0
55502.5  64.60129021723986  1.7842627839037106  25.0
55508.3984375  58.371837751345986  1.6166476523737305  25.0
55511.3984375  50.70493596902302  1.659165037750502  25.0
55517.3984375  40.52194351030264  1.7063959016388197  25.0
55547.30078125  34.429370145740144  1.3142134944870583  25.0
55568.30078125  14.98384009935332  1.546832470934917  25.0
55577.30078125  12.713523793406583  1.8230490166239468  25.0
55586.30078125  11.374172215078085  2.822161500116238  25.0
55589.19921875  9.123297158521924  1.8133278300644913  25.0
55595.19921875  6.598659404389668  1.8570238191792197  25.0
55823.6015625  -1.0145288189101074  2.100738395587296  25.0
55827.6015625  -5.9812227490258145  2.65415362553231  25.0
55835.6015625  0.40475107449636893  2.590328103420304  25.0
55842.5  6.649720121740163  3.063912361254574  25.0
55851.5  -0.6209717642475133  2.7993809046827964  25.0
55854.5  1.7035483740316537  2.951677933380462  25.0
55857.5  1.7076724570301933  2.2154277953026824  25.0
55860.5  1.78436111013324  1.8811792962335643  25.0
55862.5  0.05272957683943479  1.883241337732834  25.0
55870.5  -3.6483563526301093  1.951878102721747  25.0
55878.3984375  -0.2203448195716983  2.068334752535872  25.0
55880.3984375  -0.2304586789520807  1.6415886155359714  25.0
55889.3984375  1.2299640225533555  1.2440055699942967  25.0
55891.3984375  -1.9348907014441106  1.5738354755964277  25.0
55897.3984375  -1.4710275365252679  1.5774686765995465  25.0
55901.3984375  1.2989936242402447  1.7767019650730544  25.0
55919.30078125  -0.3061654041872358  4.7250413015628725  25.0
55929.30078125  0.8724437651232902  1.853390618176101  25.0
55935.30078125  -1.1218536776777832  1.3816720303141268  25.0
55951.30078125  1.105749995093544  1.7498952382944897  25.0
55957.19921875  0.34887930155702346  2.176150680587025  25.0
55981.19921875  -0.06254886722385258  1.8872670945018446  25.0
55984.19921875  -0.32845518785827754  2.9524636067764143  25.0
55985.19921875  3.9710184633876167  2.471122064940486  25.0
56205.5  -0.009426516603522932  1.5640162437395275  25.0
56208.6015625  -2.940778517659162  1.8429820844502223  25.0
56211.5  0.1840134533432049  1.3061617000169528  25.0
56214.5  -4.752731840678863  2.894529792337799  25.0
56216.5  -1.1132126749827276  3.1244974254174096  25.0
56219.5  -0.0873916621808617  1.9289008548292468  25.0
56222.5  0.5575391724775116  1.6238157281504386  25.0
56226.5  2.9456882740536545  1.8569254929496903  25.0
56229.5  -0.23036049318859367  2.8883436678399894  25.0
56232.5  0.1150820608308098  1.9167250710046297  25.0
56234.3984375  -2.1492458148669873  1.5159998937433135  25.0
56251.3984375  -12.028922269887856  7.82292846537272  25.0
56259.3984375  -0.7720906106053484  2.345336971620854  25.0
56262.3984375  -1.9237948205518085  2.1219482060930015  25.0
56283.30078125  2.690779490523747  2.000189056830436  25.0
56289.30078125  -1.4451046220841286  1.7279001289689442  25.0
56292.30078125  -2.8156807715059533  1.5848330302592004  25.0
56300.30078125  -1.169575423561522  1.7785677286893784  25.0
56308.19921875  1.7156260189147978  1.764133250906433  25.0
56311.30078125  1.2249562208614184  3.3863778195530227  25.0
56315.30078125  1.7293729622432636  2.7568633320179687  25.0
56351.19921875  1.9681781568329602  1.7889760751272008  25.0
56353.19921875  7.754586304496282  5.182718248339878  25.0
56536.6015625  -0.21769361666949213  1.7245615320783005  25.0
56557.6015625  0.7831863978536222  2.470532856715536  25.0
56559.6015625  -0.7014899430586385  2.973967834106539  25.0
56562.6015625  2.025031693763148  3.0951377751441536  25.0
56568.5  27.965528924910913  98.94317136953741  25.0
56584.5  -1.1655494795044554  2.444020734049446  25.0
56589.5  -0.6393338598579964  1.2524502011623784  25.0
56600.5  1.198935073834778  2.573831771426145  25.0
56613.3984375  1.798402657574181  2.602013192537556  25.0
56616.3984375  2.178212722086295  1.254217638549173  25.0
56618.3984375  -0.926842611144288  1.8247183150692685  25.0
56621.3984375  0.20100081950433082  1.9370508818848535  25.0
56624.3984375  2.0096154519893603  2.2412525708023487  25.0
56629.3984375  1.1638801810591335  1.7992862826235503  25.0
56632.3984375  -0.16928452361932997  1.6919616111439306  25.0
56637.3984375  -2.334830298953502  2.066469176207604  25.0
56643.30078125  -2.8691958988335537  2.8143060771731068  25.0
56648.3984375  -0.39228054609323443  2.5543895855952905  25.0
56651.3984375  -0.5251355294260875  2.283377213125172  25.0
56662.30078125  -1.7402723779645635  2.0952396182559094  25.0
56667.30078125  -1.1116416091229069  1.7587326125165195  25.0
56673.30078125  -0.9506052515006564  3.731329456460495  25.0
56676.30078125  4.229265469232055  1.8618352493441828  25.0
56681.30078125  0.14218328637231814  2.470729321886538  25.0
