55490.07365916493    10.898065247667157    2.8882139042305304    25    
55490.57365916493    12.779085760908949    2.8760753355663478    25    
55491.07365916493    14.779167008579773    2.96084814219513      25    
55491.57365916493    16.884946813663692    3.477946274848277     25    
55492.07365916493    19.098090554437476    4.158939553980858     25    
55492.57365916493    21.401187775344997    4.487496235332619     25    
55493.07365916493    23.79717973391851     4.514879415128358     25    
55493.57365916493    26.27015249463111     4.507027847869467     25    
55494.07365916493    28.818778395701106    4.535412889077495     25    
55494.57365916493    31.433780915140478    4.554985323099964     25    
55495.07365916493    34.10523038846349     4.563458482998239     25    
55495.57365916493    36.83234197599934     4.562928454566302     25    
55496.07365916493    39.59887956088387     4.556241942919256     25    
55496.57365916493    42.40788594121296     4.5423293826641675    25    
55497.07365916493    45.24264943400766     4.538225909481552     25    
55497.57365916493    48.10939663511693     4.555717297155751     25    
55498.07365916493    50.977614327329974    4.559269303267142     25    
55498.57365916493    53.8692858125679      4.494829733170027     25    
55499.07365916493    56.70518057584348     4.436756225411454     25    
55499.57365916493    59.35904591947552     4.524904275080561     25    
55500.07365916493    61.84358483973357     4.709744408031616     25    
55500.57365916493    63.92873653544749     4.8460542824231085    25    
55501.07365916493    65.64350481594458     4.932085361812565     25    
55501.57365916493    66.82733744503292     5.00551470835979      25    
55502.07365916493    67.36870444404127     5.036168608184762     25    
55502.57365916493    67.40871200068851     5.1173819191175065    25    
55503.07365916493    66.99902525775624     5.3792303668994785    25    
55503.57365916493    66.1861859775385      5.727280529146841     25    
55504.07365916493    65.24693033523293     6.043760765706334     25    
55504.57365916493    64.13154445165617     6.360864353921636     25    
55505.07365916493    63.10145669210817     6.4387329476751605    25    
55505.57365916493    62.20310506395986     6.202836532291935     25    
55506.07365916493    61.41442838838127     5.789571064036798     25    
55506.57365916493    60.777763033538356    5.145639156335559     25    
55507.07365916493    60.23849453602334     4.375834019786451     25    
55507.57365916493    59.71771380261497     4.057297330483568     25    
55508.07365916493    59.228091807903496    4.141886901371238     25    
55508.57365916493    58.67677708518015     4.199674348929486     25    
55509.07365916493    58.06257490776544     4.205657399489874     25    
55509.57365916493    57.385046181366675    4.2711065057130835    25    
55510.07365916493    56.62948433949497     4.406253590766338     25    
55510.57365916493    55.821871629420485    4.621031728964303     25    
55511.07365916493    54.98420564612667     5.004194670822193     25    
55511.57365916493    54.11529596534058     5.431896629204084     25    
55512.07365916493    53.24854164210323     5.578128142032005     25    
55512.57365916493    52.382224924643545    5.48978694857618      25    
55513.07365916493    51.49788408006923     5.251969436949094     25    
55513.57365916493    50.604210712051625    4.7588125417928735    25    
55514.07365916493    49.66459980775911     4.280367132333164     25    
55514.57365916493    48.658410457126564    4.199273046905028     25    
55515.07365916493    47.579896085831166    4.294958611712634     25    
55515.57365916493    46.38294502077875     4.281163647849248     25    
55516.07365916493    45.07818258819172     4.21646174762807      25    
55516.57365916493    43.704675604184445    4.12459455864029      25    
55517.07365916493    42.244966141401385    3.9664041552838825    25    
55517.57365916493    40.78956455470443     3.9245212200757473    25    
55518.07365916493    39.35654519531003     4.161309022258788     25    
55518.57365916493    37.985006767826       4.438701293110294     25    
55519.07365916493    36.749346296683036    4.537436706413739     25    
55519.57365916493    35.63406005067719     4.549537133974501     25    
55520.07365916493    34.684059884497486    4.555696682093648     25    
55520.57365916493    33.89610426981617     4.543083240501378     25    
55521.07365916493    33.265184818433575    4.580436041876911     25    
55521.57365916493    32.79212743051359     4.724838227022971     25    
55522.07365916493    32.47393574678899     4.836706048565215     25    
55522.57365916493    32.316797957949575    4.8209794871432905    25    
55523.07365916493    32.30604728280557     4.714472253801305     25    
55523.57365916493    32.41311508145242     4.469754374768657     25    
55524.07365916493    32.64264740314807     4.072906731307397     25    
55524.57365916493    32.92335036269931     3.805938263440393     25    
55525.07365916493    33.26361994063179     3.7537169618608144    25    
55525.57365916493    33.608003208904016    3.756621827485705     25    
55526.07365916493    33.924587765129736    3.766706849741816     25    
55526.57365916493    34.22612643615868     3.777118770609198     25    
55527.07365916493    34.495902435900184    3.7112390056556595    25    
55527.57365916493    34.74715295301655     3.6041548425715044    25    
55528.07365916493    35.03763278460013     3.579232136802098     25    
55528.57365916493    35.3570828902379      3.6381257082605902    25    
55529.07365916493    35.76130618351694     3.718349013078929     25    
55529.57365916493    36.269851076494       3.8197382713549985    25    
55530.07365916493    36.864804817447954    3.9087216028851537    25    
55530.57365916493    37.560227926746904    3.920064302604599     25    
55531.07365916493    38.325361866528766    3.9194805068265093    25    
55531.57365916493    39.08411777757909     4.064929491815171     25    
55532.07365916493    39.85026185189104     4.320216006969938     25    
55532.57365916493    40.53327967684909     4.447002745319734     25    
55533.07365916493    41.1289266183177      4.427617312181147     25    
55533.57365916493    41.624423905009216    4.311094820241662     25    
55534.07365916493    41.990726574209674    4.033605713708508     25    
55534.57365916493    42.265421541719284    3.712434252849156     25    
55535.07365916493    42.48555690042124     3.6163809058250034    25    
55535.57365916493    42.647820846605825    3.6766670215400103    25    
55536.07365916493    42.81088491422099     3.755863261293438     25    
55536.57365916493    42.971140389085946    3.861963109528893     25    
55537.07365916493    43.13678594605642     3.9618711294713513    25    
55537.57365916493    43.326419429250734    3.9702541663783455    25    
55538.07365916493    43.4983315447989      4.097372131826554     25    
55538.57365916493    43.626568792034774    4.5932107064150784    25    
55539.07365916493    43.70600204632531     5.18628975742879      25    
55539.57365916493    43.68262957280927     5.556991716825396     25    
55540.07365916493    43.56520535772216     5.796962563777474     25    
55540.57365916493    43.33211281836108     5.720995661685908     25    
55541.07365916493    42.97209039570054     5.192436952176178     25    
55541.57365916493    42.51888532866569     4.506506926200756     25    
55542.07365916493    41.981024530385554    3.80049474742201      25    
55542.57365916493    41.37061169511698     3.081728067520654     25    
55543.07365916493    40.71850463649028     2.8048936468259034    25    
55543.57365916493    40.01938024136188     2.950852543521421     25    
55544.07365916493    39.300335879973396    3.042197449136821     25    
55544.57365916493    38.56048671121367     3.08051693625912      25    
55545.07365916493    37.801338943740575    3.1514265308578753    25    
55545.57365916493    37.023940371991664    3.2770804847483883    25    
55546.07365916493    36.22888099712714     3.4145321256785723    25    
55546.57365916493    35.416472931368325    3.5609738041129515    25    
55547.07365916493    34.58818983215966     3.6837398158560584    25    
55547.57365916493    33.74913152930528     3.6361289013384597    25    
55548.07365916493    32.897781582227566    3.4255737096793815    25    
55548.57365916493    32.05037929542651     3.162540132414558     25    
55549.07365916493    31.20550514766976     2.8311864306844505    25    
55549.57365916493    30.375647920147205    2.4822071781575943    25    
55550.07365916493    29.567995832389528    2.1799587576712383    25    
55550.57365916493    28.78403293940189     1.9235370254943596    25    
55551.07365916493    28.0351373744911      1.7898361817366581    25    
55551.57365916493    27.318589629406635    1.7840086542923876    25    
55552.07365916493    26.63365305489723     1.7719260487197093    25    
55552.57365916493    25.980700690348932    1.7523594093880344    25    
55553.07365916493    25.35761120996829     1.7335289244891472    25    
55553.57365916493    24.764135747477603    1.710110084612182     25    
55554.07365916493    24.199240438370634    1.6891745789446908    25    
55554.57365916493    23.661617185600917    1.677822849059741     25    
55555.07365916493    23.15124503561554     1.6729654216895162    25    
55555.57365916493    22.666097141978813    1.6698342978630274    25    
55556.07365916493    22.206554771306582    1.6686178859855472    25    
55556.57365916493    21.77052775387128     1.6726304437112456    25    
55557.07365916493    21.358121782703684    1.6670027217800791    25    
55557.57365916493    20.96785588159725     1.703304814762591     25    
55558.07365916493    20.598898207066817    1.7585425103808805    25    
55558.57365916493    20.250814962529017    1.9191952637517093    25    
55559.07365916493    19.921836181655948    2.2765799634106663    25    