55490.07365916493    14.988444889943095    3.9635658128648843    25    
55490.57365916493    17.665250531341783    3.8909152084049916    25    
55491.07365916493    20.54206607509839     3.91578558873432      25    
55491.57365916493    23.61020657432332     4.417152230582605     25    
55492.07365916493    26.870754466546575    5.129793037471809     25    
55492.57365916493    30.31239356566701     5.463011007344191     25    
55493.07365916493    33.93703558602771     5.455380926873567     25    
55493.57365916493    37.73433702711291     5.414144202652723     25    
55494.07365916493    41.70343495528183     5.42392976861689      25    
55494.57365916493    45.838299956263846    5.432356618522884     25    
55495.07365916493    50.132478096049       5.438929262263116     25    
55495.57365916493    54.585459256349694    5.444014722716145     25    
55496.07365916493    59.18669053006924     5.447815360413484     25    
55496.57365916493    63.938149629359394    5.450291002008695     25    
55497.07365916493    68.82939859344857     5.457611200105637     25    
55497.57365916493    73.86806968893335     5.503347258741126     25    
55498.07365916493    79.02138038265385     5.467336384032045     25    
55498.57365916493    84.32402382075787     5.191847595639877     25    
55499.07365916493    89.66976906310467     4.842847389295271     25    
55499.57365916493    94.8943577397269      4.742283469757746     25    
55500.07365916493    100.0138978602533     4.815689502204413     25    
55500.57365916493    104.72430375779693    4.866231835818501     25    
55501.07365916493    109.06622660155641    4.892999717803462     25    
55501.57365916493    112.81450899942628    4.9117912848988885    25    
55502.07365916493    115.84852155515168    4.915574420087817     25    
55502.57365916493    118.276606151851      4.9178634396757515    25    
55503.07365916493    120.10863323041616    4.933502149312712     25    
55503.57365916493    121.39063195095981    4.956146124275054     25    
55504.07365916493    122.33582130469088    4.983244106328115     25    
55504.57365916493    122.9059489803634     5.016596001814089     25    
55505.07365916493    123.30250255761455    5.03473290074684      25    
55505.57365916493    123.56039627158988    5.073746278294469     25    
55506.07365916493    123.66562009732083    4.9993696965581504    25    
55506.57365916493    123.65164659488707    4.600248836147903     25    
55507.07365916493    123.47797803245611    4.063740198026063     25    
55507.57365916493    123.08760384368937    3.868343500879222     25    
55508.07365916493    122.4898970898556     3.9410423893968796    25    
55508.57365916493    121.61992797800791    3.9764020958477753    25    
55509.07365916493    120.46941884972526    3.963382796491174     25    
55509.57365916493    119.07732489305606    3.9467048248239793    25    
55510.07365916493    117.43268159321784    3.926397872713416     25    
55510.57365916493    115.58705697270771    3.91091135318676      25    
55511.07365916493    113.59566873289273    3.9198115048199558    25    
55511.57365916493    111.45672906407397    3.9405504802366456    25    
55512.07365916493    109.2535982091475     3.9526050305198113    25    
55512.57365916493    106.97542631037763    3.970354642645053     25    
55513.07365916493    104.65168159865347    3.839102070202373     25    
55513.57365916493    102.2899210892471     3.4078386712234665    25    
55514.07365916493    99.88533523032605     2.959718595432395     25    
55514.57365916493    97.43881519647032     2.8611905189623577    25    
55515.07365916493    94.95059364351197     2.927233136900286     25    
55515.57365916493    92.42142202724457     2.9277250004475546    25    
55516.07365916493    89.85136504264644     2.909675215213917     25    
55516.57365916493    87.24738445105926     2.8834268922156476    25    
55517.07365916493    84.60773652481072     2.843622368550778     25    
55517.57365916493    81.94200447922975     2.814896029563338     25    
55518.07365916493    79.25187379389568     2.8169410343888965    25    
55518.57365916493    76.542364239038       2.826048212418171     25    
55519.07365916493    73.81866584872516     2.8404825058501904    25    
55519.57365916493    71.08358493376784     2.8414423026825038    25    
55520.07365916493    68.36132517137243     2.681889697735284     25    
55520.57365916493    65.64606496941614     2.3089164213232274    25    
55521.07365916493    62.974844013284475    2.0112989013929203    25    
55521.57365916493    60.347661440095614    1.9738646654605094    25    
55522.07365916493    57.787603212654915    2.0085767022370566    25    
55522.57365916493    55.31712286601036     1.9967004396030645    25    
55523.07365916493    52.93144994345325     1.9833226001987325    25    
55523.57365916493    50.645198020405616    1.9562826804166475    25    
55524.07365916493    48.45555649587577     1.9175544918320786    25    
55524.57365916493    46.35281653391709     1.8923604405987249    25    
55525.07365916493    44.33818319533277     1.8861589570831643    25    
55525.57365916493    42.404093193956456    1.8831563492747303    25    
55526.07365916493    40.547264808726375    1.8786777501985246    25    
55526.57365916493    38.767162307350794    1.8717937494709012    25    
55527.07365916493    37.059684902701235    1.8712391710401661    25    
55527.57365916493    35.42606456855312     1.8624237104312622    25    
55528.07365916493    33.86668446196454     1.7363351149021469    25    
55528.57365916493    32.381486411739964    1.438945297779621     25    
55529.07365916493    30.970875373468875    1.1889902721494328    25    
55529.57365916493    29.636167648847042    1.166825858088067     25    
55530.07365916493    28.373804123130128    1.208685682909485     25    
55530.57365916493    27.182881549445607    1.1922175875048586    25    
55531.07365916493    26.060808911808618    1.1707523778687314    25    
55531.57365916493    24.998728826059455    1.168603970738636     25    
55532.07365916493    23.9982462244855      1.1822308709361204    25    
55532.57365916493    23.049086354523958    1.1910662790706092    25    
55533.07365916493    22.151793013961104    1.1948501189190506    25    
55533.57365916493    21.300664570774       1.1890631107088478    25    
55534.07365916493    20.492798002128932    1.1692700720160838    25    
55534.57365916493    19.727565799495544    1.1370178980196362    25    
55535.07365916493    19.001611341907527    1.0842719959962979    25    
55535.57365916493    18.315332305175605    1.0153153602125589    25    
55536.07365916493    17.664513018312146    0.9821544977308605    25    
55536.57365916493    17.049888767788197    0.9930365789759148    25    
55537.07365916493    16.4675308160591      0.9981961935163923    25    
55537.57365916493    15.917215367635952    0.9777819553874019    25    
55538.07365916493    15.39657711107981     0.9560851985600819    25    
55538.57365916493    14.903333668758599    0.9502806762753072    25    
55539.07365916493    14.437197068821968    0.9527982435210506    25    
55539.57365916493    13.994220898342453    0.9591668803649044    25    
55540.07365916493    13.575108419469759    0.9703486155057282    25    
55540.57365916493    13.176421672741183    0.9741290562538666    25    
55541.07365916493    12.79817073990905     0.9778321126487419    25    
55541.57365916493    12.438894087339207    0.9484442239536015    25    
55542.07365916493    12.097885786151004    0.8287896665539426    25    
55542.57365916493    11.774586863143067    0.665611812855763     25    
55543.07365916493    11.467250156729726    0.6022403746270821    25    
55543.57365916493    11.176204362632355    0.621227593188136     25    
55544.07365916493    10.900173838711497    0.6226339076214901    25    
55544.57365916493    10.63909183548789     0.6041817518142873    25    
55545.07365916493    10.393574834675741    0.594737636835503     25    
55545.57365916493    10.163611659953832    0.6042144679432708    25    
55546.07365916493    9.949573145395398     0.6209942156971172    25    
55546.57365916493    9.752186096334732     0.6413945981300284    25    
55547.07365916493    9.570930513968952     0.6617957430708143    25    
55547.57365916493    9.405185297827494     0.6621831558721817    25    
55548.07365916493    9.25528579593868      0.6444611972737273    25    
55548.57365916493    9.116333194045229     0.6252808866977005    25    
55549.07365916493    8.988778168464632     0.6066776103006399    25    
55549.57365916493    8.868802464866345     0.5883282684631944    25    
55550.07365916493    8.754226198333836     0.5704636116431009    25    
55550.57365916493    8.644582954719942     0.5554222186603021    25    
55551.07365916493    8.53639828820819      0.5510528994091264    25    
55551.57365916493    8.430495462314479     0.554977123986977     25    
55552.07365916493    8.326998930867731     0.5537599969915624    25    
55552.57365916493    8.225812404078939     0.5464878678106723    25    
55553.07365916493    8.12748496572537      0.5382642461845004    25    
55553.57365916493    8.032079829018878     0.5297878945960789    25    
55554.07365916493    7.939859600435027     0.5221330144653882    25    
55554.57365916493    7.851156542811881     0.5178379007737147    25    
55555.07365916493    7.765975978451005     0.5158923632006568    25    
55555.57365916493    7.684832735935589     0.513951947937636     25    
55556.07365916493    7.607629971741512     0.5114249741278991    25    
55556.57365916493    7.534898598867661     0.5209687428154933    25    
55557.07365916493    7.466611770784192     0.5484206928749076    25    
55557.57365916493    7.403145662453707     0.5762344104684207    25    
55558.07365916493    7.344711566056693     0.5847215942858414    25    
55558.57365916493    7.291419667977497     0.598804588432409     25    
55559.07365916493    7.243719548036673     0.6454574221462892    25    