#Date  :
#Flux  :
#Fluxerr  :
#ZP  :
#end  :
@INSTRUMENT  PS
@BAND  PS_g
@MAGSYS  AB
54962.0462  0.0  0.9415265301182312  25.0
54967.032544999995  0.0  0.9415265301182312  25.0
54972.01888999999  0.0  0.9415265301182312  25.0
54977.00523499999  0.0  0.9415265301182312  25.0
54981.99157999999  0.0  0.9415265301182312  25.0
54986.977924999985  0.0  0.9415265301182312  25.0
54991.96426999998  0.0  0.9415265301182312  25.0
54996.95061499998  0.0  0.9415265301182312  25.0
55001.93695999998  0.0  0.9415265301182312  25.0
55006.923304999975  0.0  0.9415265301182312  25.0
55011.90964999997  0.0  0.9415265301182312  25.0
55016.89599499997  0.0  0.9415265301182312  25.0
55021.88233999997  0.0  0.9415265301182312  25.0
55026.868684999965  0.0  0.9415265301182312  25.0
55031.85502999996  0.0  0.9415265301182312  25.0
55036.84137499996  0.0  0.9415265301182312  25.0
55041.82771999996  0.0  0.9415265301182312  25.0
55046.814064999955  0.0  0.9415265301182312  25.0
55051.80040999995  0.0  0.9415265301182312  25.0
55056.78675499995  0.0  0.9415265301182312  25.0
55061.77309999995  0.0  0.9415265301182312  25.0
55066.759444999945  0.0  0.9415265301182312  25.0
55071.74578999994  0.0  0.9415265301182312  25.0
55076.73213499994  0.0  0.9415265301182312  25.0
55081.71847999994  0.0  0.9415265301182312  25.0
55086.704824999935  0.0  0.9415265301182312  25.0
55091.69116999993  0.0  0.9415265301182312  25.0
55096.67751499993  0.0  0.9415265301182312  25.0
55101.66385999993  0.0  0.9415265301182312  25.0
55106.650204999925  0.0  0.9415265301182312  25.0
55111.63654999992  0.0  0.9415265301182312  25.0
55116.62289499992  0.0  0.9415265301182312  25.0
55121.60923999992  0.0  0.9415265301182312  25.0
55126.595584999915  0.0  0.9415265301182312  25.0
55131.58192999991  0.0  0.9415265301182312  25.0
55136.56827499991  0.0  0.9415265301182312  25.0
55141.55461999991  0.0  0.9415265301182312  25.0
55146.540964999906  0.0  0.9415265301182312  25.0
55151.5273099999  0.0  0.9415265301182312  25.0
55156.5136549999  0.0  0.9415265301182312  25.0
55161.4999999999  0.0  0.9415265301182312  25.0
55166.486344999896  0.0  0.9415265301182312  25.0
55171.47268999989  0.0  0.9415265301182312  25.0
55176.45903499989  0.0  0.9415265301182312  25.0
55181.44537999989  0.0  0.9415265301182312  25.0
55186.431724999886  0.0  0.9415265301182312  25.0
55191.41806999988  0.0  0.9415265301182312  25.0
55196.40441499988  0.0  0.9415265301182312  25.0
55201.39075999988  0.0  0.9415265301182312  25.0
55206.377104999876  0.0  0.9415265301182312  25.0
55211.36344999987  0.0  0.9415265301182312  25.0
55216.34979499987  0.0  0.9415265301182312  25.0
55221.33613999987  0.0  0.9415265301182312  25.0
55226.322484999866  0.0  0.9415265301182312  25.0
55231.30882999986  0.0  0.9415265301182312  25.0
55236.29517499986  0.0  0.9415265301182312  25.0
55241.28151999986  0.0  0.9415265301182312  25.0
55246.267864999856  0.0  0.9415265301182312  25.0
55251.25420999985  0.0  0.9415265301182312  25.0
55256.24055499985  0.0  0.9415265301182312  25.0
55261.22689999985  0.0  0.9415265301182312  25.0
55266.213244999846  0.0  0.9415265301182312  25.0
55271.199589999844  0.0  0.9415265301182312  25.0
55276.18593499984  0.0  0.9415265301182312  25.0
55281.17227999984  0.0  0.9415265301182312  25.0
55286.158624999836  0.0  0.9415265301182312  25.0
55291.144969999834  0.0  0.9415265301182312  25.0
55296.13131499983  0.0  0.9415265301182312  25.0
55301.11765999983  0.0  0.9415265301182312  25.0
55306.10400499983  0.0  0.9415265301182312  25.0
55311.090349999824  0.0  0.9415265301182312  25.0
55316.07669499982  0.0  0.9415265301182312  25.0
55321.06303999982  0.0  0.9415265301182312  25.0
55326.04938499982  0.0  0.9415265301182312  25.0
55331.035729999814  0.0  0.9415265301182312  25.0
55336.02207499981  0.0  0.9415265301182312  25.0
55341.00841999981  0.0  0.9415265301182312  25.0
55345.99476499981  0.0  0.9415265301182312  25.0
55350.981109999804  0.0  0.9415265301182312  25.0
55355.9674549998  0.0  0.9415265301182312  25.0
55360.9537999998  0.0  0.9415265301182312  25.0
55365.9401449998  0.0  0.9415265301182312  25.0
55370.926489999794  0.0  0.9415265301182312  25.0
55375.91283499979  0.0  0.9415265301182312  25.0
55380.89917999979  0.0  0.9415265301182312  25.0
55385.88552499979  0.0  0.9415265301182312  25.0
55390.871869999784  0.0  0.9415265301182312  25.0
55395.85821499978  0.0  0.9415265301182312  25.0
55400.84455999978  0.0  0.9415265301182312  25.0
55405.83090499978  0.0  0.9415265301182312  25.0
55410.817249999775  0.0  0.9415265301182312  25.0
55415.80359499977  0.0  0.9415265301182312  25.0
55420.78993999977  0.0  0.9415265301182312  25.0
55425.77628499977  0.0  0.9415265301182312  25.0
55430.762629999765  0.0  0.9415265301182312  25.0
55435.74897499976  0.0  0.9415265301182312  25.0
55440.73531999976  0.0  0.9415265301182312  25.0
55445.72166499976  0.0  0.9415265301182312  25.0
55450.708009999755  0.0  0.9415265301182312  25.0
55455.69435499975  0.0  0.9415265301182312  25.0
55460.68069999975  0.0  0.9415265301182312  25.0
55465.66704499975  0.0  0.9415265301182312  25.0
55470.653389999745  0.0  0.9415265301182312  25.0
55475.63973499974  0.0  0.9415265301182312  25.0
55480.62607999974  0.0  0.9415265301182312  25.0
55485.61242499974  0.0  0.9415265301182312  25.0
55490.598769999735  0.0  0.9415265301182312  25.0
55495.58511499973  0.0  0.9415265301182312  25.0
55500.57145999973  0.0  0.9415265301182312  25.0
55505.55780499973  0.0  0.9415265301182312  25.0
55510.544149999725  0.0  0.9415265301182312  25.0
55515.53049499972  0.0  0.9415265301182312  25.0
55520.51683999972  0.0  0.9415265301182312  25.0
55525.50318499972  0.0  0.9415265301182312  25.0
55530.489529999715  0.0  0.9415265301182312  25.0
55535.47587499971  0.0  0.9415265301182312  25.0
55540.46221999971  0.0  0.9415265301182312  25.0
55545.44856499971  0.0  0.9415265301182312  25.0
55550.434909999705  0.0  0.9415265301182312  25.0
55555.4212549997  0.0  0.9415265301182312  25.0
55560.4075999997  0.0  0.9415265301182312  25.0
55565.3939449997  0.0  0.9415265301182312  25.0
55570.380289999695  0.0  0.9415265301182312  25.0
55575.36663499969  0.0  0.9415265301182312  25.0
55580.35297999969  0.0  0.9415265301182312  25.0
55585.33932499969  0.0  0.9415265301182312  25.0
55590.325669999685  0.0  0.9415265301182312  25.0
55595.31201499968  0.0  0.9415265301182312  25.0
55600.29835999968  0.0  0.9415265301182312  25.0
55605.28470499968  0.0  0.9415265301182312  25.0
55610.271049999676  0.0  0.9415265301182312  25.0
55615.25739499967  0.0  0.9415265301182312  25.0
55620.24373999967  0.0  0.9415265301182312  25.0
55625.23008499967  0.0  0.9415265301182312  25.0
55630.216429999666  0.0  0.9415265301182312  25.0
55635.20277499966  0.0  0.9415265301182312  25.0
55640.18911999966  0.0  0.9415265301182312  25.0
55645.17546499966  0.0  0.9415265301182312  25.0
55650.161809999656  0.0  0.9415265301182312  25.0
55655.14815499965  0.0  0.9415265301182312  25.0
55660.13449999965  0.0  0.9415265301182312  25.0
55665.12084499965  0.0  0.9415265301182312  25.0
55670.107189999646  0.0  0.9415265301182312  25.0
55675.09353499964  0.0  0.9415265301182312  25.0
55680.07987999964  0.0  0.9415265301182312  25.0
55685.06622499964  0.0  0.9415265301182312  25.0
55690.052569999636  0.0  0.9415265301182312  25.0
55695.03891499963  0.0  0.9415265301182312  25.0
55700.02525999963  0.0  0.9415265301182312  25.0
55705.01160499963  0.0  0.9415265301182312  25.0
55709.997949999626  0.0  0.9415265301182312  25.0
55714.984294999624  0.0  0.9415265301182312  25.0
55719.97063999962  0.0  0.9415265301182312  25.0
55724.95698499962  0.0  0.9415265301182312  25.0
55729.943329999616  0.0  0.9415265301182312  25.0
55734.929674999614  0.0  0.9415265301182312  25.0
55739.91601999961  0.0  0.9415265301182312  25.0
55744.90236499961  0.0  0.9415265301182312  25.0
55749.88870999961  0.0  0.9415265301182312  25.0
55754.875054999604  0.0  0.9415265301182312  25.0
55759.8613999996  0.0  0.9415265301182312  25.0
55764.8477449996  0.0  0.9415265301182312  25.0
55769.8340899996  0.0  0.9415265301182312  25.0
55774.820434999594  0.0  0.9415265301182312  25.0
55779.80677999959  0.0  0.9415265301182312  25.0
55784.79312499959  0.0  0.9415265301182312  25.0
55789.77946999959  0.0  0.9415265301182312  25.0
55794.765814999584  0.0  0.9415265301182312  25.0
55799.75215999958  0.0  0.9415265301182312  25.0
55804.73850499958  0.0  0.9415265301182312  25.0
55809.72484999958  0.0  0.9415265301182312  25.0
55814.711194999574  0.0  0.9415265301182312  25.0
55819.69753999957  0.0  0.9415265301182312  25.0
55824.68388499957  0.0  0.9415265301182312  25.0
55829.67022999957  0.0  0.9415265301182312  25.0
55834.656574999564  0.0  0.9415265301182312  25.0
55839.64291999956  0.0  0.9415265301182312  25.0
55844.62926499956  0.0  0.9415265301182312  25.0
55849.61560999956  0.0  0.9415265301182312  25.0
55854.601954999554  0.0  0.9415265301182312  25.0
55859.58829999955  0.0  0.9415265301182312  25.0
55864.57464499955  0.0  0.9415265301182312  25.0
55869.56098999955  0.0  0.9415265301182312  25.0
55874.547334999545  0.0  0.9415265301182312  25.0
55879.53367999954  0.0  0.9415265301182312  25.0
55884.52002499954  0.0  0.9415265301182312  25.0
55889.50636999954  0.0  0.9415265301182312  25.0
55894.492714999535  0.0  0.9415265301182312  25.0
55899.47905999953  0.0  0.9415265301182312  25.0
55904.46540499953  0.0  0.9415265301182312  25.0
55909.45174999953  0.0  0.9415265301182312  25.0
55914.438094999525  0.0  0.9415265301182312  25.0
55919.42443999952  0.0  0.9415265301182312  25.0
55924.41078499952  0.0  0.9415265301182312  25.0
55929.39712999952  0.0  0.9415265301182312  25.0
55934.383474999515  0.0  0.9415265301182312  25.0
55939.36981999951  0.0  0.9415265301182312  25.0
55944.35616499951  0.0  0.9415265301182312  25.0
55949.34250999951  0.0  0.9415265301182312  25.0
55954.328854999505  0.0  0.9415265301182312  25.0
55959.3151999995  0.0  0.9415265301182312  25.0
55964.3015449995  0.0  0.9415265301182312  25.0
55969.2878899995  0.0  0.9415265301182312  25.0
55974.274234999495  0.0  0.9415265301182312  25.0
55979.26057999949  0.0  0.9415265301182312  25.0
55984.24692499949  0.0  0.9415265301182312  25.0
55989.23326999949  0.0  0.9415265301182312  25.0
55994.219614999485  0.0  0.9415265301182312  25.0
55999.20595999948  0.0  0.9415265301182312  25.0
56004.19230499948  0.0  0.9415265301182312  25.0
56009.17864999948  0.0  0.9415265301182312  25.0
56014.164994999475  0.0  0.9415265301182312  25.0
56019.15133999947  0.0  0.9415265301182312  25.0
56024.13768499947  0.0  0.9415265301182312  25.0
56029.12402999947  0.0  0.9415265301182312  25.0
56034.110374999465  0.0  0.9415265301182312  25.0
56039.09671999946  0.0  0.9415265301182312  25.0
56044.08306499946  0.0  0.9415265301182312  25.0
56049.06940999946  0.0  0.9415265301182312  25.0
56054.055754999456  0.0  0.9415265301182312  25.0
56059.04209999945  0.0  0.9415265301182312  25.0
56064.02844499945  0.0  0.9415265301182312  25.0
56069.01478999945  0.0  0.9415265301182312  25.0
56074.001134999446  0.0  0.9415265301182312  25.0
56078.98747999944  0.0  0.9415265301182312  25.0
56083.97382499944  0.0  0.9415265301182312  25.0
56088.96016999944  0.0  0.9415265301182312  25.0
56093.946514999436  0.0  0.9415265301182312  25.0
56098.93285999943  0.0  0.9415265301182312  25.0
56103.91920499943  0.0  0.9415265301182312  25.0
56108.90554999943  0.0  0.9415265301182312  25.0
56113.891894999426  0.0  0.9415265301182312  25.0
56118.87823999942  0.0  0.9415265301182312  25.0
56123.86458499942  0.0  0.9415265301182312  25.0
56128.85092999942  0.0  0.9415265301182312  25.0
56133.837274999416  0.0  0.9415265301182312  25.0
56138.82361999941  0.0  0.9415265301182312  25.0
56143.80996499941  0.0  0.9415265301182312  25.0
56148.79630999941  0.0  0.9415265301182312  25.0
56153.782654999406  0.0  0.9415265301182312  25.0
56158.7689999994  0.0  0.9415265301182312  25.0
56163.7553449994  0.0  0.9415265301182312  25.0
56168.7416899994  0.0  0.9415265301182312  25.0
56173.728034999396  0.0  0.9415265301182312  25.0
56178.714379999394  0.0  0.9415265301182312  25.0
56183.70072499939  0.0  0.9415265301182312  25.0
56188.68706999939  0.0  0.9415265301182312  25.0
56193.673414999386  0.0  0.9415265301182312  25.0
56198.659759999384  0.0  0.9415265301182312  25.0
56203.64610499938  0.0  0.9415265301182312  25.0
56208.63244999938  0.0  0.9415265301182312  25.0
56213.61879499938  0.0  0.9415265301182312  25.0
56218.605139999374  0.0  0.9415265301182312  25.0
56223.59148499937  0.0  0.9415265301182312  25.0
56228.57782999937  0.0  0.9415265301182312  25.0
56233.56417499937  0.0  0.9415265301182312  25.0
56238.550519999364  0.0  0.9415265301182312  25.0
56243.53686499936  0.0  0.9415265301182312  25.0
56248.52320999936  0.0  0.9415265301182312  25.0
55161.5  -0.12007787632083042  2.1734996217391465  25.0
55173.5  -0.5812929249932064  0.8949351530304316  25.0
55179.5  -0.6761754335537786  0.5035072194927955  25.0
55182.5  -0.13987423670389043  0.6327834258673413  25.0
55191.5  -0.10568053523370183  4.099844763002554  25.0
55203.3984375  -0.7935537883079101  0.527402849393117  25.0
55206.5  0.08308469086825014  0.596190149671198  25.0
55212.3984375  -0.048890992377744844  0.46211488919460897  25.0
55215.3984375  -0.24925408452348366  0.315741832084969  25.0
55221.3984375  0.6892730248622372  1.8415608032787827  25.0
55230.5  1.0923987183266366  1.684489634236773  25.0
55233.3984375  0.19066486956211065  0.752961300360064  25.0
55236.30078125  -0.8782382473079741  1.0500065493343247  25.0
55239.3984375  0.5245033553200996  0.6168863624952242  25.0
55242.30078125  -0.6624779485638314  0.5664956269747078  25.0
55248.3984375  0.1600705063433875  0.8081511376575568  25.0
55275.3984375  1.7438786796297532  0.9713210748240803  25.0
55479.6015625  -1.5479148723747362  1.9728365916917134  25.0
55482.6015625  -0.2877469922610523  0.7385639473542023  25.0
55485.6015625  -0.23565659770542888  0.650780093287202  25.0
55503.6015625  0.1388744218472315  0.3708316950480357  25.0
55509.6015625  0.27454942661816784  0.596190149671198  25.0
55515.6015625  -0.3481358763481581  0.6002894311071926  25.0
55518.6015625  -0.0058989133156859995  0.47271293144268695  25.0
55530.6015625  -1.759975834695521  1.6781908220935415  25.0
55545.5  0.821948549306997  0.828947324816009  25.0
55548.6015625  1.197479419472516  0.5937906226201763  25.0
55563.6015625  0.7207672286031933  1.7786724178062294  25.0
55566.6015625  1.0129133537911188  0.8441444724972784  25.0
55584.5  -1.5099218601467639  1.5163206942993541  25.0
55587.6015625  -2.319772609164495  1.520619829054335  25.0
55590.5  -1.0221116600073674  0.5177046238298054  25.0
55593.6015625  0.7668587340188632  0.8423448391277454  25.0
55596.30078125  0.6995711441070374  0.8932354463203915  25.0
55614.3984375  -5.945304803698613  13.579698919166386  25.0
55632.30078125  -0.2109611254547669  0.9725208621870576  25.0
55650.30078125  -0.2648512010548563  0.5786934015983999  25.0
55653.30078125  0.011097955635774082  0.48651039076706015  25.0
55665.30078125  -2.4412502453546208  1.7361801314546925  25.0
55889.6015625  0.25055384622088694  0.777856721279578  25.0
55892.5  -0.5125055770401924  1.2358723290381923  25.0
55895.6015625  -0.056589573329321914  0.7656589466558859  25.0
55911.6015625  0.3206409320338377  1.4412344865281759  25.0
55947.3984375  0.9165311348642914  0.8345462689433258  25.0
55952.6015625  -0.03769305644817819  0.6538795360290712  25.0
55970.3984375  0.9150314721729691  0.9539243010857081  25.0
55978.30078125  -0.2931459877195173  1.3466519009708815  25.0
55984.30078125  -0.03439366503745706  0.9415265301182312  25.0
56000.3984375  1.2843633615048837  0.4686136500066923  25.0
56006.30078125  -0.1543715640441782  0.6779751145982446  25.0
56238.6015625  1.1522876830666797  1.264567013040557  25.0
56243.6015625  -0.9404267647646127  1.5125213835415703  25.0
56268.6015625  53.3969623264567  1.763475174775094  25.0
56271.6015625  74.88080356439754  1.3115583828159263  25.0
56273.6015625  92.99176763134567  1.3338542326657008  25.0
56282.6015625  91.51724069028006  1.5017233926246405  25.0
56295.5  33.990039496158  2.8316783878730645  25.0
56303.5  11.500081728919021  1.0206119973160452  25.0
56309.6015625  9.209603268363983  0.6830741393784987  25.0
56325.5  -0.07408635119895311  1.5763095856988902  25.0
56328.3984375  4.142836873351287  1.0029152528994623  25.0
56331.5  6.196758418929333  0.8636408502833943  25.0
56333.3984375  3.573041711941059  0.9572236924964292  25.0
56354.3984375  3.4292682259011587  0.7148683137976657  25.0
56357.30078125  3.7541084375428833  0.5910911248909438  25.0
56360.30078125  0.8336464522585593  1.133891070634182  25.0
56384.30078125  1.350751182406876  1.3482515856715627  25.0
56387.30078125  1.5087220727837864  1.3374535947546327  25.0
56392.30078125  3.121525008019327  0.7732575681714535  25.0
56395.30078125  3.037440347350886  0.6562791107550259  25.0
56398.30078125  -3.5285499389010035  8.168394937208472  25.0
56421.30078125  2.21139261195776  1.024611256742681  25.0
56622.6015625  -2.8332779772238794  1.5719104289345507  25.0
56630.6015625  -0.02599521011059876  0.4949088069580354  25.0
56633.6015625  0.4900097308466332  1.3436524802383711  25.0
56663.5  2.0553212816098756  0.9112321614151853  25.0
56666.6015625  0.45071695692125746  1.256068574840223  25.0
56682.3984375  -1.920546153117372  1.2233746314112224  25.0
56709.30078125  -1.4666297791198195  1.7129843695702858  25.0
