#Date  :
#Flux  :
#Fluxerr  :
#ZP  :
#end  :
@INSTRUMENT  PS
@BAND  PS_r
@MAGSYS  AB
54875.1477625  0.0  1.0727330297563529  25.0
54880.134107499995  0.0  1.0727330297563529  25.0
54885.12045249999  0.0  1.0727330297563529  25.0
54890.10679749999  0.0  1.0727330297563529  25.0
54895.09314249999  0.0  1.0727330297563529  25.0
54900.079487499985  0.0  1.0727330297563529  25.0
54905.06583249998  0.0  1.0727330297563529  25.0
54910.05217749998  0.0  1.0727330297563529  25.0
54915.03852249998  0.0  1.0727330297563529  25.0
54920.024867499975  0.0  1.0727330297563529  25.0
54925.01121249997  0.0  1.0727330297563529  25.0
54929.99755749997  0.0  1.0727330297563529  25.0
54934.98390249997  0.0  1.0727330297563529  25.0
54939.970247499965  0.0  1.0727330297563529  25.0
54944.95659249996  0.0  1.0727330297563529  25.0
54949.94293749996  0.0  1.0727330297563529  25.0
54954.92928249996  0.0  1.0727330297563529  25.0
54959.915627499955  0.0  1.0727330297563529  25.0
54964.90197249995  0.0  1.0727330297563529  25.0
54969.88831749995  0.0  1.0727330297563529  25.0
54974.87466249995  0.0  1.0727330297563529  25.0
54979.861007499945  0.0  1.0727330297563529  25.0
54984.84735249994  0.0  1.0727330297563529  25.0
54989.83369749994  0.0  1.0727330297563529  25.0
54994.82004249994  0.0  1.0727330297563529  25.0
54999.806387499935  0.0  1.0727330297563529  25.0
55004.79273249993  0.0  1.0727330297563529  25.0
55009.77907749993  0.0  1.0727330297563529  25.0
55014.76542249993  0.0  1.0727330297563529  25.0
55019.751767499925  0.0  1.0727330297563529  25.0
55024.73811249992  0.0  1.0727330297563529  25.0
55029.72445749992  0.0  1.0727330297563529  25.0
55034.71080249992  0.0  1.0727330297563529  25.0
55039.697147499915  0.0  1.0727330297563529  25.0
55044.68349249991  0.0  1.0727330297563529  25.0
55049.66983749991  0.0  1.0727330297563529  25.0
55054.65618249991  0.0  1.0727330297563529  25.0
55059.642527499906  0.0  1.0727330297563529  25.0
55064.6288724999  0.0  1.0727330297563529  25.0
55069.6152174999  0.0  1.0727330297563529  25.0
55074.6015624999  0.0  1.0727330297563529  25.0
55079.587907499896  0.0  1.0727330297563529  25.0
55084.57425249989  0.0  1.0727330297563529  25.0
55089.56059749989  0.0  1.0727330297563529  25.0
55094.54694249989  0.0  1.0727330297563529  25.0
55099.533287499886  0.0  1.0727330297563529  25.0
55104.51963249988  0.0  1.0727330297563529  25.0
55109.50597749988  0.0  1.0727330297563529  25.0
55114.49232249988  0.0  1.0727330297563529  25.0
55119.478667499876  0.0  1.0727330297563529  25.0
55124.46501249987  0.0  1.0727330297563529  25.0
55129.45135749987  0.0  1.0727330297563529  25.0
55134.43770249987  0.0  1.0727330297563529  25.0
55139.424047499866  0.0  1.0727330297563529  25.0
55144.41039249986  0.0  1.0727330297563529  25.0
55149.39673749986  0.0  1.0727330297563529  25.0
55154.38308249986  0.0  1.0727330297563529  25.0
55159.369427499856  0.0  1.0727330297563529  25.0
55164.35577249985  0.0  1.0727330297563529  25.0
55169.34211749985  0.0  1.0727330297563529  25.0
55174.32846249985  0.0  1.0727330297563529  25.0
55179.314807499846  0.0  1.0727330297563529  25.0
55184.301152499844  0.0  1.0727330297563529  25.0
55189.28749749984  0.0  1.0727330297563529  25.0
55194.27384249984  0.0  1.0727330297563529  25.0
55199.260187499836  0.0  1.0727330297563529  25.0
55204.246532499834  0.0  1.0727330297563529  25.0
55209.23287749983  0.0  1.0727330297563529  25.0
55214.21922249983  0.0  1.0727330297563529  25.0
55219.20556749983  0.0  1.0727330297563529  25.0
55224.191912499824  0.0  1.0727330297563529  25.0
55229.17825749982  0.0  1.0727330297563529  25.0
55234.16460249982  0.0  1.0727330297563529  25.0
55239.15094749982  0.0  1.0727330297563529  25.0
55244.137292499814  0.0  1.0727330297563529  25.0
55249.12363749981  0.0  1.0727330297563529  25.0
55254.10998249981  0.0  1.0727330297563529  25.0
55259.09632749981  0.0  1.0727330297563529  25.0
55264.082672499804  0.0  1.0727330297563529  25.0
55269.0690174998  0.0  1.0727330297563529  25.0
55274.0553624998  0.0  1.0727330297563529  25.0
55279.0417074998  0.0  1.0727330297563529  25.0
55284.028052499794  0.0  1.0727330297563529  25.0
55289.01439749979  0.0  1.0727330297563529  25.0
55294.00074249979  0.0  1.0727330297563529  25.0
55298.98708749979  0.0  1.0727330297563529  25.0
55303.973432499784  0.0  1.0727330297563529  25.0
55308.95977749978  0.0  1.0727330297563529  25.0
55313.94612249978  0.0  1.0727330297563529  25.0
55318.93246749978  0.0  1.0727330297563529  25.0
55323.918812499775  0.0  1.0727330297563529  25.0
55328.90515749977  0.0  1.0727330297563529  25.0
55333.89150249977  0.0  1.0727330297563529  25.0
55338.87784749977  0.0  1.0727330297563529  25.0
55343.864192499765  0.0  1.0727330297563529  25.0
55348.85053749976  0.0  1.0727330297563529  25.0
55353.83688249976  0.0  1.0727330297563529  25.0
55358.82322749976  0.0  1.0727330297563529  25.0
55363.809572499755  0.0  1.0727330297563529  25.0
55368.79591749975  0.0  1.0727330297563529  25.0
55373.78226249975  0.0  1.0727330297563529  25.0
55378.76860749975  0.0  1.0727330297563529  25.0
55383.754952499745  0.0  1.0727330297563529  25.0
55388.74129749974  0.0  1.0727330297563529  25.0
55393.72764249974  0.0  1.0727330297563529  25.0
55398.71398749974  0.0  1.0727330297563529  25.0
55403.700332499735  0.0  1.0727330297563529  25.0
55408.68667749973  0.0  1.0727330297563529  25.0
55413.67302249973  0.0  1.0727330297563529  25.0
55418.65936749973  0.0  1.0727330297563529  25.0
55423.645712499725  0.0  1.0727330297563529  25.0
55428.63205749972  0.0  1.0727330297563529  25.0
55433.61840249972  0.0  1.0727330297563529  25.0
55438.60474749972  0.0  1.0727330297563529  25.0
55443.591092499715  0.0  1.0727330297563529  25.0
55448.57743749971  0.0  1.0727330297563529  25.0
55453.56378249971  0.0  1.0727330297563529  25.0
55458.55012749971  0.0  1.0727330297563529  25.0
55463.536472499705  0.0  1.0727330297563529  25.0
55468.5228174997  0.0  1.0727330297563529  25.0
55473.5091624997  0.0  1.0727330297563529  25.0
55478.4955074997  0.0  1.0727330297563529  25.0
55483.481852499695  0.0  1.0727330297563529  25.0
55488.46819749969  0.0  1.0727330297563529  25.0
55493.45454249969  0.0  1.0727330297563529  25.0
55498.44088749969  0.0  1.0727330297563529  25.0
55503.427232499685  0.0  1.0727330297563529  25.0
55508.41357749968  0.0  1.0727330297563529  25.0
55513.39992249968  0.0  1.0727330297563529  25.0
55518.38626749968  0.0  1.0727330297563529  25.0
55523.372612499676  0.0  1.0727330297563529  25.0
55528.35895749967  0.0  1.0727330297563529  25.0
55533.34530249967  0.0  1.0727330297563529  25.0
55538.33164749967  0.0  1.0727330297563529  25.0
55543.317992499666  0.0  1.0727330297563529  25.0
55548.30433749966  0.0  1.0727330297563529  25.0
55553.29068249966  0.0  1.0727330297563529  25.0
55558.27702749966  0.0  1.0727330297563529  25.0
55563.263372499656  0.0  1.0727330297563529  25.0
55568.24971749965  0.0  1.0727330297563529  25.0
55573.23606249965  0.0  1.0727330297563529  25.0
55578.22240749965  0.0  1.0727330297563529  25.0
55583.208752499646  0.0  1.0727330297563529  25.0
55588.19509749964  0.0  1.0727330297563529  25.0
55593.18144249964  0.0  1.0727330297563529  25.0
55598.16778749964  0.0  1.0727330297563529  25.0
55603.154132499636  0.0  1.0727330297563529  25.0
55608.14047749963  0.0  1.0727330297563529  25.0
55613.12682249963  0.0  1.0727330297563529  25.0
55618.11316749963  0.0  1.0727330297563529  25.0
55623.099512499626  0.0  1.0727330297563529  25.0
55628.085857499624  0.0  1.0727330297563529  25.0
55633.07220249962  0.0  1.0727330297563529  25.0
55638.05854749962  0.0  1.0727330297563529  25.0
55643.044892499616  0.0  1.0727330297563529  25.0
55648.031237499614  0.0  1.0727330297563529  25.0
55653.01758249961  0.0  1.0727330297563529  25.0
55658.00392749961  0.0  1.0727330297563529  25.0
55662.99027249961  0.0  1.0727330297563529  25.0
55667.976617499604  0.0  1.0727330297563529  25.0
55672.9629624996  0.0  1.0727330297563529  25.0
55677.9493074996  0.0  1.0727330297563529  25.0
55682.9356524996  0.0  1.0727330297563529  25.0
55687.921997499594  0.0  1.0727330297563529  25.0
55692.90834249959  0.0  1.0727330297563529  25.0
55697.89468749959  0.0  1.0727330297563529  25.0
55702.88103249959  0.0  1.0727330297563529  25.0
55707.867377499584  0.0  1.0727330297563529  25.0
55712.85372249958  0.0  1.0727330297563529  25.0
55717.84006749958  0.0  1.0727330297563529  25.0
55722.82641249958  0.0  1.0727330297563529  25.0
55727.812757499574  0.0  1.0727330297563529  25.0
55732.79910249957  0.0  1.0727330297563529  25.0
55737.78544749957  0.0  1.0727330297563529  25.0
55742.77179249957  0.0  1.0727330297563529  25.0
55747.758137499564  0.0  1.0727330297563529  25.0
55752.74448249956  0.0  1.0727330297563529  25.0
55757.73082749956  0.0  1.0727330297563529  25.0
55762.71717249956  0.0  1.0727330297563529  25.0
55767.703517499554  0.0  1.0727330297563529  25.0
55772.68986249955  0.0  1.0727330297563529  25.0
55777.67620749955  0.0  1.0727330297563529  25.0
55782.66255249955  0.0  1.0727330297563529  25.0
55787.648897499545  0.0  1.0727330297563529  25.0
55792.63524249954  0.0  1.0727330297563529  25.0
55797.62158749954  0.0  1.0727330297563529  25.0
55802.60793249954  0.0  1.0727330297563529  25.0
55807.594277499535  0.0  1.0727330297563529  25.0
55812.58062249953  0.0  1.0727330297563529  25.0
55817.56696749953  0.0  1.0727330297563529  25.0
55822.55331249953  0.0  1.0727330297563529  25.0
55827.539657499525  0.0  1.0727330297563529  25.0
55832.52600249952  0.0  1.0727330297563529  25.0
55837.51234749952  0.0  1.0727330297563529  25.0
55842.49869249952  0.0  1.0727330297563529  25.0
55847.485037499515  0.0  1.0727330297563529  25.0
55852.47138249951  0.0  1.0727330297563529  25.0
55857.45772749951  0.0  1.0727330297563529  25.0
55862.44407249951  0.0  1.0727330297563529  25.0
55867.430417499505  0.0  1.0727330297563529  25.0
55872.4167624995  0.0  1.0727330297563529  25.0
55877.4031074995  0.0  1.0727330297563529  25.0
55882.3894524995  0.0  1.0727330297563529  25.0
55887.375797499495  0.0  1.0727330297563529  25.0
55892.36214249949  0.0  1.0727330297563529  25.0
55897.34848749949  0.0  1.0727330297563529  25.0
55902.33483249949  0.0  1.0727330297563529  25.0
55907.321177499485  0.0  1.0727330297563529  25.0
55912.30752249948  0.0  1.0727330297563529  25.0
55917.29386749948  0.0  1.0727330297563529  25.0
55922.28021249948  0.0  1.0727330297563529  25.0
55927.266557499475  0.0  1.0727330297563529  25.0
55932.25290249947  0.0  1.0727330297563529  25.0
55937.23924749947  0.0  1.0727330297563529  25.0
55942.22559249947  0.0  1.0727330297563529  25.0
55947.211937499465  0.0  1.0727330297563529  25.0
55952.19828249946  0.0  1.0727330297563529  25.0
55957.18462749946  0.0  1.0727330297563529  25.0
55962.17097249946  0.0  1.0727330297563529  25.0
55967.157317499456  0.0  1.0727330297563529  25.0
55972.14366249945  0.0  1.0727330297563529  25.0
55977.13000749945  0.0  1.0727330297563529  25.0
55982.11635249945  0.0  1.0727330297563529  25.0
55987.102697499446  0.0  1.0727330297563529  25.0
55992.08904249944  0.0  1.0727330297563529  25.0
55997.07538749944  0.0  1.0727330297563529  25.0
56002.06173249944  0.0  1.0727330297563529  25.0
56007.048077499436  0.0  1.0727330297563529  25.0
56012.03442249943  0.0  1.0727330297563529  25.0
56017.02076749943  0.0  1.0727330297563529  25.0
56022.00711249943  0.0  1.0727330297563529  25.0
56026.993457499426  0.0  1.0727330297563529  25.0
56031.97980249942  0.0  1.0727330297563529  25.0
56036.96614749942  0.0  1.0727330297563529  25.0
56041.95249249942  0.0  1.0727330297563529  25.0
56046.938837499416  0.0  1.0727330297563529  25.0
56051.92518249941  0.0  1.0727330297563529  25.0
56056.91152749941  0.0  1.0727330297563529  25.0
56061.89787249941  0.0  1.0727330297563529  25.0
56066.884217499406  0.0  1.0727330297563529  25.0
56071.8705624994  0.0  1.0727330297563529  25.0
56076.8569074994  0.0  1.0727330297563529  25.0
56081.8432524994  0.0  1.0727330297563529  25.0
56086.829597499396  0.0  1.0727330297563529  25.0
56091.815942499394  0.0  1.0727330297563529  25.0
56096.80228749939  0.0  1.0727330297563529  25.0
56101.78863249939  0.0  1.0727330297563529  25.0
56106.774977499386  0.0  1.0727330297563529  25.0
56111.761322499384  0.0  1.0727330297563529  25.0
56116.74766749938  0.0  1.0727330297563529  25.0
56121.73401249938  0.0  1.0727330297563529  25.0
56126.72035749938  0.0  1.0727330297563529  25.0
56131.706702499374  0.0  1.0727330297563529  25.0
56136.69304749937  0.0  1.0727330297563529  25.0
56141.67939249937  0.0  1.0727330297563529  25.0
56146.66573749937  0.0  1.0727330297563529  25.0
56151.652082499364  0.0  1.0727330297563529  25.0
56156.63842749936  0.0  1.0727330297563529  25.0
56161.62477249936  0.0  1.0727330297563529  25.0
56166.61111749936  0.0  1.0727330297563529  25.0
56171.597462499354  0.0  1.0727330297563529  25.0
56176.58380749935  0.0  1.0727330297563529  25.0
56181.57015249935  0.0  1.0727330297563529  25.0
56186.55649749935  0.0  1.0727330297563529  25.0
56191.542842499344  0.0  1.0727330297563529  25.0
56196.52918749934  0.0  1.0727330297563529  25.0
56201.51553249934  0.0  1.0727330297563529  25.0
56206.50187749934  0.0  1.0727330297563529  25.0
56211.488222499334  0.0  1.0727330297563529  25.0
56216.47456749933  0.0  1.0727330297563529  25.0
56221.46091249933  0.0  1.0727330297563529  25.0
56226.44725749933  0.0  1.0727330297563529  25.0
56231.433602499324  0.0  1.0727330297563529  25.0
56236.41994749932  0.0  1.0727330297563529  25.0
56241.40629249932  0.0  1.0727330297563529  25.0
56246.39263749932  0.0  1.0727330297563529  25.0
56251.378982499315  0.0  1.0727330297563529  25.0
56256.36532749931  0.0  1.0727330297563529  25.0
56261.35167249931  0.0  1.0727330297563529  25.0
56266.33801749931  0.0  1.0727330297563529  25.0
56271.324362499305  0.0  1.0727330297563529  25.0
56276.3107074993  0.0  1.0727330297563529  25.0
56281.2970524993  0.0  1.0727330297563529  25.0
56286.2833974993  0.0  1.0727330297563529  25.0
56291.269742499295  0.0  1.0727330297563529  25.0
56296.25608749929  0.0  1.0727330297563529  25.0
56301.24243249929  0.0  1.0727330297563529  25.0
56306.22877749929  0.0  1.0727330297563529  25.0
56311.215122499285  0.0  1.0727330297563529  25.0
56316.20146749928  0.0  1.0727330297563529  25.0
56321.18781249928  0.0  1.0727330297563529  25.0
56326.17415749928  0.0  1.0727330297563529  25.0
56331.160502499275  0.0  1.0727330297563529  25.0
56336.14684749927  0.0  1.0727330297563529  25.0
56341.13319249927  0.0  1.0727330297563529  25.0
56346.11953749927  0.0  1.0727330297563529  25.0
56351.105882499265  0.0  1.0727330297563529  25.0
56356.09222749926  0.0  1.0727330297563529  25.0
56361.07857249926  0.0  1.0727330297563529  25.0
56366.06491749926  0.0  1.0727330297563529  25.0
56371.051262499255  0.0  1.0727330297563529  25.0
56376.03760749925  0.0  1.0727330297563529  25.0
56381.02395249925  0.0  1.0727330297563529  25.0
56386.01029749925  0.0  1.0727330297563529  25.0
56390.996642499245  0.0  1.0727330297563529  25.0
56395.98298749924  0.0  1.0727330297563529  25.0
56400.96933249924  0.0  1.0727330297563529  25.0
56405.95567749924  0.0  1.0727330297563529  25.0
56410.942022499235  0.0  1.0727330297563529  25.0
56415.92836749923  0.0  1.0727330297563529  25.0
56420.91471249923  0.0  1.0727330297563529  25.0
56425.90105749923  0.0  1.0727330297563529  25.0
56430.887402499226  0.0  1.0727330297563529  25.0
56435.87374749922  0.0  1.0727330297563529  25.0
56440.86009249922  0.0  1.0727330297563529  25.0
56445.84643749922  0.0  1.0727330297563529  25.0
56450.832782499216  0.0  1.0727330297563529  25.0
56455.81912749921  0.0  1.0727330297563529  25.0
56460.80547249921  0.0  1.0727330297563529  25.0
56465.79181749921  0.0  1.0727330297563529  25.0
56470.778162499206  0.0  1.0727330297563529  25.0
56475.7645074992  0.0  1.0727330297563529  25.0
56480.7508524992  0.0  1.0727330297563529  25.0
56485.7371974992  0.0  1.0727330297563529  25.0
56490.723542499196  0.0  1.0727330297563529  25.0
56495.70988749919  0.0  1.0727330297563529  25.0
56500.69623249919  0.0  1.0727330297563529  25.0
56505.68257749919  0.0  1.0727330297563529  25.0
56510.668922499186  0.0  1.0727330297563529  25.0
56515.65526749918  0.0  1.0727330297563529  25.0
56520.64161249918  0.0  1.0727330297563529  25.0
56525.62795749918  0.0  1.0727330297563529  25.0
56530.614302499176  0.0  1.0727330297563529  25.0
56535.600647499174  0.0  1.0727330297563529  25.0
56540.58699249917  0.0  1.0727330297563529  25.0
56545.57333749917  0.0  1.0727330297563529  25.0
56550.559682499166  0.0  1.0727330297563529  25.0
56555.546027499164  0.0  1.0727330297563529  25.0
56560.53237249916  0.0  1.0727330297563529  25.0
56565.51871749916  0.0  1.0727330297563529  25.0
56570.505062499156  0.0  1.0727330297563529  25.0
55074.6015625  0.2898934497051044  2.3518474649701204  25.0
55083.5  0.8363930542673478  1.2267358627192464  25.0
55095.3984375  -2.0984722314920488  1.2891006563471097  25.0
55098.5  0.3975877322875464  1.0049835850230622  25.0
55101.5  1.7612911699806202  1.1789587668842039  25.0
55173.30078125  -1.2343723737778687  1.0207460444848064  25.0
55176.30078125  -2.5440329465945615  1.506838931586714  25.0
55179.30078125  -2.5840754945125832  0.9094292999845406  25.0
55389.5  0.03279780790148355  0.9397795506075423  25.0
55398.6015625  -0.012335891818253378  1.0205502508733193  25.0
55410.6015625  -4.187252072320641  1.5754694942559155  25.0
55413.5  0.6358858306282972  0.9678779412773492  25.0
55416.6015625  -0.9912770051661522  0.7075515210650792  25.0
55422.6015625  0.3996437052608174  0.8925898356069616  25.0
55425.6015625  0.22733286246575382  0.9399753442190295  25.0
55440.5  0.18670273530534257  1.0186900715115355  25.0
55443.5  -1.2445543885226984  0.8301271918575729  25.0
55446.6015625  -0.8303229854690601  1.0025359314583802  25.0
55449.5  0.37614679125048894  1.5916237276775076  25.0
55452.3984375  0.955248366336274  0.9727731550382768  25.0
55467.3984375  -0.4894216119182822  1.3258146195014118  25.0
55476.5  0.18954195275089  0.9322409830388819  25.0
55479.30078125  -2.1108080693316746  1.081250658750886  25.0
55482.30078125  0.09790390174480516  1.895321560676829  25.0
55485.30078125  1.3079960936979598  1.7912497400122107  25.0
55500.30078125  -0.16966746564522167  0.8176934105279849  25.0
55524.3984375  4.321576013381426  4.250106209924567  25.0
55530.30078125  2.7762609761370247  2.074387843278822  25.0
55536.30078125  -2.107773034932531  1.2082320125913708  25.0
55767.6015625  -0.02594453256184682  1.0727330297563529  25.0
55770.6015625  1.0675441722624128  0.8959186071075546  25.0
55773.6015625  1.2060781894965746  1.1279508430385303  25.0
55776.6015625  0.5399400050510194  0.7919446365644617  25.0
55779.6015625  0.22136071381531894  0.7590489289394708  25.0
55782.6015625  0.09281290020791763  1.1616297717936885  25.0
55794.6015625  -0.15067410814651885  1.1630004204425357  25.0
55797.6015625  0.6040670812349228  0.730950538269664  25.0
55800.5  -2.6693498213163136  1.262079177224701  25.0
55803.6015625  -0.16300999267036315  1.1320627889850723  25.0
55806.6015625  -0.2636552150549721  1.1712244057040564  25.0
55809.6015625  0.2504381892531078  0.926758295075056  25.0
55812.5  0.4653372237050554  0.9663114990170146  25.0
55821.3984375  -2.928403536369698  1.5263218431404624  25.0
55824.5  1.1208038626928445  0.9680737348888364  25.0
55828.3984375  -1.0358232729905636  0.9836404941075301  25.0
55829.3984375  0.6759285185989737  0.8315957839963821  25.0
55833.3984375  -0.1206176062960209  4.636141372186874  25.0
55836.3984375  0.4943167789949915  0.8556800788411724  25.0
55839.5  2.6912803864347437  1.714003604858514  25.0
55852.5  1.7137098677570648  1.577133880006212  25.0
55855.3984375  -1.121195449915819  2.1507529538650445  25.0
55858.3984375  -0.7853851304216742  1.047963410587139  25.0
55859.3984375  0.25220044846703876  0.7458319264797157  25.0
55863.30078125  0.3571534337517861  1.3673258529266794  25.0
55881.30078125  0.8409945309268262  0.9575001329210323  25.0
55887.30078125  -1.0568726268046467  1.3368777521821522  25.0
55888.19921875  0.13334511305600338  0.9308703343900346  25.0
55895.19921875  0.27648060694964366  1.0504109707833844  25.0
56147.6015625  1.9335042093383767  1.2460229806615075  25.0
56153.6015625  0.38104198166930736  1.5222098971939204  25.0
56161.6015625  0.3453070565987691  0.8442253589374573  25.0
56164.3984375  1.9673788383365853  1.6389112927996137  25.0
56176.6015625  0.6869916979639327  1.189728255831932  25.0
56206.3984375  -0.5856611279127909  1.0460052877353934  25.0
56209.5  -0.6002488257056117  0.8044763613840116  25.0
56217.30078125  2.0092818457217008  1.0811528086293607  25.0
56220.30078125  1.2702052189962598  1.2206658872893954  25.0
56235.30078125  0.3054601622395797  0.7883222213308562  25.0
56238.30078125  0.2654174742689031  1.1086638184647057  25.0
56241.19921875  1.727612241225462  1.6620166195869677  25.0
56242.30078125  -1.9650291282618653  1.546489985650198  25.0
56246.30078125  0.14078580716102923  2.631265209513164  25.0
56507.6015625  0.3717411082024978  0.8527429879319904  25.0
56508.6015625  0.19551408973027032  0.8898485383092669  25.0
56512.6015625  -1.2512118381554478  0.949080447416461  25.0
56518.6015625  0.1476390854184296  0.802811975633715  25.0
56531.6015625  -0.6762222557004229  1.0818381329537843  25.0
56534.6015625  0.31916671875438046  1.0643133442517816  25.0
56537.6015625  -0.05541360689366474  0.8713446881813913  25.0
56538.6015625  0.23722116345124344  0.8352181992299877  25.0
56567.30078125  -0.9528986562615539  1.6692614500541787  25.0
56574.3984375  -2.3988414797276505  4.814228593362994  25.0
56590.3984375  4.844970337840533  0.9141287201339809  25.0
56593.30078125  9.112993203795389  1.0077248823207567  25.0
56597.30078125  14.880315966926114  1.1014188946290582  25.0
56601.3984375  18.854234980212958  1.749738506586943  25.0
56626.30078125  7.668322805382868  1.8428451380607827  25.0
