55848.81291397143    2.543401438350346     0.375936257210496      25    
55849.31291397143    2.888126194708427     0.3712941672325099     25    
55849.81291397143    3.2488783870068794    0.36838661981806325    25    
55850.31291397143    3.6221181620385394    0.3885650099690968     25    
55850.81291397143    4.008839542348808     0.4405638357465901     25    
55851.31291397143    4.407172744132954     0.49073293601730683    25    
55851.81291397143    4.814263694286509     0.5125988562173301     25    
55852.31291397143    5.231509648375881     0.5132175290658169     25    
55852.81291397143    5.655951809472654     0.5089951221428086     25    
55853.31291397143    6.085879071310133     0.5098415854455087     25    
55853.81291397143    6.522177549005539     0.5109521939535013     25    
55854.31291397143    6.961259802846107     0.5118710800644493     25    
55854.81291397143    7.403005329325314     0.5125407581800752     25    
55855.31291397143    7.846884280453667     0.5130221442929598     25    
55855.81291397143    8.289413940342357     0.513348251050723      25    
55856.31291397143    8.731683504547924     0.5133719036515327     25    
55856.81291397143    9.171670878936157     0.5134316525885273     25    
55857.31291397143    9.606696129816255     0.5132307896519075     25    
55857.81291397143    10.03823027843321     0.511690590817006      25    
55858.31291397143    10.462701333948175    0.5145321272753736     25    
55858.81291397143    10.87914628438748     0.5277860789872486     25    
55859.31291397143    11.287989553163985    0.5475940437464697     25    
55859.81291397143    11.681208905700736    0.5636667362937114     25    
55860.31291397143    12.059466442663911    0.5728395101262561     25    
55860.81291397143    12.42040686120218     0.5789518518356891     25    
55861.31291397143    12.754953343297487    0.5841085229693385     25    
55861.81291397143    13.065651052297149    0.5883553871207965     25    
55862.31291397143    13.348160416524262    0.5911828723367086     25    
55862.81291397143    13.595118825256815    0.5917382519262331     25    
55863.31291397143    13.807631374275335    0.5894031076269414     25    
55863.81291397143    13.992168895594478    0.58914317162082       25    
55864.31291397143    14.149596069984177    0.5947370097176137     25    
55864.81291397143    14.279874352798966    0.6038981534237653     25    
55865.31291397143    14.396045126764939    0.613924427161048      25    
55865.81291397143    14.497701969032896    0.6266929327412734     25    
55866.31291397143    14.58738347562333     0.6387436903291263     25    
55866.81291397143    14.676339187353332    0.6429258195407964     25    
55867.31291397143    14.764484410951287    0.6404636846227099     25    
55867.81291397143    14.848579258505394    0.6306304499578718     25    
55868.31291397143    14.928292117940888    0.6079397481801518     25    
55868.81291397143    15.005010020499663    0.569062787154791      25    
55869.31291397143    15.070309046638116    0.5363257277316897     25    
55869.81291397143    15.121010753095701    0.531161050042006      25    
55870.31291397143    15.158500248927439    0.5420494816155442     25    
55870.81291397143    15.1746426408572      0.5494497160462517     25    
55871.31291397143    15.166867974340807    0.5485007662388282     25    
55871.81291397143    15.138527657974889    0.5454701383095212     25    
55872.31291397143    15.09145791241376     0.5430291417897141     25    
55872.81291397143    15.02308414550064     0.5398325111963166     25    
55873.31291397143    14.94013279695922     0.5387160752385288     25    
55873.81291397143    14.84840753951199     0.5443208788866166     25    
55874.31291397143    14.744927918365134    0.5560014358507901     25    
55874.81291397143    14.636797061298024    0.5643056922411676     25    
55875.31291397143    14.529152369665292    0.5657541120375263     25    
55875.81291397143    14.418508572445322    0.5622491599678422     25    
55876.31291397143    14.301154458741733    0.5481978835311975     25    
55876.81291397143    14.180253498799006    0.5134437479923667     25    
55877.31291397143    14.04990750347226     0.4712162304409093     25    
55877.81291397143    13.899977962913024    0.44861549779231513    25    
55878.31291397143    13.734426193098912    0.44970131233146043    25    
55878.81291397143    13.546051692657338    0.4568626267568916     25    
55879.31291397143    13.325650031904903    0.45690748592087227    25    
55879.81291397143    13.076007413083863    0.45486214447108175    25    
55880.31291397143    12.804690339062738    0.4516416785251837     25    
55880.81291397143    12.509773617716103    0.445766237753054      25    
55881.31291397143    12.194694958650533    0.4387359295234866     25    
55881.81291397143    11.880012161996413    0.43660243793475895    25    
55882.31291397143    11.561930407984343    0.44278468537970334    25    
55882.81291397143    11.248387529377823    0.4510486145796617     25    
55883.31291397143    10.957575733577189    0.45420794177400403    25    
55883.81291397143    10.685435805457171    0.45276886134804417    25    
55884.31291397143    10.434022177197553    0.44997643548665944    25    
55884.81291397143    10.208449581772548    0.44760146873298073    25    
55885.31291397143    10.007172806541245    0.44476977668475215    25    
55885.81291397143    9.82271766402713      0.4430980519638918     25    
55886.31291397143    9.653846690222533     0.4441424894264252     25    
55886.81291397143    9.500468657463761     0.4464689367228268     25    
55887.31291397143    9.355063391798433     0.44741065052101286    25    
55887.81291397143    9.217346420432689     0.4470244946556008     25    
55888.31291397143    9.087943262844727     0.44522591825293184    25    
55888.81291397143    8.965182672194652     0.4406279025098145     25    
55889.31291397143    8.848384728402383     0.43209438492494023    25    
55889.81291397143    8.741464814598949     0.4245794478961256     25    
55890.31291397143    8.64672117324846      0.42307529755159534    25    
55890.81291397143    8.562925671539332     0.42570977405545624    25    
55891.31291397143    8.494176684597793     0.428201949293427      25    
55891.81291397143    8.442978324950294     0.4290602365974967     25    
55892.31291397143    8.407076327779025     0.4293258999046222     25    
55892.81291397143    8.38412424090528      0.4284211124238479     25    
55893.31291397143    8.37713001614145      0.4261977075409171     25    
55893.81291397143    8.37983405803565      0.42297053738906154    25    
55894.31291397143    8.384417652083721     0.41870633698615817    25    
55894.81291397143    8.3946768651214       0.412704094524542      25    
55895.31291397143    8.402651251191566     0.4077308604937773     25    
55895.81291397143    8.402078660912418     0.4067829044871056     25    
55896.31291397143    8.395984324329023     0.4086107942959239     25    
55896.81291397143    8.381675164193243     0.40935515328431626    25    
55897.31291397143    8.356423794868123     0.40590649319822325    25    
55897.81291397143    8.323314432715208     0.4016617888196134     25    
55898.31291397143    8.287532309167114     0.40257821346943234    25    
55898.81291397143    8.247410252664652     0.41099159152845205    25    
55899.31291397143    8.20610780809455      0.4205797838928204     25    
55899.81291397143    8.168518159671668     0.4254519196481544     25    
55900.31291397143    8.133154615609238     0.42731658473655026    25    
55900.81291397143    8.100856700023991     0.4262656426099275     25    
55901.31291397143    8.073477220258487     0.4206867828394263     25    
55901.81291397143    8.050097392577959     0.41119834740126554    25    
55902.31291397143    8.026388210333147     0.4036541568426654     25    
55902.81291397143    8.002437709788452     0.400360627837794      25    
55903.31291397143    7.977344704517887     0.3993843565122167     25    
55903.81291397143    7.946643255663892     0.4002537108108092     25    
55904.31291397143    7.910953538343572     0.4048737727280298     25    
55904.81291397143    7.869613892205268     0.4086399263147173     25    
55905.31291397143    7.820725216237716     0.4051739292785953     25    
55905.81291397143    7.764458477959943     0.3944441910207654     25    
55906.31291397143    7.702855771591378     0.3856148918470351     25    
55906.81291397143    7.6366656651046245    0.3860426184173465     25    
55907.31291397143    7.565540318814079     0.39185594487383224    25    
55907.81291397143    7.491822458289275     0.3981942078476748     25    
55908.31291397143    7.416015660630612     0.4059772862759412     25    
55908.81291397143    7.337723972345435     0.4130280205884943     25    
55909.31291397143    7.257522361966724     0.4132487625444621     25    
55909.81291397143    7.176178225244441     0.40828694229296153    25    
55910.31291397143    7.091542751377542     0.39529618137246775    25    
55910.81291397143    7.0017665448926065    0.3655824856010272     25    
55911.31291397143    6.907867027321845     0.31237020849496183    25    
55911.81291397143    6.80723485690314      0.2594364531058451     25    
55912.31291397143    6.698147977963205     0.2397882444626288     25    
55912.81291397143    6.581579688766855     0.24349772894016128    25    
55913.31291397143    6.457473742426589     0.24558129013109264    25    
55913.81291397143    6.324033224562048     0.23874947128983195    25    
55914.31291397143    6.184163707900092     0.23143255458549802    25    
55914.81291397143    6.042744054327675     0.22830391253560703    25    
55915.31291397143    5.8977206192580995    0.2297544923478979     25    
55915.81291397143    5.753095696457596     0.23347461887024787    25    
55916.31291397143    5.613196806411715     0.23866394742689473    25    
55916.81291397143    5.47608019902972      0.2462180250062801     25    
55917.31291397143    5.344971624793479     0.2506188595170794     25    
55917.81291397143    5.222195754445241     0.24796469101977284    25    
55918.31291397143    5.106277497653136     0.24084239094137094    25    
55918.81291397143    4.996105677312758     0.23293532041127035    25    
55919.31291397143    4.892031374994796     0.2257368966450241     25    
55919.81291397143    4.793344650558465     0.2169254779356147     25    
55920.31291397143    4.6985179253982245    0.2031958886908272     25    
55920.81291397143    4.608070877544607     0.1806368456946471     25    
55921.31291397143    4.521138068536324     0.15735172217255064    25    
55921.81291397143    4.436744835998217     0.14673479474479798    25    
55922.31291397143    4.355296336387823     0.14789758544121961    25    
55922.81291397143    4.276425887144638     0.15015047534928525    25    
55923.31291397143    4.199987676881489     0.14788748245398245    25    
55923.81291397143    4.126044886345921     0.1447298186835117     25    
55924.31291397143    4.0542816129058465    0.14167943610630768    25    
55924.81291397143    3.9847533801526396    0.13858695284363814    25    
55925.31291397143    3.9173400268567766    0.1358023945267167     25    
55925.81291397143    3.8517685121095817    0.13429698304506898    25    
55926.31291397143    3.78815698960001      0.13406752995501822    25    
55926.81291397143    3.7262769283037227    0.1347154855880188     25    
55927.31291397143    3.665940725614453     0.13433546836388174    25    
55927.81291397143    3.6072497681083933    0.13281642665656973    25    
55928.31291397143    3.5499068535715823    0.139861178662602      25    
55928.81291397143    3.4938495163052585    0.16296159266900914    25    
55929.31291397143    3.4390829785626074    0.19006773212028388    25    
55929.81291397143    3.3852928398932294    0.2066579573330749     25    
55930.31291397143    3.3325461470668154    0.20956961784220227    25    
55930.81291397143    3.2807078838474517    0.2104908187899333     25    
55931.31291397143    3.229513026083111     0.2195657638502149     25    