54369.83575846354    1.569157800079321     0.8350781066786154     25    
54370.33575846354    1.9727080397239116    0.7392339537325309     25    
54370.83575846354    2.4356984615594244    0.7550435248917832     25    
54371.33575846354    2.9662692837113016    1.2619696019842657     25    
54371.83575846354    3.562696668354657     1.8457723309125145     25    
54372.33575846354    4.235098422568062     2.1212820245077415     25    
54372.83575846354    4.9821366707911       2.1339644653457097     25    
54373.33575846354    5.811211219977889     2.0937438817646137     25    
54373.83575846354    6.726002719194824     2.0973451161245804     25    
54374.33575846354    7.728096637424875     2.0995957583060525     25    
54374.83575846354    8.826279063891908     2.0994960916709        25    
54375.33575846354    10.018566251937077    2.0972034035955804     25    
54375.83575846354    11.314949955208435    2.0927109914158084     25    
54376.33575846354    12.714604313840553    2.0856051306520125     25    
54376.83575846354    14.224125696901014    2.0771780340663275     25    
54377.33575846354    15.85114969847645     2.0636738461860706     25    
54377.83575846354    17.59176390633966     2.0521503072439833     25    
54378.33575846354    19.452380427789013    2.0677606678668896     25    
54378.83575846354    21.440192286897094    2.109532204466296      25    
54379.33575846354    23.461581657174026    2.1418090161591756     25    
54379.83575846354    25.52857696419563     2.1540952902965205     25    
54380.33575846354    27.56189062570613     2.16072833112242       25    
54380.83575846354    29.487835051274136    2.1701383436044104     25    
54381.33575846354    31.31202629019756     2.1783399648394464     25    
54381.83575846354    32.91779629530092     2.179892621859458      25    
54382.33575846354    34.31249918745189     2.173639994626628      25    
54382.83575846354    35.52121654703851     2.1717736938382703     25    
54383.33575846354    36.527734370249604    2.1789425614515063     25    
54383.83575846354    37.379870642405535    2.190760099254491      25    
54384.33575846354    38.125563606473634    2.2082582172590466     25    
54384.83575846354    38.758032212610665    2.228693197620636      25    
54385.33575846354    39.3463181353664      2.2440417704608797     25    
54385.83575846354    39.88874630646191     2.279193293763821      25    
54386.33575846354    40.37766639614421     2.1941202479734976     25    
54386.83575846354    40.823049999586765    1.7918896636238733     25    
54387.33575846354    41.20325615849193     1.19760404372942       25    
54387.83575846354    41.49270404548677     0.9372130673315747     25    
54388.33575846354    41.69622107735921     1.0452525767352139     25    
54388.83575846354    41.780831423450984    1.0997840307399689     25    
54389.33575846354    41.743228064596835    1.0943485827847588     25    
54389.83575846354    41.59733154537546     1.084572861811932      25    
54390.33575846354    41.33892743200275     1.0694720590458815     25    
54390.83575846354    40.98397356152268     1.0557897092597532     25    
54391.33575846354    40.560187524949356    1.0625610650756132     25    
54391.83575846354    40.06173884054133     1.0846176674331114     25    
54392.33575846354    39.522423591834965    1.093285408721952      25    
54392.83575846354    38.943342971720746    1.0777504413595556     25    
54393.33575846354    38.32805192573953     1.0734925549620802     25    
54393.83575846354    37.68392537201538     1.109999864826885      25    
54394.33575846354    37.00560159096456     1.1603464268056758     25    
54394.83575846354    36.28801369535206     1.1938093615970347     25    
54395.33575846354    35.53225238303684     1.217305931321891      25    
54395.83575846354    34.73337662275974     1.2282681784282106     25    
54396.33575846354    33.88619683603746     1.2244426695490145     25    
54396.83575846354    33.00537051268788     1.212262549690027      25    
54397.33575846354    32.09462931782533     1.191329972016459      25    
54397.83575846354    31.16102208417311     1.1669943786807697     25    
54398.33575846354    30.234090921257696    1.1636882036735836     25    
54398.83575846354    29.30720684728396     1.18023578831753       25    
54399.33575846354    28.41078929243014     1.1896572525843592     25    
54399.83575846354    27.550354694880987    1.1808917256766016     25    
54400.33575846354    26.726352093889293    1.173272823165996      25    
54400.83575846354    25.94752337314894     1.1835316945689252     25    
54401.33575846354    25.20844816367688     1.2027855620710735     25    
54401.83575846354    24.499124989003036    1.2194845795017262     25    
54402.33575846354    23.821764439418804    1.2353998746443697     25    
54402.83575846354    23.166380642552344    1.2455998618730757     25    
54403.33575846354    22.531189636994483    1.2483295410288078     25    
54403.83575846354    21.91416378090534     1.2447978295726827     25    
54404.33575846354    21.310580750508752    1.2309321008725214     25    
54404.83575846354    20.721725273562075    1.2107009532089519     25    
54405.33575846354    20.145676678043213    1.2075607031877769     25    
54405.83575846354    19.582796133447278    1.2241785329240096     25    
54406.33575846354    19.031557966042946    1.2388200996829895     25    
54406.83575846354    18.490965615711527    1.244640214299963      25    
54407.33575846354    17.962019784611662    1.244327339820982      25    
54407.83575846354    17.444886010807313    1.238830646864933      25    
54408.33575846354    16.939828192575842    1.2259096841430845     25    
54408.83575846354    16.450645584931276    1.1764231776928313     25    
54409.33575846354    15.976694419250597    1.067822722518736      25    
54409.83575846354    15.52094821257907     0.9726263647040393     25    
54410.33575846354    15.08612511975928     0.9599381182067481     25    
54410.83575846354    14.669504445011738    0.9779224385161532     25    
54411.33575846354    14.269771122856419    0.9666681156478821     25    
54411.83575846354    13.886935606404407    0.9407410571490846     25    
54412.33575846354    13.509339129375244    0.9304468674201156     25    
54412.83575846354    13.138646791600282    0.9428910052481896     25    
54413.33575846354    12.766193492639706    0.9581251250976506     25    
54413.83575846354    12.385516149511188    0.9692037454902209     25    
54414.33575846354    11.999196683753913    0.9753784659468597     25    
54414.83575846354    11.604313439981775    0.9680963473281287     25    
54415.33575846354    11.201109916442695    0.949442659353294      25    
54415.83575846354    10.802240120313357    0.8875168952967142     25    
54416.33575846354    10.406355634695903    0.7353277400125299     25    
54416.83575846354    10.022163982867824    0.5657687533530933     25    
54417.33575846354    9.656987268533234     0.5204626148797121     25    
54417.83575846354    9.309165149840549     0.5481055846963824     25    
54418.33575846354    8.984724078241198     0.541472053581794      25    
54418.83575846354    8.683231106931993     0.5134711397921363     25    
54419.33575846354    8.398380086534804     0.4965654430438012     25    
54419.83575846354    8.130608026587426     0.5012319007453063     25    
54420.33575846354    7.875935538088451     0.5133953432372865     25    
54420.83575846354    7.630098211867768     0.5278274950894324     25    
54421.33575846354    7.394165440437909     0.5427684740283388     25    
54421.83575846354    7.165067734465578     0.5418076579100382     25    
54422.33575846354    6.942635771621693     0.5261631952494996     25    
54422.83575846354    6.730926768353914     0.4981980732932289     25    
54423.33575846354    6.52991001321628      0.4452884821512723     25    
54423.83575846354    6.341838373639416     0.3894663304329654     25    
54424.33575846354    6.16993994150696      0.37777528896390433    25    
54424.83575846354    6.013310438040089     0.3937844801309518     25    
54425.33575846354    5.8735329770537685    0.3925257294075431     25    
54425.83575846354    5.751272871827173     0.37262351630049895    25    
54426.33575846354    5.641970153966239     0.3550950339126683     25    
54426.83575846354    5.54526656895489      0.34833010394873604    25    
54427.33575846354    5.45899845127233      0.3478607093693772     25    
54427.83575846354    5.37942193074177      0.35559988193215025    25    
54428.33575846354    5.307293644737487     0.3691528716708103     25    
54428.83575846354    5.238770966303872     0.371825730581699      25    
54429.33575846354    5.173983005142232     0.361551819726405      25    
54429.83575846354    5.112434188304636     0.34923692922834865    25    
54430.33575846354    5.053800910395412     0.3385177947117146     25    
54430.83575846354    4.997967779212729     0.32951565417585205    25    
54431.33575846354    4.944385810090267     0.32779000817989795    25    
54431.83575846354    4.8931691359995915    0.3319856666871772     25    
54432.33575846354    4.843692634930891     0.3367289471923389     25    
54432.83575846354    4.796007504436298     0.3429098932674046     25    
54433.33575846354    4.749799476752076     0.3461107858698806     25    
54433.83575846354    4.70491589812945      0.34239564012792145    25    
54434.33575846354    4.661281975410816     0.3345891758153531     25    
54434.83575846354    4.618539067469157     0.3249682966613149     25    
54435.33575846354    4.5767668550397715    0.3127634063234707     25    
54435.83575846354    4.535544161353667     0.3016672168091357     25    
54436.33575846354    4.494914167807001     0.29214434885468815    25    
54436.83575846354    4.454587714826155     0.2846562038870662     25    
54437.33575846354    4.414383950616217     0.28380227237205374    25    
54437.83575846354    4.3742609241419       0.28346761814988813    25    
54438.33575846354    4.333836240371126     0.26455262071884256    25    
54438.83575846354    4.293197148996817     0.22337335708860892    25    
54439.33575846354    4.2519310739754275    0.19338903437130714    25    
54439.83575846354    4.210056426294612     0.19202198358543812    25    
54440.33575846354    4.167319365874298     0.2079857369643532     25    
54440.83575846354    4.123498792938987     0.22581032561695824    25    