55870.26799881783    2.0889233163289935    0.24623651600512672    25    
55870.76799881783    2.3933757450857005    0.24672200573993824    25    
55871.26799881783    2.7154026792291655    0.2475984422591208     25    
55871.76799881783    3.0530965606247094    0.2516909317640765     25    
55872.26799881783    3.4070360817092844    0.2604389117609238     25    
55872.76799881783    3.7760537355410766    0.2691837819173026     25    
55873.26799881783    4.158753294508082     0.27348533763883315    25    
55873.76799881783    4.555819554952622     0.2746085482103914     25    
55874.26799881783    4.965467575504835     0.2751771061377214     25    
55874.76799881783    5.387153346090512     0.2764514601175501     25    
55875.26799881783    5.820985992927108     0.2776695190484217     25    
55875.76799881783    6.264984879693467     0.27878449919513126    25    
55876.26799881783    6.719556543483391     0.27977298417882734    25    
55876.76799881783    7.1837952237441405    0.28070401827375413    25    
55877.26799881783    7.65610899791242      0.28162509537628744    25    
55877.76799881783    8.137222714798135     0.2824753849609914     25    
55878.26799881783    8.625507075515127     0.2835207374196326     25    
55878.76799881783    9.120506660880306     0.283390683082975      25    
55879.26799881783    9.62232494883851      0.2830291223242852     25    
55879.76799881783    10.127216389111615    0.2898113743341356     25    
55880.26799881783    10.639484172223206    0.30892718229563815    25    
55880.76799881783    11.151159254081199    0.3304222354956086     25    
55881.26799881783    11.64843000384799     0.34312084500745854    25    
55881.76799881783    12.138169596412215    0.34818710961583194    25    
55882.26799881783    12.604409715510986    0.35087064556705894    25    
55882.76799881783    13.034744202405768    0.35427593235301874    25    
55883.26799881783    13.435090149511511    0.35712794225673533    25    
55883.76799881783    13.788015723053965    0.35911890478674696    25    
55884.26799881783    14.084933817411086    0.3594481103180545     25    
55884.76799881783    14.333680873271355    0.35919553317285       25    
55885.26799881783    14.53959351359256     0.36078765912524946    25    
55885.76799881783    14.697489146220171    0.36445773031928946    25    
55886.26799881783    14.819965898346695    0.3689593369978222     25    
55886.76799881783    14.919153088001664    0.3739098587662013     25    
55887.26799881783    14.989268138665421    0.37979550245310034    25    
55887.76799881783    15.044832384532873    0.38339121005762117    25    
55888.26799881783    15.093487271436077    0.38432446549303884    25    
55888.76799881783    15.130604023960421    0.3822865818607794     25    
55889.26799881783    15.15791674236099     0.37192216002578254    25    
55889.76799881783    15.177498329058245    0.3459173576250782     25    
55890.26799881783    15.184899455872277    0.31623412061334066    25    
55890.76799881783    15.175351288122869    0.3034726158686797     25    
55891.26799881783    15.150948315637248    0.30746312564052514    25    
55891.76799881783    15.107187919640564    0.3136461701121687     25    
55892.26799881783    15.040371446201044    0.3133099004279021     25    
55892.76799881783    14.952520658438795    0.31116490481368797    25    
55893.26799881783    14.845161064385053    0.30894937736669487    25    
55893.76799881783    14.716781536138996    0.30630298631789277    25    
55894.26799881783    14.570271513225554    0.30408995667912914    25    
55894.76799881783    14.410487138910241    0.30470679207028745    25    
55895.26799881783    14.235462976215208    0.3088893241359982     25    
55895.76799881783    14.049253098947531    0.31245275409390705    25    
55896.26799881783    13.855205568732298    0.31282143256897765    25    
55896.76799881783    13.651786918577201    0.3112302143203612     25    
55897.26799881783    13.441957392651625    0.3046204863460793     25    
55897.76799881783    13.226310496585135    0.28739626405447255    25    
55898.26799881783    13.004674003465087    0.26521653054104116    25    
55898.76799881783    12.778462599547519    0.25267737389853706    25    
55899.26799881783    12.547221928218578    0.2534150675862068     25    
55899.76799881783    12.311844178997587    0.2576412740991056     25    
55900.26799881783    12.073387190576899    0.2575740316973232     25    
55900.76799881783    11.831432485002088    0.25584561335676065    25    
55901.26799881783    11.58645319587581     0.25329954787048065    25    
55901.76799881783    11.338740147543708    0.2491928266190493     25    
55902.26799881783    11.088089188851631    0.24441737644938213    25    
55902.76799881783    10.834409720734985    0.2425168034621125     25    
55903.26799881783    10.577691085704949    0.2451005540476941     25    
55903.76799881783    10.31796039260571     0.2485415093458179     25    
55904.26799881783    10.054997206775155    0.24957104229361377    25    
55904.76799881783    9.788508319515048     0.2494841192076229     25    
55905.26799881783    9.520415781141383     0.2461336134045716     25    
55905.76799881783    9.251064165616512     0.2355859641813375     25    
55906.26799881783    8.980517943667472     0.2197240975608631     25    
55906.76799881783    8.712586049577073     0.2084044644033812     25    
55907.26799881783    8.446754849326222     0.2063602360379495     25    
55907.76799881783    8.184405749872809     0.2079478292384882     25    
55908.26799881783    7.928882800598015     0.20771770524953617    25    
55908.76799881783    7.679281864683318     0.20672212803694354    25    
55909.26799881783    7.436650191882452     0.20482661838276495    25    
55909.76799881783    7.202209109214607     0.20073343310497932    25    
55910.26799881783    6.975409886010537     0.1948539939734319     25    
55910.76799881783    6.755915018749721     0.19055610237496157    25    
55911.26799881783    6.5437526841938425    0.1897571208157629     25    
55911.76799881783    6.338817160630135     0.19048332440927818    25    
55912.26799881783    6.140773278018898     0.1905484119904832     25    
55912.76799881783    5.9498284238228525    0.19021132781143535    25    
55913.26799881783    5.765485990778213     0.18940621246533546    25    
55913.76799881783    5.5873651322010955    0.18761912159772828    25    
55914.26799881783    5.4156900469783675    0.1849367005893378     25    
55914.76799881783    5.2495044564008735    0.1821188347430857     25    
55915.26799881783    5.088636967202367     0.179176938951382      25    
55915.76799881783    4.933047651292725     0.17628438427810625    25    
55916.26799881783    4.781742614203149     0.1747748909679517     25    
55916.76799881783    4.634729127018529     0.17552573678085762    25    
55917.26799881783    4.492065879667482     0.17646765981049722    25    
55917.76799881783    4.3535096065367425    0.1750434472545201     25    
55918.26799881783    4.219000905246046     0.1713921009321712     25    
55918.76799881783    4.089311971184759     0.168730546696188      25    
55919.26799881783    3.9647027846031695    0.1697132210337495     25    
55919.76799881783    3.8450945423293477    0.17260036822449987    25    
55920.26799881783    3.7313348168641083    0.1744468987230908     25    
55920.76799881783    3.623718656311713     0.17507038930959018    25    
55921.26799881783    3.521751090417201     0.17465089416773022    25    
55921.76799881783    3.425173831437335     0.17241307944456002    25    
55922.26799881783    3.334520473625588     0.1681865467693677     25    
55922.76799881783    3.247831975073648     0.16290033320167316    25    
55923.26799881783    3.164052289270725     0.1564768464607598     25    
55923.76799881783    3.083667433452247     0.14877296135806362    25    
55924.26799881783    3.0043395939008892    0.14380642677490232    25    
55924.76799881783    2.9256221276396808    0.1449350990544676     25    
55925.26799881783    2.8477677614951733    0.14810876512264667    25    
55925.76799881783    2.769988915069643     0.14752391360655434    25    
55926.26799881783    2.6918871411508776    0.14247922334614366    25    
55926.76799881783    2.6149913963660816    0.13705483691603573    25    
55927.26799881783    2.5403225187509912    0.13488762542585206    25    
55927.76799881783    2.4673564393324057    0.13482824165939145    25    
55928.26799881783    2.3979237420730173    0.135710683292112      25    
55928.76799881783    2.332672600118235     0.13787090644488004    25    
55929.26799881783    2.2712344645810183    0.14055320548406836    25    
55929.76799881783    2.214219838816888     0.14117803712392202    25    
55930.26799881783    2.162168996371246     0.13985224411506783    25    
55930.76799881783    2.1136896047235676    0.13663656703633484    25    
55931.26799881783    2.067557764449        0.1302553271228586     25    
55931.76799881783    2.0244041958570675    0.1196936551980434     25    
55932.26799881783    1.9824839114065136    0.11030381843785975    25    
55932.76799881783    1.9409624791702524    0.1074739906883602     25    
55933.26799881783    1.9002403728268082    0.10837991254602823    25    
55933.76799881783    1.8593577765316545    0.10815687018402555    25    
55934.26799881783    1.8178698816832013    0.10532578958612225    25    
55934.76799881783    1.7766132278983184    0.10246812316713291    25    
55935.26799881783    1.7363666645294376    0.10212559008294941    25    
55935.76799881783    1.6967336179101897    0.10409586556110512    25    
55936.26799881783    1.6586938907083264    0.1068993241285258     25    
55936.76799881783    1.6229044582808503    0.1102690440941069     25    
55937.26799881783    1.5890551863677873    0.11419259230536183    25    
55937.76799881783    1.557733812439533     0.11596578377640869    25    
55938.26799881783    1.529311628495787     0.11440119409428551    25    
55938.76799881783    1.503276645223775     0.1110958519023648     25    
55939.26799881783    1.4790388955213913    0.1078659880994654     25    
55939.76799881783    1.4568716951706286    0.1048210343214723     25    
55940.26799881783    1.436163069914876     0.10066439596592298    25    
55940.76799881783    1.4163917720531587    0.09337706892539381    25    
55941.26799881783    1.3977996427367998    0.0826666639429769     25    
55941.76799881783    1.3798076911644217    0.07378598292542844    25    
55942.26799881783    1.362198532629427     0.07165174343493814    25    
55942.76799881783    1.3451210372446214    0.07305398790501133    25    
55943.26799881783    1.3285021114939375    0.0732092303862453     25    
55943.76799881783    1.3123400449875924    0.07198779465403178    25    
55944.26799881783    1.2966514369064377    0.07050966535275621    25    
55944.76799881783    1.2814402558688502    0.06910152246856692    25    
55945.26799881783    1.2667045500305574    0.06760504733250668    25    
55945.76799881783    1.2524494681329685    0.06640641910898773    25    
55946.26799881783    1.2386765131741555    0.06579399531023553    25    
55946.76799881783    1.2253854245763354    0.06559831067755012    25    
55947.26799881783    1.212581879776036     0.06561165403227795    25    
55947.76799881783    1.200264674654928     0.06501749811628244    25    
55948.26799881783    1.1884364598700017    0.06551678273870498    25    
55948.76799881783    1.1771017718075543    0.06967426749040714    25    
55949.26799881783    1.1662585315562453    0.07717096650491696    25    
55949.76799881783    1.1559114471566316    0.08365290267000619    25    
55950.26799881783    1.1460628939322697    0.08589735725461088    25    
55950.76799881783    1.1367118751231782    0.08627206901829443    25    
55951.26799881783    1.1278641004368841    0.09036879246427641    25    