#Date  :
#Flux  :
#Fluxerr  :
#ZP  :
#end  :
@INSTRUMENT  SDSS
@BAND  SDSS_g
@MAGSYS  AB
53775.734732  0.0  1.7874689589111323  25.0
53780.721076999995  0.0  1.7874689589111323  25.0
53785.70742199999  0.0  1.7874689589111323  25.0
53790.69376699999  0.0  1.7874689589111323  25.0
53795.68011199999  0.0  1.7874689589111323  25.0
53800.666456999985  0.0  1.7874689589111323  25.0
53805.65280199998  0.0  1.7874689589111323  25.0
53810.63914699998  0.0  1.7874689589111323  25.0
53815.62549199998  0.0  1.7874689589111323  25.0
53820.611836999975  0.0  1.7874689589111323  25.0
53825.59818199997  0.0  1.7874689589111323  25.0
53830.58452699997  0.0  1.7874689589111323  25.0
53835.57087199997  0.0  1.7874689589111323  25.0
53840.557216999965  0.0  1.7874689589111323  25.0
53845.54356199996  0.0  1.7874689589111323  25.0
53850.52990699996  0.0  1.7874689589111323  25.0
53855.51625199996  0.0  1.7874689589111323  25.0
53860.502596999955  0.0  1.7874689589111323  25.0
53865.48894199995  0.0  1.7874689589111323  25.0
53870.47528699995  0.0  1.7874689589111323  25.0
53875.46163199995  0.0  1.7874689589111323  25.0
53880.447976999945  0.0  1.7874689589111323  25.0
53885.43432199994  0.0  1.7874689589111323  25.0
53890.42066699994  0.0  1.7874689589111323  25.0
53895.40701199994  0.0  1.7874689589111323  25.0
53900.393356999935  0.0  1.7874689589111323  25.0
53905.37970199993  0.0  1.7874689589111323  25.0
53910.36604699993  0.0  1.7874689589111323  25.0
53915.35239199993  0.0  1.7874689589111323  25.0
53920.338736999925  0.0  1.7874689589111323  25.0
53925.32508199992  0.0  1.7874689589111323  25.0
53930.31142699992  0.0  1.7874689589111323  25.0
53935.29777199992  0.0  1.7874689589111323  25.0
53940.284116999916  0.0  1.7874689589111323  25.0
53945.27046199991  0.0  1.7874689589111323  25.0
53950.25680699991  0.0  1.7874689589111323  25.0
53955.24315199991  0.0  1.7874689589111323  25.0
53960.229496999906  0.0  1.7874689589111323  25.0
53965.2158419999  0.0  1.7874689589111323  25.0
53970.2021869999  0.0  1.7874689589111323  25.0
53975.1885319999  0.0  1.7874689589111323  25.0
53980.174876999896  0.0  1.7874689589111323  25.0
53975.188532  -1.1591482108390023  1.5551974208325998  25.0
53996.194485  1.1318059013624566  1.3585537405568386  25.0
53998.163281  6.092639869218105  1.3256877321961424  25.0
54005.200018  40.84775324829364  1.7673074579839827  25.0
54008.153181  50.2656598457704  2.3240963055063624  25.0
54010.147853  49.79614544061761  2.6472326902291723  25.0
54012.140438  48.3323652363177  5.258561337711365  25.0
54020.14589  28.281338286851042  1.5358644747380727  25.0
54028.135554  9.44276324245544  1.7808405202501516  25.0
54030.138472  8.97877253618679  1.3563442610031784  25.0
54032.127639  7.9126986515457265  1.97776038547012  25.0
54037.119119  8.672207248116433  2.0109025787750237  25.0
54040.133181  3.068414730145655  4.12896491590257  25.0
54047.123212  11.30977346529834  6.18378090080659  25.0
54050.116814  3.6484031129814674  1.6145771838372187  25.0
54053.123014  3.3114574810482815  1.6341863148759532  25.0
54056.12433  3.1126043212188597  2.316639312012759  25.0
54057.092903  2.6828605480319436  1.477037081621869  25.0
54059.118299  2.6386709569587388  1.4643325741883224  25.0
54061.129086  2.7867060870539744  1.7940973975721128  25.0
54062.122875  -0.12284706318350921  2.107567309247659  25.0
54068.11236  6.725103391453349  5.567888475223799  25.0
