#Date  :
#Flux  :
#Fluxerr  :
#ZP  :
#end  :
@INSTRUMENT  PS
@BAND  PS_g
@MAGSYS  AB
54962.1477625  0.0  0.9323782349066618  25.0
54967.134107499995  0.0  0.9323782349066618  25.0
54972.12045249999  0.0  0.9323782349066618  25.0
54977.10679749999  0.0  0.9323782349066618  25.0
54982.09314249999  0.0  0.9323782349066618  25.0
54987.079487499985  0.0  0.9323782349066618  25.0
54992.06583249998  0.0  0.9323782349066618  25.0
54997.05217749998  0.0  0.9323782349066618  25.0
55002.03852249998  0.0  0.9323782349066618  25.0
55007.024867499975  0.0  0.9323782349066618  25.0
55012.01121249997  0.0  0.9323782349066618  25.0
55016.99755749997  0.0  0.9323782349066618  25.0
55021.98390249997  0.0  0.9323782349066618  25.0
55026.970247499965  0.0  0.9323782349066618  25.0
55031.95659249996  0.0  0.9323782349066618  25.0
55036.94293749996  0.0  0.9323782349066618  25.0
55041.92928249996  0.0  0.9323782349066618  25.0
55046.915627499955  0.0  0.9323782349066618  25.0
55051.90197249995  0.0  0.9323782349066618  25.0
55056.88831749995  0.0  0.9323782349066618  25.0
55061.87466249995  0.0  0.9323782349066618  25.0
55066.861007499945  0.0  0.9323782349066618  25.0
55071.84735249994  0.0  0.9323782349066618  25.0
55076.83369749994  0.0  0.9323782349066618  25.0
55081.82004249994  0.0  0.9323782349066618  25.0
55086.806387499935  0.0  0.9323782349066618  25.0
55091.79273249993  0.0  0.9323782349066618  25.0
55096.77907749993  0.0  0.9323782349066618  25.0
55101.76542249993  0.0  0.9323782349066618  25.0
55106.751767499925  0.0  0.9323782349066618  25.0
55111.73811249992  0.0  0.9323782349066618  25.0
55116.72445749992  0.0  0.9323782349066618  25.0
55121.71080249992  0.0  0.9323782349066618  25.0
55126.697147499915  0.0  0.9323782349066618  25.0
55131.68349249991  0.0  0.9323782349066618  25.0
55136.66983749991  0.0  0.9323782349066618  25.0
55141.65618249991  0.0  0.9323782349066618  25.0
55146.642527499906  0.0  0.9323782349066618  25.0
55151.6288724999  0.0  0.9323782349066618  25.0
55156.6152174999  0.0  0.9323782349066618  25.0
55161.6015624999  0.0  0.9323782349066618  25.0
55166.587907499896  0.0  0.9323782349066618  25.0
55171.57425249989  0.0  0.9323782349066618  25.0
55176.56059749989  0.0  0.9323782349066618  25.0
55181.54694249989  0.0  0.9323782349066618  25.0
55186.533287499886  0.0  0.9323782349066618  25.0
55191.51963249988  0.0  0.9323782349066618  25.0
55196.50597749988  0.0  0.9323782349066618  25.0
55201.49232249988  0.0  0.9323782349066618  25.0
55206.478667499876  0.0  0.9323782349066618  25.0
55211.46501249987  0.0  0.9323782349066618  25.0
55216.45135749987  0.0  0.9323782349066618  25.0
55221.43770249987  0.0  0.9323782349066618  25.0
55226.424047499866  0.0  0.9323782349066618  25.0
55231.41039249986  0.0  0.9323782349066618  25.0
55236.39673749986  0.0  0.9323782349066618  25.0
55241.38308249986  0.0  0.9323782349066618  25.0
55246.369427499856  0.0  0.9323782349066618  25.0
55251.35577249985  0.0  0.9323782349066618  25.0
55256.34211749985  0.0  0.9323782349066618  25.0
55261.32846249985  0.0  0.9323782349066618  25.0
55266.314807499846  0.0  0.9323782349066618  25.0
55271.301152499844  0.0  0.9323782349066618  25.0
55276.28749749984  0.0  0.9323782349066618  25.0
55281.27384249984  0.0  0.9323782349066618  25.0
55286.260187499836  0.0  0.9323782349066618  25.0
55291.246532499834  0.0  0.9323782349066618  25.0
55296.23287749983  0.0  0.9323782349066618  25.0
55301.21922249983  0.0  0.9323782349066618  25.0
55306.20556749983  0.0  0.9323782349066618  25.0
55311.191912499824  0.0  0.9323782349066618  25.0
55316.17825749982  0.0  0.9323782349066618  25.0
55321.16460249982  0.0  0.9323782349066618  25.0
55326.15094749982  0.0  0.9323782349066618  25.0
55331.137292499814  0.0  0.9323782349066618  25.0
55336.12363749981  0.0  0.9323782349066618  25.0
55341.10998249981  0.0  0.9323782349066618  25.0
55346.09632749981  0.0  0.9323782349066618  25.0
55351.082672499804  0.0  0.9323782349066618  25.0
55356.0690174998  0.0  0.9323782349066618  25.0
55361.0553624998  0.0  0.9323782349066618  25.0
55366.0417074998  0.0  0.9323782349066618  25.0
55371.028052499794  0.0  0.9323782349066618  25.0
55376.01439749979  0.0  0.9323782349066618  25.0
55381.00074249979  0.0  0.9323782349066618  25.0
55385.98708749979  0.0  0.9323782349066618  25.0
55390.973432499784  0.0  0.9323782349066618  25.0
55395.95977749978  0.0  0.9323782349066618  25.0
55400.94612249978  0.0  0.9323782349066618  25.0
55405.93246749978  0.0  0.9323782349066618  25.0
55410.918812499775  0.0  0.9323782349066618  25.0
55415.90515749977  0.0  0.9323782349066618  25.0
55420.89150249977  0.0  0.9323782349066618  25.0
55425.87784749977  0.0  0.9323782349066618  25.0
55430.864192499765  0.0  0.9323782349066618  25.0
55435.85053749976  0.0  0.9323782349066618  25.0
55440.83688249976  0.0  0.9323782349066618  25.0
55445.82322749976  0.0  0.9323782349066618  25.0
55450.809572499755  0.0  0.9323782349066618  25.0
55455.79591749975  0.0  0.9323782349066618  25.0
55460.78226249975  0.0  0.9323782349066618  25.0
55465.76860749975  0.0  0.9323782349066618  25.0
55470.754952499745  0.0  0.9323782349066618  25.0
55475.74129749974  0.0  0.9323782349066618  25.0
55480.72764249974  0.0  0.9323782349066618  25.0
55485.71398749974  0.0  0.9323782349066618  25.0
55490.700332499735  0.0  0.9323782349066618  25.0
55495.68667749973  0.0  0.9323782349066618  25.0
55500.67302249973  0.0  0.9323782349066618  25.0
55505.65936749973  0.0  0.9323782349066618  25.0
55510.645712499725  0.0  0.9323782349066618  25.0
55515.63205749972  0.0  0.9323782349066618  25.0
55520.61840249972  0.0  0.9323782349066618  25.0
55525.60474749972  0.0  0.9323782349066618  25.0
55161.6015625  2.470844746041752  0.8947352043615796  25.0
55176.6015625  0.7755571208880493  1.0999973398422043  25.0
55179.6015625  0.006798747878552364  0.6973715180499346  25.0
55188.6015625  0.7330649298863784  0.8963348890622608  25.0
55191.5  -0.33853762511927254  0.9202305189625822  25.0
55206.6015625  -1.0911989309636594  0.8737390685342755  25.0
55212.5  -0.25575289301049997  0.5508985342808016  25.0
55215.6015625  -0.06098876584986117  0.6233851709822406  25.0
55217.5  -0.3825295264871986  0.4434183060839006  25.0
55221.5  -1.5176204083218245  0.9730207815341203  25.0
55230.3984375  -4.6073512895969175  4.450380237914133  25.0
55233.5  0.5653958616210895  0.8614413195761575  25.0
55236.5  0.48541057773850876  1.1741837309286163  25.0
55239.5  -0.3820296309776024  1.0395085290956056  25.0
55242.3984375  0.4104243919766893  0.5507985122714427  25.0
55248.3984375  -2.224390133581927  0.9540242277452011  25.0
55275.3984375  -0.2843476265159053  0.8655405056622862  25.0
55290.3984375  1.3898439599884669  3.6079351860772966  25.0
55302.3984375  -0.2324571806291337  1.8718551719818286  25.0
55305.30078125  0.11577867005345036  12.20035250266731  25.0
55320.30078125  1.0790012040149002  0.9941168440209174  25.0
55545.5  1.2142763472043325  0.7873549504991045  25.0
55560.6015625  5.728544809285144  0.8246480947111624  25.0
55563.6015625  6.249448754841379  1.171284236855599  25.0
55566.6015625  6.797247846380311  1.5405161995280205  25.0
55572.5  6.286841921062796  1.6238007794714564  25.0
55587.6015625  3.9195778320761367  1.7057858360921538  25.0
55590.5  0.47731208455081137  0.5020075091265404  25.0
55593.5  0.30234429393576606  1.0731022892093727  25.0
55596.3984375  -0.007898545263766349  0.6450811748254592  25.0
55602.3984375  1.5458152683269926  3.1101270757459756  25.0
55614.30078125  -0.2622516776600498  1.5041228720007291  25.0
55629.30078125  1.6539952215150093  0.7182676795428128  25.0
55632.30078125  1.3463519302926708  1.056505405496274  25.0
55635.30078125  -0.1787670656166294  1.0539058821014675  25.0
55644.3984375  -0.4552161356949559  3.912679078576484  25.0
55650.3984375  -0.4764122201911119  0.7807561676776623  25.0
55653.3984375  1.44633351130843  0.8899360549096704  25.0
55662.30078125  0.6605782931849394  1.2501696600346952  25.0
55674.30078125  -0.010298102856541941  0.6052884815530208  25.0
55677.30078125  1.2736653925973127  0.8719393398148766  25.0
55941.6015625  -0.10658036383720157  1.8325624457313858  25.0
55947.6015625  -0.011597863064103549  0.7851553721169348  25.0
55949.6015625  2.468645215334515  1.6588942976264114  25.0
55952.6015625  0.09008340678359592  0.5066066622346648  25.0
55955.6015625  2.1150102976810667  0.9494251223120097  25.0
55970.5  0.7557607724237225  1.684189663558562  25.0
55973.5  -0.15117214696788303  1.087999561562297  25.0
55984.30078125  -0.08068513402039537  0.6277843277465801  25.0
56000.5  0.02269581869987763  1.2008787375427301  25.0
56006.3984375  -0.48451076105374224  0.804151878230921  25.0
56014.30078125  -0.44771753618874716  0.9704212581393138  25.0
56029.3984375  -0.07108690662897632  0.7559607210925744  25.0
56032.3984375  -0.0003999263430585183  0.7230667813197891  25.0
56040.30078125  -1.1278922291691615  0.7340647685805037  25.0
56043.30078125  -0.9850185598140275  0.6984713310784859  25.0
56325.5  -0.6098876346611452  2.5089377802790835  25.0
56328.5  -0.20666191918738683  1.4987238765422641  25.0
56331.6015625  -0.5140052874064476  0.8220485713163559  25.0
56333.3984375  0.9319283265642786  0.6318836091825747  25.0
56336.5  1.6616939603898018  1.1045965406252616  25.0
56354.3984375  0.2666508820993223  1.4150393039112588  25.0
56357.3984375  1.0557055154710004  0.7427631554496898  25.0
56360.30078125  0.7385639473542023  0.8350461882903885  25.0
56384.30078125  -0.09798195130244144  0.9943167926897692  25.0
56387.3984375  0.3380377296096763  0.9222301010009671  25.0
56395.30078125  -0.17136842852611334  0.8420448684495345  25.0
56416.30078125  -0.6742757781748867  0.6284841957624947  25.0
56625.6015625  0.03659325831804338  0.6017891414734478  25.0
56630.6015625  -1.3678479854670373  0.78835478919323  25.0
56636.6015625  0.7510616449811721  0.9425263688123566  25.0
56666.6015625  -0.7167679691765576  1.528918318585817  25.0
56682.5  0.784755427104298  1.001815487545844  25.0
56709.30078125  0.8160496345014693  1.6111032285255005  25.0
