#Date  :
#Flux  :
#Fluxerr  :
#ZP  :
#end  :
@INSTRUMENT  PS
@BAND  PS_z
@MAGSYS  AB
54964.1477625  0.0  1.2763110741042478  25.0
54969.134107499995  0.0  1.2763110741042478  25.0
54974.12045249999  0.0  1.2763110741042478  25.0
54979.10679749999  0.0  1.2763110741042478  25.0
54984.09314249999  0.0  1.2763110741042478  25.0
54989.079487499985  0.0  1.2763110741042478  25.0
54994.06583249998  0.0  1.2763110741042478  25.0
54999.05217749998  0.0  1.2763110741042478  25.0
55004.03852249998  0.0  1.2763110741042478  25.0
55009.024867499975  0.0  1.2763110741042478  25.0
55014.01121249997  0.0  1.2763110741042478  25.0
55018.99755749997  0.0  1.2763110741042478  25.0
55023.98390249997  0.0  1.2763110741042478  25.0
55028.970247499965  0.0  1.2763110741042478  25.0
55033.95659249996  0.0  1.2763110741042478  25.0
55038.94293749996  0.0  1.2763110741042478  25.0
55043.92928249996  0.0  1.2763110741042478  25.0
55048.915627499955  0.0  1.2763110741042478  25.0
55053.90197249995  0.0  1.2763110741042478  25.0
55058.88831749995  0.0  1.2763110741042478  25.0
55063.87466249995  0.0  1.2763110741042478  25.0
55068.861007499945  0.0  1.2763110741042478  25.0
55073.84735249994  0.0  1.2763110741042478  25.0
55078.83369749994  0.0  1.2763110741042478  25.0
55083.82004249994  0.0  1.2763110741042478  25.0
55088.806387499935  0.0  1.2763110741042478  25.0
55093.79273249993  0.0  1.2763110741042478  25.0
55098.77907749993  0.0  1.2763110741042478  25.0
55103.76542249993  0.0  1.2763110741042478  25.0
55108.751767499925  0.0  1.2763110741042478  25.0
55113.73811249992  0.0  1.2763110741042478  25.0
55118.72445749992  0.0  1.2763110741042478  25.0
55123.71080249992  0.0  1.2763110741042478  25.0
55128.697147499915  0.0  1.2763110741042478  25.0
55133.68349249991  0.0  1.2763110741042478  25.0
55138.66983749991  0.0  1.2763110741042478  25.0
55143.65618249991  0.0  1.2763110741042478  25.0
55148.642527499906  0.0  1.2763110741042478  25.0
55153.6288724999  0.0  1.2763110741042478  25.0
55158.6152174999  0.0  1.2763110741042478  25.0
55163.6015624999  0.0  1.2763110741042478  25.0
55168.587907499896  0.0  1.2763110741042478  25.0
55173.57425249989  0.0  1.2763110741042478  25.0
55178.56059749989  0.0  1.2763110741042478  25.0
55183.54694249989  0.0  1.2763110741042478  25.0
55188.533287499886  0.0  1.2763110741042478  25.0
55193.51963249988  0.0  1.2763110741042478  25.0
55198.50597749988  0.0  1.2763110741042478  25.0
55203.49232249988  0.0  1.2763110741042478  25.0
55208.478667499876  0.0  1.2763110741042478  25.0
55213.46501249987  0.0  1.2763110741042478  25.0
55218.45135749987  0.0  1.2763110741042478  25.0
55223.43770249987  0.0  1.2763110741042478  25.0
55228.424047499866  0.0  1.2763110741042478  25.0
55233.41039249986  0.0  1.2763110741042478  25.0
55238.39673749986  0.0  1.2763110741042478  25.0
55243.38308249986  0.0  1.2763110741042478  25.0
55248.369427499856  0.0  1.2763110741042478  25.0
55253.35577249985  0.0  1.2763110741042478  25.0
55258.34211749985  0.0  1.2763110741042478  25.0
55263.32846249985  0.0  1.2763110741042478  25.0
55268.314807499846  0.0  1.2763110741042478  25.0
55273.301152499844  0.0  1.2763110741042478  25.0
55278.28749749984  0.0  1.2763110741042478  25.0
55283.27384249984  0.0  1.2763110741042478  25.0
55288.260187499836  0.0  1.2763110741042478  25.0
55293.246532499834  0.0  1.2763110741042478  25.0
55298.23287749983  0.0  1.2763110741042478  25.0
55303.21922249983  0.0  1.2763110741042478  25.0
55308.20556749983  0.0  1.2763110741042478  25.0
55313.191912499824  0.0  1.2763110741042478  25.0
55318.17825749982  0.0  1.2763110741042478  25.0
55323.16460249982  0.0  1.2763110741042478  25.0
55328.15094749982  0.0  1.2763110741042478  25.0
55333.137292499814  0.0  1.2763110741042478  25.0
55338.12363749981  0.0  1.2763110741042478  25.0
55343.10998249981  0.0  1.2763110741042478  25.0
55348.09632749981  0.0  1.2763110741042478  25.0
55353.082672499804  0.0  1.2763110741042478  25.0
55358.0690174998  0.0  1.2763110741042478  25.0
55363.0553624998  0.0  1.2763110741042478  25.0
55368.0417074998  0.0  1.2763110741042478  25.0
55373.028052499794  0.0  1.2763110741042478  25.0
55378.01439749979  0.0  1.2763110741042478  25.0
55383.00074249979  0.0  1.2763110741042478  25.0
55387.98708749979  0.0  1.2763110741042478  25.0
55392.973432499784  0.0  1.2763110741042478  25.0
55397.95977749978  0.0  1.2763110741042478  25.0
55402.94612249978  0.0  1.2763110741042478  25.0
55407.93246749978  0.0  1.2763110741042478  25.0
55412.918812499775  0.0  1.2763110741042478  25.0
55417.90515749977  0.0  1.2763110741042478  25.0
55422.89150249977  0.0  1.2763110741042478  25.0
55427.87784749977  0.0  1.2763110741042478  25.0
55432.864192499765  0.0  1.2763110741042478  25.0
55437.85053749976  0.0  1.2763110741042478  25.0
55442.83688249976  0.0  1.2763110741042478  25.0
55447.82322749976  0.0  1.2763110741042478  25.0
55452.809572499755  0.0  1.2763110741042478  25.0
55457.79591749975  0.0  1.2763110741042478  25.0
55462.78226249975  0.0  1.2763110741042478  25.0
55467.76860749975  0.0  1.2763110741042478  25.0
55472.754952499745  0.0  1.2763110741042478  25.0
55477.74129749974  0.0  1.2763110741042478  25.0
55482.72764249974  0.0  1.2763110741042478  25.0
55487.71398749974  0.0  1.2763110741042478  25.0
55492.700332499735  0.0  1.2763110741042478  25.0
55497.68667749973  0.0  1.2763110741042478  25.0
55502.67302249973  0.0  1.2763110741042478  25.0
55507.65936749973  0.0  1.2763110741042478  25.0
55512.645712499725  0.0  1.2763110741042478  25.0
55517.63205749972  0.0  1.2763110741042478  25.0
55522.61840249972  0.0  1.2763110741042478  25.0
55163.6015625  0.033189193539589754  1.0484053888798792  25.0
55181.6015625  0.00019638577019416494  0.9445173595883478  25.0
55190.5  0.32806242139332237  0.7580490163423933  25.0
55193.6015625  0.3882546488581817  0.7960497161327189  25.0
55208.6015625  0.2363502695704363  1.0383896918519768  25.0
55211.5  0.6095814197087784  1.0261155817978305  25.0
55214.5  0.28868707409216415  0.5686349597257855  25.0
55218.6015625  0.16309837571051328  0.7212266861799541  25.0
55220.5  0.48340353651318424  1.343278634291867  25.0
55223.3984375  -1.8837322197282553  1.961108219997725  25.0
55232.5  0.10585192014382475  1.624208471204387  25.0
55235.5  0.7714032634389251  0.9971486745785227  25.0
55238.5  -1.0356403031862835  1.04320112201694  25.0
55241.3984375  1.0378987162125275  1.3896256858427594  25.0
55250.5  -1.647480135921306  2.022380631326984  25.0
55259.30078125  0.43666374190834384  1.1430633008954325  25.0
55274.30078125  12.597655415377128  7.571260514368095  25.0
55289.30078125  0.8795136083144973  1.2422381326075018  25.0
55298.30078125  -3.5592956378194995  1.789761561235097  25.0
55301.3984375  2.2590254581878813  4.2570541472895185  25.0
55304.30078125  -0.21307855803150313  1.8006609769563968  25.0
55571.5  11.592553085269973  2.49409912554493  25.0
55577.6015625  8.786789965494478  1.7786658676308513  25.0
55586.6015625  9.771958853199244  0.9398040683648577  25.0
55589.6015625  6.581279821922252  1.1129180708702524  25.0
55592.6015625  5.570285784141706  1.3077327658767735  25.0
55595.5  6.734166058844868  0.8266858281533203  25.0
55631.30078125  0.5473271039226352  1.3653719762029137  25.0
55634.30078125  1.70020977714101  0.8855033612853329  25.0
55646.30078125  0.47741378354234865  0.7219140801683915  25.0
55649.3984375  2.646985549755602  1.368415968981082  25.0
55652.3984375  -0.20384841734451808  2.5419190103701417  25.0
55673.30078125  -1.8074363096791568  1.1914723939455947  25.0
55676.30078125  3.244685415176126  1.6953000207465179  25.0
55931.5  1.5760939822667  1.0546897459631899  25.0
55935.5  0.17537248576465964  0.9372510512261386  25.0
55946.6015625  -1.025133630518932  0.9441245228903715  25.0
55949.6015625  -4.4817192809206885  1.9648395599423167  25.0
55954.6015625  1.0860132987942426  1.4033726291712252  25.0
55957.5  1.2521555970499032  0.7994864519648354  25.0
55959.5  -0.6411995298302923  1.9695528511658067  25.0
55961.30078125  0.8618389535144657  1.313133404266687  25.0
55969.5  1.3923750745084524  1.2141549440815915  25.0
55972.6015625  -0.645323612828832  0.8864853125642314  25.0
55983.30078125  0.31686842497055445  1.933417868169791  25.0
55997.3984375  0.26659366194809647  1.3213815702637663  25.0
55999.30078125  -3.1939198638022748  1.723579580799402  25.0
56002.30078125  -1.025330095689934  2.2173916978604793  25.0
56005.30078125  -0.5137451380653385  0.8077346179619149  25.0
56010.30078125  0.21072191241975807  1.9890931759381343  25.0
56013.30078125  -0.7607002660666135  2.087384195312778  25.0
56016.30078125  -1.0763903448202883  1.7666863616891801  25.0
56028.30078125  0.41584686174464275  1.015903513242954  25.0
56031.30078125  -0.13138207982551242  0.6445380798989216  25.0
56037.30078125  -0.08690069824691597  1.9971450640522679  25.0
56039.30078125  -0.1988405922415739  1.4345979494167769  25.0
56042.30078125  0.5643145052002716  1.1656477120899564  25.0
56045.30078125  0.9858565158032748  1.2073796113588315  25.0
56056.30078125  -5.886957673708237  7.373401920227434  25.0
56262.6015625  0.14424533957709154  2.3776424757308052  25.0
56313.6015625  -1.0836566531824976  0.9672980486658177  25.0
56324.6015625  -0.21337313873297126  1.5091264220790805  25.0
56333.5  -0.773465304938195  0.8092075448802627  25.0
56335.5  -1.1525880222838858  0.7737599090506702  25.0
56338.5  0.6014313926531718  1.6354024910381617  25.0
56351.3984375  -0.6958929331417512  1.7080652000841414  25.0
56353.30078125  0.10712842871318431  2.239288668244552  25.0
56356.3984375  -1.0528240759908942  0.8501539580412415  25.0
56359.3984375  0.5758030355024936  1.2984044160152943  25.0
56370.30078125  0.2521593246311932  0.695500190087803  25.0
56381.3984375  -9.768620630884714  8.108178663166726  25.0
56383.30078125  1.773559833353413  1.2763110741042478  25.0
56389.3984375  -0.03917895821592887  1.450603399415515  25.0
56392.30078125  -1.0464414863220823  1.1941236436698148  25.0
56397.30078125  -2.503034638708433  2.6842006229719892  25.0
56400.30078125  -1.3754859058163171  1.7266235735775706  25.0
56410.30078125  -0.13845195813323  0.7547104662737638  25.0
56415.30078125  0.5053987394827578  1.079728941710932  25.0
56423.30078125  -0.7725815862447977  1.0910211004861798  25.0
56618.6015625  -0.347799187925645  1.8180411212879815  25.0
56624.6015625  -0.5844440381975494  0.8697925153990701  25.0
56629.6015625  0.32914253502470087  0.6492513243003978  25.0
56632.6015625  0.26423703974735846  1.3853051376732173  25.0
56637.6015625  0.8017448649910793  0.9822234084441843  25.0
56643.6015625  -0.13835377236974297  1.0614650786859499  25.0
56657.6015625  1.995279300435944  1.116944014927319  25.0
56659.6015625  0.4994089865119222  1.5798253222112915  25.0
56662.6015625  -1.2569670272148663  0.8446551807098551  25.0
56667.69921875  2.3702779347830947  1.679981917914203  25.0
56681.5  0.25137376829027586  0.8294352168190134  25.0
56754.30078125  0.22898579885574707  4.078244995925763  25.0
