54349.55450838012    7.798596903086276     1.559934665360558      25    
54350.05450838012    9.212028027910165     1.5489462877185574     25    
54350.55450838012    10.739166468064393    1.5586507395913614     25    
54351.05450838012    12.378196838820257    1.674353027034716      25    
54351.55450838012    14.129434627022395    1.8516495001899254     25    
54352.05450838012    15.990564388429828    1.9462110651983113     25    
54352.55450838012    17.961949368379994    1.9521477178650912     25    
54353.05450838012    20.041678665158628    1.9437075713754364     25    
54353.55450838012    22.2292586805569      1.9491550401573976     25    
54354.05450838012    24.52390674399822     1.95354824712588       25    
54354.55450838012    26.923910551972778    1.9564951233752492     25    
54355.05450838012    29.42952774718802     1.9581757230847623     25    
54355.55450838012    32.03845297104737     1.958784625036315      25    
54356.05450838012    34.75108714173663     1.9581221957735746     25    
54356.55450838012    37.565465561839304    1.9574652302010231     25    
54357.05450838012    40.48547446714005     1.9524100034220984     25    
54357.55450838012    43.50055784391757     1.9540718877970695     25    
54358.05450838012    46.616851318479696    1.9828596770345992     25    
54358.55450838012    49.81770088373229     2.028295875228282      25    
54359.05450838012    52.98578369109435     2.0585822608668902     25    
54359.55450838012    56.14998744303349     2.0735998174750256     25    
54360.05450838012    59.160784129739156    2.085709540078193      25    
54360.55450838012    61.99529815366777     2.0991133589090953     25    
54361.05450838012    64.59493721716026     2.109607293641093      25    
54361.55450838012    66.83689141463971     2.1129086604265286     25    
54362.05450838012    68.76657067458143     2.111722718059106      25    
54362.55450838012    70.41466434361833     2.11546941544847       25    
54363.05450838012    71.76351820585842     2.1237040445517716     25    
54363.55450838012    72.92922021309887     2.1343762532703834     25    
54364.05450838012    73.92135015622117     2.1502664540512986     25    
54364.55450838012    74.79108094345678     2.1632982782750108     25    
54365.05450838012    75.62266788104363     2.1813551402144062     25    
54365.55450838012    76.38553578980265     2.1854494183658253     25    
54366.05450838012    77.07838051310489     2.0690273377431003     25    
54366.55450838012    77.70832656371009     1.7940521354598677     25    
54367.05450838012    78.2098257113832      1.5784065630353257     25    
54367.55450838012    78.58045339783337     1.5689920547659446     25    
54368.05450838012    78.78931009176156     1.617657226280359      25    
54368.55450838012    78.78983773154802     1.618907763603666      25    
54369.05450838012    78.60364453590822     1.6135973358981288     25    
54369.55450838012    78.24313374660686     1.60679394612004       25    
54370.05450838012    77.70169921868992     1.597368839072791      25    
54370.55450838012    77.04244912490618     1.5938151451857456     25    
54371.05450838012    76.26431498713261     1.6016891427352569     25    
54371.55450838012    75.40292587852142     1.6088899679511892     25    
54372.05450838012    74.49658906610306     1.5982121231438524     25    
54372.55450838012    73.5337854253371      1.586344761144678      25    
54373.05450838012    72.53052391803595     1.6163502364258033     25    
54373.55450838012    71.48528542779991     1.6829345113729288     25    
54374.05450838012    70.38081713199401     1.7266646691676064     25    
54374.55450838012    69.21776711175814     1.7352543647738279     25    
54375.05450838012    67.9870699754729      1.732311199357077      25    
54375.55450838012    66.67603983747334     1.7279940251970356     25    
54376.05450838012    65.2945876092439      1.718795759576842      25    
54376.55450838012    63.852727556659524    1.706154114998935      25    
54377.05450838012    62.34780845991973     1.6894714621586637     25    
54377.55450838012    60.816423190615986    1.6799919041531255     25    
54378.05450838012    59.255108841837185    1.6821984716445983     25    
54378.55450838012    57.68929452931835     1.6845922058264553     25    
54379.05450838012    56.134529220051505    1.6938539398551462     25    
54379.55450838012    54.59266199208126     1.6880957073303964     25    
54380.05450838012    53.086180017441684    1.5962001043587277     25    
54380.55450838012    51.61061940281213     1.4188151979751755     25    
54381.05450838012    50.182289397764656    1.3045563023891216     25    
54381.55450838012    48.79933396402552     1.3079075584687279     25    
54382.05450838012    47.473613822650584    1.3321330926344872     25    
54382.55450838012    46.21401641768541     1.3305494618749254     25    
54383.05450838012    45.01634723470388     1.325467048373975      25    
54383.55450838012    43.88293678705219     1.314659260275701      25    
54384.05450838012    42.81268438603571     1.2989603166713297     25    
54384.55450838012    41.79043866173304     1.292535627489498      25    
54385.05450838012    40.81839879159968     1.2989149631082968     25    
54385.55450838012    39.88462335857618     1.3052180355745446     25    
54386.05450838012    38.9834496801563      1.3060932269248384     25    
54386.55450838012    38.114693107036985    1.3034080477860268     25    
54387.05450838012    37.271657750384975    1.3000759283333752     25    
54387.55450838012    36.45614527719157     1.2931312098584447     25    
54388.05450838012    35.66945593933744     1.2445809333584512     25    
54388.55450838012    34.911395401250225    1.1309149159270293     25    
54389.05450838012    34.18295962628557     1.0331539754109074     25    
54389.55450838012    33.48659097299396     1.019540095056407      25    
54390.05450838012    32.817783107887955    1.0354965050446936     25    
54390.55450838012    32.17329673331672     1.0277110197859018     25    
54391.05450838012    31.552309397223322    1.012723622142827      25    
54391.55450838012    30.938474676225056    1.0083103686806036     25    
54392.05450838012    30.334744087168378    1.016451363330877      25    
54392.55450838012    29.726610521199053    1.0241602752020893     25    
54393.05450838012    29.107875281226598    1.0286352230538083     25    
54393.55450838012    28.481118896715984    1.028540996846191      25    
54394.05450838012    27.841477927698087    1.0204121174132181     25    
54394.55450838012    27.192934709169624    1.0038411116954573     25    
54395.05450838012    26.55268561017835     0.9649974026640972     25    
54395.55450838012    25.917317785116       0.8941945819600682     25    
54396.05450838012    25.303637124302934    0.8399855991730751     25    
54396.55450838012    24.716842489952487    0.8360408257713535     25    
54397.05450838012    24.15632954757432     0.8457402456947024     25    
54397.55450838012    23.62905072343199     0.8365051282333071     25    
54398.05450838012    23.12996678652091     0.8212766872177939     25    
54398.55450838012    22.64448056170993     0.8140169119321912     25    
54399.05450838012    22.17567130827658     0.8145227231393077     25    
54399.55450838012    21.707955610820072    0.8171657325061304     25    
54400.05450838012    21.2380036258788      0.8228647600345281     25    
54400.55450838012    20.7645037520222      0.826447568192794      25    
54401.05450838012    20.280349966758838    0.8289350291745912     25    
54401.55450838012    19.790399045037827    0.82251485739274       25    
54402.05450838012    19.304544672901034    0.7603938869979447     25    
54402.55450838012    18.820612838498782    0.620995757022865      25    
54403.05450838012    18.350270047847893    0.5053223185817748     25    
54403.55450838012    17.894856403165882    0.497027936774911      25    
54404.05450838012    17.45723008813381     0.5186955891735814     25    
54404.55450838012    17.042996982300956    0.5114549559546889     25    
54405.05450838012    16.649079306912856    0.5002157305861249     25    
54405.55450838012    16.272317686595258    0.49458305723972035    25    
54406.05450838012    15.913441420379531    0.4936171708435919     25    
54406.55450838012    15.567867731138472    0.4956467812223143     25    
54407.05450838012    15.235386625136972    0.5026526435439497     25    
54407.55450838012    14.914400656495834    0.5077640865315799     25    
54408.05450838012    14.60276239702954     0.5042610541755822     25    
54408.55450838012    14.301518509875653    0.4962700155855644     25    
54409.05450838012    14.011094119567382    0.4902279379283864     25    
54409.55450838012    13.731384496430966    0.4857120446788843     25    
54410.05450838012    13.463385250265093    0.4656517283193367     25    
54410.55450838012    13.20720036995548     0.41489387666477623    25    
54411.05450838012    12.962874563293378    0.36467797529811896    25    
54411.55450838012    12.730924912573983    0.3539182970702536     25    
54412.05450838012    12.510633882542567    0.36191961188534266    25    
54412.55450838012    12.300771207464239    0.36143848603510026    25    
54413.05450838012    12.101585312598388    0.3576172826825373     25    
54413.55450838012    11.911352436598271    0.35339208292084606    25    
54414.05450838012    11.730266220510421    0.34856060442466924    25    
54414.55450838012    11.557053253506304    0.3442410790137308     25    
54415.05450838012    11.391139829468196    0.34131840908768235    25    
54415.55450838012    11.23215415464659     0.33947169491846907    25    
54416.05450838012    11.078684210337181    0.33751673498238366    25    
54416.55450838012    10.93099728595041     0.33593410224309816    25    
54417.05450838012    10.787377433982812    0.34571155973823925    25    
54417.55450838012    10.64806071828321     0.37054187855358156    25    
54418.05450838012    10.511697571270478    0.39189135584707485    25    
54418.55450838012    10.377822522510414    0.39775622913946906    25    
54419.05450838012    10.245957191124443    0.40186807711173644    25    
54419.55450838012    10.114760769497446    0.41586616872167076    25    