#Date  :
#Flux  :
#Fluxerr  :
#ZP  :
#end  :
@INSTRUMENT  PS
@BAND  PS_r
@MAGSYS  AB
54742.1477625  0.0  2.1039548260874383  25.0
54747.134107499995  0.0  2.1039548260874383  25.0
54752.12045249999  0.0  2.1039548260874383  25.0
54757.10679749999  0.0  2.1039548260874383  25.0
54762.09314249999  0.0  2.1039548260874383  25.0
54767.079487499985  0.0  2.1039548260874383  25.0
54772.06583249998  0.0  2.1039548260874383  25.0
54777.05217749998  0.0  2.1039548260874383  25.0
54782.03852249998  0.0  2.1039548260874383  25.0
54787.024867499975  0.0  2.1039548260874383  25.0
54792.01121249997  0.0  2.1039548260874383  25.0
54796.99755749997  0.0  2.1039548260874383  25.0
54801.98390249997  0.0  2.1039548260874383  25.0
54806.970247499965  0.0  2.1039548260874383  25.0
54811.95659249996  0.0  2.1039548260874383  25.0
54816.94293749996  0.0  2.1039548260874383  25.0
54821.92928249996  0.0  2.1039548260874383  25.0
54826.915627499955  0.0  2.1039548260874383  25.0
54831.90197249995  0.0  2.1039548260874383  25.0
54836.88831749995  0.0  2.1039548260874383  25.0
54841.87466249995  0.0  2.1039548260874383  25.0
54846.861007499945  0.0  2.1039548260874383  25.0
54851.84735249994  0.0  2.1039548260874383  25.0
54856.83369749994  0.0  2.1039548260874383  25.0
54861.82004249994  0.0  2.1039548260874383  25.0
54866.806387499935  0.0  2.1039548260874383  25.0
54871.79273249993  0.0  2.1039548260874383  25.0
54876.77907749993  0.0  2.1039548260874383  25.0
54881.76542249993  0.0  2.1039548260874383  25.0
54886.751767499925  0.0  2.1039548260874383  25.0
54891.73811249992  0.0  2.1039548260874383  25.0
54896.72445749992  0.0  2.1039548260874383  25.0
54901.71080249992  0.0  2.1039548260874383  25.0
54906.697147499915  0.0  2.1039548260874383  25.0
54911.68349249991  0.0  2.1039548260874383  25.0
54916.66983749991  0.0  2.1039548260874383  25.0
54921.65618249991  0.0  2.1039548260874383  25.0
54926.642527499906  0.0  2.1039548260874383  25.0
54931.6288724999  0.0  2.1039548260874383  25.0
54936.6152174999  0.0  2.1039548260874383  25.0
54941.6015624999  0.0  2.1039548260874383  25.0
54946.587907499896  0.0  2.1039548260874383  25.0
54951.57425249989  0.0  2.1039548260874383  25.0
54956.56059749989  0.0  2.1039548260874383  25.0
54961.54694249989  0.0  2.1039548260874383  25.0
54966.533287499886  0.0  2.1039548260874383  25.0
54971.51963249988  0.0  2.1039548260874383  25.0
54976.50597749988  0.0  2.1039548260874383  25.0
54981.49232249988  0.0  2.1039548260874383  25.0
54986.478667499876  0.0  2.1039548260874383  25.0
54991.46501249987  0.0  2.1039548260874383  25.0
54996.45135749987  0.0  2.1039548260874383  25.0
55001.43770249987  0.0  2.1039548260874383  25.0
55006.424047499866  0.0  2.1039548260874383  25.0
55011.41039249986  0.0  2.1039548260874383  25.0
55016.39673749986  0.0  2.1039548260874383  25.0
55021.38308249986  0.0  2.1039548260874383  25.0
55026.369427499856  0.0  2.1039548260874383  25.0
55031.35577249985  0.0  2.1039548260874383  25.0
55036.34211749985  0.0  2.1039548260874383  25.0
55041.32846249985  0.0  2.1039548260874383  25.0
55046.314807499846  0.0  2.1039548260874383  25.0
55051.301152499844  0.0  2.1039548260874383  25.0
55056.28749749984  0.0  2.1039548260874383  25.0
55061.27384249984  0.0  2.1039548260874383  25.0
55066.260187499836  0.0  2.1039548260874383  25.0
55071.246532499834  0.0  2.1039548260874383  25.0
55076.23287749983  0.0  2.1039548260874383  25.0
55081.21922249983  0.0  2.1039548260874383  25.0
55086.20556749983  0.0  2.1039548260874383  25.0
55091.191912499824  0.0  2.1039548260874383  25.0
55096.17825749982  0.0  2.1039548260874383  25.0
55101.16460249982  0.0  2.1039548260874383  25.0
55106.15094749982  0.0  2.1039548260874383  25.0
55111.137292499814  0.0  2.1039548260874383  25.0
55116.12363749981  0.0  2.1039548260874383  25.0
55121.10998249981  0.0  2.1039548260874383  25.0
55126.09632749981  0.0  2.1039548260874383  25.0
55131.082672499804  0.0  2.1039548260874383  25.0
55136.0690174998  0.0  2.1039548260874383  25.0
55141.0553624998  0.0  2.1039548260874383  25.0
55146.0417074998  0.0  2.1039548260874383  25.0
55151.028052499794  0.0  2.1039548260874383  25.0
55156.01439749979  0.0  2.1039548260874383  25.0
55161.00074249979  0.0  2.1039548260874383  25.0
55165.98708749979  0.0  2.1039548260874383  25.0
55170.973432499784  0.0  2.1039548260874383  25.0
55175.95977749978  0.0  2.1039548260874383  25.0
55180.94612249978  0.0  2.1039548260874383  25.0
55185.93246749978  0.0  2.1039548260874383  25.0
55190.918812499775  0.0  2.1039548260874383  25.0
55195.90515749977  0.0  2.1039548260874383  25.0
55200.89150249977  0.0  2.1039548260874383  25.0
55205.87784749977  0.0  2.1039548260874383  25.0
55210.864192499765  0.0  2.1039548260874383  25.0
55215.85053749976  0.0  2.1039548260874383  25.0
55220.83688249976  0.0  2.1039548260874383  25.0
55225.82322749976  0.0  2.1039548260874383  25.0
55230.809572499755  0.0  2.1039548260874383  25.0
55235.79591749975  0.0  2.1039548260874383  25.0
55240.78226249975  0.0  2.1039548260874383  25.0
55245.76860749975  0.0  2.1039548260874383  25.0
55250.754952499745  0.0  2.1039548260874383  25.0
55255.74129749974  0.0  2.1039548260874383  25.0
55260.72764249974  0.0  2.1039548260874383  25.0
55265.71398749974  0.0  2.1039548260874383  25.0
55270.700332499735  0.0  2.1039548260874383  25.0
55275.68667749973  0.0  2.1039548260874383  25.0
55280.67302249973  0.0  2.1039548260874383  25.0
55285.65936749973  0.0  2.1039548260874383  25.0
55290.645712499725  0.0  2.1039548260874383  25.0
55295.63205749972  0.0  2.1039548260874383  25.0
55300.61840249972  0.0  2.1039548260874383  25.0
55305.60474749972  0.0  2.1039548260874383  25.0
55310.591092499715  0.0  2.1039548260874383  25.0
55315.57743749971  0.0  2.1039548260874383  25.0
55320.56378249971  0.0  2.1039548260874383  25.0
55325.55012749971  0.0  2.1039548260874383  25.0
55330.536472499705  0.0  2.1039548260874383  25.0
55335.5228174997  0.0  2.1039548260874383  25.0
55340.5091624997  0.0  2.1039548260874383  25.0
55345.4955074997  0.0  2.1039548260874383  25.0
55350.481852499695  0.0  2.1039548260874383  25.0
55355.46819749969  0.0  2.1039548260874383  25.0
55360.45454249969  0.0  2.1039548260874383  25.0
55365.44088749969  0.0  2.1039548260874383  25.0
55370.427232499685  0.0  2.1039548260874383  25.0
55375.41357749968  0.0  2.1039548260874383  25.0
55380.39992249968  0.0  2.1039548260874383  25.0
55385.38626749968  0.0  2.1039548260874383  25.0
55390.372612499676  0.0  2.1039548260874383  25.0
55395.35895749967  0.0  2.1039548260874383  25.0
55400.34530249967  0.0  2.1039548260874383  25.0
55405.33164749967  0.0  2.1039548260874383  25.0
55410.317992499666  0.0  2.1039548260874383  25.0
55415.30433749966  0.0  2.1039548260874383  25.0
55420.29068249966  0.0  2.1039548260874383  25.0
55425.27702749966  0.0  2.1039548260874383  25.0
55430.263372499656  0.0  2.1039548260874383  25.0
55435.24971749965  0.0  2.1039548260874383  25.0
55440.23606249965  0.0  2.1039548260874383  25.0
55445.22240749965  0.0  2.1039548260874383  25.0
55450.208752499646  0.0  2.1039548260874383  25.0
55455.19509749964  0.0  2.1039548260874383  25.0
55460.18144249964  0.0  2.1039548260874383  25.0
55465.16778749964  0.0  2.1039548260874383  25.0
55470.154132499636  0.0  2.1039548260874383  25.0
55475.14047749963  0.0  2.1039548260874383  25.0
55480.12682249963  0.0  2.1039548260874383  25.0
55485.11316749963  0.0  2.1039548260874383  25.0
55490.099512499626  0.0  2.1039548260874383  25.0
55495.085857499624  0.0  2.1039548260874383  25.0
55500.07220249962  0.0  2.1039548260874383  25.0
55505.05854749962  0.0  2.1039548260874383  25.0
55510.044892499616  0.0  2.1039548260874383  25.0
55515.031237499614  0.0  2.1039548260874383  25.0
55520.01758249961  0.0  2.1039548260874383  25.0
55525.00392749961  0.0  2.1039548260874383  25.0
55529.99027249961  0.0  2.1039548260874383  25.0
55534.976617499604  0.0  2.1039548260874383  25.0
55539.9629624996  0.0  2.1039548260874383  25.0
55544.9493074996  0.0  2.1039548260874383  25.0
55549.9356524996  0.0  2.1039548260874383  25.0
55554.921997499594  0.0  2.1039548260874383  25.0
55559.90834249959  0.0  2.1039548260874383  25.0
55564.89468749959  0.0  2.1039548260874383  25.0
55569.88103249959  0.0  2.1039548260874383  25.0
55574.867377499584  0.0  2.1039548260874383  25.0
55579.85372249958  0.0  2.1039548260874383  25.0
55584.84006749958  0.0  2.1039548260874383  25.0
55589.82641249958  0.0  2.1039548260874383  25.0
55594.812757499574  0.0  2.1039548260874383  25.0
55599.79910249957  0.0  2.1039548260874383  25.0
55604.78544749957  0.0  2.1039548260874383  25.0
55609.77179249957  0.0  2.1039548260874383  25.0
55614.758137499564  0.0  2.1039548260874383  25.0
55619.74448249956  0.0  2.1039548260874383  25.0
55624.73082749956  0.0  2.1039548260874383  25.0
55629.71717249956  0.0  2.1039548260874383  25.0
55634.703517499554  0.0  2.1039548260874383  25.0
55639.68986249955  0.0  2.1039548260874383  25.0
55644.67620749955  0.0  2.1039548260874383  25.0
55649.66255249955  0.0  2.1039548260874383  25.0
55654.648897499545  0.0  2.1039548260874383  25.0
55659.63524249954  0.0  2.1039548260874383  25.0
55664.62158749954  0.0  2.1039548260874383  25.0
55669.60793249954  0.0  2.1039548260874383  25.0
55674.594277499535  0.0  2.1039548260874383  25.0
55679.58062249953  0.0  2.1039548260874383  25.0
55684.56696749953  0.0  2.1039548260874383  25.0
55689.55331249953  0.0  2.1039548260874383  25.0
55694.539657499525  0.0  2.1039548260874383  25.0
55699.52600249952  0.0  2.1039548260874383  25.0
55704.51234749952  0.0  2.1039548260874383  25.0
55709.49869249952  0.0  2.1039548260874383  25.0
55714.485037499515  0.0  2.1039548260874383  25.0
55719.47138249951  0.0  2.1039548260874383  25.0
55724.45772749951  0.0  2.1039548260874383  25.0
55729.44407249951  0.0  2.1039548260874383  25.0
55734.430417499505  0.0  2.1039548260874383  25.0
54941.6015625  -1.8420619636148337  2.0830033223948807  25.0
54950.6015625  4.914580242040918  2.276069828586796  25.0
54951.6015625  1.293702133006588  1.9924422879756851  25.0
54953.6015625  -12.76892098360216  2.863395388934102  25.0
54973.5  -0.3805524742984801  1.8659504648481366  25.0
54993.5  -0.5256460443596477  2.3571343593224587  25.0
54996.5  -3.3332363792297652  4.315505944583138  25.0
54999.5  -9.796459869805057  5.236977718779602  25.0
55002.3984375  -2.9520963373599503  2.124122968597174  25.0
55011.3984375  0.26120760817450833  2.122165032482301  25.0
55014.30078125  -0.7582657078093036  2.288405853163295  25.0
55089.30078125  1.7652074156841113  1.880929749863932  25.0
55296.6015625  -10.750044410601655  9.668597398028663  25.0
55302.6015625  2.586621091567227  3.833623227023044  25.0
55305.6015625  -6.711802013993018  2.5147597008873945  25.0
55326.6015625  0.8879883589474832  1.8995315434817694  25.0
55329.5  -3.874351286002363  2.0392404157532913  25.0
55332.3984375  -2.4248838040557494  1.8646776663208147  25.0
55335.3984375  -3.126463199812503  2.2178170742739116  25.0
55338.3984375  -5.987215141570435  2.9914537476904215  25.0
55347.5  -1.9372245680619442  2.2089078580564037  25.0
55350.5  -2.22124369589603  2.0314081110831816  25.0
55353.3984375  2.4007994158425228  1.9741342314592967  25.0
55362.3984375  -4.357213251725203  2.2014671406092687  25.0
55365.30078125  0.6491028797722707  1.8966922093256762  25.0
55368.3984375  -0.9229400862299633  2.1132556295279206  25.0
55377.5  -0.9223526120270649  2.2553142118741625  25.0
55389.30078125  0.8731070174216498  1.8180754255231322  25.0
55407.3984375  1.041305867585953  2.0546112879920613  25.0
55413.30078125  0.00254550149788468  1.8668316761524841  25.0
55416.30078125  -1.51633562200712  1.9881344550492193  25.0
55422.30078125  -2.1788512511664146  2.688441052278651  25.0
55425.30078125  -3.4589450279113647  2.1836487081742537  25.0
55428.30078125  2.534536256174156  2.256978597624459  25.0
55437.30078125  -2.196376133236854  2.159074695879654  25.0
55440.30078125  1.905307875178608  1.8918949390547106  25.0
55443.30078125  0.5019532900536137  2.216935862969564  25.0
55446.30078125  -0.8815267029262209  2.092304312572236  25.0
55449.19921875  0.9930392410379741  2.1150180521366155  25.0
55452.30078125  0.419322410426053  2.1988236934330994  25.0
55602.6015625  2.182865346991431  1.8749575311871696  25.0
55674.5  0.8780022311825773  2.005169899775159  25.0
55677.6015625  -0.6239415800116457  2.034247258502402  25.0
55701.6015625  0.6275639952452512  2.591418361838193  25.0
55710.5  -1.437718838204576  1.8906223272642617  25.0
55722.3984375  1.2746109020442509  3.016908784552496  25.0
55737.3984375  -3.3695585684242193  2.3456795460503073  25.0
55740.3984375  -5.288181342868326  3.809832575911267  25.0
55743.30078125  0.7917488429529744  1.904622550854184  25.0
55746.30078125  11.3047679537412  1.8616426319216708  25.0
55752.30078125  50.26366835187691  2.236516718013274  25.0
55761.30078125  98.49347636405257  2.013981079134268  25.0
55764.30078125  96.98096147183833  3.9376950476876624  25.0
55767.30078125  107.29111954070157  1.9068742240705059  25.0
55770.30078125  100.45977679694677  2.1716064206992036  25.0
55773.30078125  91.01117186832182  2.295063209427608  25.0
55776.30078125  76.03461769255931  2.063520504209569  25.0
55779.30078125  65.47352709525553  2.264223614828543  25.0
55791.30078125  40.45555759508291  2.1102207818656495  25.0
55794.30078125  38.392428864833185  2.055296612316485  25.0
55797.30078125  32.15173933250504  1.8987481822989472  25.0
55800.30078125  25.705746800161865  3.075651162946753  25.0
55803.30078125  22.691089128615072  1.9815749489064318  25.0
55806.30078125  16.150031094998816  2.4080444330466073  25.0
56059.3984375  -2.3692744969190342  2.442212799146265  25.0
56062.6015625  0.8951353392931689  1.8615447818001454  25.0
56065.5  1.4723767350171704  1.8273764157004875  25.0
56088.30078125  2.973831015498457  1.853712477130036  25.0
56091.30078125  -3.1040431973495726  2.077129140576517  25.0
56094.3984375  0.4359660811921448  1.9898968776579142  25.0
56416.6015625  0.25817259711747365  1.7773473665438135  25.0
56420.6015625  -0.21157033297768207  2.1916767130874137  25.0
56424.6015625  0.6278577323467004  1.7706900102795007  25.0
56427.5  -1.011738884777337  2.007323722869955  25.0
56443.5  -2.557739433083035  2.0243589808590214  25.0
56450.5  0.03612653855338554  2.684329106332109  25.0
56460.5  -2.1823759096469315  2.3585050079713064  25.0
56472.3984375  -2.892179197296769  2.508395894987658  25.0
56475.3984375  1.065586049410667  1.7606058456561964  25.0
56478.30078125  0.5627516414211424  1.8800485385595844  25.0
56479.3984375  -0.45770075933065146  1.7999632559866676  25.0
56486.30078125  0.966801029729951  1.8901327031828887  25.0
56489.30078125  -3.430063182690299  2.132738634450105  25.0
56501.3984375  0.6399978232590574  2.131955273267283  25.0
56507.30078125  -1.093097059246012  1.8179775754016068  25.0
56508.30078125  1.7521860667831886  1.812103393583243  25.0
56512.30078125  2.165536351900916  1.9029581651038876  25.0
56518.30078125  -0.5184990640139618  2.1039548260874383  25.0
56537.30078125  -1.5778192043306358  2.3313855853589356  25.0
