54098.08194265922    591.3617618543826     75.4626237636918      25    
54098.58194265922    708.9395269275255     75.78274674667725     25    
54099.08194265922    835.760997266134      76.32299340348614     25    
54099.58194265922    971.4418175050124     77.54983847932651     25    
54100.08194265922    1115.695118533175     78.83448508371832     25    
54100.58194265922    1268.0900175688143    79.4591631250266      25    
54101.08194265922    1428.3844003491627    79.84455804801965     25    
54101.58194265922    1596.104401812583     80.2940793590409      25    
54102.08194265922    1771.049117407748     80.71931364973865     25    
54102.58194265922    1952.7052449299724    81.10187288553753     25    
54103.08194265922    2140.9095444025866    81.46900595985997     25    
54103.58194265922    2335.1128216146353    81.83593372336192     25    
54104.08194265922    2535.1859560273338    82.25179789417558     25    
54104.58194265922    2740.746507937241     82.3223008307977      25    
54105.08194265922    2951.3023123574526    83.05717929665981     25    
54105.58194265922    3166.588459073031     88.10394381233594     25    
54106.08194265922    3384.1380076705877    94.8477027600054      25    
54106.58194265922    3596.275206694108     98.03234705752166     25    
54107.08194265922    3801.6005571822093    99.28925660723954     25    
54107.58194265922    3988.7468578357943    100.58421244702183    25    
54108.08194265922    4157.607800342027     101.6183581900255     25    
54108.58194265922    4296.668514044898     102.09686187825288    25    
54109.08194265922    4407.9745501516545    102.19462613649739    25    
54109.58194265922    4494.324995229999     103.12867826788583    25    
54110.08194265922    4556.4632387854745    104.69639345485703    25    
54110.58194265922    4603.979396320611     106.47274202513736    25    
54111.08194265922    4636.676830052079     108.37773306138376    25    
54111.58194265922    4663.716922654711     109.00282722405485    25    
54112.08194265922    4684.660721072323     108.38349694390416    25    
54112.58194265922    4700.07793056077      103.51204801079477    25    
54113.08194265922    4709.980557288752     93.69413169997347     25    
54113.58194265922    4710.711556235578     89.07009759445495     25    
54114.08194265922    4702.331984325794     90.89803582162934     25    
54114.58194265922    4681.6963844042775    91.64236239891113     25    
54115.08194265922    4648.509598205013     90.91672009103404     25    
54115.58194265922    4604.437894729898     90.0650641267434      25    
54116.08194265922    4549.185994326164     89.04923496048139     25    
54116.58194265922    4486.8651094595825    89.00064365750097     25    
54117.08194265922    4417.544932068294     90.3366946931359      25    
54117.58194265922    4344.855311988449     90.85446224877728     25    
54118.08194265922    4269.355176068282     90.30525599205214     25    
54118.58194265922    4191.79473022534      88.06241635960276     25    
54119.08194265922    4112.575721012546     83.02305299418668     25    
54119.58194265922    4030.9142670290253    79.5907968107301      25    
54120.08194265922    3946.755494272552     79.89433118734632     25    
54120.58194265922    3859.615119014641     80.32119630713343     25    
54121.08194265922    3769.2641999893794    79.86134247595808     25    
54121.58194265922    3675.940041596236     79.07897611922472     25    
54122.08194265922    3579.540314551265     77.70921638299167     25    
54122.58194265922    3480.6828633842306    76.90310452068022     25    
54123.08194265922    3379.5016789947854    77.61362821038902     25    
54123.58194265922    3276.511195145741     78.21465178930907     25    
54124.08194265922    3171.7966024780744    78.53315712347272     25    
54124.58194265922    3066.17829157002      76.80746754335087     25    
54125.08194265922    2959.9222564095044    69.70002745609798     25    
54125.58194265922    2853.9793172349464    62.56925721811014     25    
54126.08194265922    2748.899785314006     61.693597794066264    25    
54126.58194265922    2645.4539323769213    62.49594190263149     25    
54127.08194265922    2544.4246075368337    62.1590772966524      25    
54127.58194265922    2446.0515816289176    61.46579138126681     25    
54128.08194265922    2350.889480474        59.82508428643539     25    
54128.58194265922    2258.8910295550927    58.17130323457321     25    
54129.08194265922    2170.2028568700525    57.86863080403003     25    
54129.58194265922    2084.884618448761     58.02254021805193     25    
54130.08194265922    2003.15535477416      57.86829559994934     25    
54130.58194265922    1924.846184329298     57.53388018817941     25    
54131.08194265922    1849.8985642055295    56.88237164872659     25    
54131.58194265922    1778.04647860258      55.83766025635716     25    
54132.08194265922    1708.8006617870994    53.807770572764305    25    
54132.58194265922    1642.03612451337      51.51413638089061     25    
54133.08194265922    1577.127650624743     51.07125822830255     25    
54133.58194265922    1514.193840016217     51.48894671091534     25    
54134.08194265922    1453.050184991668     50.77500850012287     25    
54134.58194265922    1393.9051697463024    49.71369129359707     25    
54135.08194265922    1337.2720456743773    50.01949522013815     25    
54135.58194265922    1283.1998696842547    51.057733882528304    25    
54136.08194265922    1232.3248182079126    51.461522863609886    25    
54136.58194265922    1184.534407286883     51.39248577764245     25    
54137.08194265922    1139.9009373350516    50.44419793145286     25    
54137.58194265922    1098.278592703658     48.7195118601267      25    
54138.08194265922    1058.8297615341496    46.63686728988412     25    
54138.58194265922    1021.546231985142     44.26757394957387     25    
54139.08194265922    985.5023128743974     43.67495632824249     25    
54139.58194265922    950.7502437528515     44.58808002117666     25    
54140.08194265922    916.851810834127      44.06422056238006     25    
54140.58194265922    883.846319087478      42.27424401516972     25    
54141.08194265922    852.1145677130935     41.41821796868142     25    
54141.58194265922    821.6482353629483     41.50525994770175     25    
54142.08194265922    792.8617530304532     41.957026810340984    25    
54142.58194265922    765.7558263258272     42.793856173974916    25    
54143.08194265922    740.4428971673462     42.92449842037494     25    
54143.58194265922    716.955019685376      42.36288025373841     25    
54144.08194265922    694.8829275626516     39.90665647732405     25    
54144.58194265922    674.234364460156      34.6067623561604      25    
54145.08194265922    654.5975559074658     31.21197986717183     25    
54145.58194265922    635.9467931990347     31.477227216895123    25    
54146.08194265922    618.0614739808408     31.40867791352924     25    
54146.58194265922    600.8831445342908     30.2170132522547      25    
54147.08194265922    584.5306333833206     29.66974036679411     25    
54147.58194265922    569.0015942285728     30.17944464172948     25    
54148.08194265922    554.4072026079814     31.05710701107661     25    
54148.58194265922    540.7781802083391     32.398353288229835    25    
54149.08194265922    528.1120348572487     32.95576769538616     25    
54149.58194265922    516.4592312250023     32.18434954804237     25    
54150.08194265922    505.60923716212346    31.046014931057336    25    
54150.58194265922    495.53605534663484    29.987199192340697    25    
54151.08194265922    486.0491754637432     28.11476709906206     25    
54151.58194265922    477.0854087043056     24.14140750465144     25    
54152.08194265922    468.5293808475705     20.568664225989846    25    
54152.58194265922    460.2990503364586     20.248246096999583    25    
54153.08194265922    452.4117590944        20.59378294483227     25    
54153.58194265922    444.8551007294229     20.208940570050952    25    
54154.08194265922    437.63432671295       19.76168109578912     25    
54154.58194265922    430.74959324765456    19.310709577226838    25    
54155.08194265922    424.20114153683147    18.954634458905513    25    
54155.58194265922    417.9891553000348     18.830864233572793    25    
54156.08194265922    412.1138473080816     18.86741109633272     25    
54156.58194265922    406.575430496103      18.721042766309964    25    
54157.08194265922    401.37408842230076    19.26433194742274     25    
54157.58194265922    396.510062445399      21.852083386391584    25    
54158.08194265922    391.98350861856403    24.50344091287202     25    
54158.58194265922    387.794694757463      25.216405923023245    25    
54159.08194265922    383.9437515064113     25.938550590036204    25    
54159.58194265922    380.4309710418346     27.95029810352813     25    