#Date  :
#Flux  :
#Fluxerr  :
#ZP  :
#end  :
@INSTRUMENT  SDSS
@BAND  SDSS_g
@MAGSYS  AB
53775.786871  0.0  1.8460201670831284  25.0
53780.773215999994  0.0  1.8460201670831284  25.0
53785.75956099999  0.0  1.8460201670831284  25.0
53790.74590599999  0.0  1.8460201670831284  25.0
53795.73225099999  0.0  1.8460201670831284  25.0
53800.718595999984  0.0  1.8460201670831284  25.0
53805.70494099998  0.0  1.8460201670831284  25.0
53810.69128599998  0.0  1.8460201670831284  25.0
53815.67763099998  0.0  1.8460201670831284  25.0
53820.663975999974  0.0  1.8460201670831284  25.0
53825.65032099997  0.0  1.8460201670831284  25.0
53830.63666599997  0.0  1.8460201670831284  25.0
53835.62301099997  0.0  1.8460201670831284  25.0
53840.609355999964  0.0  1.8460201670831284  25.0
53845.59570099996  0.0  1.8460201670831284  25.0
53850.58204599996  0.0  1.8460201670831284  25.0
53855.56839099996  0.0  1.8460201670831284  25.0
53860.554735999955  0.0  1.8460201670831284  25.0
53865.54108099995  0.0  1.8460201670831284  25.0
53870.52742599995  0.0  1.8460201670831284  25.0
53875.51377099995  0.0  1.8460201670831284  25.0
53880.500115999945  0.0  1.8460201670831284  25.0
53885.48646099994  0.0  1.8460201670831284  25.0
53890.47280599994  0.0  1.8460201670831284  25.0
53895.45915099994  0.0  1.8460201670831284  25.0
53900.445495999935  0.0  1.8460201670831284  25.0
53905.43184099993  0.0  1.8460201670831284  25.0
53910.41818599993  0.0  1.8460201670831284  25.0
53915.40453099993  0.0  1.8460201670831284  25.0
53920.390875999925  0.0  1.8460201670831284  25.0
53925.37722099992  0.0  1.8460201670831284  25.0
53930.36356599992  0.0  1.8460201670831284  25.0
53935.34991099992  0.0  1.8460201670831284  25.0
53940.336255999915  0.0  1.8460201670831284  25.0
53945.32260099991  0.0  1.8460201670831284  25.0
53950.30894599991  0.0  1.8460201670831284  25.0
53955.29529099991  0.0  1.8460201670831284  25.0
53960.281635999905  0.0  1.8460201670831284  25.0
53965.2679809999  0.0  1.8460201670831284  25.0
53970.2543259999  0.0  1.8460201670831284  25.0
53975.2406709999  0.0  1.8460201670831284  25.0
53980.227015999895  0.0  1.8460201670831284  25.0
53985.21336099989  0.0  1.8460201670831284  25.0
53975.240671  -0.8357356411719848  1.4414092238190976  25.0
53993.308405  0.8771633828031143  1.6010441215710496  25.0
53996.24721  8.360118261161924  1.4565993957505117  25.0
53998.215634  16.974326670994774  1.44334251842855  25.0
54005.245755  63.79872211193936  1.6803092005586109  25.0
54008.206194  80.8669516639647  2.340115032270399  25.0
54010.200486  85.58971420991345  2.6767844792593776  25.0
54012.193536  95.53237220138453  4.305723280195388  25.0
54020.198716  89.15249999019059  2.0213976066549098  25.0
54022.247986  83.13166820646644  1.9136854784139732  25.0
54028.188506  58.49597118315479  1.7175941680266273  25.0
54030.191877  49.46472350756857  1.5701114078198064  25.0
54035.267207  29.02703763621137  2.423522885421073  25.0
54037.172603  23.503338752060777  1.8460201670831284  25.0
54040.186691  17.827738148596044  5.228180993848538  25.0
54050.170379  6.6173912632124114  2.114748117797055  25.0
54053.176157  9.57809386511713  1.8070780899498669  25.0
54056.177475  8.688778344768885  2.041282922637852  25.0
54057.146049  10.039322721943703  1.4154478390635896  25.0
54059.171443  6.390919608962237  1.6855567144985537  25.0
54061.182651  3.8997314122103193  1.700746886429968  25.0
54062.176009  6.636724209306939  1.879162360388032  25.0
54068.165464  2.647785060117587  5.565126625781724  25.0
