#Date  :
#Flux  :
#Fluxerr  :
#ZP  :
#end  :
@INSTRUMENT  SDSS
@BAND  SDSS_i
@MAGSYS  AB
53775.784383  0.0  4.153092345822651  25.0
53780.770727999996  0.0  4.153092345822651  25.0
53785.75707299999  0.0  4.153092345822651  25.0
53790.74341799999  0.0  4.153092345822651  25.0
53795.72976299999  0.0  4.153092345822651  25.0
53800.716107999986  0.0  4.153092345822651  25.0
53805.70245299998  0.0  4.153092345822651  25.0
53810.68879799998  0.0  4.153092345822651  25.0
53815.67514299998  0.0  4.153092345822651  25.0
53820.661487999976  0.0  4.153092345822651  25.0
53825.64783299997  0.0  4.153092345822651  25.0
53830.63417799997  0.0  4.153092345822651  25.0
53835.62052299997  0.0  4.153092345822651  25.0
53840.606867999966  0.0  4.153092345822651  25.0
53845.593212999964  0.0  4.153092345822651  25.0
53850.57955799996  0.0  4.153092345822651  25.0
53855.56590299996  0.0  4.153092345822651  25.0
53860.552247999956  0.0  4.153092345822651  25.0
53865.538592999954  0.0  4.153092345822651  25.0
53870.52493799995  0.0  4.153092345822651  25.0
53875.51128299995  0.0  4.153092345822651  25.0
53880.49762799995  0.0  4.153092345822651  25.0
53885.483972999944  0.0  4.153092345822651  25.0
53890.47031799994  0.0  4.153092345822651  25.0
53895.45666299994  0.0  4.153092345822651  25.0
53900.44300799994  0.0  4.153092345822651  25.0
53905.429352999934  0.0  4.153092345822651  25.0
53910.41569799993  0.0  4.153092345822651  25.0
53915.40204299993  0.0  4.153092345822651  25.0
53920.38838799993  0.0  4.153092345822651  25.0
53925.374732999924  0.0  4.153092345822651  25.0
53930.36107799992  0.0  4.153092345822651  25.0
53935.34742299992  0.0  4.153092345822651  25.0
53940.33376799992  0.0  4.153092345822651  25.0
53945.320112999914  0.0  4.153092345822651  25.0
53950.30645799991  0.0  4.153092345822651  25.0
53955.29280299991  0.0  4.153092345822651  25.0
53960.27914799991  0.0  4.153092345822651  25.0
53965.265492999904  0.0  4.153092345822651  25.0
53970.2518379999  0.0  4.153092345822651  25.0
53975.2381829999  0.0  4.153092345822651  25.0
53980.2245279999  0.0  4.153092345822651  25.0
53985.210872999894  0.0  4.153092345822651  25.0
53975.238183  -3.01918884350923  3.680404861725731  25.0
53993.305917  -2.8306603093896494  3.3853167213646485  25.0
53996.244723  10.114965700154904  3.5328607915451893  25.0
53998.213146  15.636939141541468  3.426301185303687  25.0
54005.243267  49.97372302966861  3.551986874716741  25.0
54008.203706  65.71175718225972  4.273313440043833  25.0
54010.197998  73.52612830663654  4.062926525156765  25.0
54012.191048  72.62447009997767  6.041109984614396  25.0
54020.196229  78.85410861871165  4.26238424966009  25.0
54022.245498  77.26937601306881  3.573845255484229  25.0
54028.186019  59.04495104817598  4.062926525156765  25.0
54030.189389  54.89185870235333  3.9563669189152626  25.0
54035.26472  54.07216942357254  5.33617720486292  25.0
54037.170115  46.831580794342266  4.2104705953373065  25.0
54040.184204  39.48170026127455  7.232391736442472  25.0
54050.167892  28.22463416601841  5.341641800054791  25.0
54053.17367  29.126292372677277  4.153092345822651  25.0
54056.174988  33.361353646378014  5.92362118798915  25.0
54057.143561  23.003213460184806  4.095714096307996  25.0
54059.168956  21.4676622112688  4.213202892933243  25.0
54061.180163  26.301096658479498  4.144895453034843  25.0
54062.173521  14.565878483934576  4.830702149614768  25.0
54068.162977  14.970258528133096  8.188695895020055  25.0
