#Date  :
#Flux  :
#Fluxerr  :
#ZP  :
#end  :
@INSTRUMENT  PS
@BAND  PS_r
@MAGSYS  AB
54875.1477625  0.0  1.1412657889882474  25.0
54880.134107499995  0.0  1.1412657889882474  25.0
54885.12045249999  0.0  1.1412657889882474  25.0
54890.10679749999  0.0  1.1412657889882474  25.0
54895.09314249999  0.0  1.1412657889882474  25.0
54900.079487499985  0.0  1.1412657889882474  25.0
54905.06583249998  0.0  1.1412657889882474  25.0
54910.05217749998  0.0  1.1412657889882474  25.0
54915.03852249998  0.0  1.1412657889882474  25.0
54920.024867499975  0.0  1.1412657889882474  25.0
54925.01121249997  0.0  1.1412657889882474  25.0
54929.99755749997  0.0  1.1412657889882474  25.0
54934.98390249997  0.0  1.1412657889882474  25.0
54939.970247499965  0.0  1.1412657889882474  25.0
54944.95659249996  0.0  1.1412657889882474  25.0
54949.94293749996  0.0  1.1412657889882474  25.0
54954.92928249996  0.0  1.1412657889882474  25.0
54959.915627499955  0.0  1.1412657889882474  25.0
54964.90197249995  0.0  1.1412657889882474  25.0
54969.88831749995  0.0  1.1412657889882474  25.0
54974.87466249995  0.0  1.1412657889882474  25.0
54979.861007499945  0.0  1.1412657889882474  25.0
54984.84735249994  0.0  1.1412657889882474  25.0
54989.83369749994  0.0  1.1412657889882474  25.0
54994.82004249994  0.0  1.1412657889882474  25.0
54999.806387499935  0.0  1.1412657889882474  25.0
55004.79273249993  0.0  1.1412657889882474  25.0
55009.77907749993  0.0  1.1412657889882474  25.0
55014.76542249993  0.0  1.1412657889882474  25.0
55019.751767499925  0.0  1.1412657889882474  25.0
55024.73811249992  0.0  1.1412657889882474  25.0
55029.72445749992  0.0  1.1412657889882474  25.0
55034.71080249992  0.0  1.1412657889882474  25.0
55039.697147499915  0.0  1.1412657889882474  25.0
55044.68349249991  0.0  1.1412657889882474  25.0
55049.66983749991  0.0  1.1412657889882474  25.0
55054.65618249991  0.0  1.1412657889882474  25.0
55059.642527499906  0.0  1.1412657889882474  25.0
55064.6288724999  0.0  1.1412657889882474  25.0
55069.6152174999  0.0  1.1412657889882474  25.0
55074.6015624999  0.0  1.1412657889882474  25.0
55079.587907499896  0.0  1.1412657889882474  25.0
55084.57425249989  0.0  1.1412657889882474  25.0
55089.56059749989  0.0  1.1412657889882474  25.0
55094.54694249989  0.0  1.1412657889882474  25.0
55099.533287499886  0.0  1.1412657889882474  25.0
55104.51963249988  0.0  1.1412657889882474  25.0
55109.50597749988  0.0  1.1412657889882474  25.0
55114.49232249988  0.0  1.1412657889882474  25.0
55119.478667499876  0.0  1.1412657889882474  25.0
55124.46501249987  0.0  1.1412657889882474  25.0
55129.45135749987  0.0  1.1412657889882474  25.0
55134.43770249987  0.0  1.1412657889882474  25.0
55139.424047499866  0.0  1.1412657889882474  25.0
55144.41039249986  0.0  1.1412657889882474  25.0
55149.39673749986  0.0  1.1412657889882474  25.0
55154.38308249986  0.0  1.1412657889882474  25.0
55159.369427499856  0.0  1.1412657889882474  25.0
55164.35577249985  0.0  1.1412657889882474  25.0
55169.34211749985  0.0  1.1412657889882474  25.0
55174.32846249985  0.0  1.1412657889882474  25.0
55074.6015625  -3.152603560999001  1.316905403283904  25.0
55083.6015625  -0.33179631703756474  1.645372948820876  25.0
55086.6015625  1.6026869537266848  2.3563511848765097  25.0
55095.6015625  -1.8139634795765902  1.77098374738095  25.0
55098.6015625  -0.2849982592862859  1.4629779880867262  25.0
55101.6015625  -1.3888647374536987  1.0629426956029344  25.0
55104.6015625  0.10456136304860915  1.3345280421074321  25.0
55161.3984375  0.5323034939923971  1.2120503148049002  25.0
55170.3984375  -2.779393860657694  1.72301085793442  25.0
55173.3984375  -0.5782204571498741  0.9829551697831064  25.0
55176.3984375  -1.425970287830975  1.1865952779428262  25.0
55179.3984375  -0.007244888822484019  0.6064167446254246  25.0
55188.30078125  -0.40277663646570483  1.3885710003522496  25.0
55191.30078125  9.138839827880437  0.940366931442004  25.0
55203.30078125  46.47351336070964  1.145573575230495  25.0
55206.30078125  46.847799785861476  0.9700318577405821  25.0
55215.19921875  43.45474598405878  1.0385645702882584  25.0
55413.6015625  0.34667770524761643  0.8494142164313975  25.0
55416.6015625  -0.7843081255058395  1.2705968062192343  25.0
55422.6015625  -0.2576830664045372  1.2271275433106574  25.0
55425.6015625  0.1977658796571377  0.8097631623679136  25.0
55428.6015625  2.5731103053218045  0.9064922090753587  25.0
55449.6015625  -0.9300870665756491  0.9307723909000727  25.0
55452.6015625  0.07773570087979684  0.8594983810547018  25.0
55455.6015625  -0.2961593121148793  0.7720701844719571  25.0
55458.6015625  0.733006511242935  1.136958002746  25.0
55467.6015625  1.7382836933147916  1.5654833664910097  25.0
55476.6015625  1.1371537963574871  1.0237810788839503  25.0
55479.6015625  0.48012071510936344  2.8815075584705663  25.0
55482.6015625  0.271683336678678  0.8621417348624345  25.0
55485.6015625  -1.5575532116993749  1.1935464646770249  25.0
55500.3984375  0.7337897323731023  0.7030479412113444  25.0
55503.3984375  -0.30399161678498876  1.186693221432788  25.0
55509.5  0.18866082314392452  0.9318493024474709  25.0
55530.5  -2.8728920793545076  3.6140247724216565  25.0
55587.30078125  1.4090329733318707  1.2273233369221448  25.0
55590.30078125  -1.1841477177465807  0.8817224965377082  25.0
55593.30078125  0.4411549853703033  1.0023401378468928  25.0
55596.30078125  -0.22057749268515164  0.8865198601771105  25.0
55809.6015625  -0.19972395582466507  0.7534684375383379  25.0
55812.5  -0.6350047126923862  0.8862261230756613  25.0
55824.6015625  1.8797549881950084  0.6563477569237001  25.0
55828.5  0.19629733420254675  0.6284451598653804  25.0
55829.5  0.4960790615510316  1.1676018971020141  25.0
55833.6015625  -0.16447854979600865  1.1491959904641005  25.0
55836.6015625  -0.41227332688611085  1.8085787351027263  25.0
55839.5  0.19668894476763038  1.5564762067835403  25.0
55852.6015625  1.8133760053736918  1.574490619566916  25.0
55855.5  0.11640774020162614  0.719397874875987  25.0
55858.3984375  -0.34031396937420705  0.8370783785917715  25.0
55863.5  -0.2094164398565583  1.6190368873913275  25.0
55887.3984375  0.4101194571070962  2.1607390816299503  25.0
55895.30078125  0.08184766433292069  0.7921404301759489  25.0
55911.30078125  0.21254937106144575  0.8169101427135994  25.0
55941.30078125  3.1506454381472553  4.898523858740851  25.0
56161.6015625  -1.262960295160612  1.0107599167199006  25.0
56206.6015625  -1.146748430267855  1.5789941527364324  25.0
56209.6015625  0.34364269419058174  0.8217074129845651  25.0
56213.3984375  -2.0782060521239147  2.424198479731326  25.0
56217.5  0.05051841063931902  0.8728132803202006  25.0
56220.5  -3.6374236495735865  1.489999467209135  25.0
56235.5  0.9071775333997824  0.8560717594325834  25.0
56238.3984375  -0.8982683171822747  1.3421645531660544  25.0
56241.3984375  0.36684591778367936  1.8435304623852062  25.0
56242.3984375  -1.621288560607649  1.097306948682516  25.0
56268.30078125  -0.38574137847663853  1.4451594622832744  25.0
56271.30078125  -0.08576381666797543  1.1561471771982992  25.0
56302.30078125  0.7437759535064447  1.0386625137782204  25.0
56507.6015625  -1.0772366562943059  1.3583186932192097  25.0
56512.6015625  0.05678426137803935  0.977080894596306  25.0
56518.6015625  -0.4339101082188738  0.6574247151553165  25.0
56534.6015625  0.3785943981309527  0.7473004719343067  25.0
56537.6015625  0.24936123102149133  0.6183610419262944  25.0
56538.6015625  -0.6455783146601903  0.9893188823144067  25.0
56545.6015625  0.7348666906047188  1.2091132238957183  25.0
56567.6015625  -1.0156550371123916  1.1543849413264773  25.0
56574.6015625  -0.40414728511455217  1.0010674326880074  25.0
56590.5  0.041707062049918565  1.2154769364270186  25.0
56593.5  -1.0974047988040414  1.1900218995649445  25.0
56619.3984375  0.16428274451346683  1.7949700987357782  25.0
56622.3984375  -2.8365697034231805  1.012130565368748  25.0
56625.30078125  0.2647321499444794  0.8721279559957769  25.0
56626.30078125  0.974143803687124  2.9575789319553394  25.0
56630.30078125  0.5783183539556178  0.8508828085702067  25.0
56633.30078125  -0.3664543072185957  1.2895901870600461  25.0
56636.30078125  -0.27364141284620536  1.7847880839909487  25.0
56649.3984375  -3.954730305676729  1.9181331503627337  25.0
56655.3984375  -0.5854653343013037  1.0350400051761781  25.0
56656.3984375  0.1135685227560787  1.094957238607796  25.0
56663.30078125  -1.3654656735648956  1.8341316220863257  25.0
