#Date  :
#Flux  :
#Fluxerr  :
#ZP  :
#end  :
@INSTRUMENT  PS
@BAND  PS_g
@MAGSYS  AB
54780.0462  0.0  0.9861183251676459  25.0
54785.032544999995  0.0  0.9861183251676459  25.0
54790.01888999999  0.0  0.9861183251676459  25.0
54795.00523499999  0.0  0.9861183251676459  25.0
54799.99157999999  0.0  0.9861183251676459  25.0
54804.977924999985  0.0  0.9861183251676459  25.0
54809.96426999998  0.0  0.9861183251676459  25.0
54814.95061499998  0.0  0.9861183251676459  25.0
54819.93695999998  0.0  0.9861183251676459  25.0
54824.923304999975  0.0  0.9861183251676459  25.0
54829.90964999997  0.0  0.9861183251676459  25.0
54834.89599499997  0.0  0.9861183251676459  25.0
54839.88233999997  0.0  0.9861183251676459  25.0
54844.868684999965  0.0  0.9861183251676459  25.0
54849.85502999996  0.0  0.9861183251676459  25.0
54854.84137499996  0.0  0.9861183251676459  25.0
54859.82771999996  0.0  0.9861183251676459  25.0
54864.814064999955  0.0  0.9861183251676459  25.0
54869.80040999995  0.0  0.9861183251676459  25.0
54874.78675499995  0.0  0.9861183251676459  25.0
54879.77309999995  0.0  0.9861183251676459  25.0
54884.759444999945  0.0  0.9861183251676459  25.0
54889.74578999994  0.0  0.9861183251676459  25.0
54894.73213499994  0.0  0.9861183251676459  25.0
54899.71847999994  0.0  0.9861183251676459  25.0
54904.704824999935  0.0  0.9861183251676459  25.0
54909.69116999993  0.0  0.9861183251676459  25.0
54914.67751499993  0.0  0.9861183251676459  25.0
54919.66385999993  0.0  0.9861183251676459  25.0
54924.650204999925  0.0  0.9861183251676459  25.0
54929.63654999992  0.0  0.9861183251676459  25.0
54934.62289499992  0.0  0.9861183251676459  25.0
54939.60923999992  0.0  0.9861183251676459  25.0
54944.595584999915  0.0  0.9861183251676459  25.0
54949.58192999991  0.0  0.9861183251676459  25.0
54954.56827499991  0.0  0.9861183251676459  25.0
54959.55461999991  0.0  0.9861183251676459  25.0
54964.540964999906  0.0  0.9861183251676459  25.0
54969.5273099999  0.0  0.9861183251676459  25.0
54974.5136549999  0.0  0.9861183251676459  25.0
54979.4999999999  0.0  0.9861183251676459  25.0
54984.486344999896  0.0  0.9861183251676459  25.0
54989.47268999989  0.0  0.9861183251676459  25.0
54994.45903499989  0.0  0.9861183251676459  25.0
54999.44537999989  0.0  0.9861183251676459  25.0
55004.431724999886  0.0  0.9861183251676459  25.0
55009.41806999988  0.0  0.9861183251676459  25.0
55014.40441499988  0.0  0.9861183251676459  25.0
55019.39075999988  0.0  0.9861183251676459  25.0
55024.377104999876  0.0  0.9861183251676459  25.0
55029.36344999987  0.0  0.9861183251676459  25.0
55034.34979499987  0.0  0.9861183251676459  25.0
55039.33613999987  0.0  0.9861183251676459  25.0
55044.322484999866  0.0  0.9861183251676459  25.0
55049.30882999986  0.0  0.9861183251676459  25.0
55054.29517499986  0.0  0.9861183251676459  25.0
55059.28151999986  0.0  0.9861183251676459  25.0
55064.267864999856  0.0  0.9861183251676459  25.0
55069.25420999985  0.0  0.9861183251676459  25.0
55074.24055499985  0.0  0.9861183251676459  25.0
55079.22689999985  0.0  0.9861183251676459  25.0
55084.213244999846  0.0  0.9861183251676459  25.0
55089.199589999844  0.0  0.9861183251676459  25.0
55094.18593499984  0.0  0.9861183251676459  25.0
55099.17227999984  0.0  0.9861183251676459  25.0
55104.158624999836  0.0  0.9861183251676459  25.0
55109.144969999834  0.0  0.9861183251676459  25.0
55114.13131499983  0.0  0.9861183251676459  25.0
55119.11765999983  0.0  0.9861183251676459  25.0
55124.10400499983  0.0  0.9861183251676459  25.0
55129.090349999824  0.0  0.9861183251676459  25.0
55134.07669499982  0.0  0.9861183251676459  25.0
55139.06303999982  0.0  0.9861183251676459  25.0
55144.04938499982  0.0  0.9861183251676459  25.0
55149.035729999814  0.0  0.9861183251676459  25.0
55154.02207499981  0.0  0.9861183251676459  25.0
55159.00841999981  0.0  0.9861183251676459  25.0
55163.99476499981  0.0  0.9861183251676459  25.0
55168.981109999804  0.0  0.9861183251676459  25.0
55173.9674549998  0.0  0.9861183251676459  25.0
55178.9537999998  0.0  0.9861183251676459  25.0
55183.9401449998  0.0  0.9861183251676459  25.0
55188.926489999794  0.0  0.9861183251676459  25.0
55193.91283499979  0.0  0.9861183251676459  25.0
55198.89917999979  0.0  0.9861183251676459  25.0
55203.88552499979  0.0  0.9861183251676459  25.0
55208.871869999784  0.0  0.9861183251676459  25.0
55213.85821499978  0.0  0.9861183251676459  25.0
55218.84455999978  0.0  0.9861183251676459  25.0
55223.83090499978  0.0  0.9861183251676459  25.0
55228.817249999775  0.0  0.9861183251676459  25.0
55233.80359499977  0.0  0.9861183251676459  25.0
55238.78993999977  0.0  0.9861183251676459  25.0
55243.77628499977  0.0  0.9861183251676459  25.0
55248.762629999765  0.0  0.9861183251676459  25.0
55253.74897499976  0.0  0.9861183251676459  25.0
55258.73531999976  0.0  0.9861183251676459  25.0
55263.72166499976  0.0  0.9861183251676459  25.0
55268.708009999755  0.0  0.9861183251676459  25.0
55273.69435499975  0.0  0.9861183251676459  25.0
55278.68069999975  0.0  0.9861183251676459  25.0
55283.66704499975  0.0  0.9861183251676459  25.0
55288.653389999745  0.0  0.9861183251676459  25.0
55293.63973499974  0.0  0.9861183251676459  25.0
55298.62607999974  0.0  0.9861183251676459  25.0
55303.61242499974  0.0  0.9861183251676459  25.0
55308.598769999735  0.0  0.9861183251676459  25.0
55313.58511499973  0.0  0.9861183251676459  25.0
55318.57145999973  0.0  0.9861183251676459  25.0
55323.55780499973  0.0  0.9861183251676459  25.0
55328.544149999725  0.0  0.9861183251676459  25.0
55333.53049499972  0.0  0.9861183251676459  25.0
55338.51683999972  0.0  0.9861183251676459  25.0
55343.50318499972  0.0  0.9861183251676459  25.0
55348.489529999715  0.0  0.9861183251676459  25.0
55353.47587499971  0.0  0.9861183251676459  25.0
55358.46221999971  0.0  0.9861183251676459  25.0
55363.44856499971  0.0  0.9861183251676459  25.0
55368.434909999705  0.0  0.9861183251676459  25.0
55373.4212549997  0.0  0.9861183251676459  25.0
55378.4075999997  0.0  0.9861183251676459  25.0
55383.3939449997  0.0  0.9861183251676459  25.0
55388.380289999695  0.0  0.9861183251676459  25.0
55393.36663499969  0.0  0.9861183251676459  25.0
55398.35297999969  0.0  0.9861183251676459  25.0
55403.33932499969  0.0  0.9861183251676459  25.0
55408.325669999685  0.0  0.9861183251676459  25.0
55413.31201499968  0.0  0.9861183251676459  25.0
55418.29835999968  0.0  0.9861183251676459  25.0
55423.28470499968  0.0  0.9861183251676459  25.0
55428.271049999676  0.0  0.9861183251676459  25.0
55433.25739499967  0.0  0.9861183251676459  25.0
55438.24373999967  0.0  0.9861183251676459  25.0
55443.23008499967  0.0  0.9861183251676459  25.0
55448.216429999666  0.0  0.9861183251676459  25.0
55453.20277499966  0.0  0.9861183251676459  25.0
55458.18911999966  0.0  0.9861183251676459  25.0
55463.17546499966  0.0  0.9861183251676459  25.0
55468.161809999656  0.0  0.9861183251676459  25.0
55473.14815499965  0.0  0.9861183251676459  25.0
55478.13449999965  0.0  0.9861183251676459  25.0
55483.12084499965  0.0  0.9861183251676459  25.0
55488.107189999646  0.0  0.9861183251676459  25.0
55493.09353499964  0.0  0.9861183251676459  25.0
55498.07987999964  0.0  0.9861183251676459  25.0
55503.06622499964  0.0  0.9861183251676459  25.0
55508.052569999636  0.0  0.9861183251676459  25.0
55513.03891499963  0.0  0.9861183251676459  25.0
55518.02525999963  0.0  0.9861183251676459  25.0
55523.01160499963  0.0  0.9861183251676459  25.0
55527.997949999626  0.0  0.9861183251676459  25.0
55532.984294999624  0.0  0.9861183251676459  25.0
55537.97063999962  0.0  0.9861183251676459  25.0
55542.95698499962  0.0  0.9861183251676459  25.0
55547.943329999616  0.0  0.9861183251676459  25.0
55552.929674999614  0.0  0.9861183251676459  25.0
55557.91601999961  0.0  0.9861183251676459  25.0
55562.90236499961  0.0  0.9861183251676459  25.0
55567.88870999961  0.0  0.9861183251676459  25.0
55572.875054999604  0.0  0.9861183251676459  25.0
55577.8613999996  0.0  0.9861183251676459  25.0
55582.8477449996  0.0  0.9861183251676459  25.0
55587.8340899996  0.0  0.9861183251676459  25.0
55592.820434999594  0.0  0.9861183251676459  25.0
55597.80677999959  0.0  0.9861183251676459  25.0
55602.79312499959  0.0  0.9861183251676459  25.0
55607.77946999959  0.0  0.9861183251676459  25.0
55612.765814999584  0.0  0.9861183251676459  25.0
55617.75215999958  0.0  0.9861183251676459  25.0
55622.73850499958  0.0  0.9861183251676459  25.0
55627.72484999958  0.0  0.9861183251676459  25.0
55632.711194999574  0.0  0.9861183251676459  25.0
55637.69753999957  0.0  0.9861183251676459  25.0
55642.68388499957  0.0  0.9861183251676459  25.0
55647.67022999957  0.0  0.9861183251676459  25.0
55652.656574999564  0.0  0.9861183251676459  25.0
55657.64291999956  0.0  0.9861183251676459  25.0
55662.62926499956  0.0  0.9861183251676459  25.0
55667.61560999956  0.0  0.9861183251676459  25.0
55672.601954999554  0.0  0.9861183251676459  25.0
55677.58829999955  0.0  0.9861183251676459  25.0
55682.57464499955  0.0  0.9861183251676459  25.0
55687.56098999955  0.0  0.9861183251676459  25.0
55692.547334999545  0.0  0.9861183251676459  25.0
55697.53367999954  0.0  0.9861183251676459  25.0
55702.52002499954  0.0  0.9861183251676459  25.0
55707.50636999954  0.0  0.9861183251676459  25.0
55712.492714999535  0.0  0.9861183251676459  25.0
55717.47905999953  0.0  0.9861183251676459  25.0
55722.46540499953  0.0  0.9861183251676459  25.0
55727.45174999953  0.0  0.9861183251676459  25.0
55732.438094999525  0.0  0.9861183251676459  25.0
55737.42443999952  0.0  0.9861183251676459  25.0
55742.41078499952  0.0  0.9861183251676459  25.0
55747.39712999952  0.0  0.9861183251676459  25.0
55752.383474999515  0.0  0.9861183251676459  25.0
55757.36981999951  0.0  0.9861183251676459  25.0
55762.35616499951  0.0  0.9861183251676459  25.0
55767.34250999951  0.0  0.9861183251676459  25.0
55772.328854999505  0.0  0.9861183251676459  25.0
55777.3151999995  0.0  0.9861183251676459  25.0
55782.3015449995  0.0  0.9861183251676459  25.0
55787.2878899995  0.0  0.9861183251676459  25.0
55792.274234999495  0.0  0.9861183251676459  25.0
55797.26057999949  0.0  0.9861183251676459  25.0
55802.24692499949  0.0  0.9861183251676459  25.0
55807.23326999949  0.0  0.9861183251676459  25.0
55812.219614999485  0.0  0.9861183251676459  25.0
55817.20595999948  0.0  0.9861183251676459  25.0
55822.19230499948  0.0  0.9861183251676459  25.0
55827.17864999948  0.0  0.9861183251676459  25.0
55832.164994999475  0.0  0.9861183251676459  25.0
55837.15133999947  0.0  0.9861183251676459  25.0
55842.13768499947  0.0  0.9861183251676459  25.0
55847.12402999947  0.0  0.9861183251676459  25.0
55852.110374999465  0.0  0.9861183251676459  25.0
55857.09671999946  0.0  0.9861183251676459  25.0
55862.08306499946  0.0  0.9861183251676459  25.0
55867.06940999946  0.0  0.9861183251676459  25.0
55872.055754999456  0.0  0.9861183251676459  25.0
55877.04209999945  0.0  0.9861183251676459  25.0
55882.02844499945  0.0  0.9861183251676459  25.0
55887.01478999945  0.0  0.9861183251676459  25.0
55892.001134999446  0.0  0.9861183251676459  25.0
55896.98747999944  0.0  0.9861183251676459  25.0
55901.97382499944  0.0  0.9861183251676459  25.0
55906.96016999944  0.0  0.9861183251676459  25.0
55911.946514999436  0.0  0.9861183251676459  25.0
55916.93285999943  0.0  0.9861183251676459  25.0
55921.91920499943  0.0  0.9861183251676459  25.0
55926.90554999943  0.0  0.9861183251676459  25.0
55931.891894999426  0.0  0.9861183251676459  25.0
55936.87823999942  0.0  0.9861183251676459  25.0
55941.86458499942  0.0  0.9861183251676459  25.0
55946.85092999942  0.0  0.9861183251676459  25.0
55951.837274999416  0.0  0.9861183251676459  25.0
55956.82361999941  0.0  0.9861183251676459  25.0
55961.80996499941  0.0  0.9861183251676459  25.0
55966.79630999941  0.0  0.9861183251676459  25.0
55971.782654999406  0.0  0.9861183251676459  25.0
55976.7689999994  0.0  0.9861183251676459  25.0
55981.7553449994  0.0  0.9861183251676459  25.0
55986.7416899994  0.0  0.9861183251676459  25.0
55991.728034999396  0.0  0.9861183251676459  25.0
55996.714379999394  0.0  0.9861183251676459  25.0
56001.70072499939  0.0  0.9861183251676459  25.0
56006.68706999939  0.0  0.9861183251676459  25.0
56011.673414999386  0.0  0.9861183251676459  25.0
56016.659759999384  0.0  0.9861183251676459  25.0
56021.64610499938  0.0  0.9861183251676459  25.0
56026.63244999938  0.0  0.9861183251676459  25.0
56031.61879499938  0.0  0.9861183251676459  25.0
56036.605139999374  0.0  0.9861183251676459  25.0
56041.59148499937  0.0  0.9861183251676459  25.0
56046.57782999937  0.0  0.9861183251676459  25.0
54979.5  -0.5426000447493193  0.8266476767495473  25.0
54982.3984375  -1.508122131427365  0.9326281945801932  25.0
54993.3984375  0.28654720489807506  1.1312915472393756  25.0
54996.3984375  -0.8136500597755147  1.1152945095328326  25.0
54999.3984375  -1.3414528541812685  0.6976714887281454  25.0
55002.3984375  -2.481642736958682  1.2388717497707025  25.0
55014.30078125  -0.4150235450848137  1.5408161702062313  25.0
55029.30078125  0.8211487546315894  2.493540683928962  25.0
55221.6015625  -0.7646591079617605  0.8423448391277454  25.0
55230.69921875  -3.172615563880825  1.6392979931808025  25.0
55233.6015625  0.46501433559269334  1.2336727029810894  25.0
55236.6015625  -0.6798747699771365  0.9855184791610901  25.0
55239.6015625  -0.06938721779703616  0.8480438052644211  25.0
55242.6015625  -0.9202305189625822  1.0343094823059926  25.0
55251.6015625  0.777856721279578  0.9539243010857081  25.0
55266.6015625  2.128407907342669  1.0510063880284501  25.0
55269.6015625  -0.6496803279335837  1.528818391926324  25.0
55272.6015625  -0.541400257386342  0.8861367441518866  25.0
55275.5  -0.5875917371364379  1.0784013580083445  25.0
55281.3984375  1.2372720650700215  1.832462328372161  25.0
55290.6015625  0.7675586020347778  2.299376319343746  25.0
55296.6015625  5.839024410539622  3.4610624479952588  25.0
55305.3984375  2.0097297432162016  1.5137211709045477  25.0
55326.5  -3.5581446302878663  1.1241929404207365  25.0
55329.5  0.8373457410069842  1.1864813845368682  25.0
55332.30078125  0.011197937419408307  0.7379640536727136  25.0
55338.30078125  -2.2751809094649458  2.916762696535899  25.0
55347.3984375  0.2968453241428752  1.6390979491620847  25.0
55350.30078125  0.01969637115021752  0.6969716207122308  25.0
55353.3984375  0.43322020884845935  0.8665403443564117  25.0
55359.30078125  2.093914330544136  1.9942325295068553  25.0
55362.30078125  0.03779303674197076  0.747662279236025  25.0
55365.30078125  -0.26945035416298074  0.9838187724510502  25.0
55368.3984375  -0.9955165800527466  1.4671296984668822  25.0
55377.3984375  0.6850738167667495  1.195579764093624  25.0
55389.30078125  0.14577313959068486  0.652479799997242  25.0
55596.69921875  -0.02659510081240411  0.7128686840843478  25.0
55602.6015625  -0.5460993848288924  0.6836740330599874  25.0
55605.6015625  0.05389006964072282  2.1613018947903875  25.0
55629.6015625  -0.24305522287721168  0.7596600575159322  25.0
55635.6015625  0.012897623271665156  1.875054541383191  25.0
55650.6015625  0.6987712540817638  1.1242928670802295  25.0
55653.5  0.11027968834182622  0.8404451837488535  25.0
55662.5  0.15447153837860417  0.876438518588575  25.0
55665.3984375  2.4609466671594546  1.3539505518082384  25.0
55674.3984375  0.46401449689856794  0.911732080762248  25.0
55677.3984375  0.5971899883653234  0.6488804379083101  25.0
55710.30078125  0.5154050711132098  0.8346461956028188  25.0
55719.3984375  0.02809482309739251  0.6626778972326833  25.0
55722.30078125  1.2772646593363788  1.8533586328898382  25.0
55737.30078125  0.8057515629316021  1.1925803433611137  25.0
55740.30078125  -1.4472334233430624  1.2847633541924535  25.0
55743.30078125  -1.731880996699712  0.964622269993279  25.0
55752.30078125  0.36333307170436047  2.1159102097156994  25.0
55761.30078125  1.7236824338277228  1.2865629875619866  25.0
55970.69921875  -1.3745467902978385  1.289362459625645  25.0
55981.6015625  0.5917909929068584  0.7934538139734841  25.0
55984.6015625  -0.6194858858900307  0.9908174526101963  25.0
56000.5  -0.010997973852139858  0.853542727382379  25.0
56006.6015625  -0.3480358781762657  0.7876548735023824  25.0
56014.6015625  -0.8874365535242228  0.9861183251676459  25.0
56029.5  -0.4152234937536656  1.3045597026567803  25.0
56032.6015625  0.5171047301483168  0.9462256575607815  25.0
56040.5  -1.1877811939092044  1.1544873091237824  25.0
56046.5  0.22425868926954384  0.9033335692214068  25.0
56059.30078125  4.119441067448163  2.3917594695436697  25.0
56062.5  4.249017339850785  0.812850265100107  25.0
56065.3984375  19.411824576206357  0.7827557973909802  25.0
56067.5  38.002898864870836  0.9710211041458694  25.0
56088.30078125  52.993038936013946  0.8974346544158792  25.0
56091.30078125  36.265819584180434  0.8996342804729819  25.0
56094.30078125  27.947851219287372  0.8649406596557305  25.0
56105.30078125  10.38598643464997  1.70198652533437  25.0
56384.5  3.3057909123227818  1.3149577962360064  25.0
56387.6015625  2.1831978473024582  1.1739836869098983  25.0
56390.5  -1.0009155755112116  1.4244375587963594  25.0
56395.5  0.030094455790393687  1.0878995395529383  25.0
56401.5  -0.0893835328083147  0.9533243597292865  25.0
56416.5  -0.054689923909796614  1.0237114400579146  25.0
56421.5  0.015297181609361577  0.8349461662810296  25.0
56424.5  0.8786381446456778  0.8877364288525676  25.0
56427.3984375  0.12757649966450565  1.0553056181332967  25.0
56443.3984375  -0.05069066448316088  0.9038334885684696  25.0
56451.30078125  -0.08318467712140934  0.7935537883079101  25.0
56460.30078125  0.3427368570522267  1.109295668067812  25.0
56475.30078125  0.04289209727842462  0.7763569632383898  25.0
56478.30078125  0.03759307317470231  0.8910358202632888  25.0
56480.30078125  0.14627305893774756  0.7599599805192101  25.0
56486.30078125  0.007198673523247606  0.8021522008426702  25.0
56489.30078125  2.6078195959412245  1.0201120779689825  25.0
56511.30078125  1.470729060555814  0.8070512769540724  25.0
