#Date  :
#Flux  :
#Fluxerr  :
#ZP  :
#end  :
@INSTRUMENT  PS
@BAND  PS_r
@MAGSYS  AB
54875.1477625  0.0  1.0269629818338188  25.0
54880.134107499995  0.0  1.0269629818338188  25.0
54885.12045249999  0.0  1.0269629818338188  25.0
54890.10679749999  0.0  1.0269629818338188  25.0
54895.09314249999  0.0  1.0269629818338188  25.0
54900.079487499985  0.0  1.0269629818338188  25.0
54905.06583249998  0.0  1.0269629818338188  25.0
54910.05217749998  0.0  1.0269629818338188  25.0
54915.03852249998  0.0  1.0269629818338188  25.0
54920.024867499975  0.0  1.0269629818338188  25.0
54925.01121249997  0.0  1.0269629818338188  25.0
54929.99755749997  0.0  1.0269629818338188  25.0
54934.98390249997  0.0  1.0269629818338188  25.0
54939.970247499965  0.0  1.0269629818338188  25.0
54944.95659249996  0.0  1.0269629818338188  25.0
54949.94293749996  0.0  1.0269629818338188  25.0
54954.92928249996  0.0  1.0269629818338188  25.0
54959.915627499955  0.0  1.0269629818338188  25.0
54964.90197249995  0.0  1.0269629818338188  25.0
54969.88831749995  0.0  1.0269629818338188  25.0
54974.87466249995  0.0  1.0269629818338188  25.0
54979.861007499945  0.0  1.0269629818338188  25.0
54984.84735249994  0.0  1.0269629818338188  25.0
54989.83369749994  0.0  1.0269629818338188  25.0
54994.82004249994  0.0  1.0269629818338188  25.0
54999.806387499935  0.0  1.0269629818338188  25.0
55004.79273249993  0.0  1.0269629818338188  25.0
55009.77907749993  0.0  1.0269629818338188  25.0
55014.76542249993  0.0  1.0269629818338188  25.0
55019.751767499925  0.0  1.0269629818338188  25.0
55024.73811249992  0.0  1.0269629818338188  25.0
55029.72445749992  0.0  1.0269629818338188  25.0
55034.71080249992  0.0  1.0269629818338188  25.0
55039.697147499915  0.0  1.0269629818338188  25.0
55044.68349249991  0.0  1.0269629818338188  25.0
55049.66983749991  0.0  1.0269629818338188  25.0
55054.65618249991  0.0  1.0269629818338188  25.0
55059.642527499906  0.0  1.0269629818338188  25.0
55064.6288724999  0.0  1.0269629818338188  25.0
55069.6152174999  0.0  1.0269629818338188  25.0
55074.6015624999  0.0  1.0269629818338188  25.0
55079.587907499896  0.0  1.0269629818338188  25.0
55084.57425249989  0.0  1.0269629818338188  25.0
55089.56059749989  0.0  1.0269629818338188  25.0
55094.54694249989  0.0  1.0269629818338188  25.0
55099.533287499886  0.0  1.0269629818338188  25.0
55104.51963249988  0.0  1.0269629818338188  25.0
55109.50597749988  0.0  1.0269629818338188  25.0
55114.49232249988  0.0  1.0269629818338188  25.0
55119.478667499876  0.0  1.0269629818338188  25.0
55124.46501249987  0.0  1.0269629818338188  25.0
55129.45135749987  0.0  1.0269629818338188  25.0
55134.43770249987  0.0  1.0269629818338188  25.0
55139.424047499866  0.0  1.0269629818338188  25.0
55144.41039249986  0.0  1.0269629818338188  25.0
55149.39673749986  0.0  1.0269629818338188  25.0
55154.38308249986  0.0  1.0269629818338188  25.0
55159.369427499856  0.0  1.0269629818338188  25.0
55164.35577249985  0.0  1.0269629818338188  25.0
55169.34211749985  0.0  1.0269629818338188  25.0
55174.32846249985  0.0  1.0269629818338188  25.0
55179.314807499846  0.0  1.0269629818338188  25.0
55184.301152499844  0.0  1.0269629818338188  25.0
55189.28749749984  0.0  1.0269629818338188  25.0
55194.27384249984  0.0  1.0269629818338188  25.0
55199.260187499836  0.0  1.0269629818338188  25.0
55204.246532499834  0.0  1.0269629818338188  25.0
55209.23287749983  0.0  1.0269629818338188  25.0
55214.21922249983  0.0  1.0269629818338188  25.0
55219.20556749983  0.0  1.0269629818338188  25.0
55224.191912499824  0.0  1.0269629818338188  25.0
55229.17825749982  0.0  1.0269629818338188  25.0
55234.16460249982  0.0  1.0269629818338188  25.0
55239.15094749982  0.0  1.0269629818338188  25.0
55244.137292499814  0.0  1.0269629818338188  25.0
55249.12363749981  0.0  1.0269629818338188  25.0
55254.10998249981  0.0  1.0269629818338188  25.0
55259.09632749981  0.0  1.0269629818338188  25.0
55264.082672499804  0.0  1.0269629818338188  25.0
55269.0690174998  0.0  1.0269629818338188  25.0
55274.0553624998  0.0  1.0269629818338188  25.0
55279.0417074998  0.0  1.0269629818338188  25.0
55284.028052499794  0.0  1.0269629818338188  25.0
55289.01439749979  0.0  1.0269629818338188  25.0
55294.00074249979  0.0  1.0269629818338188  25.0
55298.98708749979  0.0  1.0269629818338188  25.0
55303.973432499784  0.0  1.0269629818338188  25.0
55308.95977749978  0.0  1.0269629818338188  25.0
55313.94612249978  0.0  1.0269629818338188  25.0
55318.93246749978  0.0  1.0269629818338188  25.0
55323.918812499775  0.0  1.0269629818338188  25.0
55328.90515749977  0.0  1.0269629818338188  25.0
55333.89150249977  0.0  1.0269629818338188  25.0
55338.87784749977  0.0  1.0269629818338188  25.0
55343.864192499765  0.0  1.0269629818338188  25.0
55348.85053749976  0.0  1.0269629818338188  25.0
55353.83688249976  0.0  1.0269629818338188  25.0
55358.82322749976  0.0  1.0269629818338188  25.0
55363.809572499755  0.0  1.0269629818338188  25.0
55368.79591749975  0.0  1.0269629818338188  25.0
55373.78226249975  0.0  1.0269629818338188  25.0
55378.76860749975  0.0  1.0269629818338188  25.0
55383.754952499745  0.0  1.0269629818338188  25.0
55388.74129749974  0.0  1.0269629818338188  25.0
55393.72764249974  0.0  1.0269629818338188  25.0
55398.71398749974  0.0  1.0269629818338188  25.0
55403.700332499735  0.0  1.0269629818338188  25.0
55408.68667749973  0.0  1.0269629818338188  25.0
55413.67302249973  0.0  1.0269629818338188  25.0
55418.65936749973  0.0  1.0269629818338188  25.0
55423.645712499725  0.0  1.0269629818338188  25.0
55428.63205749972  0.0  1.0269629818338188  25.0
55433.61840249972  0.0  1.0269629818338188  25.0
55438.60474749972  0.0  1.0269629818338188  25.0
55443.591092499715  0.0  1.0269629818338188  25.0
55448.57743749971  0.0  1.0269629818338188  25.0
55453.56378249971  0.0  1.0269629818338188  25.0
55458.55012749971  0.0  1.0269629818338188  25.0
55463.536472499705  0.0  1.0269629818338188  25.0
55468.5228174997  0.0  1.0269629818338188  25.0
55473.5091624997  0.0  1.0269629818338188  25.0
55478.4955074997  0.0  1.0269629818338188  25.0
55483.481852499695  0.0  1.0269629818338188  25.0
55488.46819749969  0.0  1.0269629818338188  25.0
55493.45454249969  0.0  1.0269629818338188  25.0
55498.44088749969  0.0  1.0269629818338188  25.0
55503.427232499685  0.0  1.0269629818338188  25.0
55508.41357749968  0.0  1.0269629818338188  25.0
55513.39992249968  0.0  1.0269629818338188  25.0
55518.38626749968  0.0  1.0269629818338188  25.0
55523.372612499676  0.0  1.0269629818338188  25.0
55528.35895749967  0.0  1.0269629818338188  25.0
55533.34530249967  0.0  1.0269629818338188  25.0
55538.33164749967  0.0  1.0269629818338188  25.0
55543.317992499666  0.0  1.0269629818338188  25.0
55548.30433749966  0.0  1.0269629818338188  25.0
55553.29068249966  0.0  1.0269629818338188  25.0
55558.27702749966  0.0  1.0269629818338188  25.0
55563.263372499656  0.0  1.0269629818338188  25.0
55568.24971749965  0.0  1.0269629818338188  25.0
55573.23606249965  0.0  1.0269629818338188  25.0
55578.22240749965  0.0  1.0269629818338188  25.0
55583.208752499646  0.0  1.0269629818338188  25.0
55588.19509749964  0.0  1.0269629818338188  25.0
55593.18144249964  0.0  1.0269629818338188  25.0
55598.16778749964  0.0  1.0269629818338188  25.0
55603.154132499636  0.0  1.0269629818338188  25.0
55608.14047749963  0.0  1.0269629818338188  25.0
55613.12682249963  0.0  1.0269629818338188  25.0
55618.11316749963  0.0  1.0269629818338188  25.0
55623.099512499626  0.0  1.0269629818338188  25.0
55628.085857499624  0.0  1.0269629818338188  25.0
55633.07220249962  0.0  1.0269629818338188  25.0
55638.05854749962  0.0  1.0269629818338188  25.0
55643.044892499616  0.0  1.0269629818338188  25.0
55648.031237499614  0.0  1.0269629818338188  25.0
55653.01758249961  0.0  1.0269629818338188  25.0
55658.00392749961  0.0  1.0269629818338188  25.0
55662.99027249961  0.0  1.0269629818338188  25.0
55667.976617499604  0.0  1.0269629818338188  25.0
55672.9629624996  0.0  1.0269629818338188  25.0
55677.9493074996  0.0  1.0269629818338188  25.0
55682.9356524996  0.0  1.0269629818338188  25.0
55687.921997499594  0.0  1.0269629818338188  25.0
55692.90834249959  0.0  1.0269629818338188  25.0
55697.89468749959  0.0  1.0269629818338188  25.0
55702.88103249959  0.0  1.0269629818338188  25.0
55707.867377499584  0.0  1.0269629818338188  25.0
55712.85372249958  0.0  1.0269629818338188  25.0
55717.84006749958  0.0  1.0269629818338188  25.0
55722.82641249958  0.0  1.0269629818338188  25.0
55727.812757499574  0.0  1.0269629818338188  25.0
55732.79910249957  0.0  1.0269629818338188  25.0
55737.78544749957  0.0  1.0269629818338188  25.0
55742.77179249957  0.0  1.0269629818338188  25.0
55747.758137499564  0.0  1.0269629818338188  25.0
55752.74448249956  0.0  1.0269629818338188  25.0
55757.73082749956  0.0  1.0269629818338188  25.0
55762.71717249956  0.0  1.0269629818338188  25.0
55767.703517499554  0.0  1.0269629818338188  25.0
55772.68986249955  0.0  1.0269629818338188  25.0
55777.67620749955  0.0  1.0269629818338188  25.0
55782.66255249955  0.0  1.0269629818338188  25.0
55787.648897499545  0.0  1.0269629818338188  25.0
55792.63524249954  0.0  1.0269629818338188  25.0
55797.62158749954  0.0  1.0269629818338188  25.0
55802.60793249954  0.0  1.0269629818338188  25.0
55074.6015625  0.21225565730210574  1.6503661060717654  25.0
55083.6015625  -0.7489648576846032  1.9618962437411962  25.0
55086.6015625  -3.511225376810614  1.798005133134922  25.0
55089.6015625  0.8846596808153268  0.9590665751813668  25.0
55095.6015625  -0.29234105658556814  1.2083299560813328  25.0
55098.6015625  -2.56283044045545  1.2339807865548942  25.0
55101.6015625  -2.056863147945256  0.9927455973049615  25.0
55104.6015625  -0.8430505039000972  1.0294595604592636  25.0
55161.3984375  -0.519086491532642  1.2747088455342128  25.0
55170.3984375  -0.747202575128563  2.5393335264451213  25.0
55179.3984375  0.5299538306018953  0.7198874055889235  25.0
55188.30078125  0.8655683564845529  1.833152747397326  25.0
55191.30078125  0.4020913121412812  1.221840648958319  25.0
55203.30078125  -1.2272253934321828  0.6370606856656572  25.0
55206.30078125  0.10700896992907293  0.7055933982133336  25.0
55413.6015625  -0.5449331156176905  1.2151831993255695  25.0
55416.6015625  -1.935658032433173  1.3369756956721142  25.0
55422.6015625  1.3525423615223713  1.3314931010767248  25.0
55425.6015625  0.297432063957983  1.024466403208374  25.0
55428.6015625  0.580668064030338  0.8634145333897565  25.0
55446.6015625  -0.5526675234820564  0.8885758331503815  25.0
55449.6015625  0.04033640756554394  0.7312442286868949  25.0
55452.6015625  -0.8272879510699164  0.9032613810647276  25.0
55455.6015625  0.722922393303849  0.5792973686972723  25.0
55458.6015625  -2.432128634522961  1.141265742304029  25.0
55467.6015625  1.295758105979859  2.0290584010084616  25.0
55476.6015625  0.13638013578409264  0.9480034425006263  25.0
55479.6015625  1.2288897791824793  1.8924824132576088  25.0
55482.6015625  -0.5277020173329187  0.7949796709636056  25.0
55485.6015625  0.6170882900831908  1.699318056944168  25.0
55500.3984375  -0.011552660475913338  0.47101565859615024  25.0
55503.3984375  0.39895838093639374  1.0818381329537843  25.0
55509.5  -1.0044940543101257  0.8928835727084107  25.0
55530.5  -0.14147114315650747  4.28965932049809  25.0
55587.30078125  1.2113649904804766  1.3532276858467949  25.0
55590.30078125  0.32641161924791906  0.733006511242935  25.0
55593.30078125  0.01096523733387876  0.8622396783523965  25.0
55596.30078125  1.2785270543793057  0.8430505039000972  25.0
55809.6015625  -0.06344172851737062  0.6936491475966821  25.0
55812.5  0.3863288059953186  0.9575980764109941  25.0
55824.6015625  9.964169749467043  1.0976006857839653  25.0
55829.5  21.369582155303252  0.9075692139911934  25.0
55833.6015625  29.76141473482443  0.9786474302250772  25.0
55836.6015625  32.462191624942704  1.4728662657301066  25.0
55839.5  30.34873954822424  1.82649520439614  25.0
55852.6015625  22.42968589022384  1.285282447502017  25.0
55855.5  17.03743310016464  0.8503932778572703  25.0
55858.3984375  16.13446470925387  0.7586573417164963  25.0
55863.5  8.158234461540488  1.3679133271295776  25.0
55887.3984375  3.7262226348578333  1.1520352312517572  25.0
55895.30078125  3.749327961645187  0.9311639781230472  25.0
55911.30078125  1.111894646475337  0.9900043000072669  25.0
55941.30078125  5.912612266856035  5.333021347794187  25.0
56161.6015625  0.7801961795592974  0.9405628184219279  25.0
56206.6015625  0.814364639027392  0.9854027299793519  25.0
56209.6015625  -1.084677373741441  0.6890476709372036  25.0
56213.3984375  2.578005612451169  2.876220850855101  25.0
56217.5  -0.416679009934102  1.0969153614595415  25.0
56220.5  1.354402540884155  1.7609974328791709  25.0
56235.5  0.2562145209499463  1.009976648905515  25.0
56238.3984375  1.046592668569855  1.5119299389591287  25.0
56241.3984375  0.5070442974260285  2.3321687598048846  25.0
56242.3984375  -0.48658237113062563  1.2732402533954035  25.0
56268.30078125  0.3614611966519245  0.7246846758598892  25.0
56271.30078125  -2.004190838349286  0.9156951623943155  25.0
56302.30078125  0.025846629920575907  0.7940985530276946  25.0
56507.6015625  0.34736305291414926  1.4651319045499591  25.0
56512.6015625  0.7091179633254138  1.1439091894801985  25.0
56518.6015625  0.3843707298277912  0.4491830836519  25.0
56534.6015625  1.5135943247094252  0.9232338233314124  25.0
56537.6015625  0.5315202728622298  0.5074359313332213  25.0
56538.6015625  -0.1956119982070685  0.8970934621449146  25.0
56545.6015625  0.024280167235895826  1.0163403614368154  25.0
56567.6015625  -0.8269942139684672  0.8834848257779666  25.0
56574.6015625  -0.6555645357935328  1.2859677718264406  25.0
56590.5  2.5021299392094463  1.0218230494006413  25.0
56593.5  0.8792749363414627  1.0362148602135381  25.0
56619.3984375  0.2700189509283815  1.6444919242534015  25.0
56622.3984375  1.1786650297827548  0.9162826365972139  25.0
56625.30078125  -1.1580073565600828  0.8986599044052492  25.0
56626.30078125  -2.200194342081947  2.0518699906943665  25.0
56630.30078125  0.1755416941478038  0.8012455333733804  25.0
56633.30078125  1.4475091723579945  1.1920778725382155  25.0
56636.30078125  0.4142314030536382  1.8790696638705848  25.0
56649.3984375  -2.35919033229573  1.8159216024283358  25.0
56655.3984375  -0.14186275372159113  1.1535037300221298  25.0
56656.3984375  -1.3279685359646447  1.0038087299857021  25.0
56663.30078125  -1.725556268252191  1.44829244017238  25.0
