55819.67727421433    3.0530347962006488    0.5491052699462566     25    
55820.17727421433    3.550470787939864     0.5432150480796519     25    
55820.67727421433    4.08401834671071      0.5424677661879209     25    
55821.17727421433    4.652858213519626     0.5807039617059795     25    
55821.67727421433    5.257259487640188     0.6592079432208736     25    
55822.17727421433    5.896513171620718     0.7216370638016444     25    
55822.67727421433    6.570272016080816     0.7388930538854056     25    
55823.17727421433    7.27858615423696      0.7347217830826794     25    
55823.67727421433    8.020569729124315     0.7331575382331279     25    
55824.17727421433    8.79643362192236      0.7352069135334612     25    
55824.67727421433    9.605608205768322     0.7370100489019908     25    
55825.17727421433    10.447569371768648    0.7384810004979366     25    
55825.67727421433    11.322500449082407    0.7396766728230061     25    
55826.17727421433    12.229507200867543    0.7406797936084291     25    
55826.67727421433    13.168684072115372    0.7414033534020787     25    
55827.17727421433    14.139629915599057    0.7421009661948064     25    
55827.67727421433    15.142280632957114    0.7440175184000395     25    
55828.17727421433    16.177172817651257    0.7474842427514811     25    
55828.67727421433    17.238789231148893    0.7455770210360301     25    
55829.17727421433    18.33607595225209     0.7309158923158189     25    
55829.67727421433    19.451972064606498    0.7127516801221468     25    
55830.17727421433    20.5546367768742      0.7075585504681041     25    
55830.67727421433    21.65787500690569     0.7152393874043149     25    
55831.17727421433    22.718319333417355    0.7248156856082077     25    
55831.67727421433    23.71780301011484     0.730926098213035      25    
55832.17727421433    24.658535885082355    0.7363077511497166     25    
55832.67727421433    25.495515955580636    0.7399833386484832     25    
55833.17727421433    26.225779303649805    0.7411591126429616     25    
55833.67727421433    26.865574880040974    0.7424196127340036     25    
55834.17727421433    27.415999969645384    0.7460094283573676     25    
55834.67727421433    27.878535779819053    0.75090304961879       25    
55835.17727421433    28.291445983528792    0.7564263752356639     25    
55835.67727421433    28.65029379423218     0.7636238484282498     25    
55836.17727421433    28.971315984893714    0.7698878185457858     25    
55836.67727421433    29.283509186601133    0.7723327828227441     25    
55837.17727421433    29.578488003386738    0.771979817458016      25    
55837.67727421433    29.851959534830435    0.7668830544729623     25    
55838.17727421433    30.109731486764478    0.7523281506398659     25    
55838.67727421433    30.340496081633226    0.7355529279833909     25    
55839.17727421433    30.52558747718181     0.7300150137081391     25    
55839.67727421433    30.671441984483717    0.7352745569004774     25    
55840.17727421433    30.761041800929284    0.7405824535630825     25    
55840.67727421433    30.783389665046883    0.7403959146613146     25    
55841.17727421433    30.745351406997397    0.738281145012756      25    
55841.67727421433    30.648526198229522    0.7357444779021183     25    
55842.17727421433    30.489045272338675    0.7321034050962582     25    
55842.67727421433    30.280204084236438    0.7293529020172295     25    
55843.17727421433    30.02961154422047     0.7301334819338926     25    
55843.67727421433    29.73515883946428     0.7329192340420035     25    
55844.17727421433    29.412218428903767    0.733954071649003      25    
55844.67727421433    29.060812978554104    0.7388873685306838     25    
55845.17727421433    28.682165683112398    0.7331507520273105     25    
55845.67727421433    28.28088206839042     0.6912584408597381     25    
55846.17727421433    27.855479605402987    0.6136009063328601     25    
55846.67727421433    27.404623490251037    0.5525350258324828     25    
55847.17727421433    26.92813320930325     0.5428485762466493     25    
55847.67727421433    26.42603445956604     0.5535013847126469     25    
55848.17727421433    25.896724296730525    0.5535820834208249     25    
55848.67727421433    25.33900063134122     0.5494851294845606     25    
55849.17727421433    24.7639530036614      0.5442803146032077     25    
55849.67727421433    24.171298535821723    0.5371512574732161     25    
55850.17727421433    23.56610614859337     0.5294451900400182     25    
55850.67727421433    22.96707626273595     0.5251963848448039     25    
55851.17727421433    22.36837048870636     0.5250167620649315     25    
55851.67727421433    21.785099452878786    0.5250187479964473     25    
55852.17727421433    21.22807314324381     0.5239833223297328     25    
55852.67727421433    20.693027831900253    0.5217998021568826     25    
55853.17727421433    20.188100833912195    0.5120537487944004     25    
55853.67727421433    19.714319063176045    0.48927172025153925    25    
55854.17727421433    19.26884014559005     0.4663331846781989     25    
55854.67727421433    18.850584349847637    0.4590926168474654     25    
55855.17727421433    18.4599404962143      0.46265252819706404    25    
55855.67727421433    18.094692204712153    0.46511860512186787    25    
55856.17727421433    17.755322424087083    0.4640764948981027     25    
55856.67727421433    17.44027687259895     0.46186402304658036    25    
55857.17727421433    17.147212377953995    0.4578386067781691     25    
55857.67727421433    16.877139117945358    0.45165261508945       25    
55858.17727421433    16.626184743334484    0.447422971621086      25    
55858.67727421433    16.39387003767502     0.4479955340434205     25    
55859.17727421433    16.179369276950624    0.45050886661006345    25    
55859.67727421433    15.97899693739359     0.45147815084701465    25    
55860.17727421433    15.7941349079361      0.4514284177458184     25    
55860.67727421433    15.62084546410377     0.45023479791281795    25    
55861.17727421433    15.457591930756113    0.44940439152692113    25    
55861.67727421433    15.304324965721626    0.44693477660710107    25    
55862.17727421433    15.155728381850054    0.43382427329875534    25    
55862.67727421433    15.013146528666061    0.4030229873065464     25    
55863.17727421433    14.873016015258392    0.3715732913878081     25    
55863.67727421433    14.732031964938505    0.36109243702549115    25    
55864.17727421433    14.591374850576317    0.36460671999594396    25    
55864.67727421433    14.447260451996643    0.36603032648189726    25    
55865.17727421433    14.299595967696305    0.3613003735634048     25    
55865.67727421433    14.147872539890567    0.3566868259649206     25    
55866.17727421433    13.990689952485711    0.3569851070383074     25    
55866.67727421433    13.828571575173441    0.36122373125308926    25    
55867.17727421433    13.65987537573723     0.36455356146553114    25    
55867.67727421433    13.48377893612        0.36571501402205364    25    
55868.17727421433    13.301089853058643    0.36537933843814935    25    
55868.67727421433    13.112103204928427    0.3608839579188707     25    
55869.17727421433    12.916096253284033    0.3490751888970097     25    
55869.67727421433    12.71666759391248     0.34841804826829037    25    
55870.17727421433    12.51489892858921     0.37677572521286656    25    
55870.67727421433    12.310963661203846    0.414735453666245      25    
55871.17727421433    12.108901000302176    0.4344499521752932     25    
55871.67727421433    11.908277528783174    0.43677373021843774    25    
55872.17727421433    11.70968222917811     0.4332825966392392     25    
55872.67727421433    11.51461337120015     0.42909954009693124    25    
55873.17727421433    11.322241174407198    0.42227455778416084    25    
55873.67727421433    11.129881419339252    0.4181093913533632     25    
55874.17727421433    10.938067029303875    0.4179808607684366     25    
55874.67727421433    10.74518978191172     0.4194071275496276     25    
55875.17727421433    10.548883347472149    0.4212413580596734     25    
55875.67727421433    10.349904259077036    0.42399459253128136    25    
55876.17727421433    10.148014540465931    0.42422774154446746    25    
55876.67727421433    9.94189475735017      0.4270986185524529     25    
55877.17727421433    9.733893191619233     0.42188888228697735    25    
55877.67727421433    9.527228699797448     0.38270762284287124    25    
55878.17727421433    9.320643298279853     0.29257464993463184    25    
55878.67727421433    9.117995510197341     0.19119615885010288    25    
55879.17727421433    8.920763532358725     0.15961464000552128    25    
55879.67727421433    8.728614362898668     0.17813636472507202    25    
55880.17727421433    8.544064743764594     0.18280929320958256    25    
55880.67727421433    8.367219259036325     0.17789188807989254    25    
55881.17727421433    8.19677580855478      0.1734964202062333     25    
55881.67727421433    8.032321846222057     0.17175229709341983    25    
55882.17727421433    7.873891895015147     0.17169693113891776    25    
55882.67727421433    7.719955944849906     0.17268747968797188    25    
55883.17727421433    7.570642528813506     0.17564196914342411    25    
55883.67727421433    7.425548739336867     0.17801035688626896    25    
55884.17727421433    7.283895470886924     0.17672956507018392    25    
55884.67727421433    7.145946744306835     0.17279131495368627    25    
55885.17727421433    7.012210300389611     0.1686938031356559     25    
55885.67727421433    6.882605916359985     0.1631297278928455     25    
55886.17727421433    6.757421147141115     0.15936354009647427    25    
55886.67727421433    6.637201819660683     0.16460642019101965    25    
55887.17727421433    6.52179378026422      0.17784732261930591    25    
55887.67727421433    6.411399870561582     0.1877617418325482     25    
55888.17727421433    6.306321255318814     0.18971055108876053    25    
55888.67727421433    6.206189084429872     0.18831492051515042    25    
55889.17727421433    6.110403380714181     0.18699854240387587    25    
55889.67727421433    6.019192571588179     0.1852686848685337     25    
55890.17727421433    5.931903514422587     0.18332930028911162    25    
55890.67727421433    5.848227412647649     0.18149137397103493    25    
55891.17727421433    5.768207012591134     0.17966804150242008    25    
55891.67727421433    5.6910484259386545    0.17839792950349256    25    
55892.17727421433    5.616941943661987     0.17775509579623927    25    
55892.67727421433    5.545374657077843     0.17753662354308897    25    
55893.17727421433    5.475878773048678     0.1776555543223942     25    
55893.67727421433    5.408617274112699     0.17814129515536145    25    
55894.17727421433    5.34278796616469      0.17882197647050416    25    
55894.67727421433    5.278477515547677     0.17947703600841192    25    
55895.17727421433    5.21532370435528      0.18054092114402112    25    
55895.67727421433    5.1527258467962955    0.18190900219767348    25    
55896.17727421433    5.090914953791173     0.1831682102805447     25    
55896.67727421433    5.029132733272053     0.1889226443751489     25    