53986.18410490061    15.64333983519022     4.134882534764967     25    
53986.68410490061    18.587919402510217    3.9972145371558847    25    
53987.18410490061    21.782405688803127    4.050341553466065     25    
53987.68410490061    25.22520263640934     4.951507255309263     25    
53988.18410490061    28.91640213683452     6.089538407846446     25    
53988.68410490061    32.853891590224414    6.553133981188332     25    
53989.18410490061    37.03801748436897     6.514714885556898     25    
53989.68410490061    41.46667456903997     6.4607453194454       25    
53990.18410490061    46.13994003649108     6.472935659916018     25    
53990.68410490061    51.056239774833344    6.48349542706222      25    
53991.18410490061    56.21485809828537     6.491995564910139     25    
53991.68410490061    61.61513739632247     6.498951375940064     25    
53992.18410490061    67.25545997483631     6.504382798754996     25    
53992.68410490061    73.13593201215546     6.508791759311242     25    
53993.18410490061    79.25792086619926     6.527006971000199     25    
53993.68410490061    85.62528188184426     6.571217850321144     25    
53994.18410490061    92.20079467716543     6.485084189996761     25    
53994.68410490061    99.05374413063963     6.1533455903125525    25    
53995.18410490061    105.91595245773418    5.855374646086974     25    
53995.68410490061    112.71087868688588    5.838631362348945     25    
53996.18410490061    119.28771208400737    5.929656302699558     25    
53996.68410490061    125.32129520801875    5.971660317300186     25    
53997.18410490061    130.84540212807283    6.004869977327683     25    
53997.68410490061    135.4691207304816     6.025329576645575     25    
53998.18410490061    139.2072959464882     6.03149022543835      25    
53998.68410490061    142.1769435627488     6.042223695183842     25    
53999.18410490061    144.3224184535611     6.061929579058748     25    
53999.68410490061    145.8864649236702     6.0850000398972925    25    
54000.18410490061    146.97871827498804    6.115462782461651     25    
54000.68410490061    147.66563992273254    6.141849397270434     25    
54001.18410490061    148.1899243952463     6.1852922711097555    25    
54001.68410490061    148.4925569959812     6.207153891210118     25    
54002.18410490061    148.60379943572914    5.88923851054044      25    
54002.68410490061    148.53222250943261    5.119444192622484     25    
54003.18410490061    148.17068675398718    4.542677363630291     25    
54003.68410490061    147.51742336306793    4.52928123243138      25    
54004.18410490061    146.51483994433633    4.637626072008543     25    
54004.68410490061    145.0956311361556     4.626186581722866     25    
54005.18410490061    143.31146896254987    4.604771439195625     25    
54005.68410490061    141.18918655533193    4.580772298576064     25    
54006.18410490061    138.7393989798261     4.554533838457705     25    
54006.68410490061    136.09865690004315    4.54668137031341      25    
54007.18410490061    133.2462388210585     4.559920020766577     25    
54007.68410490061    130.30693549028987    4.56317938645417      25    
54008.18410490061    127.30227793114597    4.596778683188192     25    
54008.68410490061    124.24656332748287    4.506396159283331     25    
54009.18410490061    121.17127078160559    4.043529393044838     25    
54009.68410490061    118.05767440443738    3.416220702447986     25    
54010.18410490061    114.89593230659474    3.181384971052785     25    
54010.68410490061    111.68704712563658    3.242442088403521     25    
54011.18410490061    108.41746813289937    3.2531331293457986    25    
54011.68410490061    105.08633645704167    3.2266205964756285    25    
54012.18410490061    101.70690610172846    3.1924279453349564    25    
54012.68410490061    98.27449140296133     3.1433139685527296    25    
54013.18410490061    94.81230182355087     3.1011719662558397    25    
54013.68410490061    91.3317780727452      3.0893693251240375    25    
54014.18410490061    87.84031885714245     3.0882775367991826    25    
54014.68410490061    84.36097737431582     3.095005746385151     25    
54015.18410490061    80.89213517809938     3.095542402234822     25    
54015.68410490061    77.46837939626448     2.9209496680664735    25    
54016.18410490061    74.08373639836307     2.4993856182448098    25    
54016.68410490061    70.77584340359853     2.1597288288637717    25    
54017.18410490061    67.54535525295495     2.118727401077541     25    
54017.68410490061    64.41735423518257     2.154999498174222     25    
54018.18410490061    61.41388363077385     2.138107743675796     25    
54018.68410490061    58.530526916633384    2.1190673771524797    25    
54019.18410490061    55.780965299063595    2.0854809952846884    25    
54019.68410490061    53.16064410731532     2.0420049278928354    25    
54020.18410490061    50.65645268890362     2.0155954298271412    25    
54020.68410490061    48.270388211497384    2.0079871699684713    25    
54021.18410490061    45.9899737520416      2.0018048363962393    25    
54021.68410490061    43.81330674340182     1.995000188237627     25    
54022.18410490061    41.737166089716695    1.983732003500573     25    
54022.68410490061    39.75705123158407     1.9856170186562372    25    
54023.18410490061    37.874741023232886    1.9568604233408038    25    
54023.68410490061    36.09003499994092     1.7620020718974732    25    
54024.18410490061    34.402967753616565    1.4016730075390254    25    
54024.68410490061    32.81392130390405     1.1795986080354983    25    
54025.18410490061    31.32385632175469     1.19564578213893      25    
54025.68410490061    29.9253926845254      1.2229644027066437    25    
54026.18410490061    28.620608722866784    1.200243369367307     25    
54026.68410490061    27.397883385081116    1.1816821600960936    25    
54027.18410490061    26.25057607382186     1.1854240805796243    25    
54027.68410490061    25.175362186112885    1.1974641364456209    25    
54028.18410490061    24.158468197327565    1.2020318689154332    25    
54028.68410490061    23.202027699700913    1.2020147844781615    25    
54029.18410490061    22.294940559165777    1.189076342215403     25    
54029.68410490061    21.437923391509322    1.1615809103988255    25    
54030.18410490061    20.62780193399354     1.1290602001316807    25    
54030.68410490061    19.8643164193781      1.0879328591849615    25    
54031.18410490061    19.14516314656499     1.0545070705398603    25    
54031.68410490061    18.46908046049493     1.0530649465783017    25    
54032.18410490061    17.834502060408983    1.0632685835831084    25    
54032.68410490061    17.237218843803124    1.0521918461661008    25    
54033.18410490061    16.677475760493817    1.028295841943806     25    
54033.68410490061    16.14695566760691     1.01537412624538      25    
54034.18410490061    15.646911637785054    1.0145437310230065    25    
54034.68410490061    15.169490459927282    1.0179120552735754    25    
54035.18410490061    14.71319475282273     1.0271242880301723    25    
54035.68410490061    14.276250307463618    1.033001249095785     25    
54036.18410490061    13.855044863787594    1.0371857823847512    25    
54036.68410490061    13.452016168297376    1.023513436221848     25    
54037.18410490061    13.069354160392743    0.928488875295036     25    
54037.68410490061    12.706844479605198    0.7497703962640828    25    
54038.18410490061    12.36805778087523     0.6388008997243717    25    
54038.68410490061    12.052933759331227    0.6475260831227173    25    
54039.18410490061    11.761636214543836    0.661739751434703     25    
54039.68410490061    11.495682639866807    0.646154262174265     25    
54040.18410490061    11.250941566765851    0.6331007583526139    25    
54040.68410490061    11.025226315690848    0.6359415828381001    25    
54041.18410490061    10.8174370918362      0.6470115490875233    25    
54041.68410490061    10.622730704684017    0.6616454609386911    25    
54042.18410490061    10.44182887763723     0.6794006828016156    25    
54042.68410490061    10.270290822999776    0.6824393180711585    25    
54043.18410490061    10.10834408102042     0.6688549920252155    25    
54043.68410490061    9.954676986563008     0.6529535476138768    25    
54044.18410490061    9.80909155454011      0.63823439881403      25    
54044.68410490061    9.670796379811717     0.6240661968032435    25    
54045.18410490061    9.539036645357312     0.6116938900969475    25    
54045.68410490061    9.413693200811583     0.6017528634000618    25    
54046.18410490061    9.293664215696598     0.5984857197261079    25    
54046.68410490061    9.179138620946555     0.6006609103037446    25    
54047.18410490061    9.069535541347202     0.5987294332887794    25    
54047.68410490061    8.96492681012927      0.5919220110743025    25    
54048.18410490061    8.86485404076302      0.5848336153338215    25    
54048.68410490061    8.769281206963532     0.578124289370913     25    
54049.18410490061    8.677906152445109     0.5727205984321371    25    
54049.68410490061    8.590473106394002     0.5705497763366728    25    
54050.18410490061    8.506906337100034     0.5704205296331628    25    
54050.68410490061    8.426762992498372     0.5700009824572937    25    
54051.18410490061    8.350103590860577     0.5700684140925223    25    
54051.68410490061    8.276411349354284     0.5775429881260928    25    
54052.18410490061    8.205758397804397     0.5932130736912574    25    
54052.68410490061    8.137678661039416     0.6098967839308017    25    
54053.18410490061    8.072131242009164     0.6150938521897991    25    
54053.68410490061    8.008819892360526     0.6399533505503325    25    
54054.18410490061    7.947482607552558     0.6921264163029675    25    