53289.34670290884    951.5396630505807     170.943341755596      25    
53289.84670290884    1143.0511130662305    171.15545058441847    25    
53290.34670290884    1350.2211849650955    172.46749207448897    25    
53290.84670290884    1572.5384201641718    177.53053499444286    25    
53291.34670290884    1809.6084870123616    182.74769441923294    25    
53291.84670290884    2060.8637328726813    184.2468514891004     25    
53292.34670290884    2325.9641246184374    184.43690204254298    25    
53292.84670290884    2604.2896066178123    185.06456747793166    25    
53293.34670290884    2895.5506532093746    185.6014990752429     25    
53293.84670290884    3199.0785968256264    186.00253606899793    25    
53294.34670290884    3514.630628211231     186.30748140625357    25    
53294.84670290884    3841.4932589221717    186.52896883919587    25    
53295.34670290884    4179.466605050065     186.74674450014018    25    
53295.84670290884    4528.137526569849     186.32297473679094    25    
53296.34670290884    4886.629730946887     186.95307300340465    25    
53296.84670290884    5254.880401156049     194.273202762381      25    
53297.34670290884    5628.25181057004      204.1540310023519     25    
53297.84670290884    5994.795787427651     208.46515767664397    25    
53298.34670290884    6351.5374013807195    209.8848752653781     25    
53298.84670290884    6680.463197763067     211.58312137119432    25    
53299.34670290884    6980.966603687887     212.95731110671358    25    
53299.84670290884    7234.391753476514     213.41333612716699    25    
53300.34670290884    7444.831829646463     213.2963384464883     25    
53300.84670290884    7616.559468361325     214.24396797646318    25    
53301.34670290884    7751.512716784905     215.94791750628667    25    
53301.84670290884    7865.226014411215     218.10689345031358    25    
53302.34670290884    7957.583936290776     220.50278723931905    25    
53302.84670290884    8043.810854394382     221.83136366850584    25    
53303.34670290884    8122.464493472483     221.65331995337445    25    
53303.84670290884    8193.058744165775     209.7130983232116     25    
53304.34670290884    8255.184599234919     185.50683230582948    25    
53304.84670290884    8300.26406121588      174.65395157355948    25    
53305.34670290884    8328.485031860335     178.48886831078406    25    
53305.84670290884    8331.937087899845     179.9969901677954     25    
53306.34670290884    8310.618659441598     179.29086684076614    25    
53306.84670290884    8267.21960946227      178.42432017761715    25    
53307.34670290884    8201.408005983425     177.359045651197      25    
53307.84670290884    8121.615269896747     177.61806072184518    25    
53308.34670290884    8027.766304952735     179.4728357348804     25    
53308.84670290884    7927.535705034231     179.98072138653927    25    
53309.34670290884    7821.549620874031     178.77792467897712    25    
53309.84670290884    7710.8701830567425    177.3622094087684     25    
53310.34670290884    7596.056402423295     175.75960860535437    25    
53310.84670290884    7474.381650069376     175.02112609153397    25    
53311.34670290884    7345.752284517799     175.5855987283215     25    
53311.84670290884    7208.068708109134     175.68332827824293    25    
53312.34670290884    7060.613215821799     174.9411453707996     25    
53312.84670290884    6904.874326543195     173.73648872862316    25    
53313.34670290884    6740.439073391218     171.80984013274903    25    
53313.84670290884    6570.920639705384     170.77890873057285    25    
53314.34670290884    6396.712315124741     171.54416262918372    25    
53314.84670290884    6220.923437702185     172.13693385637296    25    
53315.34670290884    6044.271192515742     173.56266204426484    25    
53315.84670290884    5868.891528115417     168.67369578898598    25    
53316.34670290884    5695.467169879363     149.0771248215747     25    
53316.84670290884    5525.48743299038      131.57954331038866    25    
53317.34670290884    5359.445811622952     130.57186980261622    25    
53317.84670290884    5198.806022581939     132.6619263400212     25    
53318.34670290884    5044.4522610054155    132.18933915849925    25    
53318.84670290884    4896.593262894614     131.2335802687105     25    
53319.34670290884    4755.781387008138     129.17293183230683    25    
53319.84670290884    4621.414806151668     127.452235452089      25    
53320.34670290884    4493.316544756489     127.46974159949103    25    
53320.84670290884    4371.149799270009     127.81976338916745    25    
53321.34670290884    4254.714671962422     127.68530577462488    25    
53321.84670290884    4143.588324576199     127.21588617050308    25    
53322.34670290884    4037.4505157963654    126.94438075508401    25    
53322.84670290884    3935.8367392404716    124.94425924620647    25    
53323.34670290884    3838.234153614168     116.94843973270372    25    
53323.84670290884    3744.2759039042317    108.01212180129254    25    
53324.34670290884    3653.3746665983494    106.58068029608482    25    
53324.84670290884    3565.2573641708927    107.78005747618128    25    
53325.34670290884    3479.3299849498117    106.5419356911499     25    
53325.84670290884    3395.3898947533958    105.18947621740885    25    
53326.34670290884    3312.8706764392173    105.82478925064044    25    
53326.84670290884    3231.5978143882407    107.14224587603643    25    
53327.34670290884    3150.8329644420987    107.6195422228251     25    
53327.84670290884    3070.7771014867367    107.43335574134059    25    
53328.34670290884    2991.2606139801514    106.07341880795708    25    
53328.84670290884    2912.6986614481543    103.55411108402679    25    
53329.34670290884    2836.001891503436     98.85322846106244     25    
53329.84670290884    2761.316319727473     93.17974213548769     25    
53330.34670290884    2689.8021346976398    91.87352873480086     25    
53330.84670290884    2621.255579377516     93.0672475006365      25    
53331.34670290884    2555.987360520956     91.97183398142819     25    
53331.84670290884    2493.623624165002     89.80642929942552     25    
53332.34670290884    2432.812710615071     89.11380509811913     25    
53332.84670290884    2373.480944360436     89.44055756606186     25    
53333.34670290884    2314.0359421972735    90.11519974747443     25    
53333.84670290884    2254.6149068372006    91.02065474082019     25    
53334.34670290884    2194.5492818441085    91.21775627558213     25    
53334.84670290884    2134.0402217699984    90.41394881550231     25    
53335.34670290884    2074.3078949252476    82.8274855031402      25    
53335.84670290884    2015.3518266444507    67.70287009059895     25    
53336.34670290884    1958.5509864154935    60.15901457653512     25    
53336.84670290884    1903.8546567259011    61.762851880600664    25    
53337.34670290884    1852.0123102809082    61.57281974988039     25    
53337.84670290884    1803.0026093083382    59.81831443468381     25    
53338.34670290884    1756.23666067928      59.11166881120621     25    
53338.84670290884    1711.7295006102495    59.514503787886355    25    
53339.34670290884    1668.8246211403978    60.45606382943518     25    
53339.84670290884    1627.5173579896184    61.99111683317412     25    
53340.34670290884    1587.4360627721649    62.24419983533127     25    
53340.84670290884    1548.5332121781032    61.01331781198152     25    
53341.34670290884    1511.0550534322467    59.63645408700552     25    
53341.84670290884    1474.9933663823363    58.476214777072606    25    
53342.34670290884    1440.6139515927864    54.60291860169298     25    
53342.84670290884    1407.9403344805505    45.907027824766075    25    
53343.34670290884    1377.0908072558188    39.72476890786996     25    
53343.84670290884    1348.1231346601892    39.90595268422103     25    
53344.34670290884    1320.8245330379175    40.330157189423055    25    
53344.84670290884    1295.192649176906     39.75116870629581     25    
53345.34670290884    1271.0160119638288    39.14790709874153     25    
53345.84670290884    1248.2744225392933    38.53738874575278     25    
53346.34670290884    1226.7705236436634    38.11626211917773     25    
53346.84670290884    1206.4769131037592    37.976911091893875    25    
53347.34670290884    1187.2038854069772    37.99186897432072     25    
53347.84670290884    1168.9159381998602    37.54946024678823     25    
53348.34670290884    1151.431914583327     39.19463832579199     25    
53348.84670290884    1134.7073151571512    44.68237819269195     25    
53349.34670290884    1118.5704285022657    48.960016565654016    25    
53349.84670290884    1102.9668613051863    49.668128107422795    25    
53350.34670290884    1087.7352444933504    51.08358996040337     25    