55943.678129881526    2.9430930438713703    0.755118388533407      25    
55944.178129881526    3.406997005386119     0.7496204903812927     25    
55944.678129881526    3.9027922355551055    0.7498267156644136     25    
55945.178129881526    4.42926559527593      0.7954820025649331     25    
55945.678129881526    4.986814057302899     0.8928118532544216     25    
55946.178129881526    5.574492557215418     0.975527294141937      25    
55946.678129881526    6.191642388989704     1.0032204933597173     25    
55947.178129881526    6.83849989434959      1.0015237969842337     25    
55947.678129881526    7.513761110490481     1.0004596257387237     25    
55948.178129881526    8.217586675527196     1.0053875117944928     25    
55948.678129881526    8.949417767040691     1.010177306933227      25    
55949.178129881526    9.708236780623194     1.0147119146756063     25    
55949.678129881526    10.494461705402902    1.019047094020099      25    
55950.178129881526    11.306930925890716    1.023390192712187      25    
55950.678129881526    12.145341901787917    1.027675834759343      25    
55951.178129881526    13.009630729131334    1.0321384671387002     25    
55951.678129881526    13.898791748129922    1.0383525217609355     25    
55952.178129881526    14.814620569148818    1.0511584734415462     25    
55952.678129881526    15.751877712761965    1.055688440194234      25    
55953.178129881526    16.713222737212096    1.0314060603403807     25    
55953.678129881526    17.69782641841031     0.9845538915932378     25    
55954.178129881526    18.661991524217573    0.9567734454671093     25    
55954.678129881526    19.612880251461       0.9684938073352125     25    
55955.178129881526    20.52662916281183     0.9946882590104412     25    
55955.678129881526    21.354001673902108    1.0124448398796473     25    
55956.178129881526    22.112730270389328    1.0263060377290354     25    
55956.678129881526    22.761369413257658    1.037102714253287      25    
55957.178129881526    23.2676914017842      1.0425238255239109     25    
55957.678129881526    23.651854475714394    1.0446324620065064     25    
55958.178129881526    23.928959217589547    1.049418929391975      25    
55958.678129881526    24.086129401529007    1.0575366344464525     25    
55959.178129881526    24.156938047082214    1.0666081011120636     25    
55959.678129881526    24.172380545683207    1.0764840684877424     25    
55960.178129881526    24.11978471412456     1.0875349523671347     25    
55960.678129881526    24.040859102031746    1.092244164572046      25    
55961.178129881526    23.94840206704799     1.0916365830295727     25    
55961.678129881526    23.833571422324255    1.0818676361225168     25    
55962.178129881526    23.702016554886367    1.0483197516971314     25    
55962.678129881526    23.556264582798658    0.9811951308634872     25    
55963.178129881526    23.381459708986643    0.9197144145103537     25    
55963.678129881526    23.170739007738202    0.9045123123005855     25    
55964.178129881526    22.92617666748357     0.9158271125067049     25    
55964.678129881526    22.63351841933677     0.9199083324212056     25    
55965.178129881526    22.288137602199438    0.9123693192353577     25    
55965.678129881526    21.90018773621734     0.901929366497241      25    
55966.178129881526    21.475019031716727    0.8908775228428236     25    
55966.678129881526    21.00884896509255     0.8779785584903458     25    
55967.178129881526    20.525873352322424    0.8691742294144486     25    
55967.678129881526    20.029214111640826    0.8701003885141341     25    
55968.178129881526    19.522456748233413    0.8744643251973375     25    
55968.678129881526    19.028391512509778    0.873160848922558      25    
55969.178129881526    18.544216148612268    0.8700913565556112     25    
55969.678129881526    18.070432345594355    0.8546606113451929     25    
55970.178129881526    17.6116422313656      0.8076602629181773     25    
55970.678129881526    17.165275629970914    0.734889564109588      25    
55971.178129881526    16.72204417247483     0.6825026727289595     25    
55971.678129881526    16.2831443371134      0.6735208448549399     25    
55972.178129881526    15.84467774904475     0.6800526774297985     25    
55972.678129881526    15.399027727245238    0.6762822746972772     25    
55973.178129881526    14.94818765298386     0.668558814291055      25    
55973.678129881526    14.491956378313882    0.6588380599790854     25    
55974.178129881526    14.028536523147748    0.6449168124799327     25    
55974.678129881526    13.560102042494265    0.6295160655264471     25    
55975.178129881526    13.091519011033554    0.621050168077605      25    
55975.678129881526    12.621296441495925    0.621753529128391      25    
55976.178129881526    12.152994197585823    0.6235258375027721     25    
55976.678129881526    11.689694448048748    0.6227833850769418     25    
55977.178129881526    11.230187287519737    0.6208360088410237     25    
55977.678129881526    10.778490500145352    0.6027163657747301     25    
55978.178129881526    10.334584466775262    0.5508505910919874     25    
55978.678129881526    9.899413518190743     0.48628509794665203    25    
55979.178129881526    9.475531106325448     0.45236170193067       25    
55979.678129881526    9.061937899223674     0.45079250166987694    25    
55980.178129881526    8.66120804671769      0.45471235054093745    25    
55980.678129881526    8.27467628559897      0.451048624330827      25    
55981.178129881526    7.901771979292191     0.4467113862963738     25    
55981.678129881526    7.5437213375018946    0.4383624383337367     25    
55982.178129881526    7.200702419159101     0.42336007982658574    25    
55982.678129881526    6.872111836490215     0.4081865108090422     25    
55983.178129881526    6.557639651971351     0.40035068719249767    25    
55983.678129881526    6.257416754909916     0.3977179366715838     25    
55984.178129881526    5.9708661607034035    0.39575781994150544    25    
55984.678129881526    5.698022216912356     0.39386818968684884    25    
55985.178129881526    5.438659141520594     0.3918699581686132     25    
55985.678129881526    5.1921905145009815    0.3881807569393514     25    
55986.178129881526    4.958861360261927     0.3844367416465037     25    
55986.678129881526    4.738009926450199     0.37393511011446906    25    
55987.178129881526    4.529345089598491     0.34554551831216224    25    
55987.678129881526    4.332921224881488     0.3037078434034656     25    
55988.178129881526    4.147932287947075     0.27562222029206235    25    
55988.678129881526    3.9749228237555396    0.2747964410240603     25    
55989.178129881526    3.812530656929019     0.2813985254567169     25    
55989.678129881526    3.6595519567455375    0.27696982715283114    25    
55990.178129881526    3.516625719943319     0.2663900291224322     25    
55990.678129881526    3.3803441171654156    0.2582622684968697     25    
55991.178129881526    3.250428353172857     0.2572182904888104     25    
55991.678129881526    3.1261772813744044    0.2591181172999238     25    
55992.178129881526    3.004192544434988     0.25990933588743925    25    
55992.678129881526    2.8848795819989386    0.26061223408244594    25    
55993.178129881526    2.768385748534663     0.25934521021451457    25    
55993.678129881526    2.653667932667772     0.25353088963110093    25    
55994.178129881526    2.5414836703126875    0.24432174820186275    25    
55994.678129881526    2.435827206267561     0.23495034599695788    25    
55995.178129881526    2.3359970424435836    0.224593272677577      25    
55995.678129881526    2.2440189418066065    0.2154164033311212     25    
55996.178129881526    2.1635266113615375    0.21259291151342827    25    
55996.678129881526    2.0935850102838542    0.2159521845295691     25    
55997.178129881526    2.0337424361110887    0.21764225508444332    25    
55997.678129881526    1.9857765704089365    0.21231302103554714    25    
55998.178129881526    1.9470847150807307    0.20471058287415778    25    
55998.678129881526    1.9114349179398533    0.20219540266179836    25    
55999.178129881526    1.8809100373009708    0.20553943143940884    25    
55999.678129881526    1.850448128985059     0.2105277816975805     25    
56000.178129881526    1.8154050374279282    0.21541391334358848    25    
56000.678129881526    1.7776713873047751    0.22077402685742076    25    
56001.178129881526    1.7347367780492038    0.22215811538740995    25    
56001.678129881526    1.684452177750104     0.21878163857698096    25    
56002.178129881526    1.6305764247847505    0.21126546102047547    25    
56002.678129881526    1.5770890377574707    0.19745152204540092    25    
56003.178129881526    1.5222561279968694    0.1740828665832494     25    
56003.678129881526    1.4711876060755162    0.1530216646061952     25    
56004.178129881526    1.4262629711478783    0.14782727844875304    25    
56004.678129881526    1.3865145062292976    0.15144117013839495    25    
56005.178129881526    1.354604493802904     0.15190726685233968    25    
56005.678129881526    1.3315827435511434    0.14759836852265484    25    
56006.178129881526    1.3140678668961254    0.14474187685592219    25    
56006.678129881526    1.2999329365249037    0.1485570875344758     25    
56007.178129881526    1.2900604140196       0.15686799693965695    25    
56007.678129881526    1.2800800546374662    0.16516857556808498    25    
56008.178129881526    1.2695284563738864    0.17436291695831937    25    
56008.678129881526    1.25807412961913      0.18189982803463667    25    
56009.178129881526    1.243215324987712     0.18220231783443436    25    
56009.678129881526    1.225087979801173     0.17533483843832584    25    
56010.178129881526    1.2053200328762115    0.16624916497102238    25    
56010.678129881526    1.1843110847099962    0.15729482222203642    25    
56011.178129881526    1.1621058680553928    0.1473801301821382     25    
56011.678129881526    1.1407110071159077    0.1399352830459168     25    
56012.178129881526    1.119866288252036     0.13602017388107224    25    
56012.678129881526    1.100219979949808     0.1342363770233152     25    
56013.178129881526    1.082904764180909     0.1339470230389542     25    
56013.678129881526    1.0675679312404913    0.13557049629121284    25    
56014.178129881526    1.053882662111662     0.13630627071924445    25    
56014.678129881526    1.0419066853574053    0.13490553668006605    25    
56015.178129881526    1.0314633194753402    0.13251482694670613    25    
56015.678129881526    1.022109169594516     0.12988397345179625    25    
56016.178129881526    1.0140033197163951    0.1267010619259187     25    
56016.678129881526    1.0067589223851565    0.12366897369293503    25    
56017.178129881526    1.000161640753347     0.12144595270071312    25    
56017.678129881526    0.9942737900281544    0.11975549255026727    25    
56018.178129881526    0.9885983824795936    0.11850695242929468    25    
56018.678129881526    0.9832245455776406    0.11719128248522712    25    
56019.178129881526    0.9779025662821688    0.11700318539052458    25    
56019.678129881526    0.9722712889270169    0.11940696824345638    25    
56020.178129881526    0.9664823540568861    0.1238917790407238     25    
56020.678129881526    0.9600741184679258    0.12989398017155152    25    
56021.178129881526    0.9529756967420857    0.13374253316665144    25    
56021.678129881526    0.9451195361805689    0.14057299018076103    25    
56022.178129881526    0.9360426942311628    0.15890592476443416    25    