#Date  :
#Flux  :
#Fluxerr  :
#ZP  :
#end  :
@INSTRUMENT  PS
@BAND  PS_i
@MAGSYS  AB
54741.1477625  0.0  1.146379701715555  25.0
54746.134107499995  0.0  1.146379701715555  25.0
54751.12045249999  0.0  1.146379701715555  25.0
54756.10679749999  0.0  1.146379701715555  25.0
54761.09314249999  0.0  1.146379701715555  25.0
54766.079487499985  0.0  1.146379701715555  25.0
54771.06583249998  0.0  1.146379701715555  25.0
54776.05217749998  0.0  1.146379701715555  25.0
54781.03852249998  0.0  1.146379701715555  25.0
54786.024867499975  0.0  1.146379701715555  25.0
54791.01121249997  0.0  1.146379701715555  25.0
54795.99755749997  0.0  1.146379701715555  25.0
54800.98390249997  0.0  1.146379701715555  25.0
54805.970247499965  0.0  1.146379701715555  25.0
54810.95659249996  0.0  1.146379701715555  25.0
54815.94293749996  0.0  1.146379701715555  25.0
54820.92928249996  0.0  1.146379701715555  25.0
54825.915627499955  0.0  1.146379701715555  25.0
54830.90197249995  0.0  1.146379701715555  25.0
54835.88831749995  0.0  1.146379701715555  25.0
54840.87466249995  0.0  1.146379701715555  25.0
54845.861007499945  0.0  1.146379701715555  25.0
54850.84735249994  0.0  1.146379701715555  25.0
54855.83369749994  0.0  1.146379701715555  25.0
54860.82004249994  0.0  1.146379701715555  25.0
54865.806387499935  0.0  1.146379701715555  25.0
54870.79273249993  0.0  1.146379701715555  25.0
54875.77907749993  0.0  1.146379701715555  25.0
54880.76542249993  0.0  1.146379701715555  25.0
54885.751767499925  0.0  1.146379701715555  25.0
54890.73811249992  0.0  1.146379701715555  25.0
54895.72445749992  0.0  1.146379701715555  25.0
54900.71080249992  0.0  1.146379701715555  25.0
54905.697147499915  0.0  1.146379701715555  25.0
54910.68349249991  0.0  1.146379701715555  25.0
54915.66983749991  0.0  1.146379701715555  25.0
54920.65618249991  0.0  1.146379701715555  25.0
54925.642527499906  0.0  1.146379701715555  25.0
54930.6288724999  0.0  1.146379701715555  25.0
54935.6152174999  0.0  1.146379701715555  25.0
54940.6015624999  0.0  1.146379701715555  25.0
54945.587907499896  0.0  1.146379701715555  25.0
54950.57425249989  0.0  1.146379701715555  25.0
54955.56059749989  0.0  1.146379701715555  25.0
54960.54694249989  0.0  1.146379701715555  25.0
54965.533287499886  0.0  1.146379701715555  25.0
54970.51963249988  0.0  1.146379701715555  25.0
54975.50597749988  0.0  1.146379701715555  25.0
54980.49232249988  0.0  1.146379701715555  25.0
54985.478667499876  0.0  1.146379701715555  25.0
54990.46501249987  0.0  1.146379701715555  25.0
54995.45135749987  0.0  1.146379701715555  25.0
55000.43770249987  0.0  1.146379701715555  25.0
55005.424047499866  0.0  1.146379701715555  25.0
55010.41039249986  0.0  1.146379701715555  25.0
55015.39673749986  0.0  1.146379701715555  25.0
55020.38308249986  0.0  1.146379701715555  25.0
55025.369427499856  0.0  1.146379701715555  25.0
55030.35577249985  0.0  1.146379701715555  25.0
55035.34211749985  0.0  1.146379701715555  25.0
55040.32846249985  0.0  1.146379701715555  25.0
55045.314807499846  0.0  1.146379701715555  25.0
55050.301152499844  0.0  1.146379701715555  25.0
55055.28749749984  0.0  1.146379701715555  25.0
55060.27384249984  0.0  1.146379701715555  25.0
55065.260187499836  0.0  1.146379701715555  25.0
55070.246532499834  0.0  1.146379701715555  25.0
55075.23287749983  0.0  1.146379701715555  25.0
55080.21922249983  0.0  1.146379701715555  25.0
55085.20556749983  0.0  1.146379701715555  25.0
55090.191912499824  0.0  1.146379701715555  25.0
55095.17825749982  0.0  1.146379701715555  25.0
55100.16460249982  0.0  1.146379701715555  25.0
55105.15094749982  0.0  1.146379701715555  25.0
55110.137292499814  0.0  1.146379701715555  25.0
55115.12363749981  0.0  1.146379701715555  25.0
55120.10998249981  0.0  1.146379701715555  25.0
55125.09632749981  0.0  1.146379701715555  25.0
55130.082672499804  0.0  1.146379701715555  25.0
55135.0690174998  0.0  1.146379701715555  25.0
55140.0553624998  0.0  1.146379701715555  25.0
55145.0417074998  0.0  1.146379701715555  25.0
55150.028052499794  0.0  1.146379701715555  25.0
55155.01439749979  0.0  1.146379701715555  25.0
55160.00074249979  0.0  1.146379701715555  25.0
55164.98708749979  0.0  1.146379701715555  25.0
55169.973432499784  0.0  1.146379701715555  25.0
55174.95977749978  0.0  1.146379701715555  25.0
55179.94612249978  0.0  1.146379701715555  25.0
55184.93246749978  0.0  1.146379701715555  25.0
55189.918812499775  0.0  1.146379701715555  25.0
55194.90515749977  0.0  1.146379701715555  25.0
55199.89150249977  0.0  1.146379701715555  25.0
55204.87784749977  0.0  1.146379701715555  25.0
55209.864192499765  0.0  1.146379701715555  25.0
55214.85053749976  0.0  1.146379701715555  25.0
55219.83688249976  0.0  1.146379701715555  25.0
55224.82322749976  0.0  1.146379701715555  25.0
55229.809572499755  0.0  1.146379701715555  25.0
55234.79591749975  0.0  1.146379701715555  25.0
55239.78226249975  0.0  1.146379701715555  25.0
55244.76860749975  0.0  1.146379701715555  25.0
55249.754952499745  0.0  1.146379701715555  25.0
55254.74129749974  0.0  1.146379701715555  25.0
55259.72764249974  0.0  1.146379701715555  25.0
55264.71398749974  0.0  1.146379701715555  25.0
55269.700332499735  0.0  1.146379701715555  25.0
55274.68667749973  0.0  1.146379701715555  25.0
55279.67302249973  0.0  1.146379701715555  25.0
55284.65936749973  0.0  1.146379701715555  25.0
55289.645712499725  0.0  1.146379701715555  25.0
55294.63205749972  0.0  1.146379701715555  25.0
55299.61840249972  0.0  1.146379701715555  25.0
55304.60474749972  0.0  1.146379701715555  25.0
55309.591092499715  0.0  1.146379701715555  25.0
55314.57743749971  0.0  1.146379701715555  25.0
55319.56378249971  0.0  1.146379701715555  25.0
55324.55012749971  0.0  1.146379701715555  25.0
55329.536472499705  0.0  1.146379701715555  25.0
55334.5228174997  0.0  1.146379701715555  25.0
55339.5091624997  0.0  1.146379701715555  25.0
55344.4955074997  0.0  1.146379701715555  25.0
55349.481852499695  0.0  1.146379701715555  25.0
55354.46819749969  0.0  1.146379701715555  25.0
55359.45454249969  0.0  1.146379701715555  25.0
55364.44088749969  0.0  1.146379701715555  25.0
55369.427232499685  0.0  1.146379701715555  25.0
55374.41357749968  0.0  1.146379701715555  25.0
55379.39992249968  0.0  1.146379701715555  25.0
55384.38626749968  0.0  1.146379701715555  25.0
55389.372612499676  0.0  1.146379701715555  25.0
55394.35895749967  0.0  1.146379701715555  25.0
55399.34530249967  0.0  1.146379701715555  25.0
55404.33164749967  0.0  1.146379701715555  25.0
55409.317992499666  0.0  1.146379701715555  25.0
55414.30433749966  0.0  1.146379701715555  25.0
55419.29068249966  0.0  1.146379701715555  25.0
55424.27702749966  0.0  1.146379701715555  25.0
55429.263372499656  0.0  1.146379701715555  25.0
55434.24971749965  0.0  1.146379701715555  25.0
55439.23606249965  0.0  1.146379701715555  25.0
55444.22240749965  0.0  1.146379701715555  25.0
55449.208752499646  0.0  1.146379701715555  25.0
55454.19509749964  0.0  1.146379701715555  25.0
55459.18144249964  0.0  1.146379701715555  25.0
55464.16778749964  0.0  1.146379701715555  25.0
55469.154132499636  0.0  1.146379701715555  25.0
55474.14047749963  0.0  1.146379701715555  25.0
55479.12682249963  0.0  1.146379701715555  25.0
55484.11316749963  0.0  1.146379701715555  25.0
55489.099512499626  0.0  1.146379701715555  25.0
55494.085857499624  0.0  1.146379701715555  25.0
55499.07220249962  0.0  1.146379701715555  25.0
55504.05854749962  0.0  1.146379701715555  25.0
55509.044892499616  0.0  1.146379701715555  25.0
55514.031237499614  0.0  1.146379701715555  25.0
55519.01758249961  0.0  1.146379701715555  25.0
55524.00392749961  0.0  1.146379701715555  25.0
55528.99027249961  0.0  1.146379701715555  25.0
55533.976617499604  0.0  1.146379701715555  25.0
55538.9629624996  0.0  1.146379701715555  25.0
55543.9493074996  0.0  1.146379701715555  25.0
55548.9356524996  0.0  1.146379701715555  25.0
55553.921997499594  0.0  1.146379701715555  25.0
55558.90834249959  0.0  1.146379701715555  25.0
55563.89468749959  0.0  1.146379701715555  25.0
55568.88103249959  0.0  1.146379701715555  25.0
55573.867377499584  0.0  1.146379701715555  25.0
55578.85372249958  0.0  1.146379701715555  25.0
55583.84006749958  0.0  1.146379701715555  25.0
55588.82641249958  0.0  1.146379701715555  25.0
55593.812757499574  0.0  1.146379701715555  25.0
55598.79910249957  0.0  1.146379701715555  25.0
55603.78544749957  0.0  1.146379701715555  25.0
55608.77179249957  0.0  1.146379701715555  25.0
55613.758137499564  0.0  1.146379701715555  25.0
55618.74448249956  0.0  1.146379701715555  25.0
55623.73082749956  0.0  1.146379701715555  25.0
55628.71717249956  0.0  1.146379701715555  25.0
55633.703517499554  0.0  1.146379701715555  25.0
55638.68986249955  0.0  1.146379701715555  25.0
55643.67620749955  0.0  1.146379701715555  25.0
55648.66255249955  0.0  1.146379701715555  25.0
55653.648897499545  0.0  1.146379701715555  25.0
55658.63524249954  0.0  1.146379701715555  25.0
55663.62158749954  0.0  1.146379701715555  25.0
55668.60793249954  0.0  1.146379701715555  25.0
55673.594277499535  0.0  1.146379701715555  25.0
55678.58062249953  0.0  1.146379701715555  25.0
55683.56696749953  0.0  1.146379701715555  25.0
55688.55331249953  0.0  1.146379701715555  25.0
55693.539657499525  0.0  1.146379701715555  25.0
55698.52600249952  0.0  1.146379701715555  25.0
55703.51234749952  0.0  1.146379701715555  25.0
55708.49869249952  0.0  1.146379701715555  25.0
55713.485037499515  0.0  1.146379701715555  25.0
55718.47138249951  0.0  1.146379701715555  25.0
55723.45772749951  0.0  1.146379701715555  25.0
55728.44407249951  0.0  1.146379701715555  25.0
55733.430417499505  0.0  1.146379701715555  25.0
55738.4167624995  0.0  1.146379701715555  25.0
55743.4031074995  0.0  1.146379701715555  25.0
55748.3894524995  0.0  1.146379701715555  25.0
55753.375797499495  0.0  1.146379701715555  25.0
55758.36214249949  0.0  1.146379701715555  25.0
55763.34848749949  0.0  1.146379701715555  25.0
55768.33483249949  0.0  1.146379701715555  25.0
55773.321177499485  0.0  1.146379701715555  25.0
55778.30752249948  0.0  1.146379701715555  25.0
55783.29386749948  0.0  1.146379701715555  25.0
55788.28021249948  0.0  1.146379701715555  25.0
55793.266557499475  0.0  1.146379701715555  25.0
55798.25290249947  0.0  1.146379701715555  25.0
55803.23924749947  0.0  1.146379701715555  25.0
55808.22559249947  0.0  1.146379701715555  25.0
55813.211937499465  0.0  1.146379701715555  25.0
55818.19828249946  0.0  1.146379701715555  25.0
55823.18462749946  0.0  1.146379701715555  25.0
55828.17097249946  0.0  1.146379701715555  25.0
55833.157317499456  0.0  1.146379701715555  25.0
55838.14366249945  0.0  1.146379701715555  25.0
55843.13000749945  0.0  1.146379701715555  25.0
55848.11635249945  0.0  1.146379701715555  25.0
55853.102697499446  0.0  1.146379701715555  25.0
55858.08904249944  0.0  1.146379701715555  25.0
55863.07538749944  0.0  1.146379701715555  25.0
55868.06173249944  0.0  1.146379701715555  25.0
55873.048077499436  0.0  1.146379701715555  25.0
55878.03442249943  0.0  1.146379701715555  25.0
55883.02076749943  0.0  1.146379701715555  25.0
55888.00711249943  0.0  1.146379701715555  25.0
55892.993457499426  0.0  1.146379701715555  25.0
55897.97980249942  0.0  1.146379701715555  25.0
55902.96614749942  0.0  1.146379701715555  25.0
55907.95249249942  0.0  1.146379701715555  25.0
55912.938837499416  0.0  1.146379701715555  25.0
55917.92518249941  0.0  1.146379701715555  25.0
55922.91152749941  0.0  1.146379701715555  25.0
55927.89787249941  0.0  1.146379701715555  25.0
55932.884217499406  0.0  1.146379701715555  25.0
55937.8705624994  0.0  1.146379701715555  25.0
55942.8569074994  0.0  1.146379701715555  25.0
55947.8432524994  0.0  1.146379701715555  25.0
55952.829597499396  0.0  1.146379701715555  25.0
55957.815942499394  0.0  1.146379701715555  25.0
55962.80228749939  0.0  1.146379701715555  25.0
55967.78863249939  0.0  1.146379701715555  25.0
55972.774977499386  0.0  1.146379701715555  25.0
55977.761322499384  0.0  1.146379701715555  25.0
55982.74766749938  0.0  1.146379701715555  25.0
55987.73401249938  0.0  1.146379701715555  25.0
55992.72035749938  0.0  1.146379701715555  25.0
55997.706702499374  0.0  1.146379701715555  25.0
56002.69304749937  0.0  1.146379701715555  25.0
56007.67939249937  0.0  1.146379701715555  25.0
56012.66573749937  0.0  1.146379701715555  25.0
56017.652082499364  0.0  1.146379701715555  25.0
56022.63842749936  0.0  1.146379701715555  25.0
56027.62477249936  0.0  1.146379701715555  25.0
56032.61111749936  0.0  1.146379701715555  25.0
56037.597462499354  0.0  1.146379701715555  25.0
56042.58380749935  0.0  1.146379701715555  25.0
56047.57015249935  0.0  1.146379701715555  25.0
56052.55649749935  0.0  1.146379701715555  25.0
56057.542842499344  0.0  1.146379701715555  25.0
56062.52918749934  0.0  1.146379701715555  25.0
56067.51553249934  0.0  1.146379701715555  25.0
56072.50187749934  0.0  1.146379701715555  25.0
56077.488222499334  0.0  1.146379701715555  25.0
56082.47456749933  0.0  1.146379701715555  25.0
56087.46091249933  0.0  1.146379701715555  25.0
56092.44725749933  0.0  1.146379701715555  25.0
56097.433602499324  0.0  1.146379701715555  25.0
56102.41994749932  0.0  1.146379701715555  25.0
56107.40629249932  0.0  1.146379701715555  25.0
56112.39263749932  0.0  1.146379701715555  25.0
56117.378982499315  0.0  1.146379701715555  25.0
56122.36532749931  0.0  1.146379701715555  25.0
56127.35167249931  0.0  1.146379701715555  25.0
56132.33801749931  0.0  1.146379701715555  25.0
56137.324362499305  0.0  1.146379701715555  25.0
56142.3107074993  0.0  1.146379701715555  25.0
56147.2970524993  0.0  1.146379701715555  25.0
56152.2833974993  0.0  1.146379701715555  25.0
56157.269742499295  0.0  1.146379701715555  25.0
56162.25608749929  0.0  1.146379701715555  25.0
56167.24243249929  0.0  1.146379701715555  25.0
56172.22877749929  0.0  1.146379701715555  25.0
56177.215122499285  0.0  1.146379701715555  25.0
56182.20146749928  0.0  1.146379701715555  25.0
56187.18781249928  0.0  1.146379701715555  25.0
56192.17415749928  0.0  1.146379701715555  25.0
56197.160502499275  0.0  1.146379701715555  25.0
56202.14684749927  0.0  1.146379701715555  25.0
56207.13319249927  0.0  1.146379701715555  25.0
56212.11953749927  0.0  1.146379701715555  25.0
56217.105882499265  0.0  1.146379701715555  25.0
56222.09222749926  0.0  1.146379701715555  25.0
56227.07857249926  0.0  1.146379701715555  25.0
56232.06491749926  0.0  1.146379701715555  25.0
56237.051262499255  0.0  1.146379701715555  25.0
56242.03760749925  0.0  1.146379701715555  25.0
56247.02395249925  0.0  1.146379701715555  25.0
56252.01029749925  0.0  1.146379701715555  25.0
56256.996642499245  0.0  1.146379701715555  25.0
56261.98298749924  0.0  1.146379701715555  25.0
56266.96933249924  0.0  1.146379701715555  25.0
56271.95567749924  0.0  1.146379701715555  25.0
56276.942022499235  0.0  1.146379701715555  25.0
56281.92836749923  0.0  1.146379701715555  25.0
56286.91471249923  0.0  1.146379701715555  25.0
56291.90105749923  0.0  1.146379701715555  25.0
56296.887402499226  0.0  1.146379701715555  25.0
56301.87374749922  0.0  1.146379701715555  25.0
56306.86009249922  0.0  1.146379701715555  25.0
56311.84643749922  0.0  1.146379701715555  25.0
56316.832782499216  0.0  1.146379701715555  25.0
56321.81912749921  0.0  1.146379701715555  25.0
56326.80547249921  0.0  1.146379701715555  25.0
56331.79181749921  0.0  1.146379701715555  25.0
56336.778162499206  0.0  1.146379701715555  25.0
56341.7645074992  0.0  1.146379701715555  25.0
56346.7508524992  0.0  1.146379701715555  25.0
56351.7371974992  0.0  1.146379701715555  25.0
56356.723542499196  0.0  1.146379701715555  25.0
56361.70988749919  0.0  1.146379701715555  25.0
56366.69623249919  0.0  1.146379701715555  25.0
56371.68257749919  0.0  1.146379701715555  25.0
56376.668922499186  0.0  1.146379701715555  25.0
56381.65526749918  0.0  1.146379701715555  25.0
56386.64161249918  0.0  1.146379701715555  25.0
56391.62795749918  0.0  1.146379701715555  25.0
56396.614302499176  0.0  1.146379701715555  25.0
56401.600647499174  0.0  1.146379701715555  25.0
56406.58699249917  0.0  1.146379701715555  25.0
56411.57333749917  0.0  1.146379701715555  25.0
56416.559682499166  0.0  1.146379701715555  25.0
56421.546027499164  0.0  1.146379701715555  25.0
54940.6015625  0.4506789775256876  1.4679707091054826  25.0
54941.6015625  -3.58511143754222  1.571339197042518  25.0
54952.6015625  0.001963315005830113  1.9965933087092333  25.0
54953.6015625  -1.441367705551049  2.9999453435362495  25.0
54984.3984375  -0.28193203907927694  1.4351832901064803  25.0
54985.5  0.10081622293465044  1.9736224087879053  25.0
54997.3984375  1.5013469863113622  0.9768474239554807  25.0
55000.3984375  -1.702979432180663  1.755694505674766  25.0
55009.3984375  -1.0499808983231345  2.178494323740288  25.0
55012.3984375  1.784849633804349  1.1017141982058658  25.0
55015.30078125  -3.194608011242779  3.0225236089075547  25.0
55075.30078125  -3.9504843802770493  2.906393468295045  25.0
55093.19921875  0.8187023907094862  2.319460425195814  25.0
55288.5  1.4608045200495423  1.6234652250934292  25.0
55300.6015625  0.5635696022460366  1.452754950065129  25.0
55324.6015625  1.5400242980333374  1.130182262681987  25.0
55327.6015625  0.13753022147927513  0.9893144602912024  25.0
55330.3984375  -0.2310821903386366  1.3276917649215754  25.0
55348.3984375  0.7966150589529453  1.3827628329521302  25.0
55363.5  -0.40228325855446573  1.5440491298346226  25.0
55366.30078125  1.0290715638348193  1.1425511871892815  25.0
55378.3984375  0.09973640770846944  0.765398365390349  25.0
55408.30078125  0.10052173531986355  1.2958861195339446  25.0
55411.3984375  1.932981830697658  1.3045246413433926  25.0
55414.30078125  -0.9244268731829737  1.0773691709776139  25.0
55417.30078125  0.03406351639338585  0.8253776461506622  25.0
55423.30078125  -0.33631587962459525  0.8215492252425455  25.0
55429.30078125  -1.017880730213908  1.848264700922756  25.0
55438.30078125  -1.7231034039507753  1.1537421144283497  25.0
55441.30078125  -0.9532876658272749  0.8346052134033017  25.0
55444.30078125  1.1445145471757103  0.7762947699078216  25.0
55447.30078125  -0.670079447437727  0.9489683113043941  25.0
55450.30078125  -0.7585267926741616  1.1008307236592356  25.0
55453.19921875  -1.810471050983725  0.9633987076265447  25.0
55456.19921875  0.17414604968412445  0.985976785761536  25.0
55615.6015625  -4.570400972413981  4.081045010829866  25.0
55672.5  -0.38510425655037933  1.5123415962754192  25.0
55675.6015625  0.17404787934434907  0.9663436539880311  25.0
55678.6015625  -2.0739479321531835  1.0870875782268605  25.0
55693.3984375  0.8092785061818354  5.6445307679266685  25.0
55702.5  -0.9858786739331087  1.261429956888266  25.0
55708.3984375  -0.645243486594711  1.6483011859364451  25.0
55711.5  0.704731927358417  0.8006398907542305  25.0
55714.3984375  -1.7704193311003553  1.016310004777502  25.0
55723.3984375  1.6623388540904158  1.146379701715555  25.0
55735.5  1.4434292709840622  3.4825284059415442  25.0
55738.3984375  2.587256660888154  2.0182878186794375  25.0
55741.5  -1.5055681353876589  1.1196785863326943  25.0
55744.30078125  -0.06469122887527354  1.0061989629782322  25.0
55747.30078125  0.6408260202434027  0.8664109524090894  25.0
55753.30078125  -1.5703575170493034  0.7880746489719246  25.0
55762.30078125  -1.5814503324599445  1.187314802527398  25.0
55765.30078125  -1.3457542648768313  2.717620693311489  25.0
55768.30078125  -0.1874965839710156  0.8662146351340779  25.0
55771.30078125  0.9598647158218667  1.8688796063076323  25.0
55774.30078125  0.309516629008768  0.8970386005284943  25.0
55777.30078125  0.9086221623175856  0.790626960783388  25.0
55789.30078125  0.19544801872246254  1.1927138552537637  25.0
55792.30078125  1.780137831967759  1.1207583781543362  25.0
55795.30078125  0.3047065047028975  1.1942845806901696  25.0
55801.30078125  0.19976731473399537  1.0307404010996526  25.0
55804.30078125  0.19652784565091314  1.1501099171770877  25.0
55807.19921875  -2.611699799944833  1.4289006692153274  25.0
56057.5  0.5677907045132549  1.0045301257133992  25.0
56063.6015625  0.550906201826225  1.412212483803309  25.0
56066.5  0.29636241199688834  1.0639204546486778  25.0
56068.5  1.1848606025443618  0.9556435667455699  25.0
56086.3984375  -1.2155865497285079  1.2990273831704426  25.0
56089.30078125  0.27447144432443726  0.9479866313111796  25.0
56092.30078125  -0.7601955831299163  0.854827390619998  25.0
56136.30078125  0.13301459649046116  0.8448144606491557  25.0
56411.5  0.011190895789218792  1.1389190835561762  25.0
56414.5  1.1086839763686376  0.9233470813613319  25.0
56417.6015625  0.06999218147548161  1.4877019527074147  25.0
56420.5  -1.108880293643649  0.9762583785122894  25.0
56422.5  0.9427838958598252  0.9416058985915993  25.0
56428.5  0.1124979550635172  1.150698962620279  25.0
56432.5  0.7240705832194047  1.2126415097488643  25.0
56447.5  14.906666337763749  1.26574921779299  25.0
56450.5  16.557716152786668  1.5034084581262186  25.0
56452.3984375  16.665011547932878  1.4002362874641945  25.0
56455.3984375  19.95621402451599  0.9931428811993191  25.0
56458.3984375  18.99841040603635  1.1777927125531629  25.0
56462.3984375  19.34051811336457  0.9814612075818004  25.0
56470.3984375  14.015810935643783  1.0159173702274789  25.0
56473.3984375  10.971200931161256  1.181817450736291  25.0
56476.3984375  12.699310472433904  1.036826704715794  25.0
56479.30078125  10.952549198526496  0.7509680158772769  25.0
56481.30078125  10.622025427459995  1.2167645469967339  25.0
56487.30078125  8.774251660152004  0.8375501597647882  25.0
56491.30078125  8.035750446565055  1.1187951117860642  25.0
56499.30078125  3.3135850800065048  2.1754511719322176  25.0
56502.30078125  3.8319001332996603  1.1502081226236718  25.0
56505.3984375  2.830707682115928  2.5131414129091287  25.0
56508.30078125  3.9220162221827715  0.9501463085726201  25.0
56513.30078125  3.2147321702492047  0.8382373170364069  25.0
56516.30078125  2.6717771925335736  1.2789034114003306  25.0
56520.30078125  3.3898599116288133  1.1015178809308543  25.0
56538.30078125  2.3346761842361676  0.9521096685590489  25.0
