#Date  :
#Flux  :
#Fluxerr  :
#ZP  :
#end  :
@INSTRUMENT  PS
@BAND  PS_g
@MAGSYS  AB
54962.0462  0.0  0.9001341998200446  25.0
54967.032544999995  0.0  0.9001341998200446  25.0
54972.01888999999  0.0  0.9001341998200446  25.0
54977.00523499999  0.0  0.9001341998200446  25.0
54981.99157999999  0.0  0.9001341998200446  25.0
54986.977924999985  0.0  0.9001341998200446  25.0
54991.96426999998  0.0  0.9001341998200446  25.0
54996.95061499998  0.0  0.9001341998200446  25.0
55001.93695999998  0.0  0.9001341998200446  25.0
55006.923304999975  0.0  0.9001341998200446  25.0
55011.90964999997  0.0  0.9001341998200446  25.0
55016.89599499997  0.0  0.9001341998200446  25.0
55021.88233999997  0.0  0.9001341998200446  25.0
55026.868684999965  0.0  0.9001341998200446  25.0
55031.85502999996  0.0  0.9001341998200446  25.0
55036.84137499996  0.0  0.9001341998200446  25.0
55041.82771999996  0.0  0.9001341998200446  25.0
55046.814064999955  0.0  0.9001341998200446  25.0
55051.80040999995  0.0  0.9001341998200446  25.0
55056.78675499995  0.0  0.9001341998200446  25.0
55061.77309999995  0.0  0.9001341998200446  25.0
55066.759444999945  0.0  0.9001341998200446  25.0
55071.74578999994  0.0  0.9001341998200446  25.0
55076.73213499994  0.0  0.9001341998200446  25.0
55081.71847999994  0.0  0.9001341998200446  25.0
55086.704824999935  0.0  0.9001341998200446  25.0
55091.69116999993  0.0  0.9001341998200446  25.0
55096.67751499993  0.0  0.9001341998200446  25.0
55101.66385999993  0.0  0.9001341998200446  25.0
55106.650204999925  0.0  0.9001341998200446  25.0
55111.63654999992  0.0  0.9001341998200446  25.0
55116.62289499992  0.0  0.9001341998200446  25.0
55121.60923999992  0.0  0.9001341998200446  25.0
55126.595584999915  0.0  0.9001341998200446  25.0
55131.58192999991  0.0  0.9001341998200446  25.0
55136.56827499991  0.0  0.9001341998200446  25.0
55141.55461999991  0.0  0.9001341998200446  25.0
55146.540964999906  0.0  0.9001341998200446  25.0
55151.5273099999  0.0  0.9001341998200446  25.0
55156.5136549999  0.0  0.9001341998200446  25.0
55161.4999999999  0.0  0.9001341998200446  25.0
55166.486344999896  0.0  0.9001341998200446  25.0
55171.47268999989  0.0  0.9001341998200446  25.0
55176.45903499989  0.0  0.9001341998200446  25.0
55181.44537999989  0.0  0.9001341998200446  25.0
55186.431724999886  0.0  0.9001341998200446  25.0
55191.41806999988  0.0  0.9001341998200446  25.0
55196.40441499988  0.0  0.9001341998200446  25.0
55201.39075999988  0.0  0.9001341998200446  25.0
55206.377104999876  0.0  0.9001341998200446  25.0
55211.36344999987  0.0  0.9001341998200446  25.0
55216.34979499987  0.0  0.9001341998200446  25.0
55221.33613999987  0.0  0.9001341998200446  25.0
55226.322484999866  0.0  0.9001341998200446  25.0
55231.30882999986  0.0  0.9001341998200446  25.0
55236.29517499986  0.0  0.9001341998200446  25.0
55241.28151999986  0.0  0.9001341998200446  25.0
55246.267864999856  0.0  0.9001341998200446  25.0
55251.25420999985  0.0  0.9001341998200446  25.0
55256.24055499985  0.0  0.9001341998200446  25.0
55261.22689999985  0.0  0.9001341998200446  25.0
55266.213244999846  0.0  0.9001341998200446  25.0
55271.199589999844  0.0  0.9001341998200446  25.0
55276.18593499984  0.0  0.9001341998200446  25.0
55281.17227999984  0.0  0.9001341998200446  25.0
55286.158624999836  0.0  0.9001341998200446  25.0
55291.144969999834  0.0  0.9001341998200446  25.0
55296.13131499983  0.0  0.9001341998200446  25.0
55301.11765999983  0.0  0.9001341998200446  25.0
55306.10400499983  0.0  0.9001341998200446  25.0
55311.090349999824  0.0  0.9001341998200446  25.0
55316.07669499982  0.0  0.9001341998200446  25.0
55321.06303999982  0.0  0.9001341998200446  25.0
55326.04938499982  0.0  0.9001341998200446  25.0
55331.035729999814  0.0  0.9001341998200446  25.0
55336.02207499981  0.0  0.9001341998200446  25.0
55341.00841999981  0.0  0.9001341998200446  25.0
55345.99476499981  0.0  0.9001341998200446  25.0
55350.981109999804  0.0  0.9001341998200446  25.0
55355.9674549998  0.0  0.9001341998200446  25.0
55360.9537999998  0.0  0.9001341998200446  25.0
55365.9401449998  0.0  0.9001341998200446  25.0
55370.926489999794  0.0  0.9001341998200446  25.0
55375.91283499979  0.0  0.9001341998200446  25.0
55380.89917999979  0.0  0.9001341998200446  25.0
55385.88552499979  0.0  0.9001341998200446  25.0
55390.871869999784  0.0  0.9001341998200446  25.0
55395.85821499978  0.0  0.9001341998200446  25.0
55400.84455999978  0.0  0.9001341998200446  25.0
55405.83090499978  0.0  0.9001341998200446  25.0
55410.817249999775  0.0  0.9001341998200446  25.0
55415.80359499977  0.0  0.9001341998200446  25.0
55420.78993999977  0.0  0.9001341998200446  25.0
55425.77628499977  0.0  0.9001341998200446  25.0
55430.762629999765  0.0  0.9001341998200446  25.0
55435.74897499976  0.0  0.9001341998200446  25.0
55440.73531999976  0.0  0.9001341998200446  25.0
55445.72166499976  0.0  0.9001341998200446  25.0
55450.708009999755  0.0  0.9001341998200446  25.0
55455.69435499975  0.0  0.9001341998200446  25.0
55460.68069999975  0.0  0.9001341998200446  25.0
55465.66704499975  0.0  0.9001341998200446  25.0
55470.653389999745  0.0  0.9001341998200446  25.0
55475.63973499974  0.0  0.9001341998200446  25.0
55480.62607999974  0.0  0.9001341998200446  25.0
55485.61242499974  0.0  0.9001341998200446  25.0
55490.598769999735  0.0  0.9001341998200446  25.0
55495.58511499973  0.0  0.9001341998200446  25.0
55500.57145999973  0.0  0.9001341998200446  25.0
55505.55780499973  0.0  0.9001341998200446  25.0
55510.544149999725  0.0  0.9001341998200446  25.0
55515.53049499972  0.0  0.9001341998200446  25.0
55161.5  -0.03859289101104455  1.0185123932683016  25.0
55173.5  -0.4035256384770362  0.7080695346324385  25.0
55179.5  0.6171862854985021  0.5296024277752868  25.0
55182.5  0.4407188083546681  0.5173046788171687  25.0
55188.6015625  0.24385506522755224  1.0874996422152343  25.0
55191.5  0.30084458356951094  0.7484621215863656  25.0
55203.3984375  0.12967611563098272  0.5446996487970631  25.0
55206.5  0.7157681304824322  0.4534164546504899  25.0
55212.3984375  -0.29364590706658  0.3541347654881117  25.0
55215.3984375  -0.34003735932299417  0.38472912870683484  25.0
55221.3984375  0.6192858895462459  1.4259373168375475  25.0
55230.5  0.11837819344825688  1.7488778731003805  25.0
55233.3984375  -0.800652538151348  0.8897361062408186  25.0
55236.30078125  -1.5532138458238423  1.037208881029144  25.0
55239.3984375  0.0699871055191582  0.5298023764441386  25.0
55242.30078125  1.3645485940563162  0.7730575718276687  25.0
55248.3984375  -1.2515693960665244  1.112795008147385  25.0
55275.3984375  -0.9638224753178715  0.9847185891358167  25.0
55479.6015625  -0.5365011812749398  1.7618753947245471  25.0
55482.6015625  0.604888584215317  0.6662772593216152  25.0
55485.6015625  -0.442718438067986  0.7483621472519396  25.0
55503.6015625  -0.2521535547590345  0.5955902559897093  25.0
55509.6015625  -0.2144604893718064  0.7790564609676223  25.0
55515.6015625  -0.19566395576413856  0.6539795103634972  25.0
55518.6015625  -1.0487068353118543  0.46471436491448254  25.0
55530.6015625  -0.31154260015201485  1.0444076052070077  25.0
55545.5  5.900512869280615  0.8849369567889093  25.0
55548.6015625  4.172731344716629  0.9776198869673117  25.0
55560.3984375  2.4862420330916053  0.8785381226363189  25.0
55563.6015625  2.418154600829439  1.2532691027765643  25.0
55566.6015625  -0.24305522287721168  1.3432525829006674  25.0
55584.5  -0.1791669987105329  1.5035230259941734  25.0
55587.6015625  -0.6113873450274003  1.0438076638505862  25.0
55590.5  0.8560423241176927  0.7525613553474273  25.0
55593.6015625  0.04879101208395227  0.8467439958920849  25.0
55602.30078125  -0.50810637260092  1.3700476115241402  25.0
55632.30078125  1.1488883649964656  1.031809885570679  25.0
55650.30078125  -1.031709958911186  0.5804930826428658  25.0
55653.30078125  -0.32164074689049665  0.4793117142641292  25.0
55665.30078125  -0.23005762974064556  1.7398795155529834  25.0
55889.6015625  -0.10548056272738345  0.6615781318790649  25.0
55892.5  0.6755755398722899  1.5372168081172994  25.0
55895.6015625  -0.7947535756708873  0.9631226073019569  25.0
55911.6015625  -0.006398821488936293  1.1610860919452246  25.0
55947.3984375  0.8745388632096831  0.7309653258386346  25.0
55952.6015625  0.5966900690182607  0.7364643433064584  25.0
55955.30078125  1.0129133537911188  0.9001341998200446  25.0
55970.3984375  -1.2146762445420363  0.9815192197344544  25.0
55978.30078125  0.27864866037922953  1.1369905133760514  25.0
55984.30078125  0.2841476540095869  1.0340095116277817  25.0
56000.3984375  -0.3658325969272746  0.6107874990208446  25.0
56006.30078125  0.4217223022406819  0.774257359190646  25.0
56238.6015625  -0.31494198973462845  1.0713026558398395  25.0
56243.6015625  -1.6292997969392802  1.3884442239566377  25.0
56268.6015625  -2.5532297000001534  1.458531333607055  25.0
56271.6015625  0.5550977423762893  0.7542610620574673  25.0
56273.6015625  1.0648037996778903  1.142989450190938  25.0
56282.6015625  -0.16426973827634161  0.8012523841579037  25.0
56295.5  1.9310441733560912  1.9631383661284019  25.0
56303.5  -0.3816296859649656  0.8580419061560776  25.0
56309.6015625  0.44541793579721844  0.8276475154436728  25.0
56325.5  -0.07688583518134479  1.410840095815771  25.0
56328.3984375  -0.20576210250262034  0.8827374260816725  25.0
56331.5  -2.382361023958837  0.959323296544173  25.0
56333.3984375  0.42212224725331865  0.6036887968523397  25.0
56354.3984375  0.9256295144210471  0.7754571465536233  25.0
56357.30078125  -0.07088694008202456  0.523703512969759  25.0
56360.30078125  0.6317835871732158  0.8262477794118436  25.0
56371.30078125  -3.8139973069330604  1.9898334680923817  25.0
56384.30078125  -0.8878364508619266  1.551814109792013  25.0
56387.30078125  1.0665035063879302  0.9281290158064948  25.0
56392.30078125  -0.39022812233719223  0.4300207917721642  25.0
56395.30078125  1.209777168430634  0.7450627558412185  25.0
56398.30078125  -13.459220930970654  8.875264684477933  25.0
56421.30078125  0.382729498993517  0.9432262368282712  25.0
56622.6015625  1.021411791991453  1.4065408657109244  25.0
56633.6015625  2.8143815407941855  1.1538874631172267  25.0
56663.5  -0.22495855728545844  1.1582866198815662  25.0
56666.6015625  0.07708580172829654  1.083000463441536  25.0
56682.3984375  -0.28154813061478035  0.7679585470474145  25.0
56709.30078125  -0.46431446757677874  1.571510531596847  25.0
