55531.56191112546    0.3605261763885863    0.14409350113061772     25    
55532.06191112546    0.4432297415308698    0.13368972259034048     25    
55532.56191112546    0.5369931840640825    0.12800339061182212     25    
55533.06191112546    0.6438623420731867    0.17170922980513337     25    
55533.56191112546    0.763205930446026     0.25341618556635753     25    
55534.06191112546    0.8963255072339994    0.31557344225594375     25    
55534.56191112546    1.044669523074871     0.3373209498465101      25    
55535.06191112546    1.2075363524454887    0.3355773462914096      25    
55535.56191112546    1.3868952812554458    0.3305769853979399      25    
55536.06191112546    1.5831991143971684    0.33115619193820545     25    
55536.56191112546    1.7964724025327872    0.3315808999229133      25    
55537.06191112546    2.028818900629494     0.3317246746080546      25    
55537.56191112546    2.2797025110436073    0.33158806482074527     25    
55538.06191112546    2.550265475711453     0.33119506553341976     25    
55538.56191112546    2.8420907143283665    0.33052638157812253     25    
55539.06191112546    3.1544311080177216    0.32956380528700835     25    
55539.56191112546    3.489166966985009     0.3285080274448244      25    
55540.06191112546    3.8476176178279813    0.32691247017774927     25    
55540.56191112546    4.228961133597144     0.3252835096830715      25    
55541.06191112546    4.63298276915097      0.3260493485139109      25    
55541.56191112546    5.06561332409185      0.33053795136640995     25    
55542.06191112546    5.5145881059993265    0.33602828684668856     25    
55542.56191112546    5.96580446396286      0.33955342465319044     25    
55543.06191112546    6.427204964472664     0.3416525111571059      25    
55543.56191112546    6.8763187914256605    0.3433952859981772      25    
55544.06191112546    7.302009499501489     0.34540805070539665     25    
55544.56191112546    7.708792063169966     0.3473203286524077      25    
55545.06191112546    8.073397358679236     0.34854511658960274     25    
55545.56191112546    8.390516274132443     0.3484848764159214      25    
55546.06191112546    8.66687874933515      0.3481413915743993      25    
55546.56191112546    8.903439163489955     0.3489072407621914      25    
55547.06191112546    9.096906881949646     0.35061301523858307     25    
55547.56191112546    9.259620143998864     0.35278743920679584     25    
55548.06191112546    9.39868170733587      0.3556150129001217      25    
55548.56191112546    9.51090510570205      0.3589646315603037      25    
55549.06191112546    9.609107078697066     0.3608008768283229      25    
55549.56191112546    9.696738462212965     0.3656361865821505      25    
55550.06191112546    9.770613999174055     0.36563840045296164     25    
55550.56191112546    9.831359724787813     0.3427492996335535      25    
55551.06191112546    9.880546700027146     0.2824438536739013      25    
55551.56191112546    9.912628634733464     0.2102462202697404      25    
55552.06191112546    9.923831719680647     0.1805745056279479      25    
55552.56191112546    9.915920872130556     0.19109703671128891     25    
55553.06191112546    9.883270702294796     0.2022106351466969      25    
55553.56191112546    9.823090384691964     0.20154966465508956     25    
55554.06191112546    9.738120391616375     0.1996641519000016      25    
55554.56191112546    9.630405802844633     0.19757641668745432     25    
55555.06191112546    9.497813143416906     0.19467176972342626     25    
55555.56191112546    9.345907751326488     0.19240878047148186     25    
55556.06191112546    9.179373423720923     0.1929843159219727      25    
55556.56191112546    8.995944585501409     0.19588859363595187     25    
55557.06191112546    8.802469723704666     0.19772226529437426     25    
55557.56191112546    8.600666467219833     0.19571673785820023     25    
55558.06191112546    8.390207294615658     0.19264312243383797     25    
55558.56191112546    8.175920943430127     0.19360605081765525     25    
55559.06191112546    7.9568822022747945    0.19998385717285563     25    
55559.56191112546    7.734798795316046     0.2072578207042404      25    
55560.06191112546    7.512056814450233     0.2118874314266463      25    
55560.56191112546    7.287531712502443     0.21515900460369636     25    
55561.06191112546    7.064132722834327     0.21687553671741616     25    
55561.56191112546    6.8431626471554114    0.2165385639685897      25    
55562.06191112546    6.623976295207996     0.21460790130922466     25    
55562.56191112546    6.407855710567452     0.21201537610685747     25    
55563.06191112546    6.1949693870677285    0.20790605672281043     25    
55563.56191112546    5.984926343138077     0.20406191407443872     25    
55564.06191112546    5.777567394922538     0.20352719948525244     25    
55564.56191112546    5.572963953707463     0.2061549991671765      25    
55565.06191112546    5.370950619713427     0.20842882345854655     25    
55565.56191112546    5.171253436478843     0.2081198276359506      25    
55566.06191112546    4.974085213408202     0.20657721027710882     25    
55566.56191112546    4.780118184370935     0.20492007355529776     25    
55567.06191112546    4.588998545963053     0.2027806370831576      25    
55567.56191112546    4.401484207743835     0.20096312431893099     25    
55568.06191112546    4.218723133563622     0.20123038795493053     25    
55568.56191112546    4.040209922269841     0.20371057322051989     25    
55569.06191112546    3.867086806722109     0.2060579817529417      25    
55569.56191112546    3.7000768182109027    0.20681219654495855     25    
55570.06191112546    3.53885008252442      0.20671104680374564     25    
55570.56191112546    3.3842325238702036    0.2055791011976818      25    
55571.06191112546    3.2363162499066185    0.20235132090372598     25    
55571.56191112546    3.0950675048824423    0.19878791218505548     25    
55572.06191112546    2.9607390176764077    0.19807840996149448     25    
55572.56191112546    2.833242705753522     0.2004283863025189      25    
55573.06191112546    2.712743326713391     0.20309300629171426     25    
55573.56191112546    2.5995515038842294    0.20434105236470504     25    
55574.06191112546    2.49353293759804      0.20497062142832065     25    
55574.56191112546    2.393891561834584     0.2044619937573058      25    
55575.06191112546    2.3009800981711948    0.2033822782138628      25    
55575.56191112546    2.2140671769114832    0.20065996037039882     25    
55576.06191112546    2.1314759505541017    0.19328337530072784     25    
55576.56191112546    2.0538322780999514    0.1784368773376458      25    
55577.06191112546    1.9798310364054315    0.16341790492624914     25    
55577.56191112546    1.9081968089858394    0.1580543861645371      25    
55578.06191112546    1.83947296206729      0.16002626170511924     25    
55578.56191112546    1.7729315320886088    0.16134454190995606     25    
55579.06191112546    1.7081278329899248    0.15812588482682893     25    
55579.56191112546    1.6454956673330183    0.1539042767096355      25    
55580.06191112546    1.585483729854526     0.1522874311382468      25    
55580.56191112546    1.5279287472192162    0.1539497416522923      25    
55581.06191112546    1.4731785445788892    0.15642787582726195     25    
55581.56191112546    1.4216757993107492    0.15807028240864124     25    
55582.06191112546    1.373276616370783     0.15959460952709983     25    
55582.56191112546    1.327881706116689     0.15959607160398662     25    
55583.06191112546    1.2857040600244811    0.15803023015809617     25    
55583.56191112546    1.2464566369100751    0.154480318579145       25    
55584.06191112546    1.2092780798622587    0.14585091261120425     25    
55584.56191112546    1.1744180625116771    0.12729217501302562     25    
55585.06191112546    1.141348064466669     0.10559763366469237     25    
55585.56191112546    1.1093362697118068    0.09534370858170076     25    
55586.06191112546    1.0786548491803494    0.0972355830365511      25    
55586.56191112546    1.048931557071716     0.09972725436253253     25    
55587.06191112546    1.0198585637756574    0.09608175917319728     25    
55587.56191112546    0.9916521830021624    0.09053477125503682     25    
55588.06191112546    0.9645739879445703    0.08689088868461116     25    
55588.56191112546    0.9385502002746391    0.0861908053826772      25    
55589.06191112546    0.9137446190964695    0.08692423453352154     25    
55589.56191112546    0.8904209502186438    0.08829760376246222     25    
55590.06191112546    0.8684885956958011    0.09087347620121063     25    
55590.56191112546    0.8480753863793132    0.09249306328166933     25    
55591.06191112546    0.8293015088693032    0.09183539849915118     25    
55591.56191112546    0.812095638889531     0.08960511037355842     25    
55592.06191112546    0.7963670800670292    0.08546942938469673     25    
55592.56191112546    0.7821374488137601    0.0772798497788513      25    
55593.06191112546    0.7693557556654257    0.0676886534667131      25    
55593.56191112546    0.7579422032090879    0.06328784096648865     25    
55594.06191112546    0.7479707649526025    0.06512173050768538     25    
55594.56191112546    0.7391980314867251    0.06739593211954244     25    
55595.06191112546    0.7315618427093503    0.06603564201937305     25    
55595.56191112546    0.7250773482125574    0.0629995178184834      25    
55596.06191112546    0.7191355731539835    0.060743633895667594    25    
55596.56191112546    0.7137923854879844    0.060089164068272215    25    
55597.06191112546    0.7088441192565431    0.0603021530975668      25    
55597.56191112546    0.7037094859237396    0.06123817854959474     25    
55598.06191112546    0.6985454007585897    0.06336484294634522     25    
55598.56191112546    0.6931230700114325    0.06495180220756497     25    
55599.06191112546    0.6871403579536289    0.06435900526015767     25    
55599.56191112546    0.6807217408456587    0.06224830691749769     25    
55600.06191112546    0.6741231945678128    0.060206761745550785    25    
55600.56191112546    0.6673239454580332    0.05860938475194107     25    
55601.06191112546    0.6604118656576903    0.057313308091083225    25    
55601.56191112546    0.6536868607865297    0.05697795516509691     25    
55602.06191112546    0.6470721830627161    0.05780989011314212     25    
55602.56191112546    0.6406978650253894    0.05899082785716439     25    
55603.06191112546    0.6347358754818249    0.05999184993360852     25    
55603.56191112546    0.6291240381864399    0.06106289268850658     25    
55604.06191112546    0.6238163184809048    0.06147147175605094     25    
55604.56191112546    0.6188194515275419    0.0607724383045781      25    
55605.06191112546    0.6141144450616248    0.05936789834357895     25    
55605.56191112546    0.6096302068366876    0.0577049907190824      25    
55606.06191112546    0.6053886215434835    0.055594905565816366    25    
55606.56191112546    0.6013445593112337    0.053345872669984605    25    
55607.06191112546    0.5974476414963414    0.051420647577621575    25    
55607.56191112546    0.5937222661964399    0.049680460492473134    25    
55608.06191112546    0.5901000764974573    0.04825868251767655     25    
55608.56191112546    0.5865652399181801    0.047730083366625445    25    
55609.06191112546    0.5831170029111798    0.047518270255947       25    
55609.56191112546    0.5796822740574363    0.04574355127386765     25    
55610.06191112546    0.5762796195269718    0.040903880018912465    25    
55610.56191112546    0.5728694491124724    0.03549277548215727     25    
55611.06191112546    0.5693967199258138    0.03343675365709134     25    
55611.56191112546    0.5658873977474841    0.03414446721175852     25    
55612.06191112546    0.5622762222250837    0.03802758026216164     25    
55612.56191112546    0.5585402535310823    0.04295890895125591     25    