#Date  :
#Flux  :
#Fluxerr  :
#ZP  :
#end  :
@INSTRUMENT  PS
@BAND  PS_r
@MAGSYS  AB
54830.1477625  0.0  1.1457693688419823  25.0
54835.134107499995  0.0  1.1457693688419823  25.0
54840.12045249999  0.0  1.1457693688419823  25.0
54845.10679749999  0.0  1.1457693688419823  25.0
54850.09314249999  0.0  1.1457693688419823  25.0
54855.079487499985  0.0  1.1457693688419823  25.0
54860.06583249998  0.0  1.1457693688419823  25.0
54865.05217749998  0.0  1.1457693688419823  25.0
54870.03852249998  0.0  1.1457693688419823  25.0
54875.024867499975  0.0  1.1457693688419823  25.0
54880.01121249997  0.0  1.1457693688419823  25.0
54884.99755749997  0.0  1.1457693688419823  25.0
54889.98390249997  0.0  1.1457693688419823  25.0
54894.970247499965  0.0  1.1457693688419823  25.0
54899.95659249996  0.0  1.1457693688419823  25.0
54904.94293749996  0.0  1.1457693688419823  25.0
54909.92928249996  0.0  1.1457693688419823  25.0
54914.915627499955  0.0  1.1457693688419823  25.0
54919.90197249995  0.0  1.1457693688419823  25.0
54924.88831749995  0.0  1.1457693688419823  25.0
54929.87466249995  0.0  1.1457693688419823  25.0
54934.861007499945  0.0  1.1457693688419823  25.0
54939.84735249994  0.0  1.1457693688419823  25.0
54944.83369749994  0.0  1.1457693688419823  25.0
54949.82004249994  0.0  1.1457693688419823  25.0
54954.806387499935  0.0  1.1457693688419823  25.0
54959.79273249993  0.0  1.1457693688419823  25.0
54964.77907749993  0.0  1.1457693688419823  25.0
54969.76542249993  0.0  1.1457693688419823  25.0
54974.751767499925  0.0  1.1457693688419823  25.0
54979.73811249992  0.0  1.1457693688419823  25.0
54984.72445749992  0.0  1.1457693688419823  25.0
54989.71080249992  0.0  1.1457693688419823  25.0
54994.697147499915  0.0  1.1457693688419823  25.0
54999.68349249991  0.0  1.1457693688419823  25.0
55004.66983749991  0.0  1.1457693688419823  25.0
55009.65618249991  0.0  1.1457693688419823  25.0
55014.642527499906  0.0  1.1457693688419823  25.0
55019.6288724999  0.0  1.1457693688419823  25.0
55024.6152174999  0.0  1.1457693688419823  25.0
55029.6015624999  0.0  1.1457693688419823  25.0
55034.587907499896  0.0  1.1457693688419823  25.0
55039.57425249989  0.0  1.1457693688419823  25.0
55044.56059749989  0.0  1.1457693688419823  25.0
55049.54694249989  0.0  1.1457693688419823  25.0
55054.533287499886  0.0  1.1457693688419823  25.0
55059.51963249988  0.0  1.1457693688419823  25.0
55064.50597749988  0.0  1.1457693688419823  25.0
55069.49232249988  0.0  1.1457693688419823  25.0
55074.478667499876  0.0  1.1457693688419823  25.0
55079.46501249987  0.0  1.1457693688419823  25.0
55084.45135749987  0.0  1.1457693688419823  25.0
55089.43770249987  0.0  1.1457693688419823  25.0
55094.424047499866  0.0  1.1457693688419823  25.0
55099.41039249986  0.0  1.1457693688419823  25.0
55104.39673749986  0.0  1.1457693688419823  25.0
55109.38308249986  0.0  1.1457693688419823  25.0
55114.369427499856  0.0  1.1457693688419823  25.0
55119.35577249985  0.0  1.1457693688419823  25.0
55124.34211749985  0.0  1.1457693688419823  25.0
55129.32846249985  0.0  1.1457693688419823  25.0
55134.314807499846  0.0  1.1457693688419823  25.0
55139.301152499844  0.0  1.1457693688419823  25.0
55144.28749749984  0.0  1.1457693688419823  25.0
55149.27384249984  0.0  1.1457693688419823  25.0
55154.260187499836  0.0  1.1457693688419823  25.0
55159.246532499834  0.0  1.1457693688419823  25.0
55164.23287749983  0.0  1.1457693688419823  25.0
55169.21922249983  0.0  1.1457693688419823  25.0
55174.20556749983  0.0  1.1457693688419823  25.0
55179.191912499824  0.0  1.1457693688419823  25.0
55184.17825749982  0.0  1.1457693688419823  25.0
55189.16460249982  0.0  1.1457693688419823  25.0
55194.15094749982  0.0  1.1457693688419823  25.0
55199.137292499814  0.0  1.1457693688419823  25.0
55204.12363749981  0.0  1.1457693688419823  25.0
55209.10998249981  0.0  1.1457693688419823  25.0
55214.09632749981  0.0  1.1457693688419823  25.0
55219.082672499804  0.0  1.1457693688419823  25.0
55224.0690174998  0.0  1.1457693688419823  25.0
55229.0553624998  0.0  1.1457693688419823  25.0
55234.0417074998  0.0  1.1457693688419823  25.0
55239.028052499794  0.0  1.1457693688419823  25.0
55244.01439749979  0.0  1.1457693688419823  25.0
55249.00074249979  0.0  1.1457693688419823  25.0
55253.98708749979  0.0  1.1457693688419823  25.0
55258.973432499784  0.0  1.1457693688419823  25.0
55263.95977749978  0.0  1.1457693688419823  25.0
55268.94612249978  0.0  1.1457693688419823  25.0
55273.93246749978  0.0  1.1457693688419823  25.0
55278.918812499775  0.0  1.1457693688419823  25.0
55283.90515749977  0.0  1.1457693688419823  25.0
55288.89150249977  0.0  1.1457693688419823  25.0
55293.87784749977  0.0  1.1457693688419823  25.0
55298.864192499765  0.0  1.1457693688419823  25.0
55303.85053749976  0.0  1.1457693688419823  25.0
55308.83688249976  0.0  1.1457693688419823  25.0
55313.82322749976  0.0  1.1457693688419823  25.0
55318.809572499755  0.0  1.1457693688419823  25.0
55323.79591749975  0.0  1.1457693688419823  25.0
55328.78226249975  0.0  1.1457693688419823  25.0
55333.76860749975  0.0  1.1457693688419823  25.0
55338.754952499745  0.0  1.1457693688419823  25.0
55343.74129749974  0.0  1.1457693688419823  25.0
55348.72764249974  0.0  1.1457693688419823  25.0
55353.71398749974  0.0  1.1457693688419823  25.0
55358.700332499735  0.0  1.1457693688419823  25.0
55363.68667749973  0.0  1.1457693688419823  25.0
55368.67302249973  0.0  1.1457693688419823  25.0
55373.65936749973  0.0  1.1457693688419823  25.0
55378.645712499725  0.0  1.1457693688419823  25.0
55383.63205749972  0.0  1.1457693688419823  25.0
55388.61840249972  0.0  1.1457693688419823  25.0
55393.60474749972  0.0  1.1457693688419823  25.0
55398.591092499715  0.0  1.1457693688419823  25.0
55403.57743749971  0.0  1.1457693688419823  25.0
55408.56378249971  0.0  1.1457693688419823  25.0
55413.55012749971  0.0  1.1457693688419823  25.0
55418.536472499705  0.0  1.1457693688419823  25.0
55423.5228174997  0.0  1.1457693688419823  25.0
55428.5091624997  0.0  1.1457693688419823  25.0
55433.4955074997  0.0  1.1457693688419823  25.0
55438.481852499695  0.0  1.1457693688419823  25.0
55443.46819749969  0.0  1.1457693688419823  25.0
55448.45454249969  0.0  1.1457693688419823  25.0
55453.44088749969  0.0  1.1457693688419823  25.0
55458.427232499685  0.0  1.1457693688419823  25.0
55463.41357749968  0.0  1.1457693688419823  25.0
55468.39992249968  0.0  1.1457693688419823  25.0
55473.38626749968  0.0  1.1457693688419823  25.0
55478.372612499676  0.0  1.1457693688419823  25.0
55483.35895749967  0.0  1.1457693688419823  25.0
55488.34530249967  0.0  1.1457693688419823  25.0
55493.33164749967  0.0  1.1457693688419823  25.0
55498.317992499666  0.0  1.1457693688419823  25.0
55503.30433749966  0.0  1.1457693688419823  25.0
55508.29068249966  0.0  1.1457693688419823  25.0
55513.27702749966  0.0  1.1457693688419823  25.0
55518.263372499656  0.0  1.1457693688419823  25.0
55523.24971749965  0.0  1.1457693688419823  25.0
55528.23606249965  0.0  1.1457693688419823  25.0
55533.22240749965  0.0  1.1457693688419823  25.0
55538.208752499646  0.0  1.1457693688419823  25.0
55543.19509749964  0.0  1.1457693688419823  25.0
55548.18144249964  0.0  1.1457693688419823  25.0
55553.16778749964  0.0  1.1457693688419823  25.0
55558.154132499636  0.0  1.1457693688419823  25.0
55563.14047749963  0.0  1.1457693688419823  25.0
55568.12682249963  0.0  1.1457693688419823  25.0
55573.11316749963  0.0  1.1457693688419823  25.0
55578.099512499626  0.0  1.1457693688419823  25.0
55583.085857499624  0.0  1.1457693688419823  25.0
55588.07220249962  0.0  1.1457693688419823  25.0
55593.05854749962  0.0  1.1457693688419823  25.0
55598.044892499616  0.0  1.1457693688419823  25.0
55603.031237499614  0.0  1.1457693688419823  25.0
55608.01758249961  0.0  1.1457693688419823  25.0
55613.00392749961  0.0  1.1457693688419823  25.0
55617.99027249961  0.0  1.1457693688419823  25.0
55622.976617499604  0.0  1.1457693688419823  25.0
55627.9629624996  0.0  1.1457693688419823  25.0
55632.9493074996  0.0  1.1457693688419823  25.0
55637.9356524996  0.0  1.1457693688419823  25.0
55642.921997499594  0.0  1.1457693688419823  25.0
55647.90834249959  0.0  1.1457693688419823  25.0
55652.89468749959  0.0  1.1457693688419823  25.0
55657.88103249959  0.0  1.1457693688419823  25.0
55662.867377499584  0.0  1.1457693688419823  25.0
55667.85372249958  0.0  1.1457693688419823  25.0
55672.84006749958  0.0  1.1457693688419823  25.0
55677.82641249958  0.0  1.1457693688419823  25.0
55682.812757499574  0.0  1.1457693688419823  25.0
55687.79910249957  0.0  1.1457693688419823  25.0
55692.78544749957  0.0  1.1457693688419823  25.0
55697.77179249957  0.0  1.1457693688419823  25.0
55702.758137499564  0.0  1.1457693688419823  25.0
55707.74448249956  0.0  1.1457693688419823  25.0
55712.73082749956  0.0  1.1457693688419823  25.0
55717.71717249956  0.0  1.1457693688419823  25.0
55722.703517499554  0.0  1.1457693688419823  25.0
55727.68986249955  0.0  1.1457693688419823  25.0
55732.67620749955  0.0  1.1457693688419823  25.0
55737.66255249955  0.0  1.1457693688419823  25.0
55742.648897499545  0.0  1.1457693688419823  25.0
55747.63524249954  0.0  1.1457693688419823  25.0
55752.62158749954  0.0  1.1457693688419823  25.0
55757.60793249954  0.0  1.1457693688419823  25.0
55762.594277499535  0.0  1.1457693688419823  25.0
55767.58062249953  0.0  1.1457693688419823  25.0
55772.56696749953  0.0  1.1457693688419823  25.0
55777.55331249953  0.0  1.1457693688419823  25.0
55782.539657499525  0.0  1.1457693688419823  25.0
55787.52600249952  0.0  1.1457693688419823  25.0
55792.51234749952  0.0  1.1457693688419823  25.0
55797.49869249952  0.0  1.1457693688419823  25.0
55802.485037499515  0.0  1.1457693688419823  25.0
55807.47138249951  0.0  1.1457693688419823  25.0
55812.45772749951  0.0  1.1457693688419823  25.0
55817.44407249951  0.0  1.1457693688419823  25.0
55822.430417499505  0.0  1.1457693688419823  25.0
55827.4167624995  0.0  1.1457693688419823  25.0
55832.4031074995  0.0  1.1457693688419823  25.0
55837.3894524995  0.0  1.1457693688419823  25.0
55842.375797499495  0.0  1.1457693688419823  25.0
55847.36214249949  0.0  1.1457693688419823  25.0
55852.34848749949  0.0  1.1457693688419823  25.0
55857.33483249949  0.0  1.1457693688419823  25.0
55862.321177499485  0.0  1.1457693688419823  25.0
55867.30752249948  0.0  1.1457693688419823  25.0
55872.29386749948  0.0  1.1457693688419823  25.0
55877.28021249948  0.0  1.1457693688419823  25.0
55882.266557499475  0.0  1.1457693688419823  25.0
55887.25290249947  0.0  1.1457693688419823  25.0
55892.23924749947  0.0  1.1457693688419823  25.0
55897.22559249947  0.0  1.1457693688419823  25.0
55902.211937499465  0.0  1.1457693688419823  25.0
55907.19828249946  0.0  1.1457693688419823  25.0
55912.18462749946  0.0  1.1457693688419823  25.0
55917.17097249946  0.0  1.1457693688419823  25.0
55922.157317499456  0.0  1.1457693688419823  25.0
55927.14366249945  0.0  1.1457693688419823  25.0
55932.13000749945  0.0  1.1457693688419823  25.0
55937.11635249945  0.0  1.1457693688419823  25.0
55942.102697499446  0.0  1.1457693688419823  25.0
55947.08904249944  0.0  1.1457693688419823  25.0
55952.07538749944  0.0  1.1457693688419823  25.0
55957.06173249944  0.0  1.1457693688419823  25.0
55962.048077499436  0.0  1.1457693688419823  25.0
55967.03442249943  0.0  1.1457693688419823  25.0
55972.02076749943  0.0  1.1457693688419823  25.0
55977.00711249943  0.0  1.1457693688419823  25.0
55981.993457499426  0.0  1.1457693688419823  25.0
55986.97980249942  0.0  1.1457693688419823  25.0
55991.96614749942  0.0  1.1457693688419823  25.0
55996.95249249942  0.0  1.1457693688419823  25.0
56001.938837499416  0.0  1.1457693688419823  25.0
56006.92518249941  0.0  1.1457693688419823  25.0
56011.91152749941  0.0  1.1457693688419823  25.0
56016.89787249941  0.0  1.1457693688419823  25.0
56021.884217499406  0.0  1.1457693688419823  25.0
56026.8705624994  0.0  1.1457693688419823  25.0
56031.8569074994  0.0  1.1457693688419823  25.0
56036.8432524994  0.0  1.1457693688419823  25.0
56041.829597499396  0.0  1.1457693688419823  25.0
56046.815942499394  0.0  1.1457693688419823  25.0
56051.80228749939  0.0  1.1457693688419823  25.0
56056.78863249939  0.0  1.1457693688419823  25.0
56061.774977499386  0.0  1.1457693688419823  25.0
56066.761322499384  0.0  1.1457693688419823  25.0
56071.74766749938  0.0  1.1457693688419823  25.0
56076.73401249938  0.0  1.1457693688419823  25.0
56081.72035749938  0.0  1.1457693688419823  25.0
56086.706702499374  0.0  1.1457693688419823  25.0
56091.69304749937  0.0  1.1457693688419823  25.0
56096.67939249937  0.0  1.1457693688419823  25.0
56101.66573749937  0.0  1.1457693688419823  25.0
56106.652082499364  0.0  1.1457693688419823  25.0
56111.63842749936  0.0  1.1457693688419823  25.0
56116.62477249936  0.0  1.1457693688419823  25.0
56121.61111749936  0.0  1.1457693688419823  25.0
56126.597462499354  0.0  1.1457693688419823  25.0
56131.58380749935  0.0  1.1457693688419823  25.0
56136.57015249935  0.0  1.1457693688419823  25.0
56141.55649749935  0.0  1.1457693688419823  25.0
56146.542842499344  0.0  1.1457693688419823  25.0
56151.52918749934  0.0  1.1457693688419823  25.0
56156.51553249934  0.0  1.1457693688419823  25.0
56161.50187749934  0.0  1.1457693688419823  25.0
56166.488222499334  0.0  1.1457693688419823  25.0
56171.47456749933  0.0  1.1457693688419823  25.0
56176.46091249933  0.0  1.1457693688419823  25.0
56181.44725749933  0.0  1.1457693688419823  25.0
56186.433602499324  0.0  1.1457693688419823  25.0
56191.41994749932  0.0  1.1457693688419823  25.0
56196.40629249932  0.0  1.1457693688419823  25.0
56201.39263749932  0.0  1.1457693688419823  25.0
56206.378982499315  0.0  1.1457693688419823  25.0
56211.36532749931  0.0  1.1457693688419823  25.0
56216.35167249931  0.0  1.1457693688419823  25.0
56221.33801749931  0.0  1.1457693688419823  25.0
56226.324362499305  0.0  1.1457693688419823  25.0
56231.3107074993  0.0  1.1457693688419823  25.0
56236.2970524993  0.0  1.1457693688419823  25.0
56241.2833974993  0.0  1.1457693688419823  25.0
56246.269742499295  0.0  1.1457693688419823  25.0
56251.25608749929  0.0  1.1457693688419823  25.0
56256.24243249929  0.0  1.1457693688419823  25.0
56261.22877749929  0.0  1.1457693688419823  25.0
56266.215122499285  0.0  1.1457693688419823  25.0
56271.20146749928  0.0  1.1457693688419823  25.0
56276.18781249928  0.0  1.1457693688419823  25.0
56281.17415749928  0.0  1.1457693688419823  25.0
56286.160502499275  0.0  1.1457693688419823  25.0
56291.14684749927  0.0  1.1457693688419823  25.0
56296.13319249927  0.0  1.1457693688419823  25.0
56301.11953749927  0.0  1.1457693688419823  25.0
56306.105882499265  0.0  1.1457693688419823  25.0
56311.09222749926  0.0  1.1457693688419823  25.0
56316.07857249926  0.0  1.1457693688419823  25.0
56321.06491749926  0.0  1.1457693688419823  25.0
56326.051262499255  0.0  1.1457693688419823  25.0
56331.03760749925  0.0  1.1457693688419823  25.0
56336.02395249925  0.0  1.1457693688419823  25.0
56341.01029749925  0.0  1.1457693688419823  25.0
56345.996642499245  0.0  1.1457693688419823  25.0
56350.98298749924  0.0  1.1457693688419823  25.0
56355.96933249924  0.0  1.1457693688419823  25.0
56360.95567749924  0.0  1.1457693688419823  25.0
56365.942022499235  0.0  1.1457693688419823  25.0
56370.92836749923  0.0  1.1457693688419823  25.0
56375.91471249923  0.0  1.1457693688419823  25.0
56380.90105749923  0.0  1.1457693688419823  25.0
56385.887402499226  0.0  1.1457693688419823  25.0
56390.87374749922  0.0  1.1457693688419823  25.0
56395.86009249922  0.0  1.1457693688419823  25.0
56400.84643749922  0.0  1.1457693688419823  25.0
56405.832782499216  0.0  1.1457693688419823  25.0
56410.81912749921  0.0  1.1457693688419823  25.0
56415.80547249921  0.0  1.1457693688419823  25.0
56420.79181749921  0.0  1.1457693688419823  25.0
56425.778162499206  0.0  1.1457693688419823  25.0
56430.7645074992  0.0  1.1457693688419823  25.0
56435.7508524992  0.0  1.1457693688419823  25.0
56440.7371974992  0.0  1.1457693688419823  25.0
56445.723542499196  0.0  1.1457693688419823  25.0
56450.70988749919  0.0  1.1457693688419823  25.0
56455.69623249919  0.0  1.1457693688419823  25.0
56460.68257749919  0.0  1.1457693688419823  25.0
56465.668922499186  0.0  1.1457693688419823  25.0
56470.65526749918  0.0  1.1457693688419823  25.0
56475.64161249918  0.0  1.1457693688419823  25.0
56480.62795749918  0.0  1.1457693688419823  25.0
56485.614302499176  0.0  1.1457693688419823  25.0
56490.600647499174  0.0  1.1457693688419823  25.0
56495.58699249917  0.0  1.1457693688419823  25.0
56500.57333749917  0.0  1.1457693688419823  25.0
56505.559682499166  0.0  1.1457693688419823  25.0
56510.546027499164  0.0  1.1457693688419823  25.0
56515.53237249916  0.0  1.1457693688419823  25.0
56520.51871749916  0.0  1.1457693688419823  25.0
56525.505062499156  0.0  1.1457693688419823  25.0
56530.491407499154  0.0  1.1457693688419823  25.0
56535.47775249915  0.0  1.1457693688419823  25.0
56540.46409749915  0.0  1.1457693688419823  25.0
56545.45044249915  0.0  1.1457693688419823  25.0
56550.436787499144  0.0  1.1457693688419823  25.0
56555.42313249914  0.0  1.1457693688419823  25.0
56560.40947749914  0.0  1.1457693688419823  25.0
56565.39582249914  0.0  1.1457693688419823  25.0
55029.6015625  0.9433041157196226  1.2743171649428018  25.0
55074.5  1.2401487054747071  3.101987224376302  25.0
55083.5  1.13813285778336  2.17562051652422  25.0
55086.3984375  0.03250409414214353  1.1332376440224325  25.0
55089.3984375  -0.21401793985814585  1.0038087299857021  25.0
55092.3984375  -0.5383735627906848  0.9654303810811037  25.0
55095.3984375  -0.24162682315712547  1.4567121256769513  25.0
55098.3984375  -1.5481543714004944  0.9692485899261964  25.0
55389.5  -0.01018200599153872  1.1077826071603583  25.0
55398.5  2.620397870443911  2.217719224152386  25.0
55410.5  1.77333345745567  1.5613714205444678  25.0
55413.3984375  0.7857767176446487  0.928031093602378  25.0
55416.5  0.1181700110866117  0.8586172631187908  25.0
55422.5  -0.07000128717990368  1.2393655310287581  25.0
55425.3984375  -0.31808978386487313  0.9902000936187542  25.0
55428.5  -2.600719165278675  1.0903557619483175  25.0
55437.5  4.56457371860849  2.1058150988176587  25.0
55440.5  0.01967868474089013  0.9566190149851214  25.0
55443.5  -0.3480483772385729  0.8448127397719191  25.0
55446.5  -0.7714827569532771  1.7105769832363957  25.0
55449.3984375  0.18905243370900815  0.8315957839963821  25.0
55452.3984375  -0.4875614325564984  1.3389337251554232  25.0
55458.30078125  3.632234605342773  2.2635382905041195  25.0
55467.3984375  0.31397781457622204  1.1304963467247378  25.0
55473.30078125  0.1908147045939937  0.8777084940811282  25.0
55479.19921875  -0.09310660813173036  1.1479232853052153  25.0
55482.30078125  0.31309667329820196  1.2471978356988678  25.0
55500.19921875  -0.278732396876511  0.7967419068354273  25.0
55503.30078125  -0.1111209275466695  1.1992248528839013  25.0
55530.19921875  2.6563286591522637  1.7866483567211688  25.0
55536.19921875  -0.8427567667986481  1.1512519634373717  25.0
55743.6015625  -0.28636890793513325  0.9848153491448901  25.0
55764.6015625  0.1367717463491763  1.2265400691077593  25.0
55767.6015625  -0.8898485383092669  1.1275592558155558  25.0
55770.5  0.44644178635420534  1.018200540798599  25.0
55773.6015625  2.941424885270621  1.3954243369649229  25.0
55782.3984375  -2.8151287623861228  1.7608995827576457  25.0
55794.5  -0.3918114005907079  1.3761372190226615  25.0
55797.5  -1.261785440123252  0.87663158253373  25.0
55800.30078125  0.2795156413487875  2.0504993420455193  25.0
55803.5  -0.6175778207961271  0.9341990125221911  25.0
55806.3984375  -1.3096604794482563  1.1953087005488465  25.0
55821.30078125  -1.746605622066274  0.9270520321765052  25.0
55824.30078125  -0.6318717814874988  1.2273233369221448  25.0
55833.30078125  -5.807071947421044  3.387083450494659  25.0
55836.19921875  1.213910494166684  1.9023706909009894  25.0
55839.3984375  2.7408198115100446  2.5277808630514444  25.0
55852.30078125  0.9705213884535184  0.7470067815170758  25.0
55855.19921875  0.7525872729182087  1.2880237447997116  25.0
55858.30078125  1.2103859290546037  0.8694845088196076  25.0
55863.30078125  -0.7502376095277069  0.9261709142405943  25.0
56147.5  -0.2853898698513696  1.1298110224003142  25.0
56150.5  1.2857719782149533  0.9902979437402795  25.0
56153.6015625  -0.5216319952188494  1.2319248135816232  25.0
56154.5  3.5715342908336427  1.421956285374395  25.0
56161.3984375  -0.04581902550304241  2.1732708064495  25.0
56164.3984375  -1.5025311920286848  1.2500369831180878  25.0
56176.3984375  -0.20745836368903092  0.8294418675331492  25.0
56206.19921875  -1.1184541526181244  0.9154993687828282  25.0
56209.19921875  -0.30399161678498876  0.899638965831122  25.0
56213.30078125  0.6722082065596245  1.8387331921142407  25.0
56217.30078125  1.2034347423204053  0.9429124351282114  25.0
56220.30078125  2.2252577917210465  1.919210248647005  25.0
56242.30078125  2.6089432439086324  2.1308783617198848  25.0
56285.19921875  -0.12472957558467204  1.6590794353093492  25.0
56475.6015625  0.4790438035619653  0.9044362361020877  25.0
56479.5  -1.1519372877617953  0.9023802631288167  25.0
56486.6015625  0.9797243417724752  0.8571486709799816  25.0
56489.5  -0.30702662784202345  0.8085883073305535  25.0
56501.3984375  0.08263089129861527  1.1436154523787494  25.0
56507.6015625  -0.30849519663872355  0.8600857618891635  25.0
56508.5  0.45407829741282757  0.7300693736495348  25.0
56512.6015625  -0.6323613122004352  1.0824255137882461  25.0
56518.5  2.3806312733327872  1.1061183147784983  25.0
56531.5  -2.998013253833209  1.5173146834329927  25.0
56534.5  0.8517639265061177  1.0462990248368425  25.0
56538.30078125  0.1018200540798599  0.8538198994793886  25.0
56545.30078125  -0.33522296200179225  0.9444789707569826  25.0
56571.19921875  -0.05130164344054088  1.3809344892936273  25.0
56590.30078125  26.973014928248944  1.2983036096660665  25.0
56593.30078125  31.66427542328054  1.4298864401660298  25.0
56596.30078125  35.45207902374123  1.3225837914907805  25.0
56597.30078125  35.27301479524484  1.334625985597394  25.0
56626.19921875  12.909705646999841  4.61959573827918  25.0
