56578.90646972852    2.453355858080664     0.9378727095274454     25    
56579.40646972852    2.891381068427738     0.9157514529143947     25    
56579.90646972852    3.367302838621123     0.9153695893722035     25    
56580.40646972852    3.882253182745348     1.0589338791810656     25    
56580.90646972852    4.435875540276385     1.3104291370410983     25    
56581.40646972852    5.02930762501007      1.4810359044659736     25    
56581.90646972852    5.662778046785424     1.516013341029468      25    
56582.40646972852    6.336538241777291     1.4990089596403078     25    
56582.90646972852    7.051714441887174     1.497454431542624      25    
56583.40646972852    7.80795019655332      1.5014842882130075     25    
56583.90646972852    8.606388809320618     1.5043049254682175     25    
56584.40646972852    9.447247600567694     1.5057168594458656     25    
56584.90646972852    10.330789378401498    1.5058953287563024     25    
56585.40646972852    11.258134537559352    1.5047618928778776     25    
56585.90646972852    12.22892684740405     1.5022193044058443     25    
56586.40646972852    13.244315982442425    1.4993141895794253     25    
56586.90646972852    14.307146873362825    1.4988134336901193     25    
56587.40646972852    15.413165404418748    1.4965887747693882     25    
56587.90646972852    16.56163838136473     1.4826649243279129     25    
56588.40646972852    17.7626685509025      1.455142387457722      25    
56588.90646972852    18.946636575789178    1.4371982191399266     25    
56589.40646972852    20.110225226679788    1.4439542312882798     25    
56589.90646972852    21.224578355811012    1.4610557019836585     25    
56590.40646972852    22.203781284515244    1.4732897635828872     25    
56590.90646972852    23.07293021409105     1.4835382650546158     25    
56591.40646972852    23.759732379357107    1.4896705579019758     25    
56591.90646972852    24.2162374154785      1.4877741562398192     25    
56592.40646972852    24.48692632392181     1.4828083018132816     25    
56592.90646972852    24.60432758807358     1.4826881689775842     25    
56593.40646972852    24.54911398001267     1.4861274679416836     25    
56593.90646972852    24.421034201684574    1.492003604624688      25    
56594.40646972852    24.236714175057493    1.503019840879311      25    
56594.90646972852    24.0167205111223      1.5141205911495996     25    
56595.40646972852    23.851243745139467    1.5194174489666117     25    
56595.90646972852    23.72312719282924     1.5245335311940134     25    
56596.40646972852    23.637493887349944    1.495029502553116      25    
56596.90646972852    23.60867278043898     1.3841506652793771     25    
56597.40646972852    23.617404030873928    1.2404821017467749     25    
56597.90646972852    23.637633967028496    1.1780818068538212     25    
56598.40646972852    23.67778856842736     1.1974506589458347     25    
56598.90646972852    23.709957352373703    1.2206950410078157     25    
56599.40646972852    23.72887199415327     1.2191928234984761     25    
56599.90646972852    23.729663555120965    1.2130044592441684     25    
56600.40646972852    23.691014203703197    1.2049941175824461     25    
56600.90646972852    23.619387654071918    1.1935758589647396     25    
56601.40646972852    23.495386791732738    1.186727087728652      25    
56601.90646972852    23.31591230711495     1.1911733850733441     25    
56602.40646972852    23.07662117616949     1.198780288094654      25    
56602.90646972852    22.758363059283997    1.2014117706117242     25    
56603.40646972852    22.363283674828736    1.203263745931299      25    
56603.90646972852    21.90457119251292     1.1828137113865087     25    
56604.40646972852    21.37740982497297     1.111555755169983      25    
56604.90646972852    20.795977552135355    1.0223325495072044     25    
56605.40646972852    20.1872008458107      0.9835831051046074     25    
56605.90646972852    19.542297590258666    0.9927738816669717     25    
56606.40646972852    18.890932431162106    1.0028189264798637     25    
56606.90646972852    18.238522776264173    0.9969129594597927     25    
56607.40646972852    17.589693960586327    0.9871277256857415     25    
56607.90646972852    16.964936184054277    0.9746792182336776     25    
56608.40646972852    16.358309268934892    0.9580638630871833     25    
56608.90646972852    15.785810730144458    0.9471237181008001     25    
56609.40646972852    15.249245480511995    0.9492028213738768     25    
56609.90646972852    14.753245232033837    0.9555785166157436     25    
56610.40646972852    14.313196441000088    0.9573492966662028     25    
56610.90646972852    13.925734836435426    0.9577308932924754     25    
56611.40646972852    13.592612559620303    0.9435662770264452     25    
56611.90646972852    13.31750854916018     0.8960264141796548     25    
56612.40646972852    13.094850174743486    0.8394211759268235     25    
56612.90646972852    12.917574004854695    0.8211240293177251     25    
56613.40646972852    12.788069953081612    0.8373858453067134     25    
56613.90646972852    12.69766274402397     0.8526460073100585     25    
56614.40646972852    12.646798834414309    0.8557490728081019     25    
56614.90646972852    12.630565675856568    0.8547044762795637     25    
56615.40646972852    12.63883688881613     0.8482018324071967     25    
56615.90646972852    12.67535231277541     0.8351181508146379     25    
56616.40646972852    12.724442391748756    0.8281733232059867     25    
56616.90646972852    12.785011297855252    0.8354494793065462     25    
56617.40646972852    12.851997334980686    0.8472432052745343     25    
56617.90646972852    12.911210433785515    0.8533720365927957     25    
56618.40646972852    12.96632928700381     0.8561606673491371     25    
56618.90646972852    13.011296012188652    0.8555096512996572     25    
56619.40646972852    13.042838851692782    0.8504238868384281     25    
56619.90646972852    13.064202655605202    0.8423565481535297     25    
56620.40646972852    13.077414496343401    0.8325822982818997     25    
56620.90646972852    13.081763577070191    0.8201332844127385     25    
56621.40646972852    13.080078273412251    0.81153772816802       25    
56621.90646972852    13.073307244010424    0.8122741782288149     25    
56622.40646972852    13.060866317909348    0.8148448631176927     25    
56622.90646972852    13.043348356892722    0.8081650385816568     25    
56623.40646972852    13.020884907584787    0.7931877566308768     25    
56623.90646972852    12.990467735662442    0.785499647099429      25    
56624.40646972852    12.952028410639915    0.7941499581720103     25    
56624.90646972852    12.904465629038745    0.8078636241658461     25    
56625.40646972852    12.84521296101214     0.8156481352702861     25    
56625.90646972852    12.775045228216142    0.8203963934688291     25    
56626.40646972852    12.691777661969027    0.8191473291154537     25    
56626.90646972852    12.595026666989991    0.8008682018569062     25    
56627.40646972852    12.484579234764917    0.7853611576403227     25    
56627.90646972852    12.359377982948805    0.8088685377488455     25    
56628.40646972852    12.219764223280928    0.8641165543971625     25    
56628.90646972852    12.064566663159484    0.9034242635779103     25    
56629.40646972852    11.893318002732302    0.913013990185709      25    
56629.90646972852    11.706447956804446    0.9095239942085998     25    
56630.40646972852    11.503856154602275    0.8998290199648074     25    
56630.90646972852    11.285381928900646    0.8808377730885653     25    
56631.40646972852    11.053438509054804    0.8680486584748418     25    
56631.90646972852    10.808006918879009    0.8691933602942562     25    
56632.40646972852    10.550082263622091    0.8759174152214012     25    
56632.90646972852    10.28136631716006     0.8828967843012374     25    
56633.40646972852    10.001086065283209    0.8921792764739163     25    
56633.90646972852    9.714201828433344     0.8929034899131322     25    
56634.40646972852    9.41953579363751      0.8927220716075543     25    
56634.90646972852    9.121468259507616     0.8715552971298988     25    
56635.40646972852    8.827007101800117     0.776176958078249      25    
56635.90646972852    8.533801728334012     0.5769938113583813     25    
56636.40646972852    8.25101682885959      0.37568420023704346    25    
56636.90646972852    7.9799917895801284    0.33508488658505087    25    
56637.40646972852    7.721682401361601     0.37753728437933803    25    
56637.90646972852    7.481131289123428     0.37743147926867116    25    
56638.40646972852    7.257290349180392     0.36569336672497676    25    
56638.90646972852    7.046871597224874     0.355758568947528      25    
56639.40646972852    6.850152309746397     0.3493632282484925     25    
56639.90646972852    6.665440510005713     0.34574896126244553    25    
56640.40646972852    6.489733370764486     0.34673393862134694    25    
56640.90646972852    6.323971104378309     0.3523057718051083     25    
56641.40646972852    6.165210707397018     0.35460899464621054    25    
56641.90646972852    6.013007934765107     0.3500672799161659     25    
56642.40646972852    5.867127332164299     0.3433076683965359     25    
56642.90646972852    5.726397578896221     0.3382223075837708     25    
56643.40646972852    5.591192038973763     0.3336684471387419     25    
56643.90646972852    5.460248063074489     0.3327727233322974     25    
56644.40646972852    5.333459986923171     0.33827155988364643    25    
56644.90646972852    5.21056377762107      0.3454915589661845     25    
56645.40646972852    5.0907518012668636    0.3493711414943073     25    
56645.90646972852    4.974226849101959     0.3513402452483122     25    
56646.40646972852    4.861153627303344     0.35105766646290376    25    
56646.90646972852    4.75148479383131      0.3476926484275451     25    
56647.40646972852    4.645362149386986     0.3426888377186575     25    
56647.90646972852    4.5429806750138475    0.33767147019075544    25    
56648.40646972852    4.444276166008356     0.33210050095951144    25    
56648.90646972852    4.349503415365759     0.3276356551466001     25    
56649.40646972852    4.258654757359364     0.3248578956967904     25    
56649.90646972852    4.171840091871347     0.32328732285658707    25    
56650.40646972852    4.08925291879483      0.32306482985934215    25    
56650.90646972852    4.010829661000687     0.3242515119072373     25    
56651.40646972852    3.9368256456695554    0.32469985072218727    25    
56651.90646972852    3.867231511129563     0.32284882495283906    25    
56652.40646972852    3.8021591725986057    0.321343793184461      25    
56652.90646972852    3.7418006376127737    0.3218549104891256     25    
56653.40646972852    3.6860929790307457    0.32354924308743754    25    
56653.90646972852    3.6352920358051497    0.33519987467895523    25    