53676.139773795    9.967068571082818     2.8860800341254924    25    
53676.639773795    11.684376425780204    2.840056538089587     25    
53677.139773795    13.50748810948251     2.9242649848729494    25    
53677.639773795    15.422971112743866    3.591837805388916     25    
53678.139773795    17.432538188585582    4.451170483856151     25    
53678.639773795    19.518704258614775    4.849769824995423     25    
53679.139773795    21.684418594970758    4.865661851685405     25    
53679.639773795    23.913775649971605    4.837540838977734     25    
53680.139773795    26.20532911521669     4.858270062540939     25    
53680.639773795    28.549942091660142    4.870482644303583     25    
53681.139773795    30.937469535902125    4.871889338858753     25    
53681.639773795    33.36730177809946     4.864848690676906     25    
53682.139773795    35.82303964360565     4.853580148952722     25    
53682.639773795    38.3077830199318      4.8364519359770215    25    
53683.139773795    40.80468123841378     4.837316608156672     25    
53683.639773795    43.319019849968655    4.891998168043917     25    
53684.139773795    45.82384716599275     4.884111447258956     25    
53684.639773795    48.33501307289031     4.650851755174209     25    
53685.139773795    50.78948535694307     4.375328461326831     25    
53685.639773795    53.07820002482529     4.4380214684640436    25    
53686.139773795    55.214324307093094    4.730351574081572     25    
53686.639773795    57.00482191291061     4.939981230884086     25    
53687.139773795    58.472288209944786    5.067476313288677     25    
53687.639773795    59.48655805302332     5.159231620122909     25    
53688.139773795    59.947917373096566    5.171938571429922     25    
53688.639773795    59.97943492764573     5.224808361477142     25    
53689.139773795    59.63418024321831     5.482894845439105     25    
53689.639773795    58.945854474799134    5.843421452572607     25    
53690.139773795    58.16367040380002     6.183446238428233     25    
53690.639773795    57.24342361655159     6.539853160986586     25    
53691.139773795    56.412352711960175    6.632211886869426     25    
53691.639773795    55.722139478900935    6.360410076156928     25    
53692.139773795    55.13833192010107     5.892785978680248     25    
53692.639773795    54.69420154208984     5.203246528971403     25    
53693.139773795    54.3388272368385      4.367275313625056     25    
53693.639773795    53.980930383432835    3.9972703825809557    25    
53694.139773795    53.63618978687676     4.079384860893202     25    
53694.639773795    53.202217546979995    4.156855028974547     25    
53695.139773795    52.67310515702061     4.199581629694439     25    
53695.639773795    52.05743632203936     4.277072732879132     25    
53696.139773795    51.33865411538155     4.378477334652573     25    
53696.639773795    50.550182528666795    4.533877403116592     25    
53697.139773795    49.7266337436361      4.841043297014837     25    
53697.639773795    48.864956563745096    5.198506805274353     25    
53698.139773795    48.01442115072838     5.283274963056067     25    
53698.639773795    47.17260603128975     5.113827117209907     25    
53699.139773795    46.329332066488455    4.841000103098971     25    
53699.639773795    45.4941724456356      4.395751400501479     25    
53700.139773795    44.63528775573296     3.9966736842517294    25    
53700.639773795    43.73215709678372     4.014466382316713     25    
53701.139773795    42.781703132219015    4.22861908391918      25    
53701.639773795    41.74319867711219     4.316811897322567     25    
53702.139773795    40.623518281694395    4.3391864449469715    25    
53702.639773795    39.452585700842356    4.323958889414672     25    
53703.139773795    38.21610426169682     4.2292822530168905    25    
53703.639773795    36.98232778156397     4.23129896622208      25    
53704.139773795    35.77102353911648     4.500025318276081     25    
53704.639773795    34.60693908501442     4.804502417128269     25    
53705.139773795    33.552775884112776    4.909073660227288     25    
53705.639773795    32.59524208770987     4.900705412143688     25    
53706.139773795    31.767556413218106    4.858015181097143     25    
53706.639773795    31.069306794322927    4.759733964535816     25    
53707.139773795    30.49266733253808     4.729873072317001     25    
53707.639773795    30.03801989893203     4.864264768716533     25    
53708.139773795    29.701462571054098    4.987528942570745     25    
53708.639773795    29.484093402763882    4.968867597981405     25    
53709.139773795    29.378440168293814    4.851621661750342     25    
53709.639773795    29.36208358380878     4.57418529930763      25    
53710.139773795    29.440053967738024    4.101121896625094     25    
53710.639773795    29.56531879272318     3.7437686924639673    25    
53711.139773795    29.741625700418655    3.6247411724196397    25    
53711.639773795    29.935452760703534    3.595554053604844     25    
53712.139773795    30.12157775705632     3.609755030727998     25    
53712.639773795    30.310056774850075    3.650743287766451     25    
53713.139773795    30.49076478262057     3.6144652413818306    25    
53713.639773795    30.66955903611603     3.533991405810857     25    
53714.139773795    30.887388671503984    3.530746813711469     25    
53714.639773795    31.137715136712742    3.6162701380222018    25    
53715.139773795    31.456643107700323    3.711335345946953     25    
53715.639773795    31.861408153257123    3.812782021194707     25    
53716.139773795    32.33844428760252     3.882558199564562     25    
53716.639773795    32.89534524797638     3.8354431820163812    25    
53717.139773795    33.515847688010744    3.733112995583203     25    
53717.639773795    34.142049315685696    3.753966477479988     25    
53718.139773795    34.78493308257193     3.8876370323483775    25    
53718.639773795    35.38165953577476     3.9496163974234957    25    
53719.139773795    35.92420226344415     3.9037419840944696    25    
53719.639773795    36.40722463577512     3.8029625120217254    25    
53720.139773795    36.808778703122236    3.5988146580108458    25    
53720.639773795    37.153105430809084    3.398111579027185     25    
53721.139773795    37.47204543664288     3.5171311348242305    25    
53721.639773795    37.76071203634682     3.8548321554975375    25    
53722.139773795    38.06380137394862     4.088898841837554     25    
53722.639773795    38.382517966104544    4.216297578987143     25    
53723.139773795    38.7152465743659      4.3240622768936925    25    
53723.639773795    39.078806704038044    4.365419203235572     25    
53724.139773795    39.436287765207375    4.493342208507275     25    
53724.639773795    39.75379999180617     4.956252507362963     25    
53725.139773795    40.0315610881632      5.5448213940602615    25    
53725.639773795    40.2113462736142      5.9270809105922035    25    
53726.139773795    40.300650019954375    6.184593025961306     25    
53726.639773795    40.27570871146602     6.148619794198579     25    
53727.139773795    40.12303224106553     5.677694349803741     25    
53727.639773795    39.86845938691184     4.995713341621008     25    
53728.139773795    39.52183611057868     4.19810101996895      25    
53728.639773795    39.088835461106996    3.256226899724526     25    
53729.139773795    38.59585160149919     2.7135747833677466    25    
53729.639773795    38.03816365303664     2.6856876373795178    25    
53730.139773795    37.43843215477606     2.7376411982618083    25    
53730.639773795    36.79665166286542     2.8238711643065617    25    
53731.139773795    36.11839941824574     3.023946508728189     25    
53731.639773795    35.4060643678173      3.3730418631652386    25    
53732.139773795    34.662181949273034    3.7382967884634266    25    
53732.639773795    33.89159772045375     4.0338155485252605    25    
53733.139773795    33.09454613051628     4.271668028148268     25    
53733.639773795    32.28161727198878     4.268021629547812     25    
53734.139773795    31.44986209467238     4.011149735893399     25    
53734.639773795    30.617743796822793    3.6637775298574504    25    
53735.139773795    29.785476020752064    3.2157468060351797    25    
53735.639773795    28.964909381488557    2.715839128575887     25    
53736.139773795    28.167442593758125    2.2912319011337274    25    
53736.639773795    27.392649790009454    1.927268737571303     25    
53737.139773795    26.654638969441237    1.7179235039706349    25    
53737.639773795    25.951132385751443    1.71535050444121      25    
53738.139773795    25.280638148465794    1.7309356047071045    25    
53738.639773795    24.643720916781362    1.7463517761397624    25    
53739.139773795    24.037913380505405    1.767129910423233     25    
53739.639773795    23.462448895828548    1.7799876611265921    25    
53740.139773795    22.916483974527246    1.7908121989020078    25    
53740.639773795    22.39794892191285     1.8002884947877584    25    
53741.139773795    21.90709469805797     1.8070791589723003    25    
53741.639773795    21.441196547636622    1.7984215130742054    25    
53742.139773795    21.000720960161647    1.7719561807038062    25    
53742.639773795    20.583167325602318    1.7430501383122272    25    
53743.139773795    20.18833831344062     1.6861149351019413    25    
53743.639773795    19.814773802993074    1.6798030509563788    25    
53744.139773795    19.460922310497324    1.7235300827058273    25    
53744.639773795    19.126662325801966    1.90582319012277      25    
53745.139773795    18.80944850393417     2.4304672936603997    25    