53676.139773795    14.738384588537684    2.434544651927615     25    
53676.639773795    17.157522178965404    2.4115107898224966    25    
53677.139773795    19.708467600139468    2.430006081842173     25    
53677.639773795    22.36915433505938     2.6535243498403487    25    
53678.139773795    25.14239604217181     2.9785963758082086    25    
53678.639773795    27.99946876776088     3.1383842920332503    25    
53679.139773795    30.945217486182518    3.143105324748554     25    
53679.639773795    33.95351304861764     3.131706375560917     25    
53680.139773795    37.021979503719315    3.1432139878975405    25    
53680.639773795    40.13560703229178     3.1534013494021496    25    
53681.139773795    43.27772966632999     3.1614753920410976    25    
53681.639773795    46.44734585880257     3.167971224863031     25    
53682.139773795    49.6175155455622      3.1733208170220846    25    
53682.639773795    52.793331127305805    3.1772387711012615    25    
53683.139773795    55.94664696685684     3.183382022649067     25    
53683.639773795    59.08183463712856     3.184857564205997     25    
53684.139773795    62.16970640589828     3.2076044048440293    25    
53684.639773795    65.21303936884004     3.280153262425291     25    
53685.139773795    68.17021877694592     3.3703438695384804    25    
53685.639773795    70.96160421315871     3.4375476044205433    25    
53686.139773795    73.59727965735708     3.491816563955851     25    
53686.639773795    75.94396582660801     3.533656811888459     25    
53687.139773795    78.01700951130928     3.5636383271148238    25    
53687.639773795    79.7278668767664      3.5801386496994034    25    
53688.139773795    81.00466731959028     3.5701276095765473    25    
53688.639773795    81.94085646131362     3.564071746784257     25    
53689.139773795    82.580013984698       3.60196970272063      25    
53689.639773795    82.94671332926411     3.6654456781043714    25    
53690.139773795    83.23068955048217     3.7369940001117947    25    
53690.639773795    83.39853429002669     3.8230468247509144    25    
53691.139773795    83.62076661494291     3.8590588436388145    25    
53691.639773795    83.94313110814016     3.82828614561258      25    
53692.139773795    84.31736733113944     3.753335496361069     25    
53692.639773795    84.76067887384457     3.6103231270452723    25    
53693.139773795    85.22420095863686     3.4472447132298103    25    
53693.639773795    85.6048202397566      3.4150458847953713    25    
53694.139773795    85.92028533844851     3.4846174288928253    25    
53694.639773795    86.05554769032673     3.5203337968135706    25    
53695.139773795    86.00272736941639     3.509894701391505     25    
53695.639773795    85.77733368283523     3.493999675577598     25    
53696.139773795    85.36094872096925     3.475433849959105     25    
53696.639773795    84.7957641659878      3.468827728487664     25    
53697.139773795    84.12745716533898     3.516689647707967     25    
53697.639773795    83.35182542160717     3.5922122873714653    25    
53698.139773795    82.53359658468057     3.6178639967692914    25    
53698.639773795    81.67082260350107     3.607995090539843     25    
53699.139773795    80.73933765703671     3.4872308134711227    25    
53699.639773795    79.75342137962743     3.1415512602581783    25    
53700.139773795    78.65958923770835     2.778593295391304     25    
53700.639773795    77.42216432476388     2.690091164976875     25    
53701.139773795    76.03608192466963     2.739919714997449     25    
53701.639773795    74.43048704371706     2.7409763746360527    25    
53702.139773795    72.6172872608028      2.7256145565755086    25    
53702.639773795    70.65656636143463     2.698503636479206     25    
53703.139773795    68.52138721011725     2.648367615047291     25    
53703.639773795    66.3415664481682      2.619180682808331     25    
53704.139773795    64.155096819538       2.6521321511432396    25    
53704.639773795    62.0086677624118      2.699516871206276     25    
53705.139773795    60.0238469057237      2.706446645966175     25    
53705.639773795    58.17281604667801     2.6901381332932215    25    
53706.139773795    56.50388075442068     2.666427193296379     25    
53706.639773795    55.020774276195766    2.6308709377160917    25    
53707.139773795    53.68104663160902     2.6087868999895787    25    
53707.639773795    52.48321328173765     2.616863440923817     25    
53708.139773795    51.406097545007654    2.6285314567119857    25    
53708.639773795    50.424507420487544    2.6245283924908698    25    
53709.139773795    49.543673481032634    2.610349675793597     25    
53709.639773795    48.747087365412405    2.57454036908139      25    
53710.139773795    48.03695280839842     2.5160328030494417    25    
53710.639773795    47.419842646729975    2.48595535657766      25    
53711.139773795    46.89536541491536     2.501306491995616     25    
53711.639773795    46.46715612013325     2.522245080479234     25    
53712.139773795    46.1435604212302      2.5300026528961173    25    
53712.639773795    45.911995030056325    2.5312638959259997    25    
53713.139773795    45.760463448285556    2.523452298513829     25    
53713.639773795    45.687823500063466    2.5059020405225807    25    
53714.139773795    45.64495142576563     2.4586435732017016    25    
53714.639773795    45.639781092479325    2.368779564949718     25    
53715.139773795    45.62869365128335     2.3028249217177477    25    
53715.639773795    45.598536047438394    2.3034219285790436    25    
53716.139773795    45.5459868425456      2.3196325280804895    25    
53716.639773795    45.45212270649461     2.301301238422993     25    
53717.139773795    45.32665800278972     2.2760613640522824    25    
53717.639773795    45.18324795626022     2.301406349190963     25    
53718.139773795    45.01926076058731     2.3737579048907524    25    
53718.639773795    44.850648001207816    2.4239491848666184    25    
53719.139773795    44.67927174834883     2.442877075181021     25    
53719.639773795    44.50703555905216     2.4372644099488925    25    
53720.139773795    44.33951480461707     2.387255130066271     25    
53720.639773795    44.17112428840466     2.324369483774158     25    
53721.139773795    43.99505902459855     2.3210618229321267    25    
53721.639773795    43.81234921010188     2.359987695483526     25    
53722.139773795    43.61356950279552     2.391616556142863     25    
53722.639773795    43.400024121253615    2.420788946268708     25    
53723.139773795    43.16409319912461     2.419901229583621     25    
53723.639773795    42.90420873704961     2.351561044857582     25    
53724.139773795    42.61687157084406     2.2745890022901745    25    
53724.639773795    42.296611945831835    2.2656803275575164    25    
53725.139773795    41.94364447264622     2.2957618867586196    25    
53725.639773795    41.54986239809994     2.3318733219089194    25    
53726.139773795    41.11664352982458     2.381325086723924     25    
53726.639773795    40.63731341766597     2.3928579422332965    25    
53727.139773795    40.111416087870744    2.367506179388463     25    
53727.639773795    39.53619629200911     2.2708046771306227    25    
53728.139773795    38.909377090151985    1.993843548956262     25    
53728.639773795    38.23037506052107     1.601473727222112     25    
53729.139773795    37.493514256901555    1.422808329868826     25    
53729.639773795    36.69998799483586     1.4618457090527486    25    
53730.139773795    35.85745905977583     1.4671924242114192    25    
53730.639773795    34.959741438838485    1.4098888512390997    25    
53731.139773795    34.036411503766644    1.36429954811558      25    
53731.639773795    33.09361207559783     1.3590991800547325    25    
53732.139773795    32.14481043412321     1.3749718662668586    25    
53732.639773795    31.21616811085059     1.409567848307351     25    
53733.139773795    30.3035041018663      1.454673585226596     25    
53733.639773795    29.431600398865143    1.453273630906113     25    
53734.139773795    28.599090212411753    1.4040293148699425    25    
53734.639773795    27.8044971540309      1.3429169442328273    25    
53735.139773795    27.04865776432986     1.2799163571246648    25    
53735.639773795    26.32980288819533     1.2037986609814937    25    
53736.139773795    25.647097984500505    1.094318433817354     25    
53736.639773795    25.00007843956956     0.9688314479637034    25    
53737.139773795    24.386513009713862    0.9109828274406491    25    
53737.639773795    23.806852111252198    0.9210283537403459    25    
53738.139773795    23.2564928444459      0.9234510322262258    25    
53738.639773795    22.735962972231803    0.9081728600198772    25    
53739.139773795    22.24152433764053     0.8910746911704512    25    
53739.639773795    21.77184327146165     0.873550591671366     25    
53740.139773795    21.325452424374117    0.8580899607476627    25    
53740.639773795    20.898751313275383    0.8518521832388535    25    
53741.139773795    20.49217651342744     0.8530704367122514    25    
53741.639773795    20.100987984879577    0.8555217680381536    25    
53742.139773795    19.72599724230484     0.8485455985390254    25    
53742.639773795    19.362854173480844    0.9037618141227401    25    
53743.139773795    19.011215498212877    1.0623620265370188    25    
53743.639773795    18.668541160773167    1.2076891183693585    25    
53744.139773795    18.332132168358164    1.2565165818409438    25    
53744.639773795    18.001777139429635    1.2771791174218179    25    
53745.139773795    17.673048139947316    1.355081049282716     25    