55906.80319191817    4.683874595795307     0.9201265520775624     25    
55907.30319191817    5.527415436045316     0.9197829038283764     25    
55907.80319191817    6.436462257666189     0.9247998845648816     25    
55908.30319191817    7.409093168729596     0.9560975735051662     25    
55908.80319191817    8.445582290394336     1.00350840955442       25    
55909.30319191817    9.543441932084587     1.0294551969596901     25    
55909.80319191817    10.703086247289766    1.0326065365108106     25    
55910.30319191817    11.922313279420328    1.0326549278136006     25    
55910.80319191817    13.200825681662492    1.035789245727021      25    
55911.30319191817    14.537462885265786    1.038354605911189      25    
55911.80319191817    15.930652146822533    1.0401689003597776     25    
55912.30319191817    17.38043544334829     1.0413644220289877     25    
55912.80319191817    18.88441719607991     1.042098029090158      25    
55913.30319191817    20.443059479024697    1.0422943816971033     25    
55913.80319191817    22.054109326079463    1.0426249049852303     25    
55914.30319191817    23.71982463423911     1.0391126365768009     25    
55914.80319191817    25.431972385339748    1.0442806943793335     25    
55915.30319191817    27.198358470930472    1.0748081911220027     25    
55915.80319191817    28.995804742016627    1.114488232953016      25    
55916.30319191817    30.768584861023797    1.136056921797499      25    
55916.80319191817    32.52759716614495     1.1448867150383535     25    
55917.30319191817    34.18246673960048     1.1525753528679046     25    
55917.80319191817    35.73972019239721     1.160597074181394      25    
55918.30319191817    37.14294620926867     1.1661386524954347     25    
55918.80319191817    38.34362893936925     1.1666941432112536     25    
55919.30319191817    39.37396483339811     1.1660388157998938     25    
55919.80319191817    40.243141901618       1.1701956573354122     25    
55920.30319191817    40.9543349331383      1.1774563885905676     25    
55920.80319191817    41.57682447643647     1.1864562041853937     25    
55921.30319191817    42.10077557910875     1.19860306951839       25    
55921.80319191817    42.578653239607036    1.2058224613105302     25    
55922.30319191817    43.036345330061344    1.2146453231280028     25    
55922.80319191817    43.45693085155227     1.2031278144470907     25    
55923.30319191817    43.84457029960103     1.122475690238438      25    
55923.80319191817    44.19077676733705     0.9940731785327603     25    
55924.30319191817    44.45794482005595     0.9325741965086108     25    
55924.80319191817    44.652743953016135    0.9475073173447751     25    
55925.30319191817    44.74213809374822     0.9627262998231066     25    
55925.80319191817    44.714354829873955    0.9610862266781374     25    
55926.30319191817    44.58398841795888     0.9574968262504902     25    
55926.80319191817    44.34956424836654     0.9530045042907904     25    
55927.30319191817    44.02233153689213     0.9487383123848975     25    
55927.80319191817    43.63430885263766     0.9512231809740886     25    
55928.30319191817    43.17948422113763     0.9595289575584119     25    
55928.80319191817    42.692317020586195    0.9622690613093321     25    
55929.30319191817    42.17553339744301     0.9555873562360228     25    
55929.80319191817    41.63085081222581     0.9509555331073949     25    
55930.30319191817    41.06525265885555     0.9566329035253719     25    
55930.80319191817    40.47144337266992     0.965350922739217      25    
55931.30319191817    39.84183738529975     0.9698462508568069     25    
55931.80319191817    39.177638735284404    0.9719173203013759     25    
55932.30319191817    38.46918507772918     0.9711380053995007     25    
55932.80319191817    37.71481309727915     0.967299612567354      25    
55933.30319191817    36.92389515006715     0.9615476311081929     25    
55933.80319191817    36.0938871723773      0.9524621170191923     25    
55934.30319191817    35.237299616138564    0.9442331691164788     25    
55934.80319191817    34.36765971950445     0.9438861261288004     25    
55935.30319191817    33.48440388622198     0.9478169169098823     25    
55935.80319191817    32.60834704071268     0.9507235738714156     25    
55936.30319191817    31.73632180906244     0.9564973744621309     25    
55936.80319191817    30.88109283060637     0.93029771784446       25    
55937.30319191817    30.044236340042243    0.8373768923605319     25    
55937.80319191817    29.22955424030827     0.738397761478081      25    
55938.30319191817    28.441107937252415    0.7151535147410707     25    
55938.80319191817    27.67953288881582     0.7301626015948866     25    
55939.30319191817    26.952432657800443    0.7321991987657746     25    
55939.80319191817    26.258525670386963    0.7296621236219318     25    
55940.30319191817    25.59892148576378     0.7243963141282942     25    
55940.80319191817    24.974932738586933    0.7143760177508411     25    
55941.30319191817    24.38206643072444     0.7065568040346011     25    
55941.80319191817    23.818942866273595    0.7070042834424718     25    
55942.30319191817    23.284204800072747    0.7103660297871027     25    
55942.80319191817    22.77401414993216     0.7109757815063336     25    
55943.30319191817    22.288951730382866    0.7101306546874399     25    
55943.80319191817    21.824156602196297    0.7076254878150212     25    
55944.30319191817    21.380409794029138    0.7059650452108054     25    
55944.80319191817    20.953490429860448    0.691123565467126      25    
55945.30319191817    20.54272762452091     0.6449107495232475     25    
55945.80319191817    20.145973740169364    0.5935082981157821     25    
55946.30319191817    19.760024449695152    0.5788598418414839     25    
55946.80319191817    19.38511045451613     0.5859708075877925     25    
55947.30319191817    19.016868670440406    0.5849998323615603     25    
55947.80319191817    18.656083383096615    0.5771617330444817     25    
55948.30319191817    18.298931355709666    0.5737189896204605     25    
55948.80319191817    17.94537112228921     0.5791244320255866     25    
55949.30319191817    17.593041652393172    0.5855357849493454     25    
55949.80319191817    17.23907080700615     0.5882388136433236     25    
55950.30319191817    16.88464202841449     0.5883271991732877     25    
55950.80319191817    16.5292664920283      0.5830825439153073     25    
55951.30319191817    16.172875146417752    0.5728392222481105     25    
55951.80319191817    15.8213933399278      0.5555537170617422     25    
55952.30319191817    15.474205790710393    0.5254836073525044     25    
55952.80319191817    15.135773133501353    0.5001235681939342     25    
55953.30319191817    14.809258430032875    0.49757617032795076    25    
55953.80319191817    14.493567679852577    0.5031299017147752     25    
55954.30319191817    14.190602654596507    0.4982465070917485     25    
55954.80319191817    13.89946325561859     0.48781193348031576    25    
55955.30319191817    13.613490846422092    0.4821785036655191     25    
55955.80319191817    13.333804843783197    0.48228806455972956    25    
55956.30319191817    13.05431318369302     0.4841980020247568     25    
55956.80319191817    12.772681189199366    0.48824924134729514    25    
55957.30319191817    12.48906307760508     0.49137846011539943    25    
55957.80319191817    12.200499575921905    0.4923750360744162     25    
55958.30319191817    11.908918551696683    0.4885686000773261     25    
55958.80319191817    11.619906983782474    0.4558207498870521     25    
55959.30319191817    11.332339472893048    0.3821272999936896     25    
55959.80319191817    11.052391365916167    0.32190836922041877    25    
55960.30319191817    10.780897882101693    0.3172514695456185     25    
55960.80319191817    10.519399069078608    0.32729378714227453    25    
55961.30319191817    10.2708794440359      0.3215859744807293     25    
55961.80319191817    10.033639817180962    0.31370801592480324    25    
55962.30319191817    9.806055493416912     0.310783080739041      25    
55962.80319191817    9.588452286037038     0.3119147688412704     25    
55963.30319191817    9.378343092692758     0.3150533395189262     25    
55963.80319191817    9.17573104309583      0.32150283725469736    25    
55964.30319191817    8.9796434813193       0.32550216725250314    25    
55964.80319191817    8.78907871188488      0.32238878735415716    25    
55965.30319191817    8.604679646591782     0.31578422436601455    25    
55965.80319191817    8.426756018546829     0.31052879739409717    25    
55966.30319191817    8.255278831225436     0.30490111755879057    25    
55966.80319191817    8.090967396949917     0.2871873889193198     25    
55967.30319191817    7.933793375783351     0.24926378025671123    25    
55967.80319191817    7.783932874070195     0.2159877460441047     25    
55968.30319191817    7.64171161916399      0.21086554606119237    25    
55968.80319191817    7.50656762918133      0.21591922129692417    25    
55969.30319191817    7.378039058682052     0.2144242664252935     25    
55969.80319191817    7.256120616798414     0.21177864046441208    25    
55970.30319191817    7.1399451147403       0.20926021382120397    25    
55970.80319191817    7.029676618608073     0.20670822378275538    25    
55971.30319191817    6.924473299317889     0.20496988575644       25    
55971.80319191817    6.824325052059402     0.20438561658457446    25    
55972.30319191817    6.728703444331021     0.20460270997734564    25    
55972.80319191817    6.637158442507281     0.20338882818803233    25    
55973.30319191817    6.549615399704723     0.20419855787449895    25    
55973.80319191817    6.465269315306616     0.2180921954316495     25    
55974.30319191817    6.384275140552203     0.24185299672444116    25    
55974.80319191817    6.3057501958123       0.25708427410468443    25    
55975.30319191817    6.229775192228355     0.2595637473780645     25    
55975.80319191817    6.155693124531884     0.26526854239109304    25    
55976.30319191817    6.0832080800880926    0.2778446212247733     25    