55209.333864782435    3.6718458265780307    1.2263021392950844     25    
55209.833864782435    4.298990785903517     1.2040921524023513     25    
55210.333864782435    4.9730527995589116    1.2065675702154792     25    
55210.833864782435    5.692722089791672     1.3581729237749594     25    
55211.333864782435    6.458374521644289     1.6147846856393904     25    
55211.833864782435    7.268547488432021     1.7775419219016553     25    
55212.333864782435    8.123217690157325     1.802995071554392      25    
55212.833864782435    9.02172935444746      1.7842886677732177     25    
55213.333864782435    9.962989002421171     1.7868576816928963     25    
55213.833864782435    10.947287872535526    1.7919638485175111     25    
55214.333864782435    11.973095155758989    1.796110159878027      25    
55214.833864782435    13.040608583373018    1.7992615910293008     25    
55215.333864782435    14.14888788178682     1.8015889120078283     25    
55215.833864782435    15.297098184283092    1.8029899301709467     25    
55216.333864782435    16.485361476148107    1.8036897088813268     25    
55216.833864782435    17.712712634657226    1.8055936931843268     25    
55217.333864782435    18.981819828191856    1.812427969739241      25    
55217.833864782435    20.282030751895714    1.8091667651252643     25    
55218.333864782435    21.626737986656252    1.7764018964007469     25    
55218.833864782435    22.988040575753818    1.7325882471855227     25    
55219.333864782435    24.29215148906047     1.7196910642549856     25    
55219.833864782435    25.56393333503495     1.7371920344640537     25    
55220.333864782435    26.69963507294476     1.756699431791094      25    
55220.833864782435    27.679089253178       1.7689095362231118     25    
55221.333864782435    28.479264522843       1.7782540430496572     25    
55221.833864782435    29.00603703383561     1.7807906731239316     25    
55222.333864782435    29.277429731153354    1.7768845281049577     25    
55222.833864782435    29.357413538710393    1.774707711107219      25    
55223.333864782435    29.222461664333363    1.776209154314063      25    
55223.833864782435    28.951824412833087    1.779638760068364      25    
55224.333864782435    28.630468311882453    1.786376156385011      25    
55224.833864782435    28.237550207520485    1.7954427352285212     25    
55225.333864782435    27.89347647608901     1.7984591959795386     25    
55225.833864782435    27.604102996484215    1.8016967924253797     25    
55226.333864782435    27.36574338429184     1.783783173350992      25    
55226.833864782435    27.19873978381309     1.707637509091278      25    
55227.333864782435    27.088329100931983    1.5970034682005663     25    
55227.833864782435    27.001574290853743    1.5409611719593481     25    
55228.333864782435    26.946396093787413    1.5518046613893717     25    
55228.833864782435    26.895331195525735    1.5705050921847437     25    
55229.333864782435    26.837786814870103    1.5689549167060068     25    
55229.833864782435    26.77127050193586     1.5634168817979461     25    
55230.333864782435    26.67191769794584     1.556879300675706      25    
55230.833864782435    26.545994859045226    1.5481199955710971     25    
55231.333864782435    26.372648372783303    1.5436170175668904     25    
55231.833864782435    26.149960281720364    1.5488597659623882     25    
55232.333864782435    25.870703040968195    1.5556732387805712     25    
55232.833864782435    25.515691283492092    1.5613997261005166     25    
55233.333864782435    25.08991601481095     1.5672311477382892     25    
55233.833864782435    24.601199145486497    1.5228909792514125     25    
55234.333864782435    24.043599497562674    1.3812434799013533     25    
55234.833864782435    23.435153091416016    1.224415083789112      25    
55235.333864782435    22.790540450276154    1.1743046491359956     25    
55235.833864782435    22.10706839002467     1.1933186302221575     25    
55236.333864782435    21.410161470930728    1.19995086167478       25    
55236.833864782435    20.694694421246147    1.1913309528527667     25    
55237.333864782435    19.979320128979225    1.179748284215148      25    
55237.833864782435    19.27406546916356     1.1638272529270028     25    
55238.333864782435    18.579990856463233    1.146225533364181      25    
55238.833864782435    17.920833390579244    1.1376779128971763     25    
55239.333864782435    17.290479268407044    1.1389491718603701     25    
55239.833864782435    16.710026628192185    1.1399684545083133     25    
55240.333864782435    16.18817108543029     1.1418581106574304     25    
55240.833864782435    15.722929616318517    1.137096573334214      25    
55241.333864782435    15.323110477889292    1.1009321441791622     25    
55241.833864782435    14.987293196178117    1.031325274204152      25    
55242.333864782435    14.710324524495986    0.9829870973199872     25    
55242.833864782435    14.492513886840099    0.9857743977002766     25    
55243.333864782435    14.331239006558363    1.004233796972966      25    
55243.833864782435    14.224395795149347    1.0088831057051615     25    
55244.333864782435    14.17213607186661     1.0087832067896423     25    
55244.833864782435    14.15976700483046     1.0050787041717484     25    
55245.333864782435    14.191839661904723    0.9948333708485696     25    
55245.833864782435    14.251790446674248    0.9867036182824857     25    
55246.333864782435    14.327540440971415    0.9906792949102298     25    
55246.833864782435    14.420453989370134    1.0011624100843641     25    
55247.333864782435    14.5069596858036      1.007664148100275      25    
55247.833864782435    14.589303564571079    1.0106335895786984     25    
55248.333864782435    14.662266378239343    1.0103987329292194     25    
55248.833864782435    14.719193295769593    1.009485419537597      25    
55249.333864782435    14.765195447540096    1.0031667571183356     25    
55249.833864782435    14.805814431392236    0.9752678001054149     25    
55250.333864782435    14.839439749966328    0.9209121366296665     25    
55250.833864782435    14.872229795913368    0.878593857988766      25    
55251.333864782435    14.906873055424196    0.8744138774752144     25    
55251.833864782435    14.94151942811567     0.8833308248757658     25    
55252.333864782435    14.977056503271191    0.8789295594055464     25    
55252.833864782435    15.013563859767581    0.8670308561036127     25    
55253.333864782435    15.042153154946996    0.8624386072167852     25    
55253.833864782435    15.063539701217442    0.8712379409004252     25    
55254.333864782435    15.072887025482622    0.8825923108088658     25    
55254.833864782435    15.06372947312571     0.8883139751641165     25    
55255.333864782435    15.037979040754795    0.8910825810090471     25    
55255.833864782435    14.991549627672883    0.8864681347497352     25    
55256.333864782435    14.923503539547855    0.8625498059882818     25    
55256.833864782435    14.836748960206773    0.859130341563114      25    
55257.333864782435    14.732349025523138    0.9222538937359946     25    
55257.833864782435    14.610445698779126    1.0093575228465037     25    
55258.333864782435    14.474101035763363    1.0516245219485525     25    
55258.833864782435    14.322880001356431    1.0544687726608346     25    
55259.333864782435    14.15771682168356     1.0464026546063918     25    
55259.833864782435    13.9796181703952      1.034518338266128      25    
55260.333864782435    13.787621152128867    1.0189337911792524     25    
55260.833864782435    13.580679353657766    1.013250296253571      25    
55261.333864782435    13.359108823876166    1.0158149330034287     25    
55261.833864782435    13.121557275660917    1.0197630831955702     25    
55262.333864782435    12.866694507790351    1.026000126230807      25    
55262.833864782435    12.596771334257694    1.0298536588569704     25    
55263.333864782435    12.312810972280078    1.0316167123366242     25    
55263.833864782435    12.01460977709176     1.0307926877403089     25    
55264.333864782435    11.712705236418818    0.9652381220890017     25    
55264.833864782435    11.40566126234419     0.7605783207579174     25    
55265.333864782435    11.100186436112137    0.4856866551902923     25    
55265.833864782435    10.80328319554245     0.3673417697961795     25    
55266.333864782435    10.513046256478866    0.4113697062061971     25    
55266.833864782435    10.236001397439509    0.4279614178474773     25    
55267.333864782435    9.972842053972439     0.4168047237542993     25    
55267.833864782435    9.720295779094233     0.4059959969233014     25    
55268.333864782435    9.477648546524085     0.3985126970686798     25    
55268.833864782435    9.244343172854562     0.3932557183082977     25    
55269.333864782435    9.0169054733472       0.3915497625332235     25    
55269.833864782435    8.796047384481243     0.3942672781848351     25    
55270.333864782435    8.57989691422491      0.39502974388951917    25    
55270.833864782435    8.367296497778849     0.3899510028029012     25    
55271.333864782435    8.159197082759757     0.38278028649233803    25    
55271.833864782435    7.956091415605513     0.3758863844854959     25    
55272.333864782435    7.757813109699868     0.3680526541271054     25    
55272.833864782435    7.565399949016614     0.37167864507438847    25    
55273.333864782435    7.378910207570779     0.39577264379724925    25    
55273.833864782435    7.198619552002285     0.4206471348811987     25    
55274.333864782435    7.02513068977483      0.4286231328739136     25    
55274.833864782435    6.858245421520751     0.42686430156856087    25    
55275.333864782435    6.6978516286108425    0.423902009725338      25    
55275.833864782435    6.543995194138096     0.4200117942632377     25    
55276.333864782435    6.396517576232609     0.4153254516179975     25    
55276.833864782435    6.255318509641286     0.4107687611905661     25    
55277.333864782435    6.120404467853638     0.4061553523096827     25    
55277.833864782435    5.9915736492602765    0.40282833694578213    25    
55278.333864782435    5.8688748642933       0.40081676502504965    25    
55278.833864782435    5.7521384814339145    0.39975284508350206    25    
55279.333864782435    5.6413068632321846    0.4003949465130062     25    
55279.833864782435    5.536348340527932     0.40133685219293036    25    
55280.333864782435    5.437078562350911     0.39857092932552207    25    
55280.833864782435    5.343549580504617     0.39180993752958065    25    
55281.333864782435    5.255568059330052     0.38832524026732523    25    
55281.833864782435    5.173120299044581     0.3887351165080736     25    
55282.333864782435    5.096129449038647     0.39543984156631784    25    
55282.833864782435    5.0244385938284015    0.41058500860236913    25    