#Date  :
#Flux  :
#Fluxerr  :
#ZP  :
#end  :
@INSTRUMENT  UVOT
@BAND  UVOT_u
@MAGSYS AB
55817.3203  0.0  110.16438396651972  25.0
55822.306645  0.0  110.16438396651972  25.0
55827.292989999994  0.0  110.16438396651972  25.0
55832.27933499999  0.0  110.16438396651972  25.0
55837.26567999999  0.0  110.16438396651972  25.0
55842.25202499999  0.0  110.16438396651972  25.0
55847.238369999985  0.0  110.16438396651972  25.0
55852.22471499998  0.0  110.16438396651972  25.0
55857.21105999998  0.0  110.16438396651972  25.0
55862.19740499998  0.0  110.16438396651972  25.0
55867.183749999975  0.0  110.16438396651972  25.0
55872.17009499997  0.0  110.16438396651972  25.0
55877.15643999997  0.0  110.16438396651972  25.0
55882.14278499997  0.0  110.16438396651972  25.0
55887.129129999965  0.0  110.16438396651972  25.0
55892.11547499996  0.0  110.16438396651972  25.0
55897.10181999996  0.0  110.16438396651972  25.0
55902.08816499996  0.0  110.16438396651972  25.0
55907.074509999955  0.0  110.16438396651972  25.0
55912.06085499995  0.0  110.16438396651972  25.0
55917.04719999995  0.0  110.16438396651972  25.0
55922.03354499995  0.0  110.16438396651972  25.0
55927.019889999945  0.0  110.16438396651972  25.0
55932.00623499994  0.0  110.16438396651972  25.0
55936.99257999994  0.0  110.16438396651972  25.0
55941.97892499994  0.0  110.16438396651972  25.0
55946.965269999935  0.0  110.16438396651972  25.0
55951.95161499993  0.0  110.16438396651972  25.0
55956.93795999993  0.0  110.16438396651972  25.0
55961.92430499993  0.0  110.16438396651972  25.0
55966.910649999925  0.0  110.16438396651972  25.0
55971.89699499992  0.0  110.16438396651972  25.0
55976.88333999992  0.0  110.16438396651972  25.0
55981.86968499992  0.0  110.16438396651972  25.0
55986.856029999915  0.0  110.16438396651972  25.0
55991.84237499991  0.0  110.16438396651972  25.0
56016.7741  3984.308603751477  191.30018230520037  25.0
56018.873  3635.604972669237  178.31845457101147  25.0
56020.2867  3203.2413184111115  190.57897520885652  25.0
56024.6876  2176.422714991587  136.3081412089835  25.0
56026.0931  2001.1693905800366  131.2596915345767  25.0
56030.8052  1355.1481340300527  89.06907639846276  25.0
56032.575  960.4675505558929  68.51467415266366  25.0
56034.7441  875.7257167354932  63.64652625234282  25.0
56036.3193  713.9950253803897  55.89354996664667  25.0
56038.2548  606.8957715733312  49.763289647724136  25.0
