54871.12013688258    314.4800434676838     40.871256930044346    25    
54871.62013688258    377.3345024876209     41.074375710001384    25    
54872.12013688258    445.37923671434675    41.41725987897865     25    
54872.62013688258    518.460511788222      42.20516154577044     25    
54873.12013688258    596.4833691358014     43.04989463863154     25    
54873.62013688258    679.2668658864358     43.461985014036784    25    
54874.12013688258    766.7415084720228     43.6995785456314      25    
54874.62013688258    858.7026325222394     43.97761286832431     25    
54875.12013688258    955.1027224629845     44.2411353511972      25    
54875.62013688258    1055.7168794356044    44.47713063695188     25    
54876.12013688258    1160.516078848662     44.69817200346693     25    
54876.62013688258    1269.2586743665065    44.91706062279954     25    
54877.12013688258    1381.9306453690283    45.150523604963915    25    
54877.62013688258    1498.3720129060823    45.30250774173277     25    
54878.12013688258    1618.4665780260473    45.57279530783333     25    
54878.62013688258    1741.8497772457963    47.539086250303264    25    
54879.12013688258    1868.0974018423215    50.687610522754134    25    
54879.62013688258    1991.8284164439463    52.56024503024618     25    
54880.12013688258    2113.182992442332     53.43335763660644     25    
54880.62013688258    2224.7235529810187    54.209528741145895    25    
54881.12013688258    2326.7103347313755    54.8830391869575      25    
54881.62013688258    2412.4822271267053    55.28159106724627     25    
54882.12013688258    2481.53516906076      55.35133143816444     25    
54882.62013688258    2536.1976036291762    55.71606310315138     25    
54883.12013688258    2575.9388331874165    56.45940443021749     25    
54883.62013688258    2606.391632647678     57.307189074535       25    
54884.12013688258    2627.772047386049     58.34399110146146     25    
54884.62013688258    2644.6026521825024    58.84401455696908     25    
54885.12013688258    2658.198709820006     58.83842947636056     25    
54885.62013688258    2668.168420597179     57.27975162537915     25    
54886.12013688258    2675.137231696825     52.61770898060215     25    
54886.62013688258    2677.0676022507555    48.87391596470754     25    
54887.12013688258    2673.496378780336     49.154390749367       25    
54887.62013688258    2663.19953468855      49.979466159982884    25    
54888.12013688258    2644.9831707396897    49.699634272015686    25    
54888.62013688258    2619.950723762815     49.238866320862655    25    
54889.12013688258    2588.018857392958     48.688085484501535    25    
54889.62013688258    2550.7971886115647    48.33018607112959     25    
54890.12013688258    2509.4884288506887    48.75423035665694     25    
54890.62013688258    2464.9959857314166    49.22157785439251     25    
54891.12013688258    2419.0339756809503    48.96783438685005     25    
54891.62013688258    2371.444512416239     48.257884250327365    25    
54892.12013688258    2322.975613324903     46.87353216581872     25    
54892.62013688258    2273.3148959643618    45.32872013085629     25    
54893.12013688258    2222.2712145352343    45.036396760076485    25    
54893.62013688258    2169.8126079683407    45.33648398438781     25    
54894.12013688258    2115.6855587240893    45.15383578724637     25    
54894.62013688258    2059.9749218277184    44.72998001820246     25    
54895.12013688258    2002.7514023575752    44.07037793160603     25    
54895.62013688258    1944.0757277797948    43.28871009912683     25    
54896.12013688258    1884.3047178380514    43.18682586088123     25    
54896.62013688258    1823.4400579815976    43.57196322227163     25    
54897.12013688258    1761.8334055791336    43.71841808458068     25    
54897.62013688258    1699.4929187418713    43.6031863257871      25    
54898.12013688258    1637.069236881048     41.241151453042164    25    
54898.62013688258    1574.5373155704606    36.289530487096165    25    
54899.12013688258    1512.8010729623413    33.60156528058028     25    
54899.62013688258    1451.8271748533282    33.93799482244684     25    
54900.12013688258    1392.5060765863195    34.06574268482389     25    
54900.62013688258    1334.8649634475375    33.792681669659544    25    
54901.12013688258    1279.2836283891982    33.214358135924726    25    
54901.62013688258    1225.828524268533     32.175666143670824    25    
54902.12013688258    1174.4455695784675    31.51255858004958     25    
54902.62013688258    1125.139104562594     31.52530375132718     25    
54903.12013688258    1077.8941722511606    31.550357245559518    25    
54903.62013688258    1032.7365887463995    31.447618460793695    25    
54904.12013688258    989.5320296675911     31.19723042259059     25    
54904.62013688258    948.2905592831772     30.802788199986335    25    
54905.12013688258    908.784357832009      30.057905891607856    25    
54905.62013688258    870.9509156478031     28.51870016287823     25    
54906.12013688258    834.6097740112818     27.21656216049683     25    
54906.62013688258    799.621155377229      27.198989367682422    25    
54907.12013688258    765.9961837441417     27.35677307423168     25    
54907.62013688258    733.646587896982      26.78484335571748     25    
54908.12013688258    702.7171919217587     26.25997330368469     25    
54908.62013688258    673.3020889684776     26.527005120689616    25    
54909.12013688258    645.4715461403168     26.97866725940025     25    
54909.62013688258    619.4029947824433     27.101729533379256    25    
54910.12013688258    595.0071241269003     26.97321159706492     25    
54910.62013688258    572.2992122822579     26.349680428334164    25    
54911.12013688258    551.110865523784      25.40790331174558     25    
54911.62013688258    531.1011831407209     24.38882065725665     25    
54912.12013688258    512.2127909569791     23.41536855732225     25    
54912.62013688258    494.021963023486      23.375805982144453    25    
54913.12013688258    476.56321579721674    23.844817949224392    25    
54913.62013688258    459.59542580720864    23.43378924278914     25    
54914.12013688258    443.1797992349659     22.476948502232847    25    
54914.62013688258    427.4485891265862     22.073965179959227    25    
54915.12013688258    412.4029249486099     22.109364290048546    25    
54915.62013688258    398.2066365461479     22.348027908990282    25    
54916.12013688258    384.84937827822307    22.775141881901494    25    
54916.62013688258    372.37757743391825    22.81996194298848     25    
54917.12013688258    360.7934657283993     22.50726812856127     25    
54917.62013688258    349.9262234006494     21.023872655380867    25    
54918.12013688258    339.7825908764457     17.853003219360133    25    
54918.62013688258    330.18731008111104    15.823690692738937    25    
54919.12013688258    321.13587363195444    15.960283556539705    25    
54919.62013688258    312.5190628344006     15.968001493283426    25    
54920.12013688258    304.31678467559857    15.406437832835417    25    
54920.62013688258    296.5345727175176     15.190563791143019    25    
54921.12013688258    289.1693694246835     15.554449427736712    25    
54921.62013688258    282.2243644436213     16.087924397966365    25    
54922.12013688258    275.7048925379031     16.83053124091243     25    
54922.62013688258    269.5901635414658     17.185235237453487    25    
54923.12013688258    263.8881793924135     16.794294428863303    25    
54923.62013688258    258.53922425399196    16.157584366870907    25    
54924.12013688258    253.5264312657807     15.56422839506659     25    
54924.62013688258    248.8006357955462     14.647779944708299    25    
54925.12013688258    244.3303860515733     12.766622043005604    25    
54925.62013688258    240.08830888568542    10.8444637981248      25    
54926.12013688258    236.03714142506544    10.50694980446392     25    
54926.62013688258    232.1791201088071     10.732685633463783    25    
54927.12013688258    228.50227846423144    10.553567306227702    25    
54927.62013688258    225.0040579894995     10.322372426380143    25    
54928.12013688258    221.67603564768467    10.099463149930063    25    
54928.62013688258    218.51524684152088    9.904534969888214     25    
54929.12013688258    215.5122065695703     9.828833414603324     25    
54929.62013688258    212.66492039891762    9.840614285647108     25    
54930.12013688258    209.96301242921623    9.80215907185713      25    
54930.62013688258    207.40529986101777    9.905634095499238     25    
54931.12013688258    204.98067442594999    10.888034419659693    25    
54931.62013688258    202.6886064271488     12.25213814721664     25    
54932.12013688258    200.5174137590997     12.823293488211194    25    
54932.62013688258    198.46706129663798    13.033037419855942    25    
54933.12013688258    196.52545162799234    14.053410975052625    25    