#Date  :
#Flux  :
#Fluxerr  :
#ZP  :
#end  :
@INSTRUMENT  SDSS
@BAND  SDSS_i
@MAGSYS  AB
53422.77024  0.0  3.7528107480180344  25.0
53427.756584999996  0.0  3.7528107480180344  25.0
53432.74292999999  0.0  3.7528107480180344  25.0
53437.72927499999  0.0  3.7528107480180344  25.0
53442.71561999999  0.0  3.7528107480180344  25.0
53447.701964999986  0.0  3.7528107480180344  25.0
53452.68830999998  0.0  3.7528107480180344  25.0
53457.67465499998  0.0  3.7528107480180344  25.0
53462.66099999998  0.0  3.7528107480180344  25.0
53467.647344999976  0.0  3.7528107480180344  25.0
53472.63368999997  0.0  3.7528107480180344  25.0
53477.62003499997  0.0  3.7528107480180344  25.0
53482.60637999997  0.0  3.7528107480180344  25.0
53487.592724999966  0.0  3.7528107480180344  25.0
53492.57906999996  0.0  3.7528107480180344  25.0
53497.56541499996  0.0  3.7528107480180344  25.0
53502.55175999996  0.0  3.7528107480180344  25.0
53507.538104999956  0.0  3.7528107480180344  25.0
53512.52444999995  0.0  3.7528107480180344  25.0
53517.51079499995  0.0  3.7528107480180344  25.0
53522.49713999995  0.0  3.7528107480180344  25.0
53527.483484999946  0.0  3.7528107480180344  25.0
53532.46982999994  0.0  3.7528107480180344  25.0
53537.45617499994  0.0  3.7528107480180344  25.0
53542.44251999994  0.0  3.7528107480180344  25.0
53547.428864999936  0.0  3.7528107480180344  25.0
53552.415209999934  0.0  3.7528107480180344  25.0
53557.40155499993  0.0  3.7528107480180344  25.0
53562.38789999993  0.0  3.7528107480180344  25.0
53567.374244999926  0.0  3.7528107480180344  25.0
53572.360589999924  0.0  3.7528107480180344  25.0
53577.34693499992  0.0  3.7528107480180344  25.0
53582.33327999992  0.0  3.7528107480180344  25.0
53587.31962499992  0.0  3.7528107480180344  25.0
53592.305969999914  0.0  3.7528107480180344  25.0
53597.29231499991  0.0  3.7528107480180344  25.0
53602.27865999991  0.0  3.7528107480180344  25.0
53607.26500499991  0.0  3.7528107480180344  25.0
53612.251349999904  0.0  3.7528107480180344  25.0
53617.2376949999  0.0  3.7528107480180344  25.0
53622.2240399999  0.0  3.7528107480180344  25.0
53627.2103849999  0.0  3.7528107480180344  25.0
53632.196729999894  0.0  3.7528107480180344  25.0
53637.18307499989  0.0  3.7528107480180344  25.0
53642.16941999989  0.0  3.7528107480180344  25.0
53647.15576499989  0.0  3.7528107480180344  25.0
53622.22404  -2.857983285349009  3.858004205461568  25.0
53625.21966  4.005548275642109  2.9700074867823827  25.0
53627.180785  -5.0192306837343486  3.6585464809582433  25.0
53634.172982  0.8808927449297519  5.967337949524126  25.0
53636.178342  -0.9155929243981384  3.027385736297038  25.0
53655.148915  3.8989886694006075  4.292439523215385  25.0
53664.173368  12.21883484902559  3.704995540089155  25.0
53666.136687  14.25986115318975  3.073834795427949  25.0
53669.132012  31.694652112857074  3.191323592053195  25.0
53674.116016  47.24142543373266  3.226843460800363  25.0
53676.205245  57.92470903384224  3.5929713386557802  25.0
53679.17679  57.023050827183376  4.240525868892602  25.0
53685.12667  53.17051121691368  5.185900837086442  25.0
53687.165064  53.471063952466636  4.726874840969201  25.0
53700.122174  27.568882742993782  4.071123417944572  25.0
53705.108574  29.317553204392794  3.8006259559469133  25.0
