55768.36618301013    20.22290024198605     5.850262429467539     25    
55768.86618301013    24.040951142999067    5.692770471512613     25    
55769.36618301013    28.163470859128903    5.783158553630182     25    
55769.86618301013    32.580916671801724    6.887528070327384     25    
55770.36618301013    37.2922943876878      8.186632714660606     25    
55770.86618301013    42.28492605225417     8.621524254141793     25    
55771.36618301013    47.56004148679988     8.532128686339602     25    
55771.86618301013    53.10364994349337     8.49387324503237      25    
55772.36618301013    58.917382815602075    8.504252987773867     25    
55772.86618301013    64.98775900465645     8.511829980865057     25    
55773.36618301013    71.31498903323153     8.516378558837566     25    
55773.86618301013    77.88792389488053     8.518588235177342     25    
55774.36618301013    84.70353079882526     8.517983386202019     25    
55774.86618301013    91.75467274894328     8.516673862534525     25    
55775.36618301013    99.0431869441466      8.564776990159604     25    
55775.86618301013    106.54746661260089    8.565769574013734     25    
55776.36618301013    114.2682648287541     8.235225557997945     25    
55776.86618301013    122.15351135099682    7.674994750740854     25    
55777.36618301013    129.87559511408986    7.439474127464229     25    
55777.86618301013    137.47874756657046    7.523160982715681     25    
55778.36618301013    144.49568744603988    7.593587349944136     25    
55778.86618301013    150.94903580602525    7.623221893808603     25    
55779.36618301013    156.49374033639086    7.641847371998303     25    
55779.86618301013    160.95693008159012    7.640145556586807     25    
55780.36618301013    164.51040204691415    7.640318161443771     25    
55780.86618301013    167.13667348719952    7.659763574734743     25    
55781.36618301013    169.0065955515118     7.688340548050737     25    
55781.86618301013    170.36854197109233    7.7272569041850625    25    
55782.36618301013    171.2291040006593     7.76757247105788      25    
55782.86618301013    171.90991800306242    7.814483323306403     25    
55783.36618301013    172.364049349171      7.854195872159033     25    
55783.86618301013    172.6215967359597     7.473073955900008     25    
55784.36618301013    172.69716726477168    6.483629684072359     25    
55784.86618301013    172.4697098281141     5.74947682532994      25    
55785.36618301013    171.9357880351983     5.754247931182223     25    
55785.86618301013    171.02221165477982    5.8859628768478       25    
55786.36618301013    169.6674356475289     5.876224513664279     25    
55786.86618301013    167.92162006132781    5.856769311583614     25    
55787.36618301013    165.78866433484606    5.8333058423101845    25    
55787.86618301013    163.30825675923873    5.811877608334265     25    
55788.36618301013    160.58112629631665    5.822386222637799     25    
55788.86618301013    157.60074109819       5.853079362801088     25    
55789.36618301013    154.4844302811199     5.8808511753820145    25    
55789.86618301013    151.22124174816062    5.922531814339672     25    
55790.36618301013    147.86628700222616    5.657228634517641     25    
55790.86618301013    144.4233947297575     4.851135485075732     25    
55791.36618301013    140.9062337675035     4.147016274865416     25    
55791.86618301013    137.3179327574845     4.089499000127327     25    
55792.36618301013    133.67126484321525    4.203369502730101     25    
55792.86618301013    129.9768757059198     4.190323789425353     25    
55793.36618301013    126.23794460340946    4.167135703030746     25    
55793.86618301013    122.46729056649531    4.1269590664609455    25    
55794.36618301013    118.66423400449484    4.079075667375394     25    
55794.86618301013    114.84026419662237    4.066196136677956     25    
55795.36618301013    110.9940926253748     4.082515602568462     25    
55795.86618301013    107.13806163254382    4.097633761306015     25    
55796.36618301013    103.26781690322417    4.138112008450556     25    
55796.86618301013    99.41700832611764     3.9901617773800333    25    
55797.36618301013    95.58228135427552     3.4469531759938827    25    
55797.86618301013    91.80423034621658     2.901643885421642     25    
55798.36618301013    88.09783469827352     2.807987337532438     25    
55798.86618301013    84.4843169990176      2.879221332713862     25    
55799.36618301013    81.0010025401891      2.8701471377233645    25    
55799.86618301013    77.64215442768928     2.8564500172895975    25    
55800.36618301013    74.42906693419437     2.823262370411211     25    
55800.86618301013    71.3566616615765      2.7764383964898367    25    
55801.36618301013    68.415590667817       2.7524082469369464    25    
55801.86618301013    65.60694501720644     2.7517149779711447    25    
55802.36618301013    62.92141135340944     2.7507587614645415    25    
55802.86618301013    60.359864505702944    2.748232668091392     25    
55803.36618301013    57.91234132787731     2.738883086172941     25    
55803.86618301013    55.57760608490798     2.7575102594263066    25    
55804.36618301013    53.347350265867675    2.692970374054724     25    
55804.86618301013    51.21497290446581     2.3378752463070454    25    
55805.36618301013    49.17724685377867     1.8303103012660202    25    
55805.86618301013    47.22230512660825     1.6543585044029612    25    
55806.36618301013    45.3520562445559      1.7263821282014409    25    
55806.86618301013    43.56028644742456     1.729078887523989     25    
55807.36618301013    41.84772187272134     1.6974621387312028    25    
55807.86618301013    40.218749474456665    1.6857417394630962    25    
55808.36618301013    38.672974520266465    1.7000905684550824    25    
55808.86618301013    37.21428357081006     1.7118527600867837    25    
55809.36618301013    35.84603541051256     1.716488382672103     25    
55809.86618301013    34.56011565035605     1.709458784885091     25    
55810.36618301013    33.358105222654686    1.684174375650069     25    
55810.86618301013    32.226425888009985    1.6432371182874772    25    
55811.36618301013    31.149326058908777    1.5757918292021975    25    
55811.86618301013    30.124312277559213    1.4975876594059854    25    
55812.36618301013    29.126877069745554    1.4746603567480576    25    
55812.86618301013    28.16060034262618     1.49365003672063      25    
55813.36618301013    27.21437807196791     1.4869437042457543    25    
55813.86618301013    26.2872795666007      1.4526297186664832    25    
55814.36618301013    25.393563103039305    1.4298108704223902    25    
55814.86618301013    24.532489419877134    1.4269690015538112    25    
55815.36618301013    23.71582366762796     1.4315746979579094    25    
55815.86618301013    22.949032475685843    1.4451759480599695    25    
55816.36618301013    22.231917481519268    1.4549566192405463    25    
55816.86618301013    21.570478787259713    1.462190399818359     25    
55817.36618301013    20.957398720872604    1.4404549628479617    25    
55817.86618301013    20.382491730830733    1.2882594110023577    25    
55818.36618301013    19.84569464961652     1.0184950596973332    25    
55818.86618301013    19.33232436319174     0.877887883538457     25    
55819.36618301013    18.844000437030243    0.9022403400771574    25    
55819.86618301013    18.372145474162853    0.911565356387145     25    
55820.36618301013    17.9154527813981      0.8885596141443247    25    
55820.86618301013    17.478046239844318    0.8768078283678196    25    
55821.36618301013    17.059821090404153    0.8874374545729247    25    
55821.86618301013    16.66377633146752     0.9060752192280787    25    
55822.36618301013    16.292182514943523    0.9319169755647156    25    
55822.86618301013    15.944697139863672    0.9529567429600826    25    
55823.36618301013    15.623370477198252    0.9456766775403334    25    
55823.86618301013    15.326273945917984    0.9215720042750649    25    
55824.36618301013    15.048911471248488    0.898948598923735     25    
55824.86618301013    14.791671006602334    0.8749011897423175    25    
55825.36618301013    14.548686434516584    0.84980890862991      25    
55825.86618301013    14.320472919176446    0.8222656297596488    25    
55826.36618301013    14.102801096045784    0.8051187943142883    25    
55826.86618301013    13.894991652760782    0.805493454445209     25    
55827.36618301013    13.696440536978889    0.8062249569680849    25    
55827.86618301013    13.506699754547473    0.7981201157511482    25    
55828.36618301013    13.325380799474793    0.7881294110262679    25    
55828.86618301013    13.151930049018148    0.7790977636943595    25    
55829.36618301013    12.986176114886044    0.7711743248282107    25    
55829.86618301013    12.82729626521204     0.7677805942486293    25    
55830.36618301013    12.67532905611344     0.7679649679175284    25    
55830.86618301013    12.529306317805052    0.7682423159664572    25    
55831.36618301013    12.389347537832906    0.7682294359098677    25    
55831.86618301013    12.254468121473103    0.7850657296045845    25    
55832.36618301013    12.124739474720341    0.823637233311986     25    
55832.86618301013    11.99928959089209     0.8568469032867949    25    
55833.36618301013    11.878012781451678    0.863891146921876     25    
55833.86618301013    11.76027789222647     0.892528223739532     25    
55834.36618301013    11.645675372702794    0.9512702469327401    25    