53263.20495321144    509.1531060219698     169.91484981847367    25    
53263.70495321144    632.010492595239      161.99340808216013    25    
53264.20495321144    770.2549642982933     172.8754861310768     25    
53264.70495321144    924.5228501172127     237.6850856201811     25    
53265.20495321144    1095.305591050067     291.36282891157856    25    
53265.70495321144    1283.309048072461     300.16238370270577    25    
53266.20495321144    1488.9574597965175    295.18222546547736    25    
53266.70495321144    1713.0215599802093    295.8452343883634     25    
53267.20495321144    1955.8630440568702    296.3181981206052     25    
53267.70495321144    2218.3128593596853    296.3852030835628     25    
53268.20495321144    2500.674817350344     296.0831038456103     25    
53268.70495321144    2803.835419730108     295.3484568545077     25    
53269.20495321144    3128.045253196174     294.31288259007704    25    
53269.70495321144    3474.796865081838     293.45026996250414    25    
53270.20495321144    3843.125239212647     292.2711112301846     25    
53270.70495321144    4235.210768630269     288.9268437191863     25    
53271.20495321144    4643.839409481383     285.09045742876873    25    
53271.70495321144    5052.027525476        285.62148014309753    25    
53272.20495321144    5455.159737147568     288.69089721640273    25    
53272.70495321144    5826.56306867604      291.0293106225765     25    
53273.20495321144    6165.297557906003     292.99632956056735    25    
53273.70495321144    6443.724244893847     293.43075705672914    25    
53274.20495321144    6667.948349790118     292.92205547906025    25    
53274.70495321144    6844.187269941062     293.83612821139144    25    
53275.20495321144    6975.364048050801     295.76924151536326    25    
53275.70495321144    7084.341506681472     298.59272342187506    25    
53276.20495321144    7170.981779782411     301.94571156442174    25    
53276.70495321144    7257.725869610264     304.408043584364      25    
53277.20495321144    7342.460935621136     304.9646817312704     25    
53277.70495321144    7425.213764203502     283.5904378224116     25    
53278.20495321144    7505.350841807993     238.13122577417278    25    
53278.70495321144    7571.389079839003     217.16137047763317    25    
53279.20495321144    7623.568488289856     225.13237714972462    25    
53279.70495321144    7651.21162625028      228.2193073610166     25    
53280.20495321144    7654.446096148886     226.82283361690634    25    
53280.70495321144    7630.8749325584795    224.77850391603874    25    
53281.20495321144    7580.346949226263     221.9909258534078     25    
53281.70495321144    7504.93353655159      221.48666255774828    25    
53282.20495321144    7404.585676005281     223.72109885956297    25    
53282.70495321144    7281.073248025136     224.4682096238152     25    
53283.20495321144    7134.044712821844     223.67795095574823    25    
53283.70495321144    6968.786426637481     218.04065861154476    25    
53284.20495321144    6785.060110314138     205.31223806826222    25    
53284.70495321144    6590.120666083866     197.97821578451442    25    
53285.20495321144    6384.161241341248     199.93309309793068    25    
53285.70495321144    6174.048565354002     201.0389294869038     25    
53286.20495321144    5960.145059629473     199.43818974257238    25    
53286.70495321144    5749.122023846318     196.95817848681762    25    
53287.20495321144    5541.528334043272     193.18200670257352    25    
53287.70495321144    5343.833471012787     191.16019335572136    25    
53288.20495321144    5156.880814218372     192.60749906449735    25    
53288.70495321144    4986.647200782995     193.56001029438812    25    
53289.20495321144    4835.587746780709     193.5864487153726     25    
53289.70495321144    4702.952449358638     189.5919212320661     25    
53290.20495321144    4590.150850106224     176.88366317707715    25    
53290.70495321144    4492.220697955232     167.14992410683115    25    
53291.20495321144    4408.104587910342     169.04747641116654    25    
53291.70495321144    4334.033083805444     172.26469187575293    25    
53292.20495321144    4268.249371498048     172.5746739022506     25    
53292.70495321144    4208.744984998234     171.71005627034336    25    
53293.20495321144    4154.046707699132     168.70655848607214    25    
53293.70495321144    4103.317799223221     166.57872664544715    25    
53294.20495321144    4055.8563989573686    168.41727974589335    25    
53294.70495321144    4010.6463238126116    170.75557996269544    25    
53295.20495321144    3966.765537649823     171.51461265510585    25    
53295.70495321144    3923.8013232868357    171.36940048759053    25    
53296.20495321144    3881.043852976896     169.59905590960318    25    
53296.70495321144    3838.494551759843     167.9792495009965     25    
53297.20495321144    3795.9410088238305    168.98853164399904    25    
53297.70495321144    3753.23341607452      170.5691399707321     25    
53298.20495321144    3710.329807766587     171.15900522647433    25    
53298.70495321144    3666.6161335885186    170.8091471225354     25    
53299.20495321144    3621.535093545108     167.83301955607712    25    
53299.70495321144    3574.2173519611715    164.73147630963217    25    
53300.20495321144    3523.173933183978     166.30198766023796    25    
53300.70495321144    3467.877220501924     169.55128103012507    25    
53301.20495321144    3406.3577406709132    171.17817368503012    25    
53301.70495321144    3339.0248220403623    171.62659359815174    25    
53302.20495321144    3265.209719491607     168.39772085099287    25    
53302.70495321144    3185.8641782895124    164.69628706302535    25    
53303.20495321144    3102.8233339673484    170.17395543826842    25    
53303.70495321144    3016.421192300376     179.35788622901413    25    
53304.20495321144    2928.8479498231914    182.47324023453254    25    
53304.70495321144    2840.049164174358     182.08861232003753    25    
53305.20495321144    2751.514179381026     179.1239669615616     25    
53305.70495321144    2662.9876984761363    174.45402793512616    25    
53306.20495321144    2574.5338113207845    173.77128571021623    25    
53306.70495321144    2486.1358805501363    175.76583009070484    25    
53307.20495321144    2397.663487019992     178.0019421259385     25    
53307.70495321144    2309.279666705854     180.23656413342903    25    
53308.20495321144    2221.73559218777      180.07649562040413    25    
53308.70495321144    2135.2426630611767    176.59762931448645    25    
53309.20495321144    2052.339140652626     152.85978267663162    25    
53309.70495321144    1973.0172568982705    101.36201062540609    25    
53310.20495321144    1900.0898562206005    69.38338356025673     25    
53310.70495321144    1833.426961161179     77.21906608629132     25    
53311.20495321144    1774.2392195736086    78.86611683441294     25    
53311.70495321144    1722.4562669269894    76.17979322951109     25    
53312.20495321144    1675.818559532873     74.47145593188509     25    
53312.70495321144    1634.3790066639235    73.79895960490603     25    
53313.20495321144    1595.6835343695402    74.26803698811122     25    
53313.70495321144    1559.7390281682954    75.97865886757702     25    
53314.20495321144    1524.9281670637818    76.10024247598302     25    
53314.70495321144    1491.1352229883978    74.33599272614454     25    
53315.20495321144    1458.5873834634094    72.91970246125689     25    
53315.70495321144    1427.2610135006407    72.14839269669015     25    
53316.20495321144    1397.44349081384      70.84940391970008     25    
53316.70495321144    1369.1573970772308    68.64081338306038     25    
53317.20495321144    1342.5141719157389    67.62081194955462     25    
53317.70495321144    1317.5723697851313    68.51431616233569     25    
53318.20495321144    1294.0817749760574    68.66010984646877     25    
53318.70495321144    1272.0400807961016    67.41475984584147     25    
53319.20495321144    1251.1970863868978    65.90589844357784     25    
53319.70495321144    1231.5317121939902    64.21799286807108     25    
53320.20495321144    1212.8090949906086    62.883612843417104    25    
53320.70495321144    1195.0001102199346    62.15608798024408     25    
53321.20495321144    1177.8784600800382    61.84975658340103     25    
53321.70495321144    1161.4059341667821    61.91704813666012     25    
53322.20495321144    1145.365840948041     62.47146208676356     25    
53322.70495321144    1129.7098433273861    63.66615370746801     25    
53323.20495321144    1114.2318968874686    64.90821330761257     25    
53323.70495321144    1098.8724969945954    64.94843298274164     25    
53324.20495321144    1083.4372871911692    67.56963137279436     25    