56194.52818128741    1.944091763293866     0.28334140414920655    25    
56195.02818128741    2.206502790559968     0.28132538065308793    25    
56195.52818128741    2.4824617711046244    0.2798638560527776     25    
56196.02818128741    2.770054926140139     0.2889841289960197     25    
56196.52818128741    3.0696767353536365    0.31522779464454986    25    
56197.02818128741    3.380675980899292     0.3437711670209539     25    
56197.52818128741    3.701281479107537     0.35921989568544677    25    
56198.02818128741    4.032196665754804     0.36157355696339516    25    
56198.52818128741    4.372318771787832     0.35944852013886386    25    
56199.02818128741    4.720114272067271     0.3595891606474024     25    
56199.52818128741    5.076405431634686     0.3605111059204331     25    
56200.02818128741    5.439732993641457     0.36135758340728186    25    
56200.52818128741    5.8088961548905615    0.36207906338398005    25    
56201.02818128741    6.184645882864489     0.3626927595925795     25    
56201.52818128741    6.565261496331373     0.36325180737058405    25    
56202.02818128741    6.949969977448602     0.36372703220453684    25    
56202.52818128741    7.33926086931542      0.3641302066181254     25    
56203.02818128741    7.731247129728796     0.364740386214673      25    
56203.52818128741    8.125928909405069     0.3651264806432643     25    
56204.02818128741    8.5230816566417       0.3657751446051263     25    
56204.52818128741    8.919957885550017     0.36857694012946446    25    
56205.02818128741    9.318976906822149     0.3747416836334227     25    
56205.52818128741    9.71631872749107      0.38230744853959686    25    
56206.02818128741    10.103988831177965    0.3887647280997258     25    
56206.52818128741    10.485651398898613    0.39426476212359346    25    
56207.02818128741    10.855163644046028    0.3990993724726206     25    
56207.52818128741    11.203267148979261    0.40303853377010807    25    
56208.02818128741    11.534165478496297    0.40617495161257466    25    
56208.52818128741    11.841356757675925    0.4084575594827808     25    
56209.02818128741    12.116816198833028    0.4093885809114624     25    
56209.52818128741    12.36273107695603     0.4086153240710992     25    
56210.02818128741    12.582875764123514    0.40892343812332094    25    
56210.52818128741    12.777592212982205    0.412587299798764      25    
56211.02818128741    12.946135610626875    0.41845147509745007    25    
56211.52818128741    13.09769709643358     0.4249326479699006     25    
56212.02818128741    13.23445160064249     0.43252621990036       25    
56212.52818128741    13.355325756170279    0.4405672499581418     25    
56213.02818128741    13.468785749246244    0.44477249078982556    25    
56213.52818128741    13.577258087399898    0.44380003745027813    25    
56214.02818128741    13.67798687393999     0.4393458676109953     25    
56214.52818128741    13.7702086630964      0.43224851012978405    25    
56215.02818128741    13.855884323764693    0.41961262584140774    25    
56215.52818128741    13.93129992259629     0.40638136391753316    25    
56216.02818128741    13.991345609162462    0.40114200599098104    25    
56216.52818128741    14.038236397056108    0.40522617777022046    25    
56217.02818128741    14.068554967110657    0.4112481558237264     25    
56217.52818128741    14.077687400107962    0.4127366680315495     25    
56218.02818128741    14.066643637387859    0.4113478410283259     25    
56218.52818128741    14.037646890877589    0.409334075173775      25    
56219.02818128741    13.990925945208508    0.40757125617002204    25    
56219.52818128741    13.925803623758977    0.40543817891462236    25    
56220.02818128741    13.848359931073896    0.4051222292246639     25    
56220.52818128741    13.760424935539708    0.40921527346457887    25    
56221.02818128741    13.660967702128762    0.41578409014264756    25    
56221.52818128741    13.555836819581641    0.4194901228523717     25    
56222.02818128741    13.44701475203606     0.4206574760678295     25    
56222.52818128741    13.332548911683064    0.4184434399223667     25    
56223.02818128741    13.211965514698054    0.4066956491196712     25    
56223.52818128741    13.0868949153847      0.376892693766471      25    
56224.02818128741    12.954441484209719    0.3402210443115479     25    
56224.52818128741    12.810245188628127    0.3189024871321528     25    
56225.02818128741    12.65603803230514     0.3180601576047531     25    
56225.52818128741    12.489205842966273    0.3239433314974061     25    
56226.02818128741    12.30554218838043     0.324718127029515      25    
56226.52818128741    12.10515773245625     0.32358342038418825    25    
56227.02818128741    11.89238718729702     0.3216403906330328     25    
56227.52818128741    11.668650689476268    0.31818222640110555    25    
56228.02818128741    11.432020093262778    0.313055671358185      25    
56228.52818128741    11.192912750180513    0.3095460180785492     25    
56229.02818128741    10.955131556061394    0.31069312347919165    25    
56229.52818128741    10.716373262483236    0.3146844995185611     25    
56230.02818128741    10.487251815843134    0.3173897066471528     25    
56230.52818128741    10.270982637909544    0.31706931370800767    25    
56231.02818128741    10.065052724411066    0.3153325948459656     25    
56231.52818128741    9.871778315601295     0.3131362882439301     25    
56232.02818128741    9.693180834451809     0.30991939296278126    25    
56232.52818128741    9.525909614381876     0.30656306584966686    25    
56233.02818128741    9.365486320208744     0.30511028540703466    25    
56233.52818128741    9.213682144654124     0.3062022168483668     25    
56234.02818128741    9.067725778029128     0.3078288572998618     25    
56234.52818128741    8.923287848136535     0.3080556437015859     25    
56235.02818128741    8.78127173400109      0.307426104704366      25    
56235.52818128741    8.64240952643444      0.30579352615094235    25    
56236.02818128741    8.5061206042212       0.30229546398537344    25    
56236.52818128741    8.371879069126495     0.29670387184879654    25    
56237.02818128741    8.244473283876138     0.2921621824913275     25    
56237.52818128741    8.125953590313975     0.29141463194229955    25    
56238.02818128741    8.01502521069603      0.29308168536381546    25    
56238.52818128741    7.916574013753856     0.2945704397129522     25    
56239.02818128741    7.833246089192816     0.294926759680939      25    
56239.52818128741    7.762847289465        0.2948651822820083     25    
56240.02818128741    7.703608074332246     0.2940309118233045     25    
56240.52818128741    7.65828825970478      0.29272800169222185    25    
56241.02818128741    7.622589464023649     0.29045395507762783    25    
56241.52818128741    7.588032662907282     0.285917490423254      25    
56242.02818128741    7.557669621077206     0.2773466683963867     25    
56242.52818128741    7.526742812008959     0.2682745718220941     25    
56243.02818128741    7.487115607027087     0.2638357164397691     25    
56243.52818128741    7.440857817709615     0.26441598653032516    25    
56244.02818128741    7.387222932287397     0.26605369747001223    25    
56244.52818128741    7.323602626794372     0.2650792319586036     25    
56245.02818128741    7.249850587131408     0.2621587282031182     25    
56245.52818128741    7.1716797506387975    0.26069329724162077    25    
56246.02818128741    7.091776942397693     0.263872539649973      25    
56246.52818128741    7.008379076044232     0.27022295705526944    25    
56247.02818128741    6.927607054169668     0.27528466458688167    25    
56247.52818128741    6.85199681710088      0.2771757598133801     25    
56248.02818128741    6.779849897735721     0.2773425652387049     25    
56248.52818128741    6.71299275904693      0.2755743296038488     25    
56249.02818128741    6.653313376268886     0.2699854271132673     25    
56249.52818128741    6.598294901152451     0.26300693122221697    25    
56250.02818128741    6.543885063651506     0.2601225463031838     25    
56250.52818128741    6.49146443984024      0.26301494727922603    25    
56251.02818128741    6.43884019375067      0.26793750553402146    25    
56251.52818128741    6.381877402386903     0.2715172144721681     25    
56252.02818128741    6.3217293431631845    0.2749431619038115     25    
56252.52818128741    6.257394089664505     0.2768167217149921     25    
56253.02818128741    6.1869622534949205    0.27450846082996233    25    
56253.52818128741    6.110651154636002     0.2675840183088191     25    
56254.02818128741    6.030274965991825     0.26131878946551323    25    
56254.52818128741    5.946719491808763     0.260464590516484      25    
56255.02818128741    5.859376075058672     0.2631385206002295     25    
56255.52818128741    5.770255980019195     0.2666371824456716     25    
56256.02818128741    5.680092558455258     0.2706678362526909     25    
56256.52818128741    5.588449307656479     0.27526348881421975    25    
56257.02818128741    5.496842244469135     0.27649708024692005    25    
56257.52818128741    5.405575465584924     0.2743768831560033     25    
56258.02818128741    5.314414252755386     0.268453190308637      25    
56258.52818128741    5.223847418764673     0.2543291432673971     25    
56259.02818128741    5.133782747213927     0.22336475250408666    25    
56259.52818128741    5.044358482292252     0.18334651935758567    25    
56260.02818128741    4.955938377625995     0.15646901081066436    25    
56260.52818128741    4.868408427601363     0.15244428426303894    25    
56261.02818128741    4.781910252539568     0.15680317042456623    25    
56261.52818128741    4.696669221741863     0.15504239979951928    25    
56262.02818128741    4.612625410863111     0.15029392819694665    25    
56262.52818128741    4.52975579353431      0.14648953722799377    25    
56263.02818128741    4.448065794618158     0.14612248423918744    25    
56263.52818128741    4.367556299094528     0.14838148042119909    25    
56264.02818128741    4.288201434036984     0.1516720123958347     25    
56264.52818128741    4.2099597568428955    0.15603683108804095    25    
56265.02818128741    4.132856214613228     0.16132800287633978    25    
56265.52818128741    4.057000086013454     0.16390317144945082    25    
56266.02818128741    3.9823075267671606    0.16182677064501047    25    
56266.52818128741    3.908889760380048     0.15699457425252675    25    
56267.02818128741    3.837139580514164     0.15171456956349144    25    
56267.52818128741    3.7669633164455805    0.14637745574745917    25    
56268.02818128741    3.698515671750764     0.14021633107682527    25    
56268.52818128741    3.632201419271289     0.13276265778880625    25    
56269.02818128741    3.5679178744998508    0.12245641242758737    25    
56269.52818128741    3.5057838866557685    0.11200622565226034    25    
56270.02818128741    3.4460438919760152    0.10619513515046916    25    
56270.52818128741    3.3886824713229897    0.10579808626259615    25    
56271.02818128741    3.333536531937935     0.1067790671812142     25    
56271.52818128741    3.2805176315331024    0.10575182222881334    25    
56272.02818128741    3.2296923627796468    0.10392181867939719    25    
56272.52818128741    3.180862668127072     0.10203085877678111    25    
56273.02818128741    3.1339410676880477    0.10032730440799015    25    
56273.52818128741    3.088982961445342     0.09866235393252015    25    
56274.02818128741    3.045774799037973     0.09753658234460524    25    
56274.52818128741    3.004288269654221     0.0972569268052905     25    
56275.02818128741    2.96452767271156      0.09758885618070766    25    
56275.52818128741    2.9262744150300493    0.0982519294483642     25    
56276.02818128741    2.889561035813247     0.09756915903662715    25    
56276.52818128741    2.854328294959915     0.09809650441450864    25    
56277.02818128741    2.8203707106193687    0.10452574065790798    25    
56277.52818128741    2.7877611645467426    0.11842483697301724    25    
56278.02818128741    2.756386626572024     0.13218791489689297    25    
56278.52818128741    2.7260658203754837    0.13950738947300176    25    
56279.02818128741    2.696890454236313     0.14053045134949343    25    
56279.52818128741    2.6687044659295056    0.1425267530306936     25    
56280.02818128741    2.6413615426800106    0.14992163705377454    25    