56194.52818128741    1.2005021762074748     0.41985594327788844    25    
56195.02818128741    1.3803534685217247     0.42121924083977197    25    
56195.52818128741    1.5728213039120682     0.4235934904157669     25    
56196.02818128741    1.777954111567251      0.4376821270588368     25    
56196.52818128741    1.9957419089692547     0.47084241449359415    25    
56197.02818128741    2.2262011755315796     0.5069779118780341     25    
56197.52818128741    2.469376731997763      0.5284305068627762     25    
56198.02818128741    2.7252507775518433     0.5350501330862037     25    
56198.52818128741    2.993851218350471      0.5366188507616947     25    
56199.02818128741    3.275216861061838      0.5406731823221783     25    
56199.52818128741    3.569326897832319      0.5455727118378789     25    
56200.02818128741    3.8762182559315703     0.5503879731209447     25    
56200.52818128741    4.19592132232231       0.5550620217784227     25    
56201.02818128741    4.528417093373509      0.5596356062434359     25    
56201.52818128741    4.873749111837702      0.5643374047221806     25    
56202.02818128741    5.231936939341995      0.5691790109871666     25    
56202.52818128741    5.6029681877382345     0.574187779633903      25    
56203.02818128741    5.986890609631696      0.580031404108323      25    
56203.52818128741    6.384565929605553      0.5892318173901282     25    
56204.02818128741    6.795096021102039      0.5991953812911163     25    
56204.52818128741    7.215741726291446      0.6023327028748233     25    
56205.02818128741    7.653780488126217      0.5914909048837722     25    
56205.52818128741    8.097960682151102      0.5770477370597735     25    
56206.02818128741    8.527214130157542      0.5762276297426376     25    
56206.52818128741    8.951845038760478      0.5931137097859897     25    
56207.02818128741    9.354300606369954      0.6151425437996155     25    
56207.52818128741    9.708515842156203      0.6313727405353561     25    
56208.02818128741    10.026255520679275     0.6440752838329153     25    
56208.52818128741    10.289427352961344     0.6542909806525284     25    
56209.02818128741    10.47535567801229      0.6608649875937179     25    
56209.52818128741    10.589853664952932     0.6632398994924041     25    
56210.02818128741    10.645509329795733     0.6664407570370702     25    
56210.52818128741    10.644087679474719     0.6746361027721219     25    
56211.02818128741    10.582897939329007     0.6857060640487355     25    
56211.52818128741    10.490733629216535     0.6962220647435644     25    
56212.02818128741    10.374232655675659     0.70685142651599       25    
56212.52818128741    10.23019538887723      0.716734552498234      25    
56213.02818128741    10.085815918469947     0.7182490946284559     25    
56213.52818128741    9.946606313262262      0.7080741895891968     25    
56214.02818128741    9.806930932019444      0.6900558768366806     25    
56214.52818128741    9.670732995783204      0.6677081353907772     25    
56215.02818128741    9.541091358492231      0.6349143288849325     25    
56215.52818128741    9.411557214556606      0.6011621990044562     25    
56216.02818128741    9.274701651978068      0.5852303119721353     25    
56216.52818128741    9.133786128548662      0.591223855347577      25    
56217.02818128741    8.983728787625052      0.6018744512573898     25    
56217.52818128741    8.81782811854671       0.6019635196520708     25    
56218.02818128741    8.637759197075559      0.5956812850448118     25    
56218.52818128741    8.445823332038442      0.5868531159370738     25    
56219.02818128741    8.24191593789093       0.576139209059768      25    
56219.52818128741    8.025399957971093      0.5624757493623188     25    
56220.02818128741    7.803619036411617      0.5524683405842606     25    
56220.52818128741    7.578725193151963      0.5527201889968415     25    
56221.02818128741    7.3495167664709955     0.5587966611944121     25    
56221.52818128741    7.123245577077042      0.5602537970255325     25    
56222.02818128741    6.901499507992809      0.5547946651918676     25    
56222.52818128741    6.682981845509272      0.5442343607560912     25    
56223.02818128741    6.469672054266308      0.525338367960037      25    
56223.52818128741    6.262300310768199      0.4900724325878846     25    
56224.02818128741    6.0594486187779655     0.4490042497699644     25    
56224.52818128741    5.85970026066179       0.42354924289969087    25    
56225.02818128741    5.6636461851682        0.418731992373504      25    
56225.52818128741    5.470366327723406      0.4207150671216715     25    
56226.02818128741    5.278496771913502      0.41709132001594695    25    
56226.52818128741    5.088247922438611      0.4110867416845467     25    
56227.02818128741    4.900349066685846      0.4040095089579631     25    
56227.52818128741    4.714905469718636      0.3946018238900216     25    
56228.02818128741    4.53159747580319       0.3823357197105478     25    
56228.52818128741    4.352603926121929      0.3743612802224388     25    
56229.02818128741    4.178723980254651      0.3776114632394568     25    
56229.52818128741    4.0094736593871465     0.3878749025382245     25    
56230.02818128741    3.847028479431367      0.3955283390778678     25    
56230.52818128741    3.6922661290489365     0.3994273024653036     25    
56231.02818128741    3.544414916491777      0.40015861005098285    25    
56231.52818128741    3.4032612834375233     0.39111969258672835    25    
56232.02818128741    3.2695687444016155     0.3637955884880755     25    
56232.52818128741    3.142072939591666      0.32836139215052274    25    
56233.02818128741    3.018668363039514      0.3059847693750154     25    
56233.52818128741    2.9001799386511933     0.30249787124497957    25    
56234.02818128741    2.7853226317206508     0.3053515989793088     25    
56234.52818128741    2.6721136694042844     0.30345428953862624    25    
56235.02818128741    2.561049862600776      0.29982266315935285    25    
56235.52818128741    2.4521822310944352     0.29374381838820895    25    
56236.02818128741    2.3450802579863694     0.281937021873406      25    
56236.52818128741    2.2396581190663003     0.2636688348059527     25    
56237.02818128741    2.1375436354491466     0.24645203568488372    25    
56237.52818128741    2.039418378330298      0.23735282393642257    25    
56238.02818128741    1.9448501610195867     0.23361909509133091    25    
56238.52818128741    1.855520807433537      0.2315602310616537     25    
56239.02818128741    1.7721309312409026     0.23022809261169533    25    
56239.52818128741    1.6941456714604246     0.23021081489069958    25    
56240.02818128741    1.6216674061401402     0.22931165758367325    25    
56240.52818128741    1.5552776799737904     0.22725572970158736    25    
56241.02818128741    1.4940913197741472     0.22429932123343774    25    
56241.52818128741    1.4365764405370613     0.2197140801435611     25    
56242.02818128741    1.383299117539861      0.21173313701880236    25    
56242.52818128741    1.333368816877381      0.20376469625055407    25    
56243.02818128741    1.2853356590889868     0.2013966806841899     25    
56243.52818128741    1.23977757612428       0.2062197208284375     25    
56244.02818128741    1.1959220838842413     0.21007821812697447    25    
56244.52818128741    1.152899886442501      0.20499099384070443    25    
56245.02818128741    1.1111081229077395     0.1918188164213741     25    
56245.52818128741    1.070117305932725      0.17796851186907867    25    
56246.02818128741    1.029663950762371      0.17012820511517393    25    
56246.52818128741    0.9899126618806526     0.1657673149678525     25    
56247.02818128741    0.950397244482822      0.1625931126118977     25    
56247.52818128741    0.9107606748747359     0.1600312185534093     25    
56248.02818128741    0.871281718260183      0.15847104407583568    25    
56248.52818128741    0.8324143938724112     0.1560567986740846     25    
56249.02818128741    0.7936959258051757     0.1508880183374063     25    
56249.52818128741    0.7558140166133102     0.14526653295997985    25    
56250.02818128741    0.7204030504583616     0.1435033582927665     25    
56250.52818128741    0.6869393765791451     0.14678380401079785    25    
56251.02818128741    0.6562430447061969     0.15237170127896715    25    
56251.52818128741    0.6299443280135127     0.1581803249567755     25    
56252.02818128741    0.6078159110755033     0.1657682401052179     25    
56252.52818128741    0.5896254483825961     0.17161932893766238    25    
56253.02818128741    0.5756951916777872     0.17137775655686802    25    
56253.52818128741    0.5664492593775945     0.16501771033582552    25    
56254.02818128741    0.55952782832472       0.1591344994509322     25    
56254.52818128741    0.5536226688673245     0.15979932396724922    25    
56255.02818128741    0.5496006295863178     0.16455839414428133    25    
56255.52818128741    0.5448342276757222     0.16963225375222105    25    
56256.02818128741    0.5381301533289851     0.17436669651331654    25    
56256.52818128741    0.5302380812585555     0.17907623911239665    25    
56257.02818128741    0.5200827848072588     0.17973657681868369    25    
56257.52818128741    0.5067515782288927     0.17390254958620446    25    
56258.02818128741    0.49131072711053403    0.16386701265719741    25    
56258.52818128741    0.47548494666005364    0.15296880631504206    25    
56259.02818128741    0.45873478022880204    0.13982548640047265    25    
56259.52818128741    0.44193167060795685    0.12581914779566375    25    
56260.02818128741    0.4269450205247979     0.11620519098684236    25    
56260.52818128741    0.41330839411322545    0.1123701025836948     25    
56261.02818128741    0.40145000017313176    0.11209781377466821    25    
56261.52818128741    0.3923061655590767     0.11265598441666974    25    
56262.02818128741    0.38587299870556535    0.11343198303397631    25    
56262.52818128741    0.3811052509495641     0.11971812128771035    25    
56263.02818128741    0.37742345320154197    0.13594113599938437    25    
56263.52818128741    0.3752316413865532     0.1580905784114398     25    
56264.02818128741    0.3733252924342482     0.17759159495998855    25    
56264.52818128741    0.3711370166434748     0.19343155253558506    25    
56265.02818128741    0.3690098930268333     0.20748683084645586    25    
56265.52818128741    0.36619052554518533    0.21381127340338493    25    
56266.02818128741    0.36228244824841793    0.2088462829789751     25    
56266.52818128741    0.35766081801968375    0.19630771794288396    25    
56267.02818128741    0.35269370916030884    0.1816302136969785     25    
56267.52818128741    0.3472543875214587     0.16321750498531928    25    
56268.02818128741    0.34155234707012455    0.14155088019705137    25    
56268.52818128741    0.33607009417456785    0.12298399231406089    25    
56269.02818128741    0.3306702799226728     0.1092444362547347     25    
56269.52818128741    0.3255288474649913     0.09920766579341554    25    
56270.02818128741    0.3209644594082763     0.09262577881752217    25    
56270.52818128741    0.31691434550747005    0.09163692054938508    25    
56271.02818128741    0.31331188253277165    0.09316556844382949    25    
56271.52818128741    0.3101450233510804     0.09407736094140821    25    
56272.02818128741    0.30743184735580537    0.0956377811928213     25    
56272.52818128741    0.30508842420538246    0.09758237685761442    25    
56273.02818128741    0.3030784479849122     0.09970460212934046    25    
56273.52818128741    0.3014249108028825     0.10210709415943738    25    
56274.02818128741    0.30003918495905124    0.10433571981657419    25    
56274.52818128741    0.2989095208964384     0.10648647456484832    25    
56275.02818128741    0.2980377029598748     0.10842610564730643    25    
56275.52818128741    0.29733301057770345    0.10925721186670864    25    
56276.02818128741    0.29680894817466946    0.10835503054293985    25    
56276.52818128741    0.29644092991579196    0.1066541834953797     25    
56277.02818128741    0.29614367669508856    0.10527574260179208    25    
56277.52818128741    0.2959474359086156     0.1019903634103819     25    
56278.02818128741    0.2958052977596435     0.10128347920114802    25    
56278.52818128741    0.2956420289249776     0.10741578887975697    25    
56279.02818128741    0.2954956901872849     0.11303942953540672    25    
56279.52818128741    0.2953015125804396     0.1335629993563091     25    
56280.02818128741    0.2949987733563806     0.17098890481045878    25    