#Date  :
#Flux  :
#Fluxerr  :
#ZP  :
#end  :
@INSTRUMENT  PS
@BAND  PS_r
@MAGSYS  AB
54875.1477625  0.0  1.1657417644244488  25.0
54880.134107499995  0.0  1.1657417644244488  25.0
54885.12045249999  0.0  1.1657417644244488  25.0
54890.10679749999  0.0  1.1657417644244488  25.0
54895.09314249999  0.0  1.1657417644244488  25.0
54900.079487499985  0.0  1.1657417644244488  25.0
54905.06583249998  0.0  1.1657417644244488  25.0
54910.05217749998  0.0  1.1657417644244488  25.0
54915.03852249998  0.0  1.1657417644244488  25.0
54920.024867499975  0.0  1.1657417644244488  25.0
54925.01121249997  0.0  1.1657417644244488  25.0
54929.99755749997  0.0  1.1657417644244488  25.0
54934.98390249997  0.0  1.1657417644244488  25.0
54939.970247499965  0.0  1.1657417644244488  25.0
54944.95659249996  0.0  1.1657417644244488  25.0
54949.94293749996  0.0  1.1657417644244488  25.0
54954.92928249996  0.0  1.1657417644244488  25.0
54959.915627499955  0.0  1.1657417644244488  25.0
54964.90197249995  0.0  1.1657417644244488  25.0
54969.88831749995  0.0  1.1657417644244488  25.0
54974.87466249995  0.0  1.1657417644244488  25.0
54979.861007499945  0.0  1.1657417644244488  25.0
54984.84735249994  0.0  1.1657417644244488  25.0
54989.83369749994  0.0  1.1657417644244488  25.0
54994.82004249994  0.0  1.1657417644244488  25.0
54999.806387499935  0.0  1.1657417644244488  25.0
55004.79273249993  0.0  1.1657417644244488  25.0
55009.77907749993  0.0  1.1657417644244488  25.0
55014.76542249993  0.0  1.1657417644244488  25.0
55019.751767499925  0.0  1.1657417644244488  25.0
55024.73811249992  0.0  1.1657417644244488  25.0
55029.72445749992  0.0  1.1657417644244488  25.0
55034.71080249992  0.0  1.1657417644244488  25.0
55039.697147499915  0.0  1.1657417644244488  25.0
55044.68349249991  0.0  1.1657417644244488  25.0
55049.66983749991  0.0  1.1657417644244488  25.0
55054.65618249991  0.0  1.1657417644244488  25.0
55059.642527499906  0.0  1.1657417644244488  25.0
55064.6288724999  0.0  1.1657417644244488  25.0
55069.6152174999  0.0  1.1657417644244488  25.0
55074.6015624999  0.0  1.1657417644244488  25.0
55079.587907499896  0.0  1.1657417644244488  25.0
55084.57425249989  0.0  1.1657417644244488  25.0
55089.56059749989  0.0  1.1657417644244488  25.0
55094.54694249989  0.0  1.1657417644244488  25.0
55099.533287499886  0.0  1.1657417644244488  25.0
55104.51963249988  0.0  1.1657417644244488  25.0
55109.50597749988  0.0  1.1657417644244488  25.0
55114.49232249988  0.0  1.1657417644244488  25.0
55119.478667499876  0.0  1.1657417644244488  25.0
55124.46501249987  0.0  1.1657417644244488  25.0
55129.45135749987  0.0  1.1657417644244488  25.0
55134.43770249987  0.0  1.1657417644244488  25.0
55139.424047499866  0.0  1.1657417644244488  25.0
55144.41039249986  0.0  1.1657417644244488  25.0
55149.39673749986  0.0  1.1657417644244488  25.0
55154.38308249986  0.0  1.1657417644244488  25.0
55159.369427499856  0.0  1.1657417644244488  25.0
55164.35577249985  0.0  1.1657417644244488  25.0
55169.34211749985  0.0  1.1657417644244488  25.0
55174.32846249985  0.0  1.1657417644244488  25.0
55179.314807499846  0.0  1.1657417644244488  25.0
55184.301152499844  0.0  1.1657417644244488  25.0
55189.28749749984  0.0  1.1657417644244488  25.0
55194.27384249984  0.0  1.1657417644244488  25.0
55199.260187499836  0.0  1.1657417644244488  25.0
55204.246532499834  0.0  1.1657417644244488  25.0
55209.23287749983  0.0  1.1657417644244488  25.0
55214.21922249983  0.0  1.1657417644244488  25.0
55219.20556749983  0.0  1.1657417644244488  25.0
55224.191912499824  0.0  1.1657417644244488  25.0
55229.17825749982  0.0  1.1657417644244488  25.0
55234.16460249982  0.0  1.1657417644244488  25.0
55239.15094749982  0.0  1.1657417644244488  25.0
55244.137292499814  0.0  1.1657417644244488  25.0
55249.12363749981  0.0  1.1657417644244488  25.0
55254.10998249981  0.0  1.1657417644244488  25.0
55259.09632749981  0.0  1.1657417644244488  25.0
55264.082672499804  0.0  1.1657417644244488  25.0
55269.0690174998  0.0  1.1657417644244488  25.0
55274.0553624998  0.0  1.1657417644244488  25.0
55279.0417074998  0.0  1.1657417644244488  25.0
55284.028052499794  0.0  1.1657417644244488  25.0
55289.01439749979  0.0  1.1657417644244488  25.0
55294.00074249979  0.0  1.1657417644244488  25.0
55298.98708749979  0.0  1.1657417644244488  25.0
55303.973432499784  0.0  1.1657417644244488  25.0
55308.95977749978  0.0  1.1657417644244488  25.0
55313.94612249978  0.0  1.1657417644244488  25.0
55318.93246749978  0.0  1.1657417644244488  25.0
55323.918812499775  0.0  1.1657417644244488  25.0
55328.90515749977  0.0  1.1657417644244488  25.0
55333.89150249977  0.0  1.1657417644244488  25.0
55338.87784749977  0.0  1.1657417644244488  25.0
55343.864192499765  0.0  1.1657417644244488  25.0
55348.85053749976  0.0  1.1657417644244488  25.0
55353.83688249976  0.0  1.1657417644244488  25.0
55358.82322749976  0.0  1.1657417644244488  25.0
55363.809572499755  0.0  1.1657417644244488  25.0
55368.79591749975  0.0  1.1657417644244488  25.0
55373.78226249975  0.0  1.1657417644244488  25.0
55378.76860749975  0.0  1.1657417644244488  25.0
55383.754952499745  0.0  1.1657417644244488  25.0
55388.74129749974  0.0  1.1657417644244488  25.0
55393.72764249974  0.0  1.1657417644244488  25.0
55398.71398749974  0.0  1.1657417644244488  25.0
55403.700332499735  0.0  1.1657417644244488  25.0
55408.68667749973  0.0  1.1657417644244488  25.0
55413.67302249973  0.0  1.1657417644244488  25.0
55418.65936749973  0.0  1.1657417644244488  25.0
55423.645712499725  0.0  1.1657417644244488  25.0
55428.63205749972  0.0  1.1657417644244488  25.0
55433.61840249972  0.0  1.1657417644244488  25.0
55438.60474749972  0.0  1.1657417644244488  25.0
55443.591092499715  0.0  1.1657417644244488  25.0
55448.57743749971  0.0  1.1657417644244488  25.0
55453.56378249971  0.0  1.1657417644244488  25.0
55458.55012749971  0.0  1.1657417644244488  25.0
55463.536472499705  0.0  1.1657417644244488  25.0
55468.5228174997  0.0  1.1657417644244488  25.0
55473.5091624997  0.0  1.1657417644244488  25.0
55478.4955074997  0.0  1.1657417644244488  25.0
55483.481852499695  0.0  1.1657417644244488  25.0
55488.46819749969  0.0  1.1657417644244488  25.0
55493.45454249969  0.0  1.1657417644244488  25.0
55498.44088749969  0.0  1.1657417644244488  25.0
55503.427232499685  0.0  1.1657417644244488  25.0
55508.41357749968  0.0  1.1657417644244488  25.0
55513.39992249968  0.0  1.1657417644244488  25.0
55518.38626749968  0.0  1.1657417644244488  25.0
55523.372612499676  0.0  1.1657417644244488  25.0
55528.35895749967  0.0  1.1657417644244488  25.0
55533.34530249967  0.0  1.1657417644244488  25.0
55538.33164749967  0.0  1.1657417644244488  25.0
55543.317992499666  0.0  1.1657417644244488  25.0
55548.30433749966  0.0  1.1657417644244488  25.0
55553.29068249966  0.0  1.1657417644244488  25.0
55558.27702749966  0.0  1.1657417644244488  25.0
55563.263372499656  0.0  1.1657417644244488  25.0
55568.24971749965  0.0  1.1657417644244488  25.0
55573.23606249965  0.0  1.1657417644244488  25.0
55578.22240749965  0.0  1.1657417644244488  25.0
55583.208752499646  0.0  1.1657417644244488  25.0
55588.19509749964  0.0  1.1657417644244488  25.0
55593.18144249964  0.0  1.1657417644244488  25.0
55598.16778749964  0.0  1.1657417644244488  25.0
55603.154132499636  0.0  1.1657417644244488  25.0
55608.14047749963  0.0  1.1657417644244488  25.0
55613.12682249963  0.0  1.1657417644244488  25.0
55618.11316749963  0.0  1.1657417644244488  25.0
55623.099512499626  0.0  1.1657417644244488  25.0
55628.085857499624  0.0  1.1657417644244488  25.0
55633.07220249962  0.0  1.1657417644244488  25.0
55638.05854749962  0.0  1.1657417644244488  25.0
55643.044892499616  0.0  1.1657417644244488  25.0
55648.031237499614  0.0  1.1657417644244488  25.0
55653.01758249961  0.0  1.1657417644244488  25.0
55658.00392749961  0.0  1.1657417644244488  25.0
55662.99027249961  0.0  1.1657417644244488  25.0
55667.976617499604  0.0  1.1657417644244488  25.0
55672.9629624996  0.0  1.1657417644244488  25.0
55677.9493074996  0.0  1.1657417644244488  25.0
55682.9356524996  0.0  1.1657417644244488  25.0
55687.921997499594  0.0  1.1657417644244488  25.0
55692.90834249959  0.0  1.1657417644244488  25.0
55697.89468749959  0.0  1.1657417644244488  25.0
55702.88103249959  0.0  1.1657417644244488  25.0
55707.867377499584  0.0  1.1657417644244488  25.0
55712.85372249958  0.0  1.1657417644244488  25.0
55717.84006749958  0.0  1.1657417644244488  25.0
55722.82641249958  0.0  1.1657417644244488  25.0
55727.812757499574  0.0  1.1657417644244488  25.0
55732.79910249957  0.0  1.1657417644244488  25.0
55737.78544749957  0.0  1.1657417644244488  25.0
55742.77179249957  0.0  1.1657417644244488  25.0
55747.758137499564  0.0  1.1657417644244488  25.0
55752.74448249956  0.0  1.1657417644244488  25.0
55757.73082749956  0.0  1.1657417644244488  25.0
55762.71717249956  0.0  1.1657417644244488  25.0
55767.703517499554  0.0  1.1657417644244488  25.0
55772.68986249955  0.0  1.1657417644244488  25.0
55777.67620749955  0.0  1.1657417644244488  25.0
55782.66255249955  0.0  1.1657417644244488  25.0
55787.648897499545  0.0  1.1657417644244488  25.0
55792.63524249954  0.0  1.1657417644244488  25.0
55797.62158749954  0.0  1.1657417644244488  25.0
55802.60793249954  0.0  1.1657417644244488  25.0
55807.594277499535  0.0  1.1657417644244488  25.0
55812.58062249953  0.0  1.1657417644244488  25.0
55817.56696749953  0.0  1.1657417644244488  25.0
55822.55331249953  0.0  1.1657417644244488  25.0
55827.539657499525  0.0  1.1657417644244488  25.0
55832.52600249952  0.0  1.1657417644244488  25.0
55837.51234749952  0.0  1.1657417644244488  25.0
55842.49869249952  0.0  1.1657417644244488  25.0
55847.485037499515  0.0  1.1657417644244488  25.0
55852.47138249951  0.0  1.1657417644244488  25.0
55857.45772749951  0.0  1.1657417644244488  25.0
55862.44407249951  0.0  1.1657417644244488  25.0
55867.430417499505  0.0  1.1657417644244488  25.0
55872.4167624995  0.0  1.1657417644244488  25.0
55877.4031074995  0.0  1.1657417644244488  25.0
55882.3894524995  0.0  1.1657417644244488  25.0
55887.375797499495  0.0  1.1657417644244488  25.0
55892.36214249949  0.0  1.1657417644244488  25.0
55897.34848749949  0.0  1.1657417644244488  25.0
55902.33483249949  0.0  1.1657417644244488  25.0
55907.321177499485  0.0  1.1657417644244488  25.0
55912.30752249948  0.0  1.1657417644244488  25.0
55917.29386749948  0.0  1.1657417644244488  25.0
55922.28021249948  0.0  1.1657417644244488  25.0
55927.266557499475  0.0  1.1657417644244488  25.0
55932.25290249947  0.0  1.1657417644244488  25.0
55937.23924749947  0.0  1.1657417644244488  25.0
55942.22559249947  0.0  1.1657417644244488  25.0
55947.211937499465  0.0  1.1657417644244488  25.0
55952.19828249946  0.0  1.1657417644244488  25.0
55957.18462749946  0.0  1.1657417644244488  25.0
55962.17097249946  0.0  1.1657417644244488  25.0
55967.157317499456  0.0  1.1657417644244488  25.0
55972.14366249945  0.0  1.1657417644244488  25.0
55977.13000749945  0.0  1.1657417644244488  25.0
55982.11635249945  0.0  1.1657417644244488  25.0
55987.102697499446  0.0  1.1657417644244488  25.0
55992.08904249944  0.0  1.1657417644244488  25.0
55997.07538749944  0.0  1.1657417644244488  25.0
56002.06173249944  0.0  1.1657417644244488  25.0
56007.048077499436  0.0  1.1657417644244488  25.0
56012.03442249943  0.0  1.1657417644244488  25.0
56017.02076749943  0.0  1.1657417644244488  25.0
56022.00711249943  0.0  1.1657417644244488  25.0
56026.993457499426  0.0  1.1657417644244488  25.0
56031.97980249942  0.0  1.1657417644244488  25.0
56036.96614749942  0.0  1.1657417644244488  25.0
56041.95249249942  0.0  1.1657417644244488  25.0
56046.938837499416  0.0  1.1657417644244488  25.0
56051.92518249941  0.0  1.1657417644244488  25.0
56056.91152749941  0.0  1.1657417644244488  25.0
56061.89787249941  0.0  1.1657417644244488  25.0
56066.884217499406  0.0  1.1657417644244488  25.0
56071.8705624994  0.0  1.1657417644244488  25.0
56076.8569074994  0.0  1.1657417644244488  25.0
56081.8432524994  0.0  1.1657417644244488  25.0
56086.829597499396  0.0  1.1657417644244488  25.0
56091.815942499394  0.0  1.1657417644244488  25.0
56096.80228749939  0.0  1.1657417644244488  25.0
56101.78863249939  0.0  1.1657417644244488  25.0
56106.774977499386  0.0  1.1657417644244488  25.0
56111.761322499384  0.0  1.1657417644244488  25.0
56116.74766749938  0.0  1.1657417644244488  25.0
56121.73401249938  0.0  1.1657417644244488  25.0
56126.72035749938  0.0  1.1657417644244488  25.0
56131.706702499374  0.0  1.1657417644244488  25.0
56136.69304749937  0.0  1.1657417644244488  25.0
56141.67939249937  0.0  1.1657417644244488  25.0
56146.66573749937  0.0  1.1657417644244488  25.0
56151.652082499364  0.0  1.1657417644244488  25.0
56156.63842749936  0.0  1.1657417644244488  25.0
56161.62477249936  0.0  1.1657417644244488  25.0
56166.61111749936  0.0  1.1657417644244488  25.0
56171.597462499354  0.0  1.1657417644244488  25.0
56176.58380749935  0.0  1.1657417644244488  25.0
56181.57015249935  0.0  1.1657417644244488  25.0
56186.55649749935  0.0  1.1657417644244488  25.0
56191.542842499344  0.0  1.1657417644244488  25.0
56196.52918749934  0.0  1.1657417644244488  25.0
56201.51553249934  0.0  1.1657417644244488  25.0
56206.50187749934  0.0  1.1657417644244488  25.0
56211.488222499334  0.0  1.1657417644244488  25.0
56216.47456749933  0.0  1.1657417644244488  25.0
56221.46091249933  0.0  1.1657417644244488  25.0
56226.44725749933  0.0  1.1657417644244488  25.0
56231.433602499324  0.0  1.1657417644244488  25.0
56236.41994749932  0.0  1.1657417644244488  25.0
56241.40629249932  0.0  1.1657417644244488  25.0
56246.39263749932  0.0  1.1657417644244488  25.0
56251.378982499315  0.0  1.1657417644244488  25.0
56256.36532749931  0.0  1.1657417644244488  25.0
56261.35167249931  0.0  1.1657417644244488  25.0
56266.33801749931  0.0  1.1657417644244488  25.0
56271.324362499305  0.0  1.1657417644244488  25.0
56276.3107074993  0.0  1.1657417644244488  25.0
56281.2970524993  0.0  1.1657417644244488  25.0
56286.2833974993  0.0  1.1657417644244488  25.0
56291.269742499295  0.0  1.1657417644244488  25.0
56296.25608749929  0.0  1.1657417644244488  25.0
56301.24243249929  0.0  1.1657417644244488  25.0
56306.22877749929  0.0  1.1657417644244488  25.0
56311.215122499285  0.0  1.1657417644244488  25.0
56316.20146749928  0.0  1.1657417644244488  25.0
56321.18781249928  0.0  1.1657417644244488  25.0
56326.17415749928  0.0  1.1657417644244488  25.0
56331.160502499275  0.0  1.1657417644244488  25.0
56336.14684749927  0.0  1.1657417644244488  25.0
56341.13319249927  0.0  1.1657417644244488  25.0
56346.11953749927  0.0  1.1657417644244488  25.0
56351.105882499265  0.0  1.1657417644244488  25.0
56356.09222749926  0.0  1.1657417644244488  25.0
56361.07857249926  0.0  1.1657417644244488  25.0
56366.06491749926  0.0  1.1657417644244488  25.0
56371.051262499255  0.0  1.1657417644244488  25.0
56376.03760749925  0.0  1.1657417644244488  25.0
56381.02395249925  0.0  1.1657417644244488  25.0
56386.01029749925  0.0  1.1657417644244488  25.0
56390.996642499245  0.0  1.1657417644244488  25.0
56395.98298749924  0.0  1.1657417644244488  25.0
56400.96933249924  0.0  1.1657417644244488  25.0
56405.95567749924  0.0  1.1657417644244488  25.0
56410.942022499235  0.0  1.1657417644244488  25.0
56415.92836749923  0.0  1.1657417644244488  25.0
56420.91471249923  0.0  1.1657417644244488  25.0
56425.90105749923  0.0  1.1657417644244488  25.0
56430.887402499226  0.0  1.1657417644244488  25.0
56435.87374749922  0.0  1.1657417644244488  25.0
56440.86009249922  0.0  1.1657417644244488  25.0
56445.84643749922  0.0  1.1657417644244488  25.0
56450.832782499216  0.0  1.1657417644244488  25.0
56455.81912749921  0.0  1.1657417644244488  25.0
56460.80547249921  0.0  1.1657417644244488  25.0
56465.79181749921  0.0  1.1657417644244488  25.0
56470.778162499206  0.0  1.1657417644244488  25.0
56475.7645074992  0.0  1.1657417644244488  25.0
56480.7508524992  0.0  1.1657417644244488  25.0
56485.7371974992  0.0  1.1657417644244488  25.0
56490.723542499196  0.0  1.1657417644244488  25.0
56495.70988749919  0.0  1.1657417644244488  25.0
56500.69623249919  0.0  1.1657417644244488  25.0
56505.68257749919  0.0  1.1657417644244488  25.0
56510.668922499186  0.0  1.1657417644244488  25.0
56515.65526749918  0.0  1.1657417644244488  25.0
56520.64161249918  0.0  1.1657417644244488  25.0
56525.62795749918  0.0  1.1657417644244488  25.0
56530.614302499176  0.0  1.1657417644244488  25.0
56535.600647499174  0.0  1.1657417644244488  25.0
56540.58699249917  0.0  1.1657417644244488  25.0
55074.6015625  0.25748727279304995  1.0562851526017483  25.0
55083.6015625  -3.8000419616525383  1.8007464304326166  25.0
55086.6015625  2.1924598875333627  2.4416253249433666  25.0
55095.6015625  -0.582724037003609  1.3585145801991336  25.0
55098.6015625  -0.3892659202466096  1.2966393172842066  25.0
55101.6015625  -2.2719578826402542  1.4907827350235205  25.0
55104.6015625  -1.9447631356306045  1.6672054770809077  25.0
55161.3984375  -0.8729112238101625  1.0506067643948718  25.0
55170.3984375  -0.20217156270512884  1.8409850520674356  25.0
55173.3984375  0.20080091405628153  0.9559336906606977  25.0
55176.3984375  1.0567746833146847  1.2195888823735606  25.0
55179.3984375  0.3714473944431578  0.6424453834553029  25.0
55188.30078125  1.0362148602135381  1.3285559167991063  25.0
55191.30078125  2.60013187781265  1.6573171994375273  25.0
55203.30078125  -0.13305139929666338  0.7783360001975137  25.0
55206.30078125  -0.2795156413487875  0.762279756950102  25.0
55215.19921875  0.09251918644857761  0.8959186071075546  25.0
55413.6015625  -0.7244888822484019  1.0147739191764806  25.0
55416.6015625  0.5059673858786303  1.1165939732563406  25.0
55422.6015625  0.907079683278257  1.4867686391985038  25.0
55425.6015625  -0.6358858306282972  0.8716384252828405  25.0
55428.6015625  -0.2134305123394658  1.3443184696292874  25.0
55446.6015625  0.1882692009077863  1.1406783614695675  25.0
55449.6015625  -0.06931596285548002  0.9687591525816966  25.0
55452.6015625  0.02858793888932514  1.1185520961080864  25.0
55455.6015625  0.6052419362722828  0.7745177446682027  25.0
55458.6015625  0.2144095504232295  1.4103056784907562  25.0
55467.6015625  0.05149745455861  1.5739031453640175  25.0
55476.6015625  1.2187077644376496  1.1634899511554722  25.0
55479.6015625  -2.3017207524287944  2.382393509204609  25.0
55482.6015625  0.009692486220215965  0.8882820960489323  25.0
55485.6015625  2.0565694108438066  1.546881666241609  25.0
55500.3984375  -0.81142754811821  0.8917087176710506  25.0
55503.3984375  0.5804722237346324  1.403844022469494  25.0
55509.5  -0.10955446194422577  0.8077071893946426  25.0
55530.5  -1.7305494255030804  3.1055116961199456  25.0
55587.30078125  0.9324367766503692  1.1101323172350785  25.0
55590.30078125  -0.8304209289590221  0.9349822803365766  25.0
55593.30078125  0.8086862508205154  1.011249447432837  25.0
55596.30078125  -0.7533705407325944  0.9948994203997579  25.0
55809.6015625  1.3441226760178  0.7867557790705215  25.0
55812.5  1.4791321281398817  1.2708905433206834  25.0
55824.6015625  -0.149890875345297  0.8640019142242182  25.0
55828.5  0.8061407471343081  0.7024605136926644  25.0
55829.5  -2.2240828433152497  1.2753941698586364  25.0
55833.6015625  0.23908131947091804  0.8807435284802719  25.0
55836.6015625  1.693933312470304  2.0896608653960667  25.0
55839.5  -0.10133053503797806  1.1107197914379767  25.0
55852.6015625  1.2457292435600584  1.0870269904477246  25.0
55855.5  1.450250469655689  0.8588130567302781  25.0
55858.3984375  -1.9991976810983965  0.725663737285762  25.0
55863.5  0.9372340469213348  1.4543624156022312  25.0
55887.3984375  1.5787004156349833  1.3748645138637763  25.0
55895.30078125  0.7301673171394968  1.1053350469641128  25.0
55911.30078125  -0.2841171180082659  1.0748869462195858  25.0
55941.30078125  -0.506946400620285  2.8487098410197556  25.0
56161.6015625  -0.49705812297690444  1.1679935776934254  25.0
56206.6015625  -1.9346789710073002  1.3404023172942325  25.0
56209.6015625  -0.07646294903669312  0.9467307373417408  25.0
56213.3984375  -2.3883657278813715  2.686972553508278  25.0
56217.5  -1.1222724548316538  1.474628594970365  25.0
56220.5  1.1668187226560651  1.369381919268387  25.0
56235.5  -0.9021844695173294  0.9075692139911934  25.0
56238.3984375  -2.013687528769692  1.5255385753260768  25.0
56241.3984375  3.393544919779048  1.8090683591840993  25.0
56268.30078125  1.1265801943896832  0.8729112238101625  25.0
56271.30078125  -0.9182406660805229  1.062061484298587  25.0
56302.30078125  -1.0784115113316661  0.9300870665756491  25.0
56507.6015625  -2.406967334762336  1.5242658701671914  25.0
56512.6015625  0.07812731144488048  1.097306948682516  25.0
56518.6015625  0.6725018969768555  1.0134032705276335  25.0
56534.6015625  -0.2379064877756671  0.8832890321664794  25.0
56537.6015625  -0.10191796255665811  0.7043206463702298  25.0
56538.6015625  -0.9532903368529649  0.9602414302187269  25.0
56545.6015625  -0.5496324890829126  1.3812282263950764  25.0
56567.6015625  46.721015906264334  1.2112670469905147  25.0
56574.6015625  49.30508972014506  1.2245820396244502  25.0
56590.5  27.069448837328387  0.8486310419854485  25.0
56593.5  20.289212241014532  2.0827097720303045  25.0
56619.3984375  5.801883276663977  1.4019838431077103  25.0
56622.3984375  5.201830104517198  1.2809746145755512  25.0
56625.30078125  5.405274325696994  1.0280889118104162  25.0
56626.30078125  6.86139916390792  3.1332184061983415  25.0
56630.30078125  5.93659899168461  1.3034925605284433  25.0
56633.30078125  3.668165394051126  1.0976006857839653  25.0
56636.30078125  2.3587007082143567  1.9882324919076177  25.0
56649.3984375  1.3958159241878973  1.9123570054027683  25.0
56655.3984375  4.806494325551283  1.2956602558583339  25.0
56656.3984375  3.1116798017766314  1.2134209634537476  25.0
56663.30078125  4.955210077424964  1.6964787227880747  25.0
