56553.11128378625    5.499783834603204     0.9353709863953716     25    
56553.61128378625    6.430825956726955     0.93714614902495       25    
56554.11128378625    7.429134077471734     0.9413724322014811     25    
56554.61128378625    8.49188956373907      0.9588367302091197     25    
56555.11128378625    9.61986928722997      0.9881761426142214     25    
56555.61128378625    10.809845263454392    1.0092938369573496     25    
56556.11128378625    12.06189299469833     1.0155081036767581     25    
56556.61128378625    13.374375145331395    1.0168292531552123     25    
56557.11128378625    14.74510873069728     1.020175422998912      25    
56557.61128378625    16.17456889309612     1.0233241926807595     25    
56558.11128378625    17.659420026047247    1.0258532300452172     25    
56558.61128378625    19.200254605218813    1.0277161218167146     25    
56559.11128378625    20.794692024547594    1.029178045520805      25    
56559.61128378625    22.44133581251989     1.0301977232619874     25    
56560.11128378625    24.140057652634127    1.031046576139857      25    
56560.61128378625    25.888419987158247    1.0313147487860455     25    
56561.11128378625    27.688514700168607    1.028364476824374      25    
56561.61128378625    29.528919524977574    1.0391785838823282     25    
56562.11128378625    31.42466187351072     1.0789911798182505     25    
56562.61128378625    33.33934187861811     1.1250180276500845     25    
56563.11128378625    35.2204238007285      1.1497997000228477     25    
56563.61128378625    37.08314684015966     1.160538341565955      25    
56564.11128378625    38.83276355230442     1.1693632057303922     25    
56564.61128378625    40.47263758091214     1.1786462421660682     25    
56565.11128378625    41.960075588361676    1.1854797048019763     25    
56565.61128378625    43.226956747039836    1.187486160401226      25    
56566.11128378625    44.300595115656876    1.1862883196079996     25    
56566.61128378625    45.2044265763404      1.1895083474006798     25    
56567.11128378625    45.92234270486568     1.1977028419135212     25    
56567.61128378625    46.51777188545224     1.2078396681073307     25    
56568.11128378625    47.01755405981229     1.2210283379215117     25    
56568.61128378625    47.42681049415662     1.2339745733098229     25    
56569.11128378625    47.81212000672623     1.2396735361026918     25    
56569.61128378625    48.164476196575116    1.2423690591970586     25    
56570.11128378625    48.480254139792976    1.2160797333210285     25    
56570.61128378625    48.76964609994598     1.1251851443695027     25    
56571.11128378625    49.01217888734155     1.0168220881602765     25    
56571.61128378625    49.18365404565016     0.9800933615318849     25    
56572.11128378625    49.2903683206535      0.9987460804534687     25    
56572.61128378625    49.30281574472538     1.0112071241805056     25    
56573.11128378625    49.21437145864409     1.008565768627299      25    
56573.61128378625    49.03673572618823     1.0036243007622845     25    
56574.11128378625    48.769503298445954    0.9978903293376121     25    
56574.61128378625    48.417588424107485    0.9917347361804715     25    
56575.11128378625    48.010593400004545    0.9924255160950382     25    
56575.61128378625    47.54202664889829     1.0020645872781566     25    
56576.11128378625    47.03521929865811     1.0089364213630427     25    
56576.61128378625    46.50282832493498     1.0056979180303318     25    
56577.11128378625    45.94115136364314     0.9979578713323187     25    
56577.61128378625    45.35974136998763     0.9903222193089758     25    
56578.11128378625    44.75727964102929     0.9815579034080161     25    
56578.61128378625    44.12939919362103     0.9762912643666828     25    
56579.11128378625    43.47601912776737     0.9780899423197864     25    
56579.61128378625    42.795654914199964    0.9811464850923973     25    
56580.11128378625    42.08496013785147     0.9794318645897806     25    
56580.61128378625    41.345101732937415    0.9748281068086763     25    
56581.11128378625    40.57908917420427     0.9682221852400503     25    
56581.61128378625    39.78521288361973     0.9577636394701528     25    
56582.11128378625    38.969539567051186    0.9494989088396759     25    
56582.61128378625    38.13549790027675     0.950459290623184      25    
56583.11128378625    37.28324146989782     0.9558910536242171     25    
56583.61128378625    36.4201722510995      0.9590607478061804     25    
56584.11128378625    35.543816085804984    0.9653400332128484     25    
56584.61128378625    34.66443481443646     0.9477087631248823     25    
56585.11128378625    33.783290281297894    0.8708744234973612     25    
56585.61128378625    32.904908389030574    0.7700730190958274     25    
56586.11128378625    32.04100311446453     0.7262632405166595     25    
56586.61128378625    31.188378623753533    0.7339769831068532     25    
56587.11128378625    30.36069049190301     0.7416998837163749     25    
56587.61128378625    29.560081642940595    0.7393095152764787     25    
56588.11128378625    28.786665074115014    0.7348230202723784     25    
56588.61128378625    28.04467694869011     0.7253927976944791     25    
56589.11128378625    27.332190599694655    0.7125492804208969     25    
56589.61128378625    26.64385362681756     0.7052613896119729     25    
56590.11128378625    25.980719644858517    0.7054364198677747     25    
56590.61128378625    25.33873622081233     0.7067523523256334     25    
56591.11128378625    24.715202584247578    0.7059971881005348     25    
56591.61128378625    24.110703265879753    0.7043169809905164     25    
56592.11128378625    23.52245821599304     0.7011824765498141     25    
56592.61128378625    22.95076686293091     0.6981142763166278     25    
56593.11128378625    22.395971168624207    0.6844823288895041     25    
56593.61128378625    21.85805943365427     0.6463302251703749     25    
56594.11128378625    21.337099402129038    0.6019140619688347     25    
56594.61128378625    20.8335089950558      0.5846826876631924     25    
56595.11128378625    20.347210227640794    0.5888961657535199     25    
56595.61128378625    19.876171792334787    0.5902589771953581     25    
56596.11128378625    19.42131120057609     0.5826841713246032     25    
56596.61128378625    18.979458151254644    0.5763810366983284     25    
56597.11128378625    18.548101421271447    0.5790993945315286     25    
56597.61128378625    18.127565899234792    0.5867828703171591     25    
56598.11128378625    17.713143003727453    0.5911586028232046     25    
56598.61128378625    17.30518257446581     0.5928990110441132     25    
56599.11128378625    16.902847716756128    0.5905814888677513     25    
56599.61128378625    16.504621932647748    0.582501963759709      25    
56600.11128378625    16.11202222089095     0.569461745539296      25    
56600.61128378625    15.727225844568652    0.550053979632632      25    
56601.11128378625    15.349611408363046    0.521950862816264      25    
56601.61128378625    14.981772782277448    0.5019556968193215     25    
56602.11128378625    14.624362564876044    0.5018714579297061     25    
56602.61128378625    14.277303714436211    0.5071408720444821     25    
56603.11128378625    13.941646306481012    0.5019968571456829     25    
56603.61128378625    13.617034589574462    0.49104217608890405    25    
56604.11128378625    13.30143436543983     0.48435575777360307    25    
56604.61128378625    12.995180914569506    0.48400362944315356    25    
56605.11128378625    12.696826649520808    0.48608478734037924    25    
56605.61128378625    12.405168931021377    0.4897779171363212     25    
56606.11128378625    12.120443486947712    0.494370962283581      25    
56606.61128378625    11.841170703771116    0.495168906519838      25    
56607.11128378625    11.567476497989905    0.49514112081803024    25    
56607.61128378625    11.299253700679357    0.4806830755330372     25    
56608.11128378625    11.036406021656907    0.43000909248997765    25    
56608.61128378625    10.778927055956236    0.3609757322260374     25    
56609.11128378625    10.526586533418113    0.3284787160032267     25    
56609.61128378625    10.279390021778864    0.3339516969694172     25    
56610.11128378625    10.03789817309107     0.3383902242124832     25    
56610.61128378625    9.801701140392042     0.3306859280816747     25    
56611.11128378625    9.572022563269229     0.3227773803790873     25    
56611.61128378625    9.350073057060197     0.32084092598622094    25    
56612.11128378625    9.135602917888678     0.32287174397678015    25    
56612.61128378625    8.93069974733285      0.3268333115012963     25    
56613.11128378625    8.73531305398639      0.3342431481480752     25    
56613.61128378625    8.549804641613742     0.3392963991066451     25    
56614.11128378625    8.375123192769994     0.3367639840659445     25    
56614.61128378625    8.210407927318874     0.3299028551763978     25    
56615.11128378625    8.053906605065471     0.32341275680740583    25    
56615.61128378625    7.906124246004775     0.31813098838609105    25    
56616.11128378625    7.7650535464348724    0.30538560513144974    25    
56616.61128378625    7.630238099820987     0.27311139968428455    25    
56617.11128378625    7.501280710025847     0.23297852135990096    25    
56617.61128378625    7.376657214389741     0.21501788731988963    25    
56618.11128378625    7.256736244223893     0.21798872334326203    25    
56618.61128378625    7.141066799670164     0.22032821679254525    25    
56619.11128378625    7.029638731695101     0.21780018617891778    25    
56619.61128378625    6.922293025852941     0.21489544272911756    25    
56620.11128378625    6.818825472569842     0.21220482852462327    25    
56620.61128378625    6.719270265429072     0.2096200083440302     25    
56621.11128378625    6.623283965088107     0.2081303709195222     25    
56621.61128378625    6.530937834185371     0.2078454540932968     25    
56622.11128378625    6.441965228743613     0.20836705946649234    25    
56622.61128378625    6.3562481342870845    0.2071065075615554     25    
56623.11128378625    6.273748955391117     0.20800184141883218    25    
56623.61128378625    6.19415356789945      0.222042465605884      25    
56624.11128378625    6.117546393085913     0.24764948210696716    25    
56624.61128378625    6.043606537187708     0.26672018906558403    25    
56625.11128378625    5.972309943993254     0.2711028575794682     25    
56625.61128378625    5.903523812358977     0.27466420060247954    25    
56626.11128378625    5.836992010278376     0.28780370524144394    25    