#Date  :
#Flux  :
#Fluxerr  :
#ZP  :
#end  :
@INSTRUMENT  UVOT
@BAND  UVOT_uvw2
@MAGSYS AB
53722.2016  0.0  4.766716188956029  25.0
53727.187945  0.0  4.766716188956029  25.0
53732.174289999995  0.0  4.766716188956029  25.0
53737.16063499999  0.0  4.766716188956029  25.0
53742.14697999999  0.0  4.766716188956029  25.0
53747.13332499999  0.0  4.766716188956029  25.0
53752.119669999985  0.0  4.766716188956029  25.0
53757.10601499998  0.0  4.766716188956029  25.0
53762.09235999998  0.0  4.766716188956029  25.0
53767.07870499998  0.0  4.766716188956029  25.0
53772.065049999976  0.0  4.766716188956029  25.0
53777.05139499997  0.0  4.766716188956029  25.0
53782.03773999997  0.0  4.766716188956029  25.0
53787.02408499997  0.0  4.766716188956029  25.0
53792.010429999966  0.0  4.766716188956029  25.0
53796.99677499996  0.0  4.766716188956029  25.0
53801.98311999996  0.0  4.766716188956029  25.0
53806.96946499996  0.0  4.766716188956029  25.0
53811.955809999956  0.0  4.766716188956029  25.0
53816.94215499995  0.0  4.766716188956029  25.0
53821.92849999995  0.0  4.766716188956029  25.0
53826.91484499995  0.0  4.766716188956029  25.0
53831.901189999946  0.0  4.766716188956029  25.0
53836.88753499994  0.0  4.766716188956029  25.0
53841.87387999994  0.0  4.766716188956029  25.0
53846.86022499994  0.0  4.766716188956029  25.0
53851.846569999936  0.0  4.766716188956029  25.0
53856.83291499993  0.0  4.766716188956029  25.0
53861.81925999993  0.0  4.766716188956029  25.0
53866.80560499993  0.0  4.766716188956029  25.0
53871.791949999926  0.0  4.766716188956029  25.0
53876.778294999924  0.0  4.766716188956029  25.0
53881.76463999992  0.0  4.766716188956029  25.0
53886.75098499992  0.0  4.766716188956029  25.0
53891.737329999916  0.0  4.766716188956029  25.0
53896.723674999914  0.0  4.766716188956029  25.0
53901.71001999991  0.0  4.766716188956029  25.0
53921.6554  25.422486341098825  3.404797277825735  25.0
53922.1883  33.14002683750382  3.8587702482025  25.0
53923.2394  44.03537812654618  4.766716188956029  25.0
53924.4003  52.43387807851632  9.76041886310044  25.0
53926.7008  44.26236461173456  5.90164861489794  25.0
