#Date  :
#Flux  :
#Fluxerr  :
#ZP  :
#end  :
@INSTRUMENT  UVOT
@BAND  UVOT_b
@MAGSYS AB
53722.1953  0.0  124.73106198665022  25.0
53727.181645  0.0  124.73106198665022  25.0
53732.167989999994  0.0  124.73106198665022  25.0
53737.15433499999  0.0  124.73106198665022  25.0
53742.14067999999  0.0  124.73106198665022  25.0
53747.12702499999  0.0  124.73106198665022  25.0
53752.113369999985  0.0  124.73106198665022  25.0
53757.09971499998  0.0  124.73106198665022  25.0
53762.08605999998  0.0  124.73106198665022  25.0
53767.07240499998  0.0  124.73106198665022  25.0
53772.058749999975  0.0  124.73106198665022  25.0
53777.04509499997  0.0  124.73106198665022  25.0
53782.03143999997  0.0  124.73106198665022  25.0
53787.01778499997  0.0  124.73106198665022  25.0
53792.004129999965  0.0  124.73106198665022  25.0
53796.99047499996  0.0  124.73106198665022  25.0
53801.97681999996  0.0  124.73106198665022  25.0
53806.96316499996  0.0  124.73106198665022  25.0
53811.949509999955  0.0  124.73106198665022  25.0
53816.93585499995  0.0  124.73106198665022  25.0
53821.92219999995  0.0  124.73106198665022  25.0
53826.90854499995  0.0  124.73106198665022  25.0
53831.894889999945  0.0  124.73106198665022  25.0
53836.88123499994  0.0  124.73106198665022  25.0
53841.86757999994  0.0  124.73106198665022  25.0
53846.85392499994  0.0  124.73106198665022  25.0
53851.840269999935  0.0  124.73106198665022  25.0
53856.82661499993  0.0  124.73106198665022  25.0
53861.81295999993  0.0  124.73106198665022  25.0
53866.79930499993  0.0  124.73106198665022  25.0
53871.785649999925  0.0  124.73106198665022  25.0
53876.77199499992  0.0  124.73106198665022  25.0
53881.75833999992  0.0  124.73106198665022  25.0
53886.74468499992  0.0  124.73106198665022  25.0
53891.731029999915  0.0  124.73106198665022  25.0
53896.71737499991  0.0  124.73106198665022  25.0
53901.70371999991  0.0  124.73106198665022  25.0
53921.6491  2130.0227508489493  118.20666797504082  25.0
53922.1869  2374.6235616371296  131.2554559982596  25.0
53923.2377  2633.2965948032897  145.32767837624064  25.0
53924.3993  3214.0955911308715  219.2708105078138  25.0
53926.6991  3519.0790288500243  198.80212341256865  25.0
53927.7914  3831.994082818585  202.6400022429271  25.0
53928.6466  3773.1466074197547  198.54626482387806  25.0
53929.9309  3653.660646501261  199.31384058994976  25.0
53933.6489  2933.162860748632  158.37646639945945  25.0
53938.4537  1832.459212201823  104.39030418575031  25.0
53941.536  1307.6932467974752  79.06030390538443  25.0
53949.6845  506.3441470186272  37.86707112620355  25.0
53956.5057  291.6787911072435  28.400303344652663  25.0
53961.6917  186.26505256673096  24.050707336913064  25.0
53972.399  176.54242619648952  23.538990159531934  25.0
53981.6071  137.1402035381426  21.49212145000742  25.0
