56572.98497149794    1.552492327165721     0.7200182742527551     25    
56573.48497149794    1.9739507494488309    0.5625928654007082     25    
56573.98497149794    2.4630208962245814    0.5829686958947218     25    
56574.48497149794    3.0310688688904848    1.3167437459751292     25    
56574.98497149794    3.675170750846827     2.0864467148294925     25    
56575.48497149794    4.408759554303186     2.4706281534948107     25    
56575.98497149794    5.230906930396837     2.510408608893392      25    
56576.48497149794    6.149477975712277     2.460210099676769      25    
56576.98497149794    7.172194474239032     2.4655969393238473     25    
56577.48497149794    8.298235718171707     2.472070448781111      25    
56577.98497149794    9.54099842173779      2.4754953329524083     25    
56578.48497149794    10.89752362324443     2.4759587337765683     25    
56578.98497149794    12.379283812257531    2.4735885028523166     25    
56579.48497149794    13.989306730294864    2.4679551084280935     25    
56579.98497149794    15.730976207806286    2.459977322946681      25    
56580.48497149794    17.617848908206334    2.457201791336043      25    
56580.98497149794    19.64723370334455     2.4599102621946733     25    
56581.48497149794    21.816272519718414    2.417295038321737      25    
56581.98497149794    24.1595129497454      2.2859023635705857     25    
56582.48497149794    26.579946172233573    2.1531368943503804     25    
56582.98497149794    29.01846129110372     2.1246832004427887     25    
56583.48497149794    31.46970601691457     2.156597593070184      25    
56583.98497149794    33.75988981055832     2.179085744711826      25    
56584.48497149794    35.92330190687495     2.1955167894759673     25    
56584.98497149794    37.83278116842199     2.207626661323684      25    
56585.48497149794    39.40780011588575     2.2094057558056948     25    
56585.98497149794    40.700871378781905    2.2079433028073567     25    
56586.48497149794    41.718844289287134    2.213262672735999      25    
56586.98497149794    42.45691630036459     2.223055518678958      25    
56587.48497149794    43.02279889283436     2.2358077667434775     25    
56587.98497149794    43.410511639694654    2.2553584923675003     25    
56588.48497149794    43.674585132452144    2.2702249816726083     25    
56588.98497149794    43.88498048310152     2.292520364141671      25    
56589.48497149794    44.01554694225748     2.299302877391475      25    
56589.98497149794    44.07272523807483     2.1527825526726603     25    
56590.48497149794    44.064127914395606    1.76363200740138       25    
56590.98497149794    43.947223163734506    1.3786114011448878     25    
56591.48497149794    43.71197124844806     1.3144526874011595     25    
56591.98497149794    43.34964668228686     1.3965051968251396     25    
56592.48497149794    42.82141812395135     1.4069881142067884     25    
56592.98497149794    42.13522728865981     1.3951219761982094     25    
56593.48497149794    41.320309435379066    1.3801885106211422     25    
56593.98497149794    40.36355136547361     1.3595664588360612     25    
56594.48497149794    39.31166966043262     1.3430177239668077     25    
56594.98497149794    38.199960928834436    1.3456141365889533     25    
56595.48497149794    37.025338670174115    1.3580237839209175     25    
56595.98497149794    35.850979905420296    1.357793488339641      25    
56596.48497149794    34.670877885319044    1.3448202420467548     25    
56596.98497149794    33.49494282610703     1.3274131901865125     25    
56597.48497149794    32.33476441654841     1.3041089061801205     25    
56597.98497149794    31.17901603771573     1.2813567027826975     25    
56598.48497149794    30.01778626463768     1.2764418338296444     25    
56598.98497149794    28.85355743126361     1.2860609089116692     25    
56599.48497149794    27.67464982384681     1.2888383120092632     25    
56599.98497149794    26.476388236730177    1.2809993756542342     25    
56600.48497149794    25.268544953360973    1.2671558872087423     25    
56600.98497149794    24.052759211556946    1.244593909693077      25    
56601.48497149794    22.832915842968415    1.2169839710064057     25    
56601.98497149794    21.633601400977724    1.2036287481123111     25    
56602.48497149794    20.449215934409175    1.2066383043517492     25    
56602.98497149794    19.3012745684923      1.209022010102288      25    
56603.48497149794    18.1977150945786      1.2198409078257921     25    
56603.98497149794    17.13866973789967     1.21145698979278       25    
56604.48497149794    16.134989992569775    1.1096371619647614     25    
56604.98497149794    15.18412383509916     0.9025921109215849     25    
56605.48497149794    14.286307303905463    0.7405269520550897     25    
56605.98497149794    13.441634202411691    0.7243548107671628     25    
56606.48497149794    12.650083146323656    0.7525338165007065     25    
56606.98497149794    11.9130776950503      0.7526651958357654     25    
56607.48497149794    11.228899545182658    0.7524584478022266     25    
56607.98497149794    10.592019790658298    0.7449986473375376     25    
56608.48497149794    10.00480422628798     0.7280987853653544     25    
56608.98497149794    9.456042026045465     0.7162878720616765     25    
56609.48497149794    8.943801814888475     0.7192986712600291     25    
56609.98497149794    8.464358764434218     0.7272853513660142     25    
56610.48497149794    8.007314335458831     0.7311700632945434     25    
56610.98497149794    7.575198846148781     0.7331924703230404     25    
56611.48497149794    7.163322646435867     0.7287165562755659     25    
56611.98497149794    6.770173685079672     0.7247438277932698     25    
56612.48497149794    6.398809672598666     0.6978281508387346     25    
56612.98497149794    6.050499628072849     0.6001655828818583     25    
56613.48497149794    5.725288736725907     0.43672370127289817    25    
56613.98497149794    5.426239774051973     0.32789678210713297    25    
56614.48497149794    5.153300620102076     0.3365115221207081     25    
56614.98497149794    4.905263606661145     0.35814033377563326    25    
56615.48497149794    4.683281695502876     0.3478899653519555     25    
56615.98497149794    4.484460456641422     0.33705729221634106    25    
56616.48497149794    4.304657840567754     0.3390636977877057     25    
56616.98497149794    4.1448949403311355    0.35055438377687326    25    
56617.48497149794    3.999523716454334     0.3588989882133663     25    
56617.98497149794    3.868997735964487     0.3638344396915592     25    
56618.48497149794    3.7503184614467187    0.3639186492700881     25    
56618.98497149794    3.640883566408691     0.35439468566116655    25    
56619.48497149794    3.5409954111287614    0.33820002979054414    25    
56619.98497149794    3.4470013963590387    0.3229366128322824     25    
56620.48497149794    3.35976201462186      0.3069404738382254     25    
56620.98497149794    3.275980222009254     0.29670144098298123    25    
56621.48497149794    3.1946879186633037    0.30130865804738227    25    
56621.98497149794    3.1155835883167566    0.3080626811280708     25    
56622.48497149794    3.0367008243584963    0.2982717994673605     25    
56622.98497149794    2.9585371521444968    0.27551685056633524    25    
56623.48497149794    2.88149534593276      0.25831672018803453    25    
56623.98497149794    2.8054841702207742    0.2514417156149704     25    
56624.48497149794    2.7308669381935737    0.24986734787983425    25    
56624.98497149794    2.6577702469166957    0.2537523338772599     25    
56625.48497149794    2.5863512509649143    0.26090756225076855    25    
56625.98497149794    2.5175010897142154    0.2615516322190017     25    
56626.48497149794    2.4508631855957663    0.25621944207967123    25    
56626.98497149794    2.3881785324216995    0.24747728357368498    25    
56627.48497149794    2.3296578865157196    0.23228746463473313    25    
56627.98497149794    2.2759829814935912    0.21666094018535514    25    
56628.48497149794    2.228875560071646     0.21533723693621928    25    
56628.98497149794    2.1878921730385485    0.22485181748954872    25    
56629.48497149794    2.1531111524945192    0.22724517835858218    25    
56629.98497149794    2.125451481293272     0.21759120980624308    25    
56630.48497149794    2.1020214241461566    0.20759596242719566    25    
56630.98497149794    2.0813065788789364    0.2065718678267725     25    
56631.48497149794    2.063124074270388     0.2101398830462604     25    
56631.98497149794    2.043718308809334     0.2152501994953097     25    
56632.48497149794    2.023714533543681     0.2232633180861882     25    
56632.98497149794    2.0014615074836013    0.2261367794208972     25    
56633.48497149794    1.975635447644825     0.21776405880923072    25    
56633.98497149794    1.9478045824633803    0.20578182334809378    25    
56634.48497149794    1.9192072532714042    0.1990290169769923     25    
56634.98497149794    1.889559678721153     0.19567293504445488    25    
56635.48497149794    1.8611385275061076    0.20206549774025556    25    
56635.98497149794    1.8338440130052511    0.22164301766718816    25    
56636.48497149794    1.8085228202123056    0.240053583769512      25    
56636.98497149794    1.7862617623632362    0.24945374142322205    25    
56637.48497149794    1.7664988068584586    0.25428668348748074    25    
56637.98497149794    1.7488472927408636    0.25431570124305763    25    
56638.48497149794    1.733442686275736     0.24916345114119587    25    
56638.98497149794    1.719625837306444     0.2416670256250843     25    
56639.48497149794    1.707326041460276     0.2319677109071483     25    
56639.98497149794    1.6962836286854115    0.22094530929728787    25    
56640.48497149794    1.6859838806806737    0.2113108305037721     25    
56640.98497149794    1.6765476579755163    0.2024668281144065     25    
56641.48497149794    1.6672788954591349    0.19544409493572376    25    
56641.98497149794    1.6582767561637346    0.19195309238957267    25    
56642.48497149794    1.6490645876682815    0.18738530472049825    25    
56642.98497149794    1.6393336147722708    0.1746659332163686     25    
56643.48497149794    1.629056909137325     0.1588310864806541     25    
56643.98497149794    1.6175809253233286    0.15440161669985675    25    
56644.48497149794    1.6050675758889372    0.1590026432579272     25    
56644.98497149794    1.5908813793391154    0.18306096436833233    25    