#Date  :
#Flux  :
#Fluxerr  :
#ZP  :
#end  :
@INSTRUMENT  PS
@BAND  PS_z
@MAGSYS  AB
54960.24541875  0.0  1.8668429573920917  25.0
54965.231763749995  0.0  1.8668429573920917  25.0
54970.21810874999  0.0  1.8668429573920917  25.0
54975.20445374999  0.0  1.8668429573920917  25.0
54980.19079874999  0.0  1.8668429573920917  25.0
54985.177143749985  0.0  1.8668429573920917  25.0
54990.16348874998  0.0  1.8668429573920917  25.0
54995.14983374998  0.0  1.8668429573920917  25.0
55000.13617874998  0.0  1.8668429573920917  25.0
55005.122523749975  0.0  1.8668429573920917  25.0
55010.10886874997  0.0  1.8668429573920917  25.0
55015.09521374997  0.0  1.8668429573920917  25.0
55020.08155874997  0.0  1.8668429573920917  25.0
55025.067903749965  0.0  1.8668429573920917  25.0
55030.05424874996  0.0  1.8668429573920917  25.0
55035.04059374996  0.0  1.8668429573920917  25.0
55040.02693874996  0.0  1.8668429573920917  25.0
55045.013283749955  0.0  1.8668429573920917  25.0
55049.99962874995  0.0  1.8668429573920917  25.0
55054.98597374995  0.0  1.8668429573920917  25.0
55059.97231874995  0.0  1.8668429573920917  25.0
55064.958663749945  0.0  1.8668429573920917  25.0
55069.94500874994  0.0  1.8668429573920917  25.0
55074.93135374994  0.0  1.8668429573920917  25.0
55079.91769874994  0.0  1.8668429573920917  25.0
55084.904043749935  0.0  1.8668429573920917  25.0
55089.89038874993  0.0  1.8668429573920917  25.0
55094.87673374993  0.0  1.8668429573920917  25.0
55099.86307874993  0.0  1.8668429573920917  25.0
55104.849423749925  0.0  1.8668429573920917  25.0
55109.83576874992  0.0  1.8668429573920917  25.0
55114.82211374992  0.0  1.8668429573920917  25.0
55119.80845874992  0.0  1.8668429573920917  25.0
55124.794803749915  0.0  1.8668429573920917  25.0
55129.78114874991  0.0  1.8668429573920917  25.0
55134.76749374991  0.0  1.8668429573920917  25.0
55139.75383874991  0.0  1.8668429573920917  25.0
55144.740183749906  0.0  1.8668429573920917  25.0
55149.7265287499  0.0  1.8668429573920917  25.0
55154.7128737499  0.0  1.8668429573920917  25.0
55159.6992187499  0.0  1.8668429573920917  25.0
55164.685563749896  0.0  1.8668429573920917  25.0
55169.67190874989  0.0  1.8668429573920917  25.0
55174.65825374989  0.0  1.8668429573920917  25.0
55179.64459874989  0.0  1.8668429573920917  25.0
55184.630943749886  0.0  1.8668429573920917  25.0
55189.61728874988  0.0  1.8668429573920917  25.0
55194.60363374988  0.0  1.8668429573920917  25.0
55199.58997874988  0.0  1.8668429573920917  25.0
55204.576323749876  0.0  1.8668429573920917  25.0
55209.56266874987  0.0  1.8668429573920917  25.0
55214.54901374987  0.0  1.8668429573920917  25.0
55219.53535874987  0.0  1.8668429573920917  25.0
55224.521703749866  0.0  1.8668429573920917  25.0
55229.50804874986  0.0  1.8668429573920917  25.0
55234.49439374986  0.0  1.8668429573920917  25.0
55239.48073874986  0.0  1.8668429573920917  25.0
55244.467083749856  0.0  1.8668429573920917  25.0
55249.45342874985  0.0  1.8668429573920917  25.0
55254.43977374985  0.0  1.8668429573920917  25.0
55259.42611874985  0.0  1.8668429573920917  25.0
55264.412463749846  0.0  1.8668429573920917  25.0
55269.398808749844  0.0  1.8668429573920917  25.0
55274.38515374984  0.0  1.8668429573920917  25.0
55279.37149874984  0.0  1.8668429573920917  25.0
55284.357843749836  0.0  1.8668429573920917  25.0
55289.344188749834  0.0  1.8668429573920917  25.0
55294.33053374983  0.0  1.8668429573920917  25.0
55299.31687874983  0.0  1.8668429573920917  25.0
55304.30322374983  0.0  1.8668429573920917  25.0
55309.289568749824  0.0  1.8668429573920917  25.0
55314.27591374982  0.0  1.8668429573920917  25.0
55319.26225874982  0.0  1.8668429573920917  25.0
55324.24860374982  0.0  1.8668429573920917  25.0
55329.234948749814  0.0  1.8668429573920917  25.0
55334.22129374981  0.0  1.8668429573920917  25.0
55339.20763874981  0.0  1.8668429573920917  25.0
55344.19398374981  0.0  1.8668429573920917  25.0
55349.180328749804  0.0  1.8668429573920917  25.0
55354.1666737498  0.0  1.8668429573920917  25.0
55359.1530187498  0.0  1.8668429573920917  25.0
55364.1393637498  0.0  1.8668429573920917  25.0
55369.125708749794  0.0  1.8668429573920917  25.0
55374.11205374979  0.0  1.8668429573920917  25.0
55379.09839874979  0.0  1.8668429573920917  25.0
55384.08474374979  0.0  1.8668429573920917  25.0
55389.071088749784  0.0  1.8668429573920917  25.0
55394.05743374978  0.0  1.8668429573920917  25.0
55399.04377874978  0.0  1.8668429573920917  25.0
55404.03012374978  0.0  1.8668429573920917  25.0
55409.016468749775  0.0  1.8668429573920917  25.0
55414.00281374977  0.0  1.8668429573920917  25.0
55418.98915874977  0.0  1.8668429573920917  25.0
55423.97550374977  0.0  1.8668429573920917  25.0
55428.961848749765  0.0  1.8668429573920917  25.0
55433.94819374976  0.0  1.8668429573920917  25.0
55438.93453874976  0.0  1.8668429573920917  25.0
55443.92088374976  0.0  1.8668429573920917  25.0
55448.907228749755  0.0  1.8668429573920917  25.0
55453.89357374975  0.0  1.8668429573920917  25.0
55458.87991874975  0.0  1.8668429573920917  25.0
55463.86626374975  0.0  1.8668429573920917  25.0
55468.852608749745  0.0  1.8668429573920917  25.0
55473.83895374974  0.0  1.8668429573920917  25.0
55159.69921875  1.087191527956087  2.695394642805764  25.0
55160.6015625  -2.6965728719676085  2.0009745429383323  25.0
55163.5  -1.9788811073832577  1.6881319449698096  25.0
55172.5  -2.339248986064517  1.697853131529265  25.0
55181.5  0.1032007172416186  1.5517421336853812  25.0
55190.5  0.11900977230237551  1.4888986564963016  25.0
55193.5  3.828638711844296  1.6568083921387569  25.0
55200.3984375  1.8964972117778227  1.9878166205467607  25.0
55202.5  -0.04320486715648513  1.6251904224832854  25.0
55205.5  0.0010801216789121282  1.8664502143381436  25.0
55208.5  0.17949658046870293  1.464645040500484  25.0
55211.3984375  -2.8129313828402602  1.8158809408472385  25.0
55214.3984375  0.18882490691917503  1.3983648274792881  25.0
55220.3984375  -1.658772294696554  2.446279240719718  25.0
55223.30078125  1.8243255720153204  4.069309482762261  25.0
55232.30078125  -1.2484242571053115  1.9182960432204221  25.0
55235.5  -1.0536095620987904  1.8511321115058288  25.0
55238.3984375  1.805276129238414  1.7228922336329788  25.0
55241.30078125  1.128236173702567  1.6109524098713421  25.0
55244.30078125  -1.2832827783539817  2.167313306364995  25.0
55247.30078125  0.48418911626510863  1.8616387841731805  25.0
55259.3984375  -0.18293333971182646  2.102898763316095  25.0
55268.30078125  1.3429840301793918  1.8015447892938223  25.0
55475.6015625  -1.92958820199567  2.251268174186223  25.0
55478.6015625  0.3015503455492468  1.4480503822767958  25.0
55481.6015625  -4.203931763015866  2.244689306634465  25.0
55484.6015625  -0.3403365314474687  1.478195612301976  25.0
55487.6015625  -2.485654494376848  2.7874995376825984  25.0
55502.6015625  24.30568357375844  2.2414488486852946  25.0
55508.6015625  24.313539183989626  1.6320638941475183  25.0
55511.6015625  22.937954858299754  1.533380038074898  25.0
55517.6015625  14.427578090953364  1.999992591659434  25.0
55547.5  9.803478683913243  1.867039422563094  25.0
55562.5  5.740061283400486  1.569515021070914  25.0
55565.6015625  7.1555117447429115  2.579330548757531  25.0
55577.5  1.5868950717584704  2.580999847202853  25.0
55583.3984375  1.1153729490674984  1.4840872263313387  25.0
55586.3984375  2.316075460289071  2.5276811850462546  25.0
55589.5  6.177215954126265  1.7224994905790307  25.0
55592.3984375  3.208059737472745  1.7623658135196383  25.0
55595.30078125  2.786419447462227  1.7125820261366294  25.0
55613.3984375  3.7820950078343456  1.5338710137143474  25.0
55631.19921875  -1.0945560689037974  1.6711445436921732  25.0
55646.3984375  -0.12961460732220714  1.7323188160799592  25.0
55649.30078125  0.12283929801045419  5.3922621188858475  25.0
55652.30078125  1.8223616694575233  2.1934324986890803  25.0
55673.30078125  -0.006284344646213278  1.8439640357291207  25.0
55878.6015625  2.4769154463843477  1.6821422856430022  25.0
55883.6015625  -16.434837084619037  7.493393632103205  25.0
55889.6015625  0.15337728279508603  1.826093009402115  25.0
55891.5  -2.5661728136540156  1.9482449017186283  25.0
55894.5  0.17625621616356052  1.4061220178369185  25.0
55897.6015625  -2.693037997194019  1.7129747691905775  25.0
55899.6015625  1.082085587322677  1.5649981013743979  25.0
55901.6015625  0.08287478930635972  1.6128179861996097  25.0
55910.6015625  0.14345979494167768  1.7910381166264706  25.0
55913.5  1.167415149476751  2.3465152007826986  25.0
55929.3984375  -0.27945693340517913  1.5940631475351785  25.0
55931.6015625  -2.317941223905395  1.8662539364551975  25.0
55940.5  0.33552507787149866  2.324912834511101  25.0
55946.6015625  -3.3286402829973536  2.2786639219016815  25.0
55951.6015625  0.14424533957709154  2.2019752687986354  25.0
55954.3984375  0.3656702844856718  2.466016030663048  25.0
55957.3984375  1.4773118936085787  1.4631721135821365  25.0
55959.5  -3.5455486944910337  3.02738463520461  25.0
55961.30078125  -1.3165701400988035  1.9860491831599658  25.0
55967.5  -2.4630701768263523  1.6733049114209724  25.0
55969.5  -0.057050060628707426  1.6319657552060454  25.0
55972.30078125  -1.503333040635219  1.5679439552110932  25.0
55978.30078125  -12.37181223987217  3.6789925582947385  25.0
55983.30078125  0.77788399204921  2.4267389159473907  25.0
55999.30078125  -2.7173897521313095  2.8459242341166346  25.0
56002.30078125  3.414559053376378  2.6384427796460472  25.0
56005.30078125  -1.5622487127087048  1.7324169550214321  25.0
56016.30078125  1.054787884904663  2.3440604162294805  25.0
56047.30078125  -2.8369887209531317  2.0178636179864395  25.0
56049.30078125  0.6121344368474976  1.9509942903843216  25.0
56055.30078125  1.2829881742415068  2.251071709015221  25.0
56056.30078125  6.191552105679681  3.8866706652243845  25.0
56232.6015625  -0.5280812896187548  1.882946733620359  25.0
56234.6015625  0.16221463360610888  1.7267217125190435  25.0
56243.6015625  -1.7905472346310496  2.427229797942812  25.0
56253.6015625  -1.5910191547570103  2.197262164863201  25.0
56255.6015625  -0.3092093735543971  1.5085372138541302  25.0
56259.6015625  1.441176910612563  1.8992466004435158  25.0
56273.6015625  1.1276470591216448  3.1061353298069263  25.0
56285.6015625  -3.8323698645008317  3.3283458661729344  25.0
56289.5  2.4000303281102986  1.7831826936833393  25.0
56300.6015625  0.6379591655251499  1.762071209407163  25.0
56303.5  0.507951756621477  1.8253075232942189  25.0
56308.6015625  2.3008554963982295  1.6414902893064423  25.0
56313.3984375  -0.7428291460955796  1.62018252714732  25.0
56315.3984375  3.9207436067211305  1.9007196210058916  25.0
56324.5  4.330305877272393  1.7996790256774984  25.0
56327.30078125  -0.24616954824935058  3.4992016429401414  25.0
56333.3984375  0.7039447744338706  1.7928055540132655  25.0
56335.5  -3.4269316769481097  1.892765871833231  25.0
56338.3984375  2.3244219525156797  2.4522690873345816  25.0
56348.30078125  1.0631342834872435  5.186940844856003  25.0
56351.5  0.8207943077679857  2.652386000857459  25.0
56353.30078125  -0.7311441974443695  3.5543860687130637  25.0
56356.3984375  0.30587082348576766  1.46651071047278  25.0
56359.3984375  -2.1448271277559723  1.931355826670521  25.0
56370.30078125  1.5344601282952697  2.070887863318619  25.0
56383.3984375  -1.1586760078402223  1.9270352785009792  25.0
56386.30078125  -0.6536700114114127  2.4145629448347172  25.0
56389.30078125  1.7672753826260743  1.4833998791649152  25.0
56392.19921875  -0.030537984784631843  1.6992278258621116  25.0
56394.30078125  -2.2967314133996894  2.132553017701826  25.0
56397.30078125  2.361538699502538  2.3350267641245046  25.0
56404.30078125  -1.015805374301481  2.626168669591901  25.0
56421.30078125  -0.07796514996690257  1.70433386013955  25.0
56624.6015625  -2.0923920906487434  1.835126661507091  25.0
56627.6015625  -0.16614235678317812  2.070495120264671  25.0
56629.6015625  0.029261479141648165  1.6342240745882612  25.0
56632.6015625  -0.5661801283505534  1.7962422898453818  25.0
56637.5  3.3119476731202484  1.839643674847635  25.0
56639.5  -3.9627699228144246  10.648330610726184  25.0
56643.5  -1.2791586953554421  2.313031467510903  25.0
56648.5  0.5623506494644888  2.540053434041874  25.0
56651.5  -1.205514035030564  1.8668429573920917  25.0
56659.6015625  5.276394490008617  2.6390318005829414  25.0
56662.5  0.258541844066984  1.8387598625102095  25.0
56667.6015625  1.5072607521067847  2.007455271548617  25.0
56676.6015625  -2.589935360366356  1.8521140627847275  25.0
56678.3984375  1.1068301789579438  1.6789018276938317  25.0
56681.5  -2.796435050846101  1.6288234361983478  25.0
