56632.52295761027    2.370505209711674     0.5142576217119146     25    
56633.02295761027    2.7343221183074977    0.5147248959635127     25    
56633.52295761027    3.122550008276771     0.5159672581977198     25    
56634.02295761027    3.534236271074159     0.5235810040516677     25    
56634.52295761027    3.9696776687412783    0.5402289933038491     25    
56635.02295761027    4.428253758356613     0.5565286412793609     25    
56635.52295761027    4.909304919000613     0.5638361220570757     25    
56636.02295761027    5.413147033757766     0.5650056061820456     25    
56636.52295761027    5.9388475510379175    0.5652488672790661     25    
56637.02295761027    6.486235162631103     0.5667254836543033     25    
56637.52295761027    7.055254222497053     0.5679732290116369     25    
56638.02295761027    7.644934872872048     0.5689096977850654     25    
56638.52295761027    8.255551011105732     0.5695132691840085     25    
56639.02295761027    8.886523244099216     0.5698793238974336     25    
56639.52295761027    9.537154644759372     0.570041125475212      25    
56640.02295761027    10.207776473564586    0.5699518458954198     25    
56640.52295761027    10.89747810770435     0.5700009751135297     25    
56641.02295761027    11.606797211330045    0.5684802679704741     25    
56641.52295761027    12.334827373602316    0.5675322690125769     25    
56642.02295761027    13.078320125973185    0.5747637340937889     25    
56642.52295761027    13.844230811675523    0.5940816748045824     25    
56643.02295761027    14.61642223765637     0.6146738524877585     25    
56643.52295761027    15.378813568108598    0.626037958361119      25    
56644.02295761027    16.140271560280485    0.6309604543494188     25    
56644.52295761027    16.872352515089403    0.6343000539313511     25    
56645.02295761027    17.565087242857523    0.6383958594344583     25    
56645.52295761027    18.221149948106103    0.6417739787537974     25    
56646.02295761027    18.81284852883403     0.6437510239281764     25    
56646.52295761027    19.335391078249543    0.6433293256291625     25    
56647.02295761027    19.798791243143352    0.6426502557381986     25    
56647.52295761027    20.206375391284805    0.6443855381167474     25    
56648.02295761027    20.553641124760667    0.6479757321844095     25    
56648.52295761027    20.861310158916044    0.6524331047188753     25    
56649.02295761027    21.1374790680362      0.6582698869037258     25    
56649.52295761027    21.37952554965825     0.664772967848462      25    
56650.02295761027    21.608194921262676    0.6680926995441555     25    
56650.52295761027    21.826309241882765    0.6718928044442234     25    
56651.02295761027    22.02953351072234     0.6685029193237011     25    
56651.52295761027    22.218963809773737    0.6421517130527857     25    
56652.02295761027    22.39636464396252     0.5862295349841442     25    
56652.52295761027    22.551722010051016    0.5338892347606209     25    
56653.02295761027    22.68060649116753     0.5204094997422474     25    
56653.52295761027    22.78469679146829     0.530238907728639      25    
56654.02295761027    22.85404789606199     0.5372668350587347     25    
56654.52295761027    22.886154382686385    0.5368597077821099     25    
56655.02295761027    22.884676533731135    0.535331216992025      25    
56655.52295761027    22.85089350636287     0.5336297195400932     25    
56656.02295761027    22.782613934501704    0.5310942865506214     25    
56656.52295761027    22.688272356133332    0.5297412667550059     25    
56657.02295761027    22.5721497315812      0.5320568328626853     25    
56657.52295761027    22.432491438240717    0.5366119305555305     25    
56658.02295761027    22.2784217821799      0.5389255495480682     25    
56658.52295761027    22.111441492983296    0.5370635550549757     25    
56659.02295761027    21.930284221960935    0.5338779541174287     25    
56659.52295761027    21.73666798315234     0.5323825439745985     25    
56660.02295761027    21.531119440192775    0.5322508598146117     25    
56660.52295761027    21.310353128152737    0.532682499921836      25    
56661.02295761027    21.072592201342612    0.5336470680570551     25    
56661.52295761027    20.81861820324042     0.5351380786515791     25    
56662.02295761027    20.54527926723786     0.535563937085805      25    
56662.52295761027    20.25054782335515     0.5343779560917383     25    
56663.02295761027    19.937256527341194    0.5322073779496581     25    
56663.52295761027    19.608339821961955    0.5292645441762532     25    
56664.02295761027    19.261303258669102    0.5248450643698265     25    
56664.52295761027    18.903385937264613    0.5212786969309928     25    
56665.02295761027    18.53930182262824     0.5212292892362631     25    
56665.52295761027    18.166895143310988    0.523607760810751      25    
56666.02295761027    17.794939114887985    0.5249659022834885     25    
56666.52295761027    17.424244682385314    0.5284145538267249     25    
56667.02295761027    17.055518652628198    0.5282483637119963     25    
56667.52295761027    16.694404223334832    0.509733089780692      25    
56668.02295761027    16.339472251195094    0.4636121682801376     25    
56668.52295761027    15.993001621749805    0.41490765562473914    25    
56669.02295761027    15.65713476157774     0.3967666344526607     25    
56669.52295761027    15.330874755093543    0.4011713332131796     25    
56670.02295761027    15.017578254470783    0.40643829017041433    25    
56670.52295761027    14.718392152958959    0.4056812900887289     25    
56671.02295761027    14.432456252617374    0.4042696295073845     25    
56671.52295761027    14.160132201214568    0.40152121419275494    25    
56672.02295761027    13.902172145486619    0.3965746557663836     25    
56672.52295761027    13.656229657600564    0.392062999171644      25    
56673.02295761027    13.42057813819581     0.39095100165580293    25    
56673.52295761027    13.196049411100171    0.3923398952187977     25    
56674.02295761027    12.979831552567022    0.39349697324714406    25    
56674.52295761027    12.771398820070322    0.39355460520970437    25    
56675.02295761027    12.57070709852824     0.3930450689833949     25    
56675.52295761027    12.375675247676591    0.391668600398417      25    
56676.02295761027    12.186718723606992    0.3908813445880115     25    
56676.52295761027    12.003131428721646    0.3867072420901803     25    
56677.02295761027    11.824042303424054    0.3726064322937133     25    
56677.52295761027    11.64986512147414     0.3483907432907421     25    
56678.02295761027    11.47938614429847     0.32850093529273805    25    
56678.52295761027    11.312462228328577    0.3240617154059165     25    
56679.02295761027    11.148923221529781    0.3271511506451193     25    
56679.52295761027    10.987310445002283    0.32761131474804644    25    
56680.02295761027    10.8281259547536      0.32431264650233377    25    
56680.52295761027    10.670275818509195    0.32142043955988603    25    
56681.02295761027    10.512527375021081    0.3221907515167174     25    
56681.52295761027    10.355463806490208    0.3259844954798009     25    
56682.02295761027    10.197481995814732    0.3292444084120021     25    
56682.52295761027    10.037703580744397    0.33065278180215       25    
56683.02295761027    9.876707851573277     0.3309269786736907     25    
56683.52295761027    9.714520068882143     0.32896441701899815    25    
56684.02295761027    9.550361989649048     0.3246564903097379     25    
56684.52295761027    9.38608067570526      0.3181421608404955     25    
56685.02295761027    9.223514298591192     0.3083925992805311     25    
56685.52295761027    9.061778155354151     0.29431710486108353    25    
56686.02295761027    8.903279039734182     0.28294676721115813    25    
56686.52295761027    8.749308268768234     0.2807828274087563     25    
56687.02295761027    8.59914824534553      0.2834967953544123     25    
56687.52295761027    8.45335920302904      0.2835093712854892     25    
56688.02295761027    8.31285808825511      0.2789597507839226     25    
56688.52295761027    8.175612299927328     0.27383582770111176    25    
56689.02295761027    8.03954345301191      0.27170044952639444    25    
56689.52295761027    7.905652209003057     0.27193448808813386    25    
56690.02295761027    7.77130697930359      0.27299856783960746    25    
56690.52295761027    7.635034298444264     0.2747323208058537     25    
56691.02295761027    7.497574408711439     0.2769693928417306     25    
56691.52295761027    7.3579062929251275    0.2773854433824236     25    
56692.02295761027    7.215122409584302     0.2778099037992503     25    
56692.52295761027    7.07104895220962      0.2743111576469718     25    
56693.02295761027    6.9275851260133035    0.2584513985088101     25    
56693.52295761027    6.783815757617124     0.22579409671982748    25    
56694.02295761027    6.642084975289685     0.1935070751748293     25    
56694.52295761027    6.503674110627747     0.18334872251749068    25    
56695.02295761027    6.368021418302607     0.1873498194840926     25    
56695.52295761027    6.236833507060123     0.1892650538678019     25    
56696.02295761027    6.1105025388794525    0.18558596515224438    25    
56696.52295761027    5.988447387076573     0.1814936877324543     25    
56697.02295761027    5.870420027164999     0.17983638008667918    25    
56697.52295761027    5.756577423960937     0.18031617416979853    25    
56698.02295761027    5.646452048827335     0.18183614652664143    25    
56698.52295761027    5.539782689775128     0.1844862689233475     25    
56699.02295761027    5.436681055384991     0.1880223052405558     25    
56699.52295761027    5.336724270134477     0.18935387512338958    25    
56700.02295761027    5.239871945689168     0.18731256523979267    25    
56700.52295761027    5.14613435841891      0.1836039672721138     25    
56701.02295761027    5.055380936324368     0.18015701455839442    25    
56701.52295761027    4.967657607144331     0.1774154351806249     25    
56702.02295761027    4.882877948103968     0.1720851873202532     25    
56702.52295761027    4.800993191000866     0.15926352249237322    25    
56703.02295761027    4.722023505818547     0.13964824747050772    25    
56703.52295761027    4.645825267382804     0.12427861220340984    25    
56704.02295761027    4.57243016988208      0.12118081700167611    25    
56704.52295761027    4.501756594749717     0.1236076793798395     25    
56705.02295761027    4.4336195371497995    0.1237100343239631     25    
56705.52295761027    4.368094792990565     0.12238736618199       25    
56706.02295761027    4.305015301418156     0.1209539848635796     25    
56706.52295761027    4.244266177788107     0.11962598267716353    25    
56707.02295761027    4.185899529795865     0.11830572307543988    25    
56707.52295761027    4.12969598412006      0.11739374178266476    25    
56708.02295761027    4.075659958734206     0.1170598158188534     25    
56708.52295761027    4.023735624813111     0.11713759082163684    25    
56709.02295761027    3.9737230179149665    0.117251581828189      25    
56709.52295761027    3.9256969022138306    0.11642909000880892    25    
56710.02295761027    3.8794991002680486    0.11804073302211314    25    
56710.52295761027    3.835005018564974     0.12606421220841654    25    
56711.02295761027    3.792273030452721     0.1381212863754087     25    
56711.52295761027    3.7510864035483356    0.147093653153515      25    
56712.02295761027    3.711438008295837     0.14950324849276755    25    
56712.52295761027    3.67328436567663      0.15044658795614566    25    
56713.02295761027    3.6364204634791797    0.1557501529827111     25    