#Date  :
#Flux  :
#Fluxerr  :
#ZP  :
#end  :
@INSTRUMENT  SDSS
@BAND  SDSS_i
@MAGSYS  AB
53774.859060999996  0.0  4.125769369863292  25.0
53779.84540599999  0.0  4.125769369863292  25.0
53784.83175099999  0.0  4.125769369863292  25.0
53789.81809599999  0.0  4.125769369863292  25.0
53794.804440999986  0.0  4.125769369863292  25.0
53799.79078599998  0.0  4.125769369863292  25.0
53804.77713099998  0.0  4.125769369863292  25.0
53809.76347599998  0.0  4.125769369863292  25.0
53814.749820999976  0.0  4.125769369863292  25.0
53819.73616599997  0.0  4.125769369863292  25.0
53824.72251099997  0.0  4.125769369863292  25.0
53829.70885599997  0.0  4.125769369863292  25.0
53834.695200999966  0.0  4.125769369863292  25.0
53839.68154599996  0.0  4.125769369863292  25.0
53844.66789099996  0.0  4.125769369863292  25.0
53849.65423599996  0.0  4.125769369863292  25.0
53854.640580999956  0.0  4.125769369863292  25.0
53859.62692599995  0.0  4.125769369863292  25.0
53864.61327099995  0.0  4.125769369863292  25.0
53869.59961599995  0.0  4.125769369863292  25.0
53874.585960999946  0.0  4.125769369863292  25.0
53879.57230599994  0.0  4.125769369863292  25.0
53884.55865099994  0.0  4.125769369863292  25.0
53889.54499599994  0.0  4.125769369863292  25.0
53894.531340999936  0.0  4.125769369863292  25.0
53899.517685999934  0.0  4.125769369863292  25.0
53904.50403099993  0.0  4.125769369863292  25.0
53909.49037599993  0.0  4.125769369863292  25.0
53914.476720999926  0.0  4.125769369863292  25.0
53919.463065999924  0.0  4.125769369863292  25.0
53924.44941099992  0.0  4.125769369863292  25.0
53929.43575599992  0.0  4.125769369863292  25.0
53934.42210099992  0.0  4.125769369863292  25.0
53939.408445999914  0.0  4.125769369863292  25.0
53944.39479099991  0.0  4.125769369863292  25.0
53949.38113599991  0.0  4.125769369863292  25.0
53954.36748099991  0.0  4.125769369863292  25.0
53959.353825999904  0.0  4.125769369863292  25.0
53964.3401709999  0.0  4.125769369863292  25.0
53969.3265159999  0.0  4.125769369863292  25.0
53974.3128609999  0.0  4.125769369863292  25.0
53979.299205999894  0.0  4.125769369863292  25.0
53984.28555099989  0.0  4.125769369863292  25.0
53974.312861  1.0669622112129904  3.191323592053195  25.0
53989.316933  -3.948170026127455  4.674961186646419  25.0
54000.292443  24.984129217238372  4.256919654468217  25.0
54007.342324  70.32934011939147  3.5875067434639085  25.0
54009.266321  74.72833924884837  3.7186570280688342  25.0
54011.330833  73.90864997006759  3.7487123016241304  25.0
54019.280783  73.44415937875846  3.5765775530801647  25.0
54021.334374  77.18740708519073  4.934529458260334  25.0
54025.329445  47.541978169285606  4.1858799169738825  25.0
54029.259335  45.738661755967875  4.144895453034843  25.0
54031.246306  40.57461929964893  3.4563564588589824  25.0
54036.250827  36.42152695382628  4.737804031352946  25.0
54039.248986  32.596310319515936  3.7213893256647705  25.0
54048.242953  39.263116453599665  4.10664328669174  25.0
54052.246499  28.41589499773393  7.235124034038408  25.0
54054.265038  23.538743788988253  5.265137467368585  25.0
54055.242687  26.661759941143043  4.47823575973903  25.0
54058.240795  13.598645134973248  3.937240835743711  25.0
54060.262292  21.24361380840205  4.4208575102243755  25.0
54063.231052  13.418313493641472  3.7241216232607064  25.0
