#Date  :
#Flux  :
#Fluxerr  :
#ZP  :
#end  :
@INSTRUMENT  PS
@BAND  PS_r
@MAGSYS  AB
54962.1477625  0.0  1.1420490101184149  25.0
54967.134107499995  0.0  1.1420490101184149  25.0
54972.12045249999  0.0  1.1420490101184149  25.0
54977.10679749999  0.0  1.1420490101184149  25.0
54982.09314249999  0.0  1.1420490101184149  25.0
54987.079487499985  0.0  1.1420490101184149  25.0
54992.06583249998  0.0  1.1420490101184149  25.0
54997.05217749998  0.0  1.1420490101184149  25.0
55002.03852249998  0.0  1.1420490101184149  25.0
55007.024867499975  0.0  1.1420490101184149  25.0
55012.01121249997  0.0  1.1420490101184149  25.0
55016.99755749997  0.0  1.1420490101184149  25.0
55021.98390249997  0.0  1.1420490101184149  25.0
55026.970247499965  0.0  1.1420490101184149  25.0
55031.95659249996  0.0  1.1420490101184149  25.0
55036.94293749996  0.0  1.1420490101184149  25.0
55041.92928249996  0.0  1.1420490101184149  25.0
55046.915627499955  0.0  1.1420490101184149  25.0
55051.90197249995  0.0  1.1420490101184149  25.0
55056.88831749995  0.0  1.1420490101184149  25.0
55061.87466249995  0.0  1.1420490101184149  25.0
55066.861007499945  0.0  1.1420490101184149  25.0
55071.84735249994  0.0  1.1420490101184149  25.0
55076.83369749994  0.0  1.1420490101184149  25.0
55081.82004249994  0.0  1.1420490101184149  25.0
55086.806387499935  0.0  1.1420490101184149  25.0
55091.79273249993  0.0  1.1420490101184149  25.0
55096.77907749993  0.0  1.1420490101184149  25.0
55101.76542249993  0.0  1.1420490101184149  25.0
55106.751767499925  0.0  1.1420490101184149  25.0
55111.73811249992  0.0  1.1420490101184149  25.0
55116.72445749992  0.0  1.1420490101184149  25.0
55121.71080249992  0.0  1.1420490101184149  25.0
55126.697147499915  0.0  1.1420490101184149  25.0
55131.68349249991  0.0  1.1420490101184149  25.0
55136.66983749991  0.0  1.1420490101184149  25.0
55141.65618249991  0.0  1.1420490101184149  25.0
55146.642527499906  0.0  1.1420490101184149  25.0
55151.6288724999  0.0  1.1420490101184149  25.0
55156.6152174999  0.0  1.1420490101184149  25.0
55161.6015624999  0.0  1.1420490101184149  25.0
55166.587907499896  0.0  1.1420490101184149  25.0
55171.57425249989  0.0  1.1420490101184149  25.0
55176.56059749989  0.0  1.1420490101184149  25.0
55181.54694249989  0.0  1.1420490101184149  25.0
55161.6015625  -2.5125078409342  1.4486840273953545  25.0
55176.6015625  1.1846372484595171  1.088691376198021  25.0
55179.6015625  0.33855168681816694  0.9230380297199251  25.0
55188.6015625  -1.0037107864957402  1.1143422066715825  25.0
55206.6015625  15.107258035800603  0.8381552901391697  25.0
55212.5  20.57871415018088  0.8328684891552676  25.0
55215.6015625  21.35166587274671  0.89719131226644  25.0
55217.5  20.650576474545076  0.7826437864397613  25.0
55221.5  19.39995183048722  1.4504462632671764  25.0
55230.3984375  17.808817726891082  4.962748644993625  25.0
55233.5  9.533392432400403  1.261002265677303  25.0
55236.5  10.376247236057448  1.2648204745223957  25.0
55239.5  7.912593309137254  1.1764132631979964  25.0
55242.3984375  6.722962903426847  0.938408901958695  25.0
55248.3984375  4.91134932066185  1.1260906636767467  25.0
55275.3984375  1.2380927325014361  1.2733381035169289  25.0
55290.3984375  -0.49960362666311187  3.9622688732453892  25.0
55302.3984375  0.046798063586806105  2.3329521209877067  25.0
55305.30078125  -0.42470710821569874  1.2575756440551846  25.0
55320.30078125  0.9212757004796668  1.214791612102595  25.0
55545.5  -0.5123310984099306  0.9673884105644127  25.0
55560.6015625  0.8079029830061298  1.0066478774049221  25.0
55563.6015625  2.187956354363846  1.4039419659594559  25.0
55566.6015625  0.5475765161096416  1.0752785334425603  25.0
55572.6015625  -0.3525519570923077  1.3844590544057076  25.0
55587.6015625  -0.0772461760023877  1.3031988234269942  25.0
55590.5  1.3078982435764346  0.7970356439368765  25.0
55593.5  -0.16222675986914128  0.9094292999845406  25.0
55596.3984375  -0.393573683146748  0.8657642434644767  25.0
55602.3984375  -1.747095059410774  1.4901952608206221  25.0
55614.3984375  8.242039729363226  8.657544211049496  25.0
55629.30078125  0.10035149695421437  0.925975120629107  25.0
55632.30078125  0.12022599573093726  0.949961565352372  25.0
55635.30078125  1.4083476490074471  1.01389280124057  25.0
55644.3984375  -3.439070249029332  2.852136462641874  25.0
55650.3984375  0.47865216965477253  1.0721456489218912  25.0
55653.3984375  -2.010652494370548  1.141363685793991  25.0
55662.30078125  -0.4581902433593696  1.2558133148149262  25.0
55674.30078125  -0.7676645014239659  0.789203339266767  25.0
55677.30078125  0.58478000997688  1.116789766867828  25.0
55680.30078125  1.8303134132412329  1.3181781084427895  25.0
55941.6015625  -1.8746639808225936  1.2111691968689895  25.0
55947.6015625  -0.7891054891452417  1.3817177571080128  25.0
55948.3984375  -0.31662121506817303  1.7176261134605562  25.0
55952.6015625  0.8068260714587316  0.8339454007026658  25.0
55955.6015625  -3.265682448002652  1.161238184570714  25.0
55970.5  2.6386080768387736  1.3238565900181025  25.0
55973.5  0.06853273005425815  0.996465956028529  25.0
55984.30078125  -0.4408612482688541  1.0308302091081107  25.0
56000.5  -0.5110583465668269  1.1942317890014484  25.0
56006.3984375  0.16369532866584138  1.194917113325872  25.0
56014.30078125  -1.118258359006637  1.042284929011826  25.0
56029.3984375  -0.07509229455231851  1.0495298528474737  25.0
56032.3984375  -0.09751228534419423  1.2785270543793057  25.0
56040.30078125  -1.1951129069373594  1.2912545728103426  25.0
56043.30078125  -0.7346708969932315  0.8594004375647398  25.0
56325.6015625  -0.4093362359769289  1.347353504028431  25.0
56328.5  -0.03299361610178902  1.377507867671509  25.0
56331.6015625  -0.6454804178544468  1.1156150051989044  25.0
56336.5  0.7768674547429227  1.1959940248732703  25.0
56354.5  1.2844991796876313  1.1364684720330636  25.0
56357.3984375  0.4726800443464468  0.9934309216293852  25.0
56360.30078125  -1.3678153836396156  1.479621658852818  25.0
56384.30078125  0.41335028511772726  1.442613958597067  25.0
56387.3984375  -0.13070171256405236  1.2541490224330663  25.0
56391.30078125  -1.2071551010439727  1.0304385285166997  25.0
56395.30078125  0.2329133772089959  1.1779797054583312  25.0
56416.30078125  -0.6638863711765787  0.9997946341606855  25.0
56625.6015625  1.5112446146347052  1.2161622607514424  25.0
56630.6015625  1.4592576293631587  1.1008315137945963  25.0
56636.6015625  0.3117260246493546  0.9926476538149996  25.0
56656.6015625  -0.6509630591340544  1.1115029658839257  25.0
56666.6015625  0.08145604793230976  1.1420490101184149  25.0
56682.6015625  0.11131673282921131  0.9431083221081352  25.0
56709.3984375  -0.015468817187613546  1.698045258416846  25.0
