55681.29142310625    1.3942953770749096    0.5291158232397741     25    
55681.79142310625    1.7058324336730675    0.4570334331568316     25    
55682.29142310625    2.058013085188201     0.4372513181898878     25    
55682.79142310625    2.4571968291055084    0.763149445062766      25    
55683.29142310625    2.9013114168007843    1.2091510665930734     25    
55683.79142310625    3.396173570893904     1.487985275976984      25    
55684.29142310625    3.944006805851398     1.5510787158632506     25    
55684.79142310625    4.544998361955027     1.5261180861632306     25    
55685.29142310625    5.205915686278799     1.5174151603835009     25    
55685.79142310625    5.924866297233865     1.522072349936889      25    
55686.29142310625    6.70703425905711      1.5257771379236718     25    
55686.79142310625    7.555593810669148     1.5283029379877635     25    
55687.29142310625    8.469916293174212     1.5298311417764212     25    
55687.79142310625    9.45699733619965      1.5304127061461639     25    
55688.29142310625    10.515303992227441    1.5298986058589996     25    
55688.79142310625    11.64929778359372     1.5289791667154502     25    
55689.29142310625    12.865004178938474    1.5326011766446497     25    
55689.79142310625    14.159957533825551    1.5380387273410023     25    
55690.29142310625    15.531550367579328    1.5202775032160423     25    
55690.79142310625    17.00227347192373     1.4587803654432183     25    
55691.29142310625    18.517690998332355    1.3936466272048138     25    
55691.79142310625    20.030046734183873    1.3775172633612738     25    
55692.29142310625    21.557654694456627    1.397283444868646      25    
55692.79142310625    22.993770982782742    1.4178468219425386     25    
55693.29142310625    24.338318755019245    1.4318627662382657     25    
55693.79142310625    25.5580820107863      1.4444813484705443     25    
55694.29142310625    26.566863190808846    1.4521621603556987     25    
55694.79142310625    27.383401168233032    1.4551090282994084     25    
55695.29142310625    28.02955999588508     1.4582248687465802     25    
55695.79142310625    28.49151895855758     1.4631917091773559     25    
55696.29142310625    28.799548125680413    1.46871637182654       25    
55696.79142310625    29.01193758145348     1.4754481481088175     25    
55697.29142310625    29.109626574191267    1.4841870738680938     25    
55697.79142310625    29.145238779821096    1.4891943805140146     25    
55698.29142310625    29.1479097170479      1.5031258069702893     25    
55698.79142310625    29.102224365981545    1.5047575879542896     25    
55699.29142310625    29.016309259071523    1.4252946089382437     25    
55699.79142310625    28.894298026234445    1.222443107501037      25    
55700.29142310625    28.715159455756723    1.0123743080915033     25    
55700.79142310625    28.469650973837883    0.9531394746371318     25    
55701.29142310625    28.159354205152926    0.9843845309420173     25    
55701.79142310625    27.763950317580793    0.9961833317953099     25    
55702.29142310625    27.27861687907808     0.9878272263369726     25    
55702.79142310625    26.721543527481156    0.9770132406081157     25    
55703.29142310625    26.09748887911981     0.9644306214393109     25    
55703.79142310625    25.407734275692274    0.9502333158827291     25    
55704.29142310625    24.69315178641148     0.9405753788112843     25    
55704.79142310625    23.946887113179073    0.9384034569102654     25    
55705.29142310625    23.190759002531813    0.9369698754658653     25    
55705.79142310625    22.453924213929522    0.9319378126103869     25    
55706.29142310625    21.726214638742533    0.9247167597822374     25    
55706.79142310625    21.014007571716025    0.9043959387869069     25    
55707.29142310625    20.32296329204048     0.8578879990218914     25    
55707.79142310625    19.642351526259706    0.8068881067360492     25    
55708.29142310625    18.962164244836167    0.7853361184776536     25    
55708.79142310625    18.285991217646618    0.7877209267780949     25    
55709.29142310625    17.601459332407593    0.7889787498971553     25    
55709.79142310625    16.90324707602968     0.7816086074763862     25    
55710.29142310625    16.19679400938988     0.7714887048182354     25    
55710.79142310625    15.483951770219043    0.7582133432485513     25    
55711.29142310625    14.762211620894032    0.7407034917254596     25    
55711.79142310625    14.047596585704373    0.7263254309486594     25    
55712.29142310625    13.342772512303734    0.7205057377669413     25    
55712.79142310625    12.650584738629865    0.7183692161916402     25    
55713.29142310625    11.986474728634176    0.7160657142181246     25    
55713.79142310625    11.34744770841801     0.7192638868818567     25    
55714.29142310625    10.737442748039822    0.7021365487368629     25    
55714.79142310625    10.160479093623536    0.6287212808177913     25    
55715.29142310625    9.613844871279493     0.5155753113768375     25    
55715.79142310625    9.095034788697898     0.4421526987090218     25    
55716.29142310625    8.604823597822698     0.43715726512677167    25    
55716.79142310625    8.141021849463192     0.44981556407502904    25    
55717.29142310625    7.702413483439471     0.44790398642938384    25    
55717.79142310625    7.289172772115147     0.4459509688438037     25    
55718.29142310625    6.898169594247684     0.4413662975692545     25    
55718.79142310625    6.530177280265735     0.43213463257695967    25    
55719.29142310625    6.1829604918892125    0.42373189294687025    25    
55719.79142310625    5.85458052791417      0.42210163933944456    25    
55720.29142310625    5.545637748671975     0.4248035493589615     25    
55720.79142310625    5.25274034909659      0.42656457128572794    25    
55721.29142310625    4.975831821107973     0.42741288971927005    25    
55721.79142310625    4.714482216363189     0.4264341805207437     25    
55722.29142310625    4.467370544956488     0.423895425909865      25    
55722.79142310625    4.23490245715984      0.4200894932408721     25    
55723.29142310625    4.0176025789436505    0.397807218308636      25    
55723.79142310625    3.815442280150554     0.33260414765838353    25    
55724.29142310625    3.6286158179745285    0.2429677168555776     25    
55724.79142310625    3.4577695514943114    0.1944038902528212     25    
55725.29142310625    3.3029168981824313    0.20122719507883569    25    
55725.79142310625    3.1622377799054444    0.21185770926775246    25    
55726.29142310625    3.036389245653921     0.20707439422539103    25    
55726.79142310625    2.9235102570921137    0.20200654866995554    25    
55727.29142310625    2.819795367815832     0.20237294991147753    25    
55727.79142310625    2.7265822463598663    0.2080986297731292     25    
55728.29142310625    2.639877678087344     0.21316925689585       25    
55728.79142310625    2.558064854746261     0.21540640887462187    25    
55729.29142310625    2.481516626350064     0.21583657125159464    25    
55729.79142310625    2.4078199173680215    0.2125267180949946     25    
55730.29142310625    2.33707047448265      0.2042411177792344     25    
55730.79142310625    2.270011574408111     0.19616092649667494    25    
55731.29142310625    2.2067886518831403    0.1922763769023439     25    
55731.79142310625    2.1474409188688943    0.19073632342712626    25    
55732.29142310625    2.0926997014206723    0.19119020243212234    25    
55732.79142310625    2.0427454502607856    0.19531552869012447    25    
55733.29142310625    1.9968761857629362    0.19748404974529835    25    
55733.79142310625    1.9551627968102347    0.19154996471851127    25    
55734.29142310625    1.9173311756456637    0.1802979926859449     25    
55734.79142310625    1.8805711393571534    0.17168019298142223    25    
55735.29142310625    1.8454542911152514    0.1671441003843925     25    
55735.79142310625    1.8102314001550366    0.16491323514735098    25    
55736.29142310625    1.7726905259361259    0.16520989893768478    25    
55736.79142310625    1.7336126780716046    0.16793206269304792    25    
55737.29142310625    1.692487528696879     0.16889516021809858    25    
55737.79142310625    1.6481516515605652    0.16781908491092373    25    
55738.29142310625    1.603081954723067     0.16440177193023614    25    
55738.79142310625    1.5597225899556113    0.1556053979420502     25    
55739.29142310625    1.5171584827151527    0.1406844352409116     25    
55739.79142310625    1.4791126433440194    0.13020008574199818    25    
55740.29142310625    1.4463928615440897    0.13219020473908288    25    
55740.79142310625    1.4187978388488214    0.13798007810591684    25    
55741.29142310625    1.3978913044000196    0.13788520699212542    25    
55741.79142310625    1.3837936087950558    0.1333243959847626     25    
55742.29142310625    1.3728865799156942    0.12968662828987934    25    
55742.79142310625    1.36480633912846      0.12967701467641285    25    
55743.29142310625    1.3586257608034207    0.1312376556750677     25    
55743.79142310625    1.3505470754078008    0.13317066190387256    25    
55744.29142310625    1.3414564080702358    0.1362262006773651     25    
55744.79142310625    1.3296961478490346    0.13733066559825188    25    
55745.29142310625    1.313601470123207     0.13342155904242395    25    
55745.79142310625    1.2944579107862972    0.1269375132738157     25    
55746.29142310625    1.2739386940230695    0.12276995027381045    25    
55746.79142310625    1.2514404840138822    0.12031941528268109    25    
55747.29142310625    1.228745216552556     0.1212816724226628     25    
55747.79142310625    1.2070010968261213    0.12869468833473746    25    
55748.29142310625    1.18586828219461      0.1394266052415881     25    
55748.79142310625    1.1669370867396562    0.14681158754271192    25    
55749.29142310625    1.1503369931424583    0.1511879209558883     25    
55749.79142310625    1.135630332864082     0.15344951549263192    25    
55750.29142310625    1.1227399585773188    0.15319859379031478    25    
55750.79142310625    1.111670837473906     0.1506857520298672     25    
55751.29142310625    1.1019272679330774    0.14712410935380224    25    
55751.79142310625    1.0935848775769457    0.1421972268282706     25    
55752.29142310625    1.0863810612261344    0.13658240305110922    25    
55752.79142310625    1.0799898528780791    0.13138076228974915    25    
55753.29142310625    1.0745267228444775    0.1262328524743551     25    
55753.79142310625    1.0695092756633646    0.1217861938618713     25    
55754.29142310625    1.0649651214492082    0.11893741320776911    25    
55754.79142310625    1.0606933659652467    0.11629085843547267    25    
55755.29142310625    1.056319769326386     0.11099643036855528    25    
55755.79142310625    1.0519809452317992    0.10272955046455383    25    
55756.29142310625    1.047214178762069     0.09920531163052242    25    
55756.79142310625    1.0419865755590911    0.10182062679637384    25    
55757.29142310625    1.036165195811183     0.1114604639292457     25    
55757.79142310625    1.029333769233184     0.1296409103928608     25    