#Date  :
#Mag  :
#Magerr  :
#end  :
@INSTRUMENT  SWOPE
@BAND  SWOPE_i
@MAGSYS AB
54634.716199999995  0.0  12.058284496746765  25.0
54639.70254499999  0.0  12.058284496746765  25.0
54644.68888999999  0.0  12.058284496746765  25.0
54649.67523499999  0.0  12.058284496746765  25.0
54654.661579999985  0.0  12.058284496746765  25.0
54659.64792499998  0.0  12.058284496746765  25.0
54664.63426999998  0.0  12.058284496746765  25.0
54669.62061499998  0.0  12.058284496746765  25.0
54674.606959999976  0.0  12.058284496746765  25.0
54679.59330499997  0.0  12.058284496746765  25.0
54684.57964999997  0.0  12.058284496746765  25.0
54689.56599499997  0.0  12.058284496746765  25.0
54694.552339999966  0.0  12.058284496746765  25.0
54699.53868499996  0.0  12.058284496746765  25.0
54704.52502999996  0.0  12.058284496746765  25.0
54709.51137499996  0.0  12.058284496746765  25.0
54714.497719999956  0.0  12.058284496746765  25.0
54719.48406499995  0.0  12.058284496746765  25.0
54724.47040999995  0.0  12.058284496746765  25.0
54729.45675499995  0.0  12.058284496746765  25.0
54734.443099999946  0.0  12.058284496746765  25.0
54739.42944499994  0.0  12.058284496746765  25.0
54744.41578999994  0.0  12.058284496746765  25.0
54749.40213499994  0.0  12.058284496746765  25.0
54754.388479999936  0.0  12.058284496746765  25.0
54759.37482499993  0.0  12.058284496746765  25.0
54764.36116999993  0.0  12.058284496746765  25.0
54769.34751499993  0.0  12.058284496746765  25.0
54774.333859999926  0.0  12.058284496746765  25.0
54779.32020499992  0.0  12.058284496746765  25.0
54784.30654999992  0.0  12.058284496746765  25.0
54789.29289499992  0.0  12.058284496746765  25.0
54794.279239999916  0.0  12.058284496746765  25.0
54799.265584999914  0.0  12.058284496746765  25.0
54804.25192999991  0.0  12.058284496746765  25.0
54809.23827499991  0.0  12.058284496746765  25.0
54814.224619999906  0.0  12.058284496746765  25.0
54834.17  2350.5383252177967  15.154480622841529  25.0
54837.22  2598.7669604014745  11.967764126371767  25.0
54838.18  2572.5708049274836  18.955402195512697  25.0
54839.09  2565.472340511415  16.540211429700364  25.0
54840.12  2468.1260548668765  15.912596732386689  25.0
54841.09  2427.5452650479733  33.537777239206456  25.0
54842.09  2341.8945541961134  19.412681363481262  25.0
54844.14  2278.0714259726597  18.883631902393205  25.0
54845.14  2242.6801374720476  10.327923705793948  25.0
54848.11  2032.2041630399262  20.58902125163917  25.0
54855.11  1345.1395333512146  7.433515769979537  25.0
54856.1  1326.683527055842  10.99728616507036  25.0
54859.13  1355.0874923391257  8.73657192677571  25.0
54866.09  1454.6795605990696  12.058284496746765  25.0
54867.11  1498.19152734636  11.039083127416674  25.0
54870.08  1488.5634003750722  12.339158024448606  25.0
54871.07  1494.0575850560438  12.384701004329028  25.0
54872.12  1470.8464502222532  10.837597153167902  25.0
54874.03  1407.2372959703255  9.07279413601826  25.0
54878.03  1160.8265610353712  10.691607739966356  25.0
54884.03  805.3178709351806  7.4172516989482  25.0
