#Date  :
#Flux  :
#Fluxerr  :
#ZP  :
#end  :
@INSTRUMENT  PS
@BAND  PS_z
@MAGSYS  AB
54814.1477625  0.0  1.7931982970672136  25.0
54819.134107499995  0.0  1.7931982970672136  25.0
54824.12045249999  0.0  1.7931982970672136  25.0
54829.10679749999  0.0  1.7931982970672136  25.0
54834.09314249999  0.0  1.7931982970672136  25.0
54839.079487499985  0.0  1.7931982970672136  25.0
54844.06583249998  0.0  1.7931982970672136  25.0
54849.05217749998  0.0  1.7931982970672136  25.0
54854.03852249998  0.0  1.7931982970672136  25.0
54859.024867499975  0.0  1.7931982970672136  25.0
54864.01121249997  0.0  1.7931982970672136  25.0
54868.99755749997  0.0  1.7931982970672136  25.0
54873.98390249997  0.0  1.7931982970672136  25.0
54878.970247499965  0.0  1.7931982970672136  25.0
54883.95659249996  0.0  1.7931982970672136  25.0
54888.94293749996  0.0  1.7931982970672136  25.0
54893.92928249996  0.0  1.7931982970672136  25.0
54898.915627499955  0.0  1.7931982970672136  25.0
54903.90197249995  0.0  1.7931982970672136  25.0
54908.88831749995  0.0  1.7931982970672136  25.0
54913.87466249995  0.0  1.7931982970672136  25.0
54918.861007499945  0.0  1.7931982970672136  25.0
54923.84735249994  0.0  1.7931982970672136  25.0
54928.83369749994  0.0  1.7931982970672136  25.0
54933.82004249994  0.0  1.7931982970672136  25.0
54938.806387499935  0.0  1.7931982970672136  25.0
54943.79273249993  0.0  1.7931982970672136  25.0
54948.77907749993  0.0  1.7931982970672136  25.0
54953.76542249993  0.0  1.7931982970672136  25.0
54958.751767499925  0.0  1.7931982970672136  25.0
54963.73811249992  0.0  1.7931982970672136  25.0
54968.72445749992  0.0  1.7931982970672136  25.0
54973.71080249992  0.0  1.7931982970672136  25.0
54978.697147499915  0.0  1.7931982970672136  25.0
54983.68349249991  0.0  1.7931982970672136  25.0
54988.66983749991  0.0  1.7931982970672136  25.0
54993.65618249991  0.0  1.7931982970672136  25.0
54998.642527499906  0.0  1.7931982970672136  25.0
55003.6288724999  0.0  1.7931982970672136  25.0
55008.6152174999  0.0  1.7931982970672136  25.0
55013.6015624999  0.0  1.7931982970672136  25.0
55018.587907499896  0.0  1.7931982970672136  25.0
55023.57425249989  0.0  1.7931982970672136  25.0
55028.56059749989  0.0  1.7931982970672136  25.0
55033.54694249989  0.0  1.7931982970672136  25.0
55038.533287499886  0.0  1.7931982970672136  25.0
55043.51963249988  0.0  1.7931982970672136  25.0
55048.50597749988  0.0  1.7931982970672136  25.0
55053.49232249988  0.0  1.7931982970672136  25.0
55058.478667499876  0.0  1.7931982970672136  25.0
55063.46501249987  0.0  1.7931982970672136  25.0
55068.45135749987  0.0  1.7931982970672136  25.0
55073.43770249987  0.0  1.7931982970672136  25.0
55078.424047499866  0.0  1.7931982970672136  25.0
55083.41039249986  0.0  1.7931982970672136  25.0
55088.39673749986  0.0  1.7931982970672136  25.0
55093.38308249986  0.0  1.7931982970672136  25.0
55098.369427499856  0.0  1.7931982970672136  25.0
55103.35577249985  0.0  1.7931982970672136  25.0
55108.34211749985  0.0  1.7931982970672136  25.0
55113.32846249985  0.0  1.7931982970672136  25.0
55118.314807499846  0.0  1.7931982970672136  25.0
55123.301152499844  0.0  1.7931982970672136  25.0
55128.28749749984  0.0  1.7931982970672136  25.0
55133.27384249984  0.0  1.7931982970672136  25.0
55138.260187499836  0.0  1.7931982970672136  25.0
55143.246532499834  0.0  1.7931982970672136  25.0
55148.23287749983  0.0  1.7931982970672136  25.0
55153.21922249983  0.0  1.7931982970672136  25.0
55158.20556749983  0.0  1.7931982970672136  25.0
55163.191912499824  0.0  1.7931982970672136  25.0
55168.17825749982  0.0  1.7931982970672136  25.0
55173.16460249982  0.0  1.7931982970672136  25.0
55178.15094749982  0.0  1.7931982970672136  25.0
55183.137292499814  0.0  1.7931982970672136  25.0
55188.12363749981  0.0  1.7931982970672136  25.0
55193.10998249981  0.0  1.7931982970672136  25.0
55198.09632749981  0.0  1.7931982970672136  25.0
55203.082672499804  0.0  1.7931982970672136  25.0
55208.0690174998  0.0  1.7931982970672136  25.0
55213.0553624998  0.0  1.7931982970672136  25.0
55218.0417074998  0.0  1.7931982970672136  25.0
55223.028052499794  0.0  1.7931982970672136  25.0
55228.01439749979  0.0  1.7931982970672136  25.0
55233.00074249979  0.0  1.7931982970672136  25.0
55237.98708749979  0.0  1.7931982970672136  25.0
55242.973432499784  0.0  1.7931982970672136  25.0
55247.95977749978  0.0  1.7931982970672136  25.0
55252.94612249978  0.0  1.7931982970672136  25.0
55257.93246749978  0.0  1.7931982970672136  25.0
55262.918812499775  0.0  1.7931982970672136  25.0
55267.90515749977  0.0  1.7931982970672136  25.0
55272.89150249977  0.0  1.7931982970672136  25.0
55277.87784749977  0.0  1.7931982970672136  25.0
55282.864192499765  0.0  1.7931982970672136  25.0
55287.85053749976  0.0  1.7931982970672136  25.0
55292.83688249976  0.0  1.7931982970672136  25.0
55297.82322749976  0.0  1.7931982970672136  25.0
55302.809572499755  0.0  1.7931982970672136  25.0
55307.79591749975  0.0  1.7931982970672136  25.0
55312.78226249975  0.0  1.7931982970672136  25.0
55317.76860749975  0.0  1.7931982970672136  25.0
55322.754952499745  0.0  1.7931982970672136  25.0
55327.74129749974  0.0  1.7931982970672136  25.0
55332.72764249974  0.0  1.7931982970672136  25.0
55337.71398749974  0.0  1.7931982970672136  25.0
55342.700332499735  0.0  1.7931982970672136  25.0
55347.68667749973  0.0  1.7931982970672136  25.0
55352.67302249973  0.0  1.7931982970672136  25.0
55357.65936749973  0.0  1.7931982970672136  25.0
55362.645712499725  0.0  1.7931982970672136  25.0
55367.63205749972  0.0  1.7931982970672136  25.0
55372.61840249972  0.0  1.7931982970672136  25.0
55377.60474749972  0.0  1.7931982970672136  25.0
55382.591092499715  0.0  1.7931982970672136  25.0
55387.57743749971  0.0  1.7931982970672136  25.0
55392.56378249971  0.0  1.7931982970672136  25.0
55397.55012749971  0.0  1.7931982970672136  25.0
55402.536472499705  0.0  1.7931982970672136  25.0
55407.5228174997  0.0  1.7931982970672136  25.0
55412.5091624997  0.0  1.7931982970672136  25.0
55417.4955074997  0.0  1.7931982970672136  25.0
55422.481852499695  0.0  1.7931982970672136  25.0
55427.46819749969  0.0  1.7931982970672136  25.0
55013.6015625  -1.4091660106150867  3.072946200647606  25.0
55016.6015625  -2.35437062372583  1.837876050172784  25.0
55034.5  -0.960915552641034  2.7631475954572515  25.0
55082.30078125  0.27258343832993914  2.1084956795889545  25.0
55091.30078125  1.8784297202798148  1.547028842461891  25.0
55094.3984375  -8.278150814884564  8.508020683598813  25.0
55097.30078125  0.02327171300212111  1.7613838622407396  25.0
55388.6015625  -0.9168269141163856  1.7465568286919024  25.0
55400.6015625  -0.47967224339060666  7.976109119119754  25.0
55409.5  1.4220293288941834  1.5475198181013403  25.0
55412.5  -0.6473856543281019  1.3420020789004934  25.0
55415.6015625  -2.1246975947586946  1.9165286058336275  25.0
55427.5  0.08267840607388213  1.329335225792399  25.0
55436.3984375  -2.9298791019378623  1.6092831114260202  25.0
55439.30078125  -2.899635826615237  1.5392715584602326  25.0
55442.5  1.7566705710172497  1.7334970452418035  25.0
55445.3984375  -0.8117605620189818  1.8022321364602456  25.0
55451.5  10.15540193142642  2.011284750434682  25.0
55457.30078125  17.220183850201458  2.3035067461224497  25.0
55466.3984375  15.191617468952776  1.7931982970672136  25.0
55475.19921875  11.593829640661346  2.386872593006783  25.0
55478.19921875  10.000748444405067  1.9051383081169067  25.0
55481.19921875  4.34847169499993  2.386872593006783  25.0
55484.19921875  7.346987561926705  1.5187492824090068  25.0
55496.30078125  4.118012992636841  3.3817626672710057  25.0
55499.19921875  8.614559868970536  1.986245648330968  25.0
55502.30078125  6.267749876787306  1.7109127276913076  25.0
55508.19921875  1.6923543541978787  2.4536437816674286  25.0
55535.19921875  -0.011390373802493728  1.5279793996849846  25.0
55739.5  -6.445282472759688  2.7494006521287857  25.0
55742.6015625  -1.2304549981928048  1.3628189590641946  25.0
55751.6015625  0.06824405119872358  1.3909021475901049  25.0
55754.6015625  -1.6922560279683494  1.7683556601345018  25.0
55763.6015625  -0.8532960897608829  2.2911344971268304  25.0
55772.5  2.3560399221711514  2.0204167287691868  25.0
55793.6015625  -1.4603244923309422  1.7465568286919024  25.0
55796.6015625  -0.862722672207863  1.3609532890918987  25.0
55799.30078125  1.0693205016290814  1.5248372679653435  25.0
55802.5  2.5529167523209706  1.780236839846644  25.0
55805.30078125  2.544864864206837  2.3007573574567566  25.0
55808.30078125  4.041422665763324  2.1865590270248476  25.0
55823.30078125  -0.3857998174829496  1.5415300651305046  25.0
55827.3984375  0.32207264501147975  1.2527448052748535  25.0
55830.30078125  -0.8318900950162595  1.752350210135764  25.0
55832.30078125  -4.90738570227633  3.1065280728608746  25.0
55854.30078125  -1.5519385052123553  1.8545688473379454  25.0
55857.19921875  2.320297682229084  1.4055329032559962  25.0
55862.19921875  -25.979184763062356  7.767548136292964  25.0
56137.6015625  -0.21180204946214357  1.6897031044736583  25.0
56146.3984375  -0.4532583533100181  1.3146062375410064  25.0
56149.6015625  0.11950073623632122  2.1004439787628773  25.0
56155.5  2.4744606618311296  1.7314350037425337  25.0
56157.3984375  1.04113908051767  4.060472108540231  25.0
56160.5  5.459033307546493  1.670162779701331  25.0
56165.3984375  -0.6577940944099524  1.3929641890893747  25.0
56173.6015625  4.684782235568317  5.288373808662232  25.0
56192.30078125  -0.7058104444061665  2.085027549701033  25.0
56203.3984375  15.049335481774817  27.2401787644186  25.0
56208.3984375  0.44275168064266646  1.5294523266033324  25.0
56211.30078125  -1.9481467627771554  1.4795703066348225  25.0
56214.19921875  -2.0267009922084696  2.2534283546269656  25.0
56216.19921875  -0.3070491462916402  1.9190817166163747  25.0
56219.30078125  -0.14503088421250537  1.277096560212144  25.0
56229.30078125  0.23497555182658267  2.2441982373509877  25.0
56283.19921875  0.23379725243171717  1.9341052153362144  25.0
56456.6015625  -2.1058444298647343  4.171626446193971  25.0
56477.5  -0.5392753094525297  1.318043067017151  25.0
56480.5  -0.7189682731537103  2.3776424757308052  25.0
56482.5  -1.0882717118204865  2.514916005708631  25.0
56485.6015625  0.6981513929900092  1.4161377148648209  25.0
56492.5  -1.5565535638503443  1.3488756442087546  25.0
56506.6015625  0.07060067925221335  1.3860907174251418  25.0
56511.6015625  0.839549146432417  1.661030801366826  25.0
56517.3984375  2.1869517700787955  2.077368591928904  25.0
56519.6015625  -1.587975349266898  1.434892553529252  25.0
56521.6015625  -1.8930604759457061  1.560677646848884  25.0
56530.3984375  0.0658874231452338  1.4926299964408933  25.0
56536.5  0.44550111613037374  1.4083805245071905  25.0
56539.3984375  0.09554167167821301  1.4197708222239114  25.0
56541.30078125  3.091111831087087  2.6384427796460472  25.0
56557.5  4.122235214576854  2.3073362250085143  25.0
56568.30078125  1.9784883643293096  6.204415423958777  25.0
56570.30078125  2.283671817237647  1.7150368106898475  25.0
56584.30078125  -0.18303152547531348  1.928704576946301  25.0
56589.30078125  1.2730707097991054  2.546436023710686  25.0
56592.30078125  0.37195464156898256  1.5519385052123553  25.0
56600.30078125  -3.080408880536789  2.8703743152834544  25.0
56613.30078125  -0.553709646769433  1.47839198382895  25.0
56628.19921875  2.722299508525802  1.8079273789626342  25.0
