53619.760860394206    1.20781281653919         1.207812816580587       25    
53620.260860394206    1.5269361003006174       1.5269361003333628      25    
53620.760860394206    1.8961710185494214       1.878998356394783       25    
53621.260860394206    2.322884652248555        2.32288465227008        25    
53621.760860394206    2.8057869540814955       2.805786954099316       25    
53622.260860394206    3.3542673911289116       3.354267391143818       25    
53622.760860394206    3.966858472374257        3.9668584723868614      25    
53623.260860394206    4.651282166180527        4.651282166191277       25    
53623.760860394206    5.409583422666528        5.138231917724049       25    
53624.260860394206    6.244880387280991        5.158477731819139       25    
53624.760860394206    7.164159654197162        5.160700953256713       25    
53625.260860394206    8.166342752318158        5.1470625635124865      25    
53625.760860394206    9.260785016204986        5.1187876568641375      25    
53626.260860394206    10.445875643660793       5.073884553537895       25    
53626.760860394206    11.729692223049753       5.025751701864439       25    
53627.260860394206    13.119359844287766       5.041902526114545       25    
53627.760860394206    14.606008042998704       4.9834502767468996      25    
53628.260860394206    16.205909597288944       4.554622561313058       25    
53628.760860394206    17.897423223633616       3.817828951044455       25    
53629.260860394206    19.537674996882075       3.467484232811801       25    
53629.760860394206    21.16247979215982        3.671345428284111       25    
53630.260860394206    22.587409892488466       3.9175186312034778      25    
53630.760860394206    23.780112307368068       4.070041548837544       25    
53631.260860394206    24.674090267215046       4.18228030581526        25    
53631.760860394206    25.11144398082602        4.193301539033235       25    
53632.260860394206    25.155292503906335       4.135140905786109       25    
53632.760860394206    24.88719245886828        4.092269351764432       25    
53633.260860394206    24.273324834808445       4.059897580696417       25    
53633.760860394206    23.515851701486916       4.043611929961758       25    
53634.260860394206    22.634200875805295       4.07538704617903        25    
53634.760860394206    21.717773593138894       4.085249826525485       25    
53635.260860394206    20.914997276020348       4.004731191666978       25    
53635.760860394206    20.179464473790397       3.844434756529943       25    
53636.260860394206    19.538336810967333       3.5150726680696955      25    
53636.760860394206    18.997391106521597       2.9139787660284875      25    
53637.260860394206    18.487303175093043       2.40936073719609        25    
53637.760860394206    18.00511958064537        2.3508828068758065      25    
53638.260860394206    17.518841599191965       2.4352378056963624      25    
53638.760860394206    16.983472488939864       2.4000916312425935      25    
53639.260860394206    16.413661780923363       2.345442004902889       25    
53639.760860394206    15.799302308469777       2.2944948171318957      25    
53640.260860394206    15.139216753629372       2.2387899052994396      25    
53640.760860394206    14.45815097339902        2.253277375652608       25    
53641.260860394206    13.756133184033803       2.39588810504573        25    
53641.760860394206    13.045950359034611       2.5261260866173507      25    
53642.260860394206    12.342750307594926       2.533789789437822       25    
53642.760860394206    11.641733408772946       2.482025774822518       25    
53643.260860394206    10.948001804050941       2.4310315706258194      25    
53643.760860394206    10.261422847421455       2.3702796937824027      25    
53644.260860394206    9.573775050888678        2.3308927238968025      25    
53644.760860394206    8.885037005138338        2.336881798617467       25    
53645.260860394206    8.19155550571256         2.3387561662139067      25    
53645.760860394206    7.485274747576625        2.2902046537173426      25    
53646.260860394206    6.774250245640863        2.2169297641027472      25    
53646.760860394206    6.071397807023356        2.144441817486147       25    
53647.260860394206    5.373164785192657        2.063854361688963       25    
53647.760860394206    4.713706708933406        2.071388739737736       25    
53648.260860394206    4.090803774969514        2.2133345350743165      25    
53648.760860394206    3.5261287385663382       2.357659599823709       25    
53649.260860394206    3.040333716919363        2.4200072931725174      25    
53649.760860394206    2.624723855578097        2.4594434967400773      25    
53650.260860394206    2.28338940290225         2.283389402924147       25    
53650.760860394206    2.0160311417259313       2.0160311417507324      25    
53651.260860394206    1.7959925678007493       1.795992567828589       25    
53651.760860394206    1.6259888740098702       1.6259888740406208      25    
53652.260860394206    1.487427736283062        1.487427736316677       25    
53652.760860394206    1.3684575960652328       1.3684575961017702      25    
53653.260860394206    1.2693638896637853       1.2693638897031752      25    
53653.760860394206    1.1766841293559225       1.1766841293984147      25    
53654.260860394206    1.0931743778684553       1.0931743779141936      25    
53654.760860394206    1.0154929439151503       1.0154929439643874      25    
53655.260860394206    0.9440246263727465       0.9440246264257113      25    
53655.760860394206    0.876240695930984        0.876240695988046       25    
53656.260860394206    0.8105714161405498       0.8105714162022347      25    
53656.760860394206    0.7472757612680513       0.747275761334961       25    
53657.260860394206    0.6850062131296448       0.6850062132026369      25    
53657.760860394206    0.6241171772373053       0.6241171773174184      25    
53658.260860394206    0.5656871472895926       0.5656871473779806      25    
53658.760860394206    0.5095521845933801       0.5095521846915055      25    
53659.260860394206    0.45658180603006016      0.45658180613956956     25    
53659.760860394206    0.4072632214096772       0.4072632215324479      25    
53660.260860394206    0.36143972542675057      0.36143972556508625     25    
53660.760860394206    0.31943351929452907      0.31943351945105614     25    
53661.260860394206    0.28110405176904923      0.2811040519469193      25    
53661.760860394206    0.2456226658691377       0.24562266607270197     25    
53662.260860394206    0.21313080248257688      0.2131308027171746      25    
53662.760860394206    0.18291041715568607      0.18291041742904393     25    
53663.260860394206    0.15469052453428558      0.15469052485751159     25    
53663.760860394206    0.12841457668925993      0.12841457707862383     25    
53664.260860394206    0.10367729514146382      0.10367729562372949     25    
53664.760860394206    0.08060464143652059      0.08060464205683225     25    
53665.260860394206    0.059318235510187875     0.059318236353098984    25    
53665.760860394206    0.039792906284258495     0.03979290754076383     25    
53666.260860394206    0.02215692440570313      0.022156926662333903    25    
53666.760860394206    0.006494577876482741     0.006494585575207942    25    
53667.260860394206    -0.007286190969533938    0.007286197831826824    25    
53667.760860394206    -0.019182565574194996    0.01918256818072833     25    
53668.260860394206    -0.029254089507513754    0.02925409121667645     25    
53668.760860394206    -0.037929386540194024    0.03792938785843309     25    
53669.260860394206    -0.04512337606232359     0.045123377170396696    25    
53669.760860394206    -0.05125205299156622     0.05125205396713688     25    
53670.260860394206    -0.05637199998432934     0.05637200087129449     25    
53670.760860394206    -0.06065834452214162     0.06065834534643051     25    
53671.260860394206    -0.0643808936145493      0.06438089439117721     25    
53671.760860394206    -0.06750114425319446     0.06750114499392264     25    
53672.260860394206    -0.07030936892228452     0.0703093696334273      25    
53672.760860394206    -0.07274855646393584     0.0727485571512347      25    
53673.260860394206    -0.07508788000539555     0.07508788067128197     25    
53673.760860394206    -0.07737167661681171     0.07737167726304302     25    
53674.260860394206    -0.07966963172991402     0.07966963235750572     25    
53674.760860394206    -0.08212897840144966     0.08212897901024817     25    
53675.260860394206    -0.0846911670772914      0.08469116766767174     25    
53675.760860394206    -0.0873266143090186      0.08732661488158172     25    
53676.260860394206    -0.09004357938278398     0.09004357993807066     25    
53676.760860394206    -0.09278919441092859     0.09278919494978442     25    
53677.260860394206    -0.09556105753808879     0.09556105806131447     25    
53677.760860394206    -0.09833470153685332     0.09833470204532083     25    
53678.260860394206    -0.10108224399646518     0.10108224449111189     25    
53678.760860394206    -0.10380739532714531     0.10380739580880656     25    
53679.260860394206    -0.10648321213178594     0.10648321260134352     25    
53679.760860394206    -0.10911515871401248     0.10911515917224394     25    
53680.260860394206    -0.11167748601293503     0.11167748646065284     25    
53680.760860394206    -0.11416893922428756     0.11416893966223504     25    
53681.260860394206    -0.11657926317205083     0.11657926360094358     25    
53681.760860394206    -0.11889508196474519     0.11889508238528403     25    
53682.260860394206    -0.12112168490319646     0.12112168531600445     25    
53682.760860394206    -0.12325853188848211     0.12325853229413354     25    
53683.260860394206    -0.12530558411301437     0.1253055845120389      25    
53683.760860394206    -0.12726534169897832     0.12726534209185827     25    
53684.260860394206    -0.12913765164353688     0.12913765203072064     25    
53684.760860394206    -0.13092407624309702     0.13092407662499775     25    
53685.260860394206    -0.1326256251042219      0.13262562548122298     25    
53685.760860394206    -0.13424259147095702     0.13424259184341705     25    
53686.260860394206    -0.13577703977905345     0.1357770401473042      25    
53686.760860394206    -0.1372285457396442      0.13722854610399987     25    
53687.260860394206    -0.1385994309520155      0.13859943131276733     25    
53687.760860394206    -0.13988947433314272     0.13988947469056776     25    
53688.260860394206    -0.14110034076522163     0.1411003411195794      25    
53688.760860394206    -0.14223291253543652     0.1422329128869726      25    
53689.260860394206    -0.1432876004352005      0.14328760078414907     25    
53689.760860394206    -0.14426639563050989     0.14426639597709096     25    