53626.87971213811    7.760960517978052     3.571453708335441     25    
53627.37971213811    9.181184556493033     3.5975673799487775    25    
53627.87971213811    10.716690493844478    3.7379234417342233    25    
53628.37971213811    12.365895056713889    4.353713421302286     25    
53628.87971213811    14.128878733500391    5.118825081366287     25    
53629.37971213811    16.0035438076654      5.470975221838975     25    
53629.87971213811    17.99023126071709     5.511493850045005     25    
53630.37971213811    20.086836833118877    5.5315458755039115    25    
53630.87971213811    22.293454099265933    5.577096609618953     25    
53631.37971213811    24.608480156845655    5.604563064460402     25    
53631.87971213811    27.03125327291824     5.610345061205876     25    
53632.37971213811    29.561059286269764    5.597227792793589     25    
53632.87971213811    32.19633480544528     5.563686579095162     25    
53633.37971213811    34.93714689568858     5.512771957347326     25    
53633.87971213811    37.783414145488315    5.4515202551790125    25    
53634.37971213811    40.736941203972584    5.370522832275684     25    
53634.87971213811    43.77731727461517     5.394834261025119     25    
53635.37971213811    46.94089950136387     5.577045404226392     25    
53635.87971213811    50.07806514810692     5.768795778113508     25    
53636.37971213811    53.155897625788576    5.900273893303505     25    
53636.87971213811    56.081618868232376    6.005819833443196     25    
53637.37971213811    58.68856430746529     6.090207254003391     25    
53637.87971213811    60.9892811617537      6.147155975922097     25    
53638.37971213811    62.77283145407839     6.130508719559669     25    
53638.87971213811    64.0549416360275      6.033924424754242     25    
53639.37971213811    64.89365569300628     6.000748121988188     25    
53639.87971213811    65.25952575709846     6.061893384432598     25    
53640.37971213811    65.28796695485832     6.171477079980687     25    
53640.87971213811    65.02376803037065     6.360294493899147     25    
53641.37971213811    64.5176258826907      6.5271533542502596    25    
53641.87971213811    63.88413177801356     6.543376549632908     25    
53642.37971213811    63.10660220313017     6.43410824302638      25    
53642.87971213811    62.27228668894385     6.054484805787057     25    
53643.37971213811    61.36899336145255     5.323116332729229     25    
53643.87971213811    60.45130972288546     4.854555628222453     25    
53644.37971213811    59.51730258319473     4.951891517852269     25    
53644.87971213811    58.60543292694856     5.108241112803823     25    
53645.37971213811    57.74754251464072     5.083569594922875     25    
53645.87971213811    56.9214633999126      5.011794874770224     25    
53646.37971213811    56.12457604072356     4.905511513081863     25    
53646.87971213811    55.3472323702032      4.780604876307803     25    
53647.37971213811    54.536743829607765    4.778293262752017     25    
53647.87971213811    53.70131163783198     4.894199200769796     25    
53648.37971213811    52.79040891852179     4.954393091222812     25    
53648.87971213811    51.79440296166475     4.940491629724059     25    
53649.37971213811    50.72587326710267     4.858358138220533     25    
53649.87971213811    49.576038967858715    4.637669501698118     25    
53650.37971213811    48.3696435881736      4.402688182256983     25    
53650.87971213811    47.134574946446435    4.383726117072052     25    
53651.37971213811    45.87089669814626     4.482434552287575     25    
53651.87971213811    44.61811896332237     4.4958336804038925    25    
53652.37971213811    43.369530141005576    4.442753128303818     25    
53652.87971213811    42.17111093629513     4.38161753328152      25    
53653.37971213811    41.018774308190196    4.297998517217855     25    
53653.87971213811    39.95208021989716     4.271181725100586     25    
53654.37971213811    38.98407863607042     4.394510420477115     25    
53654.87971213811    38.13245937227331     4.534283898918962     25    
53655.37971213811    37.43809426675114     4.523212994007623     25    
53655.87971213811    36.88855256394948     4.447161658289154     25    
53656.37971213811    36.48725254736774     4.4885061175891945    25    
53656.87971213811    36.23566569603254     4.627695643990312     25    
53657.37971213811    36.0916367208857      4.796009972390909     25    
53657.87971213811    36.05827083795094     5.01403973501003      25    
53658.37971213811    36.10387847425905     5.160894550976544     25    
53658.87971213811    36.214186370618165    5.167178010471985     25    
53659.37971213811    36.384615120592784    5.090440339573336     25    
53659.87971213811    36.59705679643921     4.917808640121894     25    
53660.37971213811    36.85587835728955     4.690502205402169     25    
53660.87971213811    37.155922434508085    4.66863080629469      25    
53661.37971213811    37.498058060186494    4.833444099635079     25    
53661.87971213811    37.87726216607571     4.97473808027452      25    
53662.37971213811    38.29578542050428     5.08451069350859      25    
53662.87971213811    38.74168141744041     5.133429410517655     25    
53663.37971213811    39.21426260608469     5.083382190698044     25    
53663.87971213811    39.70246238940801     4.971151122090129     25    
53664.37971213811    40.192084306870946    4.79853251887133      25    
53664.87971213811    40.68264457458198     4.588220790165488     25    
53665.37971213811    41.15333293186872     4.509727896980232     25    
53665.87971213811    41.6075287367171      4.555875854472822     25    
53666.37971213811    42.022891898002534    4.517775110482426     25    
53666.87971213811    42.401453818498624    4.329371687945814     25    
53667.37971213811    42.72461310838969     4.179502607478567     25    
53667.87971213811    42.98733780500646     4.194427466124722     25    
53668.37971213811    43.180147642464696    4.254845064057765     25    
53668.87971213811    43.2851395721852      4.276450439450238     25    
53669.37971213811    43.30666527344282     4.272744525592281     25    
53669.87971213811    43.23698871402044     4.160241648718004     25    
53670.37971213811    43.07660944769622     3.9346963171073632    25    
53670.87971213811    42.84324963170229     3.8217079888311174    25    
53671.37971213811    42.53513841606612     3.8868027005942145    25    
53671.87971213811    42.16685735448201     3.969915700560638     25    
53672.37971213811    41.74485864047568     4.021299704571921     25    
53672.87971213811    41.269820473499806    4.044743644195243     25    
53673.37971213811    40.74948577008277     3.9790946371745584    25    
53673.87971213811    40.1794339973877      3.8739294426690267    25    
53674.37971213811    39.5520555715233      3.8884917522271985    25    
53674.87971213811    38.868561304245105    4.003962730240358     25    
53675.37971213811    38.11908617565723     4.102603081738016     25    
53675.87971213811    37.30031471471179     4.192244066989169     25    
53676.37971213811    36.42348105508407     4.207747678667173     25    
53676.87971213811    35.481586556485595    4.111220283743477     25    
53677.37971213811    34.50130686830829     3.913677184081289     25    
53677.87971213811    33.50856168041796     3.525316003740191     25    
53678.37971213811    32.50592798310048     3.0017403082913297    25    
53678.87971213811    31.537633122944065    2.8106645485327424    25    
53679.37971213811    30.597093620357153    2.9580306921467905    25    
53679.87971213811    29.70962698958571     3.0250266630721883    25    
53680.37971213811    28.880785501371818    2.9565437096991234    25    
53680.87971213811    28.094504756184723    2.904286714712505     25    
53681.37971213811    27.34965571016423     2.927630871944341     25    
53681.87971213811    26.637630232442557    2.9783374797862936    25    
53682.37971213811    25.946919911321718    3.0519112339451384    25    
53682.87971213811    25.278705920797478    3.1213461005470746    25    
53683.37971213811    24.621860989590182    3.066439505318204     25    
53683.87971213811    23.97795208355147     2.8972538250286024    25    
53684.37971213811    23.350336504865574    2.7172989967254595    25    
53684.87971213811    22.73840061223969     2.534301423998334     25    
53685.37971213811    22.145926119224896    2.3384421760352883    25    
53685.87971213811    21.574099110668637    2.097729904115695     25    
53686.37971213811    21.023741273203612    1.8872457634036146    25    
53686.87971213811    20.49723311071999     1.8685203298227386    25    
53687.37971213811    19.99341780703965     1.9600055535002818    25    
53687.87971213811    19.511074636687336    1.9845036689570166    25    
53688.37971213811    19.05039232765434     1.9695288300466651    25    
53688.87971213811    18.609401519737656    1.9261435678843442    25    
53689.37971213811    18.188310649475454    1.8475640992407836    25    
53689.87971213811    17.785485044212113    1.7540556765090844    25    
53690.37971213811    17.400609667643373    1.64767061964438      25    
53690.87971213811    17.03275406647499     1.5391154041134236    25    
53691.37971213811    16.68076465946334     1.4389314530028772    25    
53691.87971213811    16.344517895765172    1.3628998714228702    25    
53692.37971213811    16.022250902240604    1.3826556863581452    25    
53692.87971213811    15.714237030935344    1.4850384132475773    25    
53693.37971213811    15.418543673280475    1.6604727204876328    25    
53693.87971213811    15.135386749290772    1.8554935722034034    25    
53694.37971213811    14.863118249888178    2.2110593940108134    25    