#Date  :
#Flux  :
#Fluxerr  :
#ZP  :
#end  :
@INSTRUMENT  PS
@BAND  PS_z
@MAGSYS  AB
54756.9446375  0.0  1.6514078473928717  25.0
54761.930982499995  0.0  1.6514078473928717  25.0
54766.91732749999  0.0  1.6514078473928717  25.0
54771.90367249999  0.0  1.6514078473928717  25.0
54776.89001749999  0.0  1.6514078473928717  25.0
54781.876362499985  0.0  1.6514078473928717  25.0
54786.86270749998  0.0  1.6514078473928717  25.0
54791.84905249998  0.0  1.6514078473928717  25.0
54796.83539749998  0.0  1.6514078473928717  25.0
54801.821742499975  0.0  1.6514078473928717  25.0
54806.80808749997  0.0  1.6514078473928717  25.0
54811.79443249997  0.0  1.6514078473928717  25.0
54816.78077749997  0.0  1.6514078473928717  25.0
54821.767122499965  0.0  1.6514078473928717  25.0
54826.75346749996  0.0  1.6514078473928717  25.0
54831.73981249996  0.0  1.6514078473928717  25.0
54836.72615749996  0.0  1.6514078473928717  25.0
54841.712502499955  0.0  1.6514078473928717  25.0
54846.69884749995  0.0  1.6514078473928717  25.0
54851.68519249995  0.0  1.6514078473928717  25.0
54856.67153749995  0.0  1.6514078473928717  25.0
54861.657882499945  0.0  1.6514078473928717  25.0
54866.64422749994  0.0  1.6514078473928717  25.0
54871.63057249994  0.0  1.6514078473928717  25.0
54876.61691749994  0.0  1.6514078473928717  25.0
54881.603262499935  0.0  1.6514078473928717  25.0
54886.58960749993  0.0  1.6514078473928717  25.0
54891.57595249993  0.0  1.6514078473928717  25.0
54896.56229749993  0.0  1.6514078473928717  25.0
54901.548642499925  0.0  1.6514078473928717  25.0
54906.53498749992  0.0  1.6514078473928717  25.0
54911.52133249992  0.0  1.6514078473928717  25.0
54916.50767749992  0.0  1.6514078473928717  25.0
54921.494022499915  0.0  1.6514078473928717  25.0
54926.48036749991  0.0  1.6514078473928717  25.0
54931.46671249991  0.0  1.6514078473928717  25.0
54936.45305749991  0.0  1.6514078473928717  25.0
54941.439402499906  0.0  1.6514078473928717  25.0
54946.4257474999  0.0  1.6514078473928717  25.0
54951.4120924999  0.0  1.6514078473928717  25.0
54956.3984374999  0.0  1.6514078473928717  25.0
54961.384782499896  0.0  1.6514078473928717  25.0
54966.37112749989  0.0  1.6514078473928717  25.0
54971.35747249989  0.0  1.6514078473928717  25.0
54976.34381749989  0.0  1.6514078473928717  25.0
54981.330162499886  0.0  1.6514078473928717  25.0
54986.31650749988  0.0  1.6514078473928717  25.0
54991.30285249988  0.0  1.6514078473928717  25.0
54996.28919749988  0.0  1.6514078473928717  25.0
55001.275542499876  0.0  1.6514078473928717  25.0
55006.26188749987  0.0  1.6514078473928717  25.0
55011.24823249987  0.0  1.6514078473928717  25.0
55016.23457749987  0.0  1.6514078473928717  25.0
55021.220922499866  0.0  1.6514078473928717  25.0
55026.20726749986  0.0  1.6514078473928717  25.0
55031.19361249986  0.0  1.6514078473928717  25.0
55036.17995749986  0.0  1.6514078473928717  25.0
55041.166302499856  0.0  1.6514078473928717  25.0
55046.15264749985  0.0  1.6514078473928717  25.0
55051.13899249985  0.0  1.6514078473928717  25.0
55056.12533749985  0.0  1.6514078473928717  25.0
55061.111682499846  0.0  1.6514078473928717  25.0
55066.098027499844  0.0  1.6514078473928717  25.0
55071.08437249984  0.0  1.6514078473928717  25.0
55076.07071749984  0.0  1.6514078473928717  25.0
55081.057062499836  0.0  1.6514078473928717  25.0
55086.043407499834  0.0  1.6514078473928717  25.0
55091.02975249983  0.0  1.6514078473928717  25.0
55096.01609749983  0.0  1.6514078473928717  25.0
55101.00244249983  0.0  1.6514078473928717  25.0
55105.988787499824  0.0  1.6514078473928717  25.0
55110.97513249982  0.0  1.6514078473928717  25.0
55115.96147749982  0.0  1.6514078473928717  25.0
55120.94782249982  0.0  1.6514078473928717  25.0
55125.934167499814  0.0  1.6514078473928717  25.0
55130.92051249981  0.0  1.6514078473928717  25.0
55135.90685749981  0.0  1.6514078473928717  25.0
55140.89320249981  0.0  1.6514078473928717  25.0
55145.879547499804  0.0  1.6514078473928717  25.0
55150.8658924998  0.0  1.6514078473928717  25.0
55155.8522374998  0.0  1.6514078473928717  25.0
55160.8385824998  0.0  1.6514078473928717  25.0
55165.824927499794  0.0  1.6514078473928717  25.0
55170.81127249979  0.0  1.6514078473928717  25.0
55175.79761749979  0.0  1.6514078473928717  25.0
55180.78396249979  0.0  1.6514078473928717  25.0
55185.770307499784  0.0  1.6514078473928717  25.0
55190.75665249978  0.0  1.6514078473928717  25.0
55195.74299749978  0.0  1.6514078473928717  25.0
55200.72934249978  0.0  1.6514078473928717  25.0
55205.715687499775  0.0  1.6514078473928717  25.0
55210.70203249977  0.0  1.6514078473928717  25.0
55215.68837749977  0.0  1.6514078473928717  25.0
55220.67472249977  0.0  1.6514078473928717  25.0
55225.661067499765  0.0  1.6514078473928717  25.0
55230.64741249976  0.0  1.6514078473928717  25.0
55235.63375749976  0.0  1.6514078473928717  25.0
55240.62010249976  0.0  1.6514078473928717  25.0
55245.606447499755  0.0  1.6514078473928717  25.0
55250.59279249975  0.0  1.6514078473928717  25.0
55255.57913749975  0.0  1.6514078473928717  25.0
55260.56548249975  0.0  1.6514078473928717  25.0
55265.551827499745  0.0  1.6514078473928717  25.0
55270.53817249974  0.0  1.6514078473928717  25.0
55275.52451749974  0.0  1.6514078473928717  25.0
55280.51086249974  0.0  1.6514078473928717  25.0
55285.497207499735  0.0  1.6514078473928717  25.0
55290.48355249973  0.0  1.6514078473928717  25.0
55295.46989749973  0.0  1.6514078473928717  25.0
55300.45624249973  0.0  1.6514078473928717  25.0
55305.442587499725  0.0  1.6514078473928717  25.0
55310.42893249972  0.0  1.6514078473928717  25.0
55315.41527749972  0.0  1.6514078473928717  25.0
55320.40162249972  0.0  1.6514078473928717  25.0
55325.387967499715  0.0  1.6514078473928717  25.0
55330.37431249971  0.0  1.6514078473928717  25.0
55335.36065749971  0.0  1.6514078473928717  25.0
55340.34700249971  0.0  1.6514078473928717  25.0
55345.333347499705  0.0  1.6514078473928717  25.0
55350.3196924997  0.0  1.6514078473928717  25.0
55355.3060374997  0.0  1.6514078473928717  25.0
55360.2923824997  0.0  1.6514078473928717  25.0
55365.278727499695  0.0  1.6514078473928717  25.0
55370.26507249969  0.0  1.6514078473928717  25.0
55375.25141749969  0.0  1.6514078473928717  25.0
55380.23776249969  0.0  1.6514078473928717  25.0
55385.224107499685  0.0  1.6514078473928717  25.0
55390.21045249968  0.0  1.6514078473928717  25.0
55395.19679749968  0.0  1.6514078473928717  25.0
55400.18314249968  0.0  1.6514078473928717  25.0
55405.169487499676  0.0  1.6514078473928717  25.0
55410.15583249967  0.0  1.6514078473928717  25.0
55415.14217749967  0.0  1.6514078473928717  25.0
55420.12852249967  0.0  1.6514078473928717  25.0
55425.114867499666  0.0  1.6514078473928717  25.0
55430.10121249966  0.0  1.6514078473928717  25.0
55435.08755749966  0.0  1.6514078473928717  25.0
55440.07390249966  0.0  1.6514078473928717  25.0
55445.060247499656  0.0  1.6514078473928717  25.0
55450.04659249965  0.0  1.6514078473928717  25.0
55455.03293749965  0.0  1.6514078473928717  25.0
55460.01928249965  0.0  1.6514078473928717  25.0
55465.005627499646  0.0  1.6514078473928717  25.0
55469.99197249964  0.0  1.6514078473928717  25.0
55474.97831749964  0.0  1.6514078473928717  25.0
55479.96466249964  0.0  1.6514078473928717  25.0
55484.951007499636  0.0  1.6514078473928717  25.0
55489.93735249963  0.0  1.6514078473928717  25.0
55494.92369749963  0.0  1.6514078473928717  25.0
55499.91004249963  0.0  1.6514078473928717  25.0
55504.896387499626  0.0  1.6514078473928717  25.0
55509.882732499624  0.0  1.6514078473928717  25.0
55514.86907749962  0.0  1.6514078473928717  25.0
55519.85542249962  0.0  1.6514078473928717  25.0
55524.841767499616  0.0  1.6514078473928717  25.0
55529.828112499614  0.0  1.6514078473928717  25.0
55534.81445749961  0.0  1.6514078473928717  25.0
55539.80080249961  0.0  1.6514078473928717  25.0
55544.78714749961  0.0  1.6514078473928717  25.0
55549.773492499604  0.0  1.6514078473928717  25.0
55554.7598374996  0.0  1.6514078473928717  25.0
55559.7461824996  0.0  1.6514078473928717  25.0
55564.7325274996  0.0  1.6514078473928717  25.0
55569.718872499594  0.0  1.6514078473928717  25.0
55574.70521749959  0.0  1.6514078473928717  25.0
55579.69156249959  0.0  1.6514078473928717  25.0
55584.67790749959  0.0  1.6514078473928717  25.0
55589.664252499584  0.0  1.6514078473928717  25.0
55594.65059749958  0.0  1.6514078473928717  25.0
55599.63694249958  0.0  1.6514078473928717  25.0
55604.62328749958  0.0  1.6514078473928717  25.0
55609.609632499574  0.0  1.6514078473928717  25.0
55614.59597749957  0.0  1.6514078473928717  25.0
55619.58232249957  0.0  1.6514078473928717  25.0
55624.56866749957  0.0  1.6514078473928717  25.0
55629.555012499564  0.0  1.6514078473928717  25.0
55634.54135749956  0.0  1.6514078473928717  25.0
55639.52770249956  0.0  1.6514078473928717  25.0
55644.51404749956  0.0  1.6514078473928717  25.0
55649.500392499554  0.0  1.6514078473928717  25.0
55654.48673749955  0.0  1.6514078473928717  25.0
55659.47308249955  0.0  1.6514078473928717  25.0
55664.45942749955  0.0  1.6514078473928717  25.0
55669.445772499545  0.0  1.6514078473928717  25.0
55674.43211749954  0.0  1.6514078473928717  25.0
55679.41846249954  0.0  1.6514078473928717  25.0
55684.40480749954  0.0  1.6514078473928717  25.0
55689.391152499535  0.0  1.6514078473928717  25.0
55694.37749749953  0.0  1.6514078473928717  25.0
55699.36384249953  0.0  1.6514078473928717  25.0
55704.35018749953  0.0  1.6514078473928717  25.0
55709.336532499525  0.0  1.6514078473928717  25.0
55714.32287749952  0.0  1.6514078473928717  25.0
55719.30922249952  0.0  1.6514078473928717  25.0
55724.29556749952  0.0  1.6514078473928717  25.0
55729.281912499515  0.0  1.6514078473928717  25.0
55734.26825749951  0.0  1.6514078473928717  25.0
55739.25460249951  0.0  1.6514078473928717  25.0
55744.24094749951  0.0  1.6514078473928717  25.0
55749.227292499505  0.0  1.6514078473928717  25.0
55754.2136374995  0.0  1.6514078473928717  25.0
55759.1999824995  0.0  1.6514078473928717  25.0
55764.1863274995  0.0  1.6514078473928717  25.0
55769.172672499495  0.0  1.6514078473928717  25.0
55774.15901749949  0.0  1.6514078473928717  25.0
55779.14536249949  0.0  1.6514078473928717  25.0
55784.13170749949  0.0  1.6514078473928717  25.0
55789.118052499485  0.0  1.6514078473928717  25.0
55794.10439749948  0.0  1.6514078473928717  25.0
55799.09074249948  0.0  1.6514078473928717  25.0
55804.07708749948  0.0  1.6514078473928717  25.0
55809.063432499475  0.0  1.6514078473928717  25.0
55814.04977749947  0.0  1.6514078473928717  25.0
55819.03612249947  0.0  1.6514078473928717  25.0
55824.02246749947  0.0  1.6514078473928717  25.0
55829.008812499465  0.0  1.6514078473928717  25.0
55833.99515749946  0.0  1.6514078473928717  25.0
55838.98150249946  0.0  1.6514078473928717  25.0
55843.96784749946  0.0  1.6514078473928717  25.0
55848.954192499456  0.0  1.6514078473928717  25.0
55853.94053749945  0.0  1.6514078473928717  25.0
55858.92688249945  0.0  1.6514078473928717  25.0
55863.91322749945  0.0  1.6514078473928717  25.0
55868.899572499446  0.0  1.6514078473928717  25.0
55873.88591749944  0.0  1.6514078473928717  25.0
55878.87226249944  0.0  1.6514078473928717  25.0
55883.85860749944  0.0  1.6514078473928717  25.0
55888.844952499436  0.0  1.6514078473928717  25.0
55893.83129749943  0.0  1.6514078473928717  25.0
55898.81764249943  0.0  1.6514078473928717  25.0
55903.80398749943  0.0  1.6514078473928717  25.0
55908.790332499426  0.0  1.6514078473928717  25.0
55913.77667749942  0.0  1.6514078473928717  25.0
55918.76302249942  0.0  1.6514078473928717  25.0
55923.74936749942  0.0  1.6514078473928717  25.0
55928.735712499416  0.0  1.6514078473928717  25.0
55933.72205749941  0.0  1.6514078473928717  25.0
55938.70840249941  0.0  1.6514078473928717  25.0
55943.69474749941  0.0  1.6514078473928717  25.0
55948.681092499406  0.0  1.6514078473928717  25.0
55953.6674374994  0.0  1.6514078473928717  25.0
55958.6537824994  0.0  1.6514078473928717  25.0
55963.6401274994  0.0  1.6514078473928717  25.0
55968.626472499396  0.0  1.6514078473928717  25.0
55973.612817499394  0.0  1.6514078473928717  25.0
55978.59916249939  0.0  1.6514078473928717  25.0
55983.58550749939  0.0  1.6514078473928717  25.0
55988.571852499386  0.0  1.6514078473928717  25.0
55993.558197499384  0.0  1.6514078473928717  25.0
55998.54454249938  0.0  1.6514078473928717  25.0
56003.53088749938  0.0  1.6514078473928717  25.0
56008.51723249938  0.0  1.6514078473928717  25.0
56013.503577499374  0.0  1.6514078473928717  25.0
56018.48992249937  0.0  1.6514078473928717  25.0
56023.47626749937  0.0  1.6514078473928717  25.0
56028.46261249937  0.0  1.6514078473928717  25.0
56033.448957499364  0.0  1.6514078473928717  25.0
56038.43530249936  0.0  1.6514078473928717  25.0
56043.42164749936  0.0  1.6514078473928717  25.0
56048.40799249936  0.0  1.6514078473928717  25.0
56053.394337499354  0.0  1.6514078473928717  25.0
56058.38068249935  0.0  1.6514078473928717  25.0
56063.36702749935  0.0  1.6514078473928717  25.0
56068.35337249935  0.0  1.6514078473928717  25.0
56073.339717499344  0.0  1.6514078473928717  25.0
56078.32606249934  0.0  1.6514078473928717  25.0
56083.31240749934  0.0  1.6514078473928717  25.0
56088.29875249934  0.0  1.6514078473928717  25.0
56093.285097499334  0.0  1.6514078473928717  25.0
56098.27144249933  0.0  1.6514078473928717  25.0
56103.25778749933  0.0  1.6514078473928717  25.0
56108.24413249933  0.0  1.6514078473928717  25.0
56113.230477499324  0.0  1.6514078473928717  25.0
56118.21682249932  0.0  1.6514078473928717  25.0
56123.20316749932  0.0  1.6514078473928717  25.0
56128.18951249932  0.0  1.6514078473928717  25.0
56133.175857499315  0.0  1.6514078473928717  25.0
56138.16220249931  0.0  1.6514078473928717  25.0
56143.14854749931  0.0  1.6514078473928717  25.0
56148.13489249931  0.0  1.6514078473928717  25.0
56153.121237499305  0.0  1.6514078473928717  25.0
56158.1075824993  0.0  1.6514078473928717  25.0
56163.0939274993  0.0  1.6514078473928717  25.0
56168.0802724993  0.0  1.6514078473928717  25.0
56173.066617499295  0.0  1.6514078473928717  25.0
56178.05296249929  0.0  1.6514078473928717  25.0
56183.03930749929  0.0  1.6514078473928717  25.0
56188.02565249929  0.0  1.6514078473928717  25.0
56193.011997499285  0.0  1.6514078473928717  25.0
56197.99834249928  0.0  1.6514078473928717  25.0
56202.98468749928  0.0  1.6514078473928717  25.0
56207.97103249928  0.0  1.6514078473928717  25.0
56212.957377499275  0.0  1.6514078473928717  25.0
56217.94372249927  0.0  1.6514078473928717  25.0
56222.93006749927  0.0  1.6514078473928717  25.0
56227.91641249927  0.0  1.6514078473928717  25.0
56232.902757499265  0.0  1.6514078473928717  25.0
56237.88910249926  0.0  1.6514078473928717  25.0
56242.87544749926  0.0  1.6514078473928717  25.0
56247.86179249926  0.0  1.6514078473928717  25.0
56252.848137499255  0.0  1.6514078473928717  25.0
56257.83448249925  0.0  1.6514078473928717  25.0
56262.82082749925  0.0  1.6514078473928717  25.0
56267.80717249925  0.0  1.6514078473928717  25.0
56272.793517499245  0.0  1.6514078473928717  25.0
56277.77986249924  0.0  1.6514078473928717  25.0
56282.76620749924  0.0  1.6514078473928717  25.0
56287.75255249924  0.0  1.6514078473928717  25.0
56292.738897499235  0.0  1.6514078473928717  25.0
56297.72524249923  0.0  1.6514078473928717  25.0
56302.71158749923  0.0  1.6514078473928717  25.0
56307.69793249923  0.0  1.6514078473928717  25.0
56312.684277499226  0.0  1.6514078473928717  25.0
56317.67062249922  0.0  1.6514078473928717  25.0
56322.65696749922  0.0  1.6514078473928717  25.0
56327.64331249922  0.0  1.6514078473928717  25.0
56332.629657499216  0.0  1.6514078473928717  25.0
56337.61600249921  0.0  1.6514078473928717  25.0
56342.60234749921  0.0  1.6514078473928717  25.0
56347.58869249921  0.0  1.6514078473928717  25.0
56352.575037499206  0.0  1.6514078473928717  25.0
56357.5613824992  0.0  1.6514078473928717  25.0
56362.5477274992  0.0  1.6514078473928717  25.0
56367.5340724992  0.0  1.6514078473928717  25.0
56372.520417499196  0.0  1.6514078473928717  25.0
56377.50676249919  0.0  1.6514078473928717  25.0
56382.49310749919  0.0  1.6514078473928717  25.0
56387.47945249919  0.0  1.6514078473928717  25.0
56392.465797499186  0.0  1.6514078473928717  25.0
56397.45214249918  0.0  1.6514078473928717  25.0
56402.43848749918  0.0  1.6514078473928717  25.0
56407.42483249918  0.0  1.6514078473928717  25.0
56412.411177499176  0.0  1.6514078473928717  25.0
56417.397522499174  0.0  1.6514078473928717  25.0
56422.38386749917  0.0  1.6514078473928717  25.0
54956.3984375  -0.12784713481890186  3.9028725803941247  25.0
54957.5  2.4350852208859433  3.8827428601087908  25.0
54986.3984375  -3.4856509774946214  4.6213496437983155  25.0
54995.3984375  -2.8295260410639487  3.202757238024305  25.0
54998.3984375  -6.200389479901711  3.270215773851373  25.0
55004.3984375  -0.21563157517022224  10.751727851666322  25.0
55010.30078125  0.1890212901516526  4.580010674871445  25.0
55013.30078125  2.9235948384985795  2.7059994544145884  25.0
55016.30078125  3.3574110996217716  5.56684904830959  25.0
55235.6015625  -1.530630649409205  1.7378175934113456  25.0
55238.6015625  3.11271438464674  1.699817034087062  25.0
55241.5  2.336696062569826  1.4347944145877791  25.0
55247.6015625  0.5964235441392206  1.8225581346285256  25.0
55250.6015625  -0.6353079158009296  2.1589668141383864  25.0
55268.6015625  -1.327371323234602  2.100934860758298  25.0
55274.6015625  -2.270219478021656  5.158071889290112  25.0
55280.3984375  4.975629724211294  2.1024076940326175  25.0
55298.6015625  1.8775460952304455  1.891784107842389  25.0
55304.3984375  1.1176313620937424  1.5632306639876032  25.0
55322.5  -0.11410012125741485  2.386774266777254  25.0
55331.5  3.109081183643622  2.1432559682521237  25.0
55334.3984375  0.49508848516439435  1.2008007438070738  25.0
55337.5  -2.141292065694327  2.9835906944364647  25.0
55340.3984375  9.216580095272546  4.245074454059791  25.0
55352.3984375  -0.8231509533797308  1.8271730996224864  25.0
55355.3984375  0.5813018596558941  1.711403796974785  25.0
55361.30078125  0.12647242878055176  1.6238157281504386  25.0
55364.30078125  -0.8706762340924674  1.1403139122297394  25.0
55367.30078125  -1.0816927506247007  1.302135755959886  25.0
55376.3984375  0.6773344660042939  2.0583191491519974  25.0
55379.30078125  3.861926167233146  2.3529959293929834  25.0
55388.30078125  -0.4349944434630221  1.4283135923334662  25.0
55406.30078125  -0.9660215869184722  1.4320449322780577  25.0
55409.30078125  -0.439216759047063  2.1176276579234594  25.0
55595.6015625  0.07236815175551863  1.4183961278910648  25.0
55613.5  0.35752028084107224  1.7673737088556034  25.0
55631.6015625  -1.0423174033235425  1.7364428990784988  25.0
55634.6015625  -0.7623695176899211  1.5477161896283145  25.0
55646.6015625  -2.484770869327479  2.835417561449283  25.0
55649.6015625  1.210521836722501  1.3909021475901049  25.0
55664.5  0.33316843225975357  1.1528826263963607  25.0
55673.3984375  1.2338917340249211  1.4100497293084842  25.0
55676.5  -0.5239572066202149  2.8268747913397285  25.0
55694.5  37.99926928415207  41.793443622462064  25.0
55703.30078125  1.6286271583154017  1.798598935457127  25.0
55718.30078125  -0.062254286522384454  1.3379762284874548  25.0
55736.3984375  -0.6626055713969295  1.638740900640749  25.0
55742.30078125  0.07541213282818346  0.9458920539211945  25.0
55745.30078125  -1.7759164789651583  1.2048266878641405  25.0
55748.30078125  -0.7146477718061823  1.3311026631791938  25.0
55751.30078125  6.7102066723854135  3.0627341320927295  25.0
55754.30078125  -1.8736182901148517  1.5427083879363772  25.0
55967.6015625  -0.933519711281547  1.9443172838910907  25.0
55969.69921875  1.1374662909785451  1.4335178591964055  25.0
55972.6015625  -2.1786054651402433  2.961006376885969  25.0
55983.6015625  0.23330627679226795  1.3232472402360622  25.0
55988.6015625  -0.6180260040548461  1.4198690548094126  25.0
55997.6015625  -0.3643937759163122  1.3637026777575918  25.0
55999.5  -1.6208698743137433  1.3598731988715274  25.0
56002.6015625  -0.13874653883469815  1.1972657753894562  25.0
56013.6015625  0.4536510963639662  1.8931588021752355  25.0
56016.5  -0.18754839834981546  1.5570445394897936  25.0
56018.5  -0.19461828836303655  1.2197519539984791  25.0
56026.5  1.935970791664482  1.984478023656117  25.0
56028.5  1.9916462867208815  1.2522538296354042  25.0
56031.5  -1.4180033848371167  0.8432804863770086  25.0
56037.5  -4.000770669426764  1.7441018568506281  25.0
56042.5  0.2543195518939501  1.5031365754642168  25.0
56045.5  -0.3430859201131619  3.4363578848189777  25.0
56049.5  -0.00392771512953556  1.9459865823364126  25.0
56056.5  1.0219914987992906  1.8487754658940838  25.0
56058.30078125  0.48517102072199303  2.3809808853333925  25.0
56061.5  0.26011293333781166  1.345537047318111  25.0
56067.3984375  -1.3692015487330065  1.5869933979879995  25.0
56072.30078125  4.07903048203366  2.4752461479390258  25.0
56085.3984375  -1.013546867631209  1.5565535638503443  25.0
56090.30078125  2.166331355086097  1.3037069154637349  25.0
56093.30078125  -0.8500557254557405  1.4352852965832001  25.0
56108.30078125  -0.6942236815184434  1.169182586863546  25.0
56383.6015625  1.8341448975162487  1.2818098514356342  25.0
56386.6015625  2.4827088278282092  2.159948765417285  25.0
56389.5  -1.3344412600698372  2.0923920906487434  25.0
56392.5  2.2622657288489956  1.7720870000790936  25.0
56397.3984375  -2.954525648275684  2.062246954267591  25.0
56400.6015625  3.668584211856916  4.511668139418894  25.0
56402.6015625  -0.004025908208962291  1.331593638818643  25.0
56404.5  0.3698925766587056  1.4727949739120625  25.0
56410.3984375  -1.1316729095346836  1.491648045161995  25.0
56412.5  0.890118419923322  1.2252507313298655  25.0
56415.5  3.579523122470194  1.4657251307208556  25.0
56421.5  -0.5352494122174769  1.5152143139913892  25.0
56429.30078125  0.19569841369991853  1.8295297452342316  25.0
56437.3984375  0.006186151566786547  5.5673401175930675  25.0
56442.5  2.583454631756071  1.8253075232942189  25.0
56451.3984375  7.765191303393163  1.7890742140686737  25.0
56453.30078125  12.194278894747564  7.186441992655847  25.0
56456.30078125  9.990536750426303  1.6640747941449943  25.0
56459.30078125  13.24553274767489  1.665547627419314  25.0
56461.30078125  10.359447024641003  1.2618766899653304  25.0
56463.30078125  10.693695523710122  1.242827247188424  25.0
56466.30078125  12.62564074589365  1.7101272415834115  25.0
56469.30078125  9.26597095231355  1.4834980181063884  25.0
56471.30078125  7.939680093875432  1.4079876878092143  25.0
56474.30078125  8.335691698981174  1.574228218650376  25.0
56477.30078125  7.149325245668989  1.0583228533222806  25.0
56480.30078125  5.375372856549684  1.4011142161449812  25.0
56482.30078125  7.348558534142497  1.3162755359863283  25.0
56485.30078125  6.591491515901017  1.6332421233093626  25.0
56488.30078125  4.7544009518361285  1.0406481048782208  25.0
56490.30078125  4.220624747469084  1.5601866712094348  25.0
56492.30078125  5.980044707152026  1.3686123405080561  25.0
56511.30078125  3.1552317700235117  1.3691033161475052  25.0
