#Date  :
#Flux  :
#Fluxerr  :
#ZP  :
#end  :
@INSTRUMENT  PS
@BAND  PS_r
@MAGSYS  AB
54962.1477625  0.0  1.0799779535920007  25.0
54967.134107499995  0.0  1.0799779535920007  25.0
54972.12045249999  0.0  1.0799779535920007  25.0
54977.10679749999  0.0  1.0799779535920007  25.0
54982.09314249999  0.0  1.0799779535920007  25.0
54987.079487499985  0.0  1.0799779535920007  25.0
54992.06583249998  0.0  1.0799779535920007  25.0
54997.05217749998  0.0  1.0799779535920007  25.0
55002.03852249998  0.0  1.0799779535920007  25.0
55007.024867499975  0.0  1.0799779535920007  25.0
55012.01121249997  0.0  1.0799779535920007  25.0
55016.99755749997  0.0  1.0799779535920007  25.0
55021.98390249997  0.0  1.0799779535920007  25.0
55026.970247499965  0.0  1.0799779535920007  25.0
55031.95659249996  0.0  1.0799779535920007  25.0
55036.94293749996  0.0  1.0799779535920007  25.0
55041.92928249996  0.0  1.0799779535920007  25.0
55046.915627499955  0.0  1.0799779535920007  25.0
55051.90197249995  0.0  1.0799779535920007  25.0
55056.88831749995  0.0  1.0799779535920007  25.0
55061.87466249995  0.0  1.0799779535920007  25.0
55066.861007499945  0.0  1.0799779535920007  25.0
55071.84735249994  0.0  1.0799779535920007  25.0
55076.83369749994  0.0  1.0799779535920007  25.0
55081.82004249994  0.0  1.0799779535920007  25.0
55086.806387499935  0.0  1.0799779535920007  25.0
55091.79273249993  0.0  1.0799779535920007  25.0
55096.77907749993  0.0  1.0799779535920007  25.0
55101.76542249993  0.0  1.0799779535920007  25.0
55106.751767499925  0.0  1.0799779535920007  25.0
55111.73811249992  0.0  1.0799779535920007  25.0
55116.72445749992  0.0  1.0799779535920007  25.0
55121.71080249992  0.0  1.0799779535920007  25.0
55126.697147499915  0.0  1.0799779535920007  25.0
55131.68349249991  0.0  1.0799779535920007  25.0
55136.66983749991  0.0  1.0799779535920007  25.0
55141.65618249991  0.0  1.0799779535920007  25.0
55146.642527499906  0.0  1.0799779535920007  25.0
55151.6288724999  0.0  1.0799779535920007  25.0
55156.6152174999  0.0  1.0799779535920007  25.0
55161.6015624999  0.0  1.0799779535920007  25.0
55166.587907499896  0.0  1.0799779535920007  25.0
55171.57425249989  0.0  1.0799779535920007  25.0
55176.56059749989  0.0  1.0799779535920007  25.0
55181.54694249989  0.0  1.0799779535920007  25.0
55186.533287499886  0.0  1.0799779535920007  25.0
55191.51963249988  0.0  1.0799779535920007  25.0
55196.50597749988  0.0  1.0799779535920007  25.0
55201.49232249988  0.0  1.0799779535920007  25.0
55206.478667499876  0.0  1.0799779535920007  25.0
55211.46501249987  0.0  1.0799779535920007  25.0
55216.45135749987  0.0  1.0799779535920007  25.0
55221.43770249987  0.0  1.0799779535920007  25.0
55226.424047499866  0.0  1.0799779535920007  25.0
55231.41039249986  0.0  1.0799779535920007  25.0
55236.39673749986  0.0  1.0799779535920007  25.0
55241.38308249986  0.0  1.0799779535920007  25.0
55246.369427499856  0.0  1.0799779535920007  25.0
55251.35577249985  0.0  1.0799779535920007  25.0
55256.34211749985  0.0  1.0799779535920007  25.0
55261.32846249985  0.0  1.0799779535920007  25.0
55266.314807499846  0.0  1.0799779535920007  25.0
55271.301152499844  0.0  1.0799779535920007  25.0
55276.28749749984  0.0  1.0799779535920007  25.0
55281.27384249984  0.0  1.0799779535920007  25.0
55286.260187499836  0.0  1.0799779535920007  25.0
55291.246532499834  0.0  1.0799779535920007  25.0
55296.23287749983  0.0  1.0799779535920007  25.0
55301.21922249983  0.0  1.0799779535920007  25.0
55306.20556749983  0.0  1.0799779535920007  25.0
55311.191912499824  0.0  1.0799779535920007  25.0
55316.17825749982  0.0  1.0799779535920007  25.0
55321.16460249982  0.0  1.0799779535920007  25.0
55326.15094749982  0.0  1.0799779535920007  25.0
55331.137292499814  0.0  1.0799779535920007  25.0
55336.12363749981  0.0  1.0799779535920007  25.0
55341.10998249981  0.0  1.0799779535920007  25.0
55346.09632749981  0.0  1.0799779535920007  25.0
55351.082672499804  0.0  1.0799779535920007  25.0
55356.0690174998  0.0  1.0799779535920007  25.0
55361.0553624998  0.0  1.0799779535920007  25.0
55366.0417074998  0.0  1.0799779535920007  25.0
55371.028052499794  0.0  1.0799779535920007  25.0
55376.01439749979  0.0  1.0799779535920007  25.0
55381.00074249979  0.0  1.0799779535920007  25.0
55385.98708749979  0.0  1.0799779535920007  25.0
55390.973432499784  0.0  1.0799779535920007  25.0
55395.95977749978  0.0  1.0799779535920007  25.0
55400.94612249978  0.0  1.0799779535920007  25.0
55405.93246749978  0.0  1.0799779535920007  25.0
55410.918812499775  0.0  1.0799779535920007  25.0
55415.90515749977  0.0  1.0799779535920007  25.0
55420.89150249977  0.0  1.0799779535920007  25.0
55425.87784749977  0.0  1.0799779535920007  25.0
55430.864192499765  0.0  1.0799779535920007  25.0
55435.85053749976  0.0  1.0799779535920007  25.0
55440.83688249976  0.0  1.0799779535920007  25.0
55445.82322749976  0.0  1.0799779535920007  25.0
55450.809572499755  0.0  1.0799779535920007  25.0
55455.79591749975  0.0  1.0799779535920007  25.0
55460.78226249975  0.0  1.0799779535920007  25.0
55465.76860749975  0.0  1.0799779535920007  25.0
55470.754952499745  0.0  1.0799779535920007  25.0
55475.74129749974  0.0  1.0799779535920007  25.0
55480.72764249974  0.0  1.0799779535920007  25.0
55485.71398749974  0.0  1.0799779535920007  25.0
55490.700332499735  0.0  1.0799779535920007  25.0
55495.68667749973  0.0  1.0799779535920007  25.0
55500.67302249973  0.0  1.0799779535920007  25.0
55505.65936749973  0.0  1.0799779535920007  25.0
55510.645712499725  0.0  1.0799779535920007  25.0
55515.63205749972  0.0  1.0799779535920007  25.0
55520.61840249972  0.0  1.0799779535920007  25.0
55525.60474749972  0.0  1.0799779535920007  25.0
55530.591092499715  0.0  1.0799779535920007  25.0
55535.57743749971  0.0  1.0799779535920007  25.0
55540.56378249971  0.0  1.0799779535920007  25.0
55545.55012749971  0.0  1.0799779535920007  25.0
55550.536472499705  0.0  1.0799779535920007  25.0
55555.5228174997  0.0  1.0799779535920007  25.0
55560.5091624997  0.0  1.0799779535920007  25.0
55565.4955074997  0.0  1.0799779535920007  25.0
55570.481852499695  0.0  1.0799779535920007  25.0
55575.46819749969  0.0  1.0799779535920007  25.0
55580.45454249969  0.0  1.0799779535920007  25.0
55585.44088749969  0.0  1.0799779535920007  25.0
55590.427232499685  0.0  1.0799779535920007  25.0
55595.41357749968  0.0  1.0799779535920007  25.0
55600.39992249968  0.0  1.0799779535920007  25.0
55605.38626749968  0.0  1.0799779535920007  25.0
55161.6015625  2.2513981529075444  1.9897988407995157  25.0
55182.6015625  0.5987802802510207  0.8452044203633301  25.0
55188.69921875  0.9555421034377232  1.197071029789105  25.0
55203.6015625  0.15880012657596837  0.7666854399980931  25.0
55206.6015625  -0.42656728757748247  0.7589510321337273  25.0
55209.6015625  -1.5720428726337974  0.769720474397237  25.0
55212.6015625  0.7696225775914933  0.6798446709340286  25.0
55215.5  -0.5643180836814771  0.7576782802906236  25.0
55221.5  -0.5751854227507304  0.7700141648144678  25.0
55230.5  -0.694530265532593  1.7261437424550894  25.0
55233.5  -1.2993806145819013  1.187574339368699  25.0
55236.6015625  -0.1863111247402589  0.9464370002402916  25.0
55239.5  -0.5809617544475688  0.900422140277071  25.0
55242.5  0.8530367250334396  0.9615142287460489  25.0
55248.5  0.08967997483855746  0.9386046955701822  25.0
55251.3984375  -2.506046184912938  1.3290454475120428  25.0
55266.5  0.23399033544061237  2.3238470177902752  25.0
55275.5  0.10612782865105287  0.8155394940647521  25.0
55281.30078125  -0.8459875948092791  1.4756075630278014  25.0
55302.3984375  -1.7981029832564475  2.9164592857530462  25.0
55305.30078125  -2.117563462454386  1.3067233885390743  25.0
55320.3984375  -1.8142572166780393  1.3965991920022829  25.0
55326.30078125  -0.44605019913123084  0.7655105849607331  25.0
55329.30078125  -0.030839728816192534  1.0469843491612663  25.0
55332.30078125  0.21861941651762426  0.7865599854590343  25.0
55338.30078125  4.038927720933061  3.0606716911940848  25.0
55350.30078125  1.8675170004769077  1.1812105334689622  25.0
55353.30078125  1.0439493147621224  1.3762351625126235  25.0
55563.6015625  -2.562047266009501  1.2973246416086304  25.0
55572.6015625  0.12208616342166644  1.2173371157888024  25.0
55584.6015625  -2.5612639048266788  1.3159263418580311  25.0
55587.6015625  1.6158059660122597  1.1817980076718606  25.0
55590.6015625  0.2589558182476409  0.8161269682676504  25.0
55593.6015625  0.7065724596392063  0.9451642950814063  25.0
55596.5  0.24074570522121455  0.8212178822716286  25.0
55602.3984375  -0.7706015923331478  0.920688319645205  25.0
55629.3984375  53.44711076052749  0.9074712705012316  25.0
55632.5  68.58393596587358  1.3277727423531573  25.0
55635.3984375  74.05147807539284  1.0799779535920007  25.0
55650.5  60.818394956544076  1.3816199069864876  25.0
55653.5  53.331483288679216  1.4444741379588506  25.0
55662.30078125  37.65481821593033  1.0799779535920007  25.0
55665.30078125  30.579402909506666  1.2053928651721508  25.0
55674.30078125  22.57771594429935  1.1497834646669989  25.0
55677.3984375  19.994424931390828  0.9751228651129968  25.0
55680.30078125  16.120465419348314  1.1154191182189805  25.0
55692.30078125  12.953665000831974  1.1083700813632567  25.0
55710.30078125  8.171450950473842  0.9453600886928936  25.0
55719.30078125  5.866793387241175  0.9737522164641496  25.0
55722.30078125  7.629846793093617  2.904515035136395  25.0
55911.6015625  0.6683899510303135  1.328458066677581  25.0
55928.6015625  0.5651992016173879  0.8323789584423311  25.0
55947.6015625  0.3665522040243393  1.0448304326980333  25.0
55952.6015625  0.3431531868197545  0.8252319780966453  25.0
55955.6015625  0.5077296217504522  1.3474513541499564  25.0
55958.6015625  0.6640821647880659  0.7918467864429364  25.0
55970.6015625  3.5015329861471574  2.147815769587426  25.0
55973.6015625  0.772363874889188  1.6175682018840816  25.0
55977.6015625  1.116202386033366  3.208702305480216  25.0
55981.5  0.6840545603705325  0.8818204400276701  25.0
55984.5  -0.06520399940235617  1.1044539290282018  25.0
56000.5  1.7405355532679863  0.7743219510567154  25.0
56006.5  0.3211247949219078  0.8813309093147337  25.0
56014.3984375  -1.0660755801236035  0.8520576636075667  25.0
56029.3984375  -2.9417186223720697  2.0505971921670443  25.0
56032.30078125  -0.4502600418835165  0.9185344031819721  25.0
56040.30078125  2.3321687598048846  1.1288319609744413  25.0
56043.30078125  0.14166694843904928  0.6518441770699653  25.0
56059.30078125  0.060896224831163207  2.1702357720503564  25.0
56062.30078125  -1.0766491820914077  0.7247825726656327  25.0
56065.30078125  0.0015664625023198554  0.8315957839963821  25.0
56325.5  1.023683228762425  1.5465879291401596  25.0
56328.5  -0.4478124350030527  0.7903781943041271  25.0
56331.6015625  0.6136616684610724  1.0206481943632812  25.0
56332.6015625  0.5991718674739952  0.9170658110431629  25.0
56354.3984375  -0.33610410327981227  1.3480388283528548  25.0
56357.5  -0.6830755456288778  1.0059625530804985  25.0
56360.3984375  2.201956577953769  1.5012583935013628  25.0
56387.30078125  -1.6149249414447853  0.9787452803466025  25.0
56390.30078125  0.32484515364547534  1.6209948235062  25.0
56395.30078125  0.019189164240126465  2.6518251259827474  25.0
56398.3984375  -2.4660034502580426  5.114206067638748  25.0
56401.30078125  -1.9740363813377715  1.215672730038506  25.0
56420.30078125  0.10377813024738727  0.6147385800084706  25.0
56427.30078125  0.8010497397618932  1.1566367079112356  25.0
56430.30078125  -2.545697332344858  1.7892916171604651  25.0
56443.30078125  0.22488525558529002  0.6539980468489799  25.0
