55198.19215492198    2.2524744336646396    0.49868868503234615    25    
55198.69215492198    2.6627652957552326    0.4880568714774074     25    
55199.19215492198    3.1107339234056886    0.4885279891991792     25    
55199.69215492198    3.5983270282885713    0.5609498471391838     25    
55200.19215492198    4.124936912986516     0.6873591127544783     25    
55200.69215492198    4.6925514730379465    0.7726075807905891     25    
55201.19215492198    5.301510643702951     0.7896217967537527     25    
55201.69215492198    5.952319953351853     0.7809535787965949     25    
55202.19215492198    6.64688235685081      0.7803800827003339     25    
55202.69215492198    7.3845935873699045    0.7822889383078052     25    
55203.19215492198    8.16747929372593      0.7835012166466786     25    
55203.69215492198    8.995800474034779     0.7839211353460591     25    
55204.19215492198    9.870144166751565     0.7836465541117912     25    
55204.69215492198    10.792367854642308    0.7826527456960352     25    
55205.19215492198    11.761874132051966    0.780900441190462      25    
55205.69215492198    12.780734437820549    0.7789554032803082     25    
55206.19215492198    13.851128051751832    0.7757468979450506     25    
55206.69215492198    14.969967237194119    0.773600344713416      25    
55207.19215492198    16.138918598337135    0.7773008242136935     25    
55207.69215492198    17.362516754641284    0.7863389727922483     25    
55208.19215492198    18.589974439369634    0.7948529549380456     25    
55208.69215492198    19.824420300660915    0.8007948924825388     25    
55209.19215492198    21.037737161057212    0.8059446735172915     25    
55209.69215492198    22.17348174111943     0.8111479471074016     25    
55210.19215492198    23.249168152605915    0.8163150111929178     25    
55210.69215492198    24.207405743091982    0.8196915145435305     25    
55211.19215492198    25.025061394923643    0.8196651956384765     25    
55211.69215492198    25.724244136476976    0.8187621213867052     25    
55212.19215492198    26.310126665947255    0.8202035989055695     25    
55212.69215492198    26.778474762157845    0.8231869105484253     25    
55213.19215492198    27.17659469938316     0.8271915309464734     25    
55213.69215492198    27.50536201553407     0.8335159183411915     25    
55214.19215492198    27.78094621930461     0.8392262329104897     25    
55214.69215492198    28.04081498302032     0.8452681393045839     25    
55215.19215492198    28.27512131787966     0.8530571400556719     25    
55215.69215492198    28.483410955106077    0.8244395185063406     25    
55216.19215492198    28.672171689209012    0.7158505325114378     25    
55216.69215492198    28.827746758046242    0.5755601317297305     25    
55217.19215492198    28.935257260323507    0.5174327156338957     25    
55217.69215492198    28.999373472302274    0.5360398979756946     25    
55218.19215492198    29.002228615244114    0.5528639759997808     25    
55218.69215492198    28.937591058743287    0.5517612644006498     25    
55219.19215492198    28.813840831415753    0.5487660062352592     25    
55219.69215492198    28.63330651207809     0.5447910442766791     25    
55220.19215492198    28.39506139976495     0.5394940185577172     25    
55220.69215492198    28.120737142912606    0.5370692143699675     25    
55221.19215492198    27.80873934295424     0.540036642905643      25    
55221.69215492198    27.46902665238485     0.5436635978090371     25    
55222.19215492198    27.117460262563558    0.5407293227543428     25    
55222.69215492198    26.74909749431534     0.5335636175394374     25    
55223.19215492198    26.370072456610202    0.5405940970264096     25    
55223.69215492198    25.982374106885093    0.5713903350142553     25    
55224.19215492198    25.58272871741717     0.6030951541760452     25    
55224.69215492198    25.16937797447863     0.6166247006921161     25    
55225.19215492198    24.74284083539132     0.6197257453524293     25    
55225.69215492198    24.3004853543973      0.6199552237512501     25    
55226.19215492198    23.841359080133472    0.6178181152204109     25    
55226.69215492198    23.36738519161429     0.6133551042764449     25    
55227.19215492198    22.879147649913243    0.6069969481484677     25    
55227.69215492198    22.376675217950538    0.5987435197359213     25    
55228.19215492198    21.865307410969866    0.5941161114872036     25    
55228.69215492198    21.344213911986504    0.5953898965663161     25    
55229.19215492198    20.816562098561725    0.5975459786259304     25    
55229.69215492198    20.285474389044733    0.5985697425297501     25    
55230.19215492198    19.75015251917381     0.5985057340302319     25    
55230.69215492198    19.216091837776908    0.5848786667113051     25    
55231.19215492198    18.68230948620535     0.5469678253637852     25    
55231.69215492198    18.152313831373107    0.5083033660780122     25    
55232.19215492198    17.62930195131543     0.4988032235075103     25    
55232.69215492198    17.11249481184121     0.5075503124556278     25    
55233.19215492198    16.60746074431846     0.5125078984883854     25    
55233.69215492198    16.114186723998035    0.5121076370329982     25    
55234.19215492198    15.633135359519743    0.5098409103916223     25    
55234.69215492198    15.165921996822147    0.504576594032063      25    
55235.19215492198    14.711706708572523    0.4972902422958684     25    
55235.69215492198    14.268588797271198    0.49463870397573373    25    
55236.19215492198    13.836962294318122    0.49856743257366826    25    
55236.69215492198    13.415532458115674    0.5032311844521457     25    
55237.19215492198    13.002925442569401    0.5048105827461129     25    
55237.69215492198    12.599729951536583    0.5048055954788715     25    
55238.19215492198    12.205974233365088    0.5025974768252396     25    
55238.69215492198    11.821102165207295    0.5004534758930146     25    
55239.19215492198    11.44698331505348     0.49057914594337004    25    
55239.69215492198    11.084651489155533    0.4595275764380584     25    
55240.19215492198    10.73397025816102     0.4135084582686026     25    
55240.69215492198    10.397260171249863    0.3857101123152258     25    
55241.19215492198    10.07465571988127     0.3859043957789353     25    
55241.69215492198    9.76544489612456      0.3911170538531386     25    
55242.19215492198    9.47014298190814      0.38546451051575187    25    
55242.69215492198    9.187929268616083     0.37718780470948504    25    
55243.19215492198    8.915257294156783     0.3743696042056503     25    
55243.69215492198    8.653028841599113     0.3782922158245372     25    
55244.19215492198    8.398430122925607     0.3831499535724221     25    
55244.69215492198    8.14940528465831      0.38643360448193725    25    
55245.19215492198    7.906675353048605     0.388703918534169      25    
55245.69215492198    7.668725590322126     0.38659606617670794    25    
55246.19215492198    7.435221683692377     0.3810612499477148     25    
55246.69215492198    7.207903946458062     0.3685608087189256     25    
55247.19215492198    6.987365927232222     0.3400172284564287     25    
55247.69215492198    6.773703427177918     0.3009371826738937     25    
55248.19215492198    6.568832400988723     0.2786204242239657     25    
55248.69215492198    6.372524108261365     0.279635536566401      25    
55249.19215492198    6.185112867048983     0.28361554577404235    25    
55249.69215492198    6.0072853211807224    0.2780555925820689     25    
55250.19215492198    5.838399199778549     0.2704099667573023     25    
55250.69215492198    5.67722778600216      0.2667396754141922     25    
55251.19215492198    5.524145777724882     0.2672278087571206     25    
55251.69215492198    5.377946649215851     0.26906319119724925    25    
55252.19215492198    5.238065169384869     0.27196272483653483    25    
55252.69215492198    5.104567961965497     0.2750855620379773     25    
55253.19215492198    4.976500057830854     0.27516790636512806    25    
55253.69215492198    4.8539722563417       0.2740175194202152     25    
55254.19215492198    4.736968854520476     0.2641743529124377     25    
55254.69215492198    4.6254357720423       0.23212635832691658    25    
55255.19215492198    4.519389296035827     0.1850574667463351     25    
55255.69215492198    4.418806745854952     0.15876764227416282    25    
55256.19215492198    4.323749121694667     0.16312451775310519    25    
55256.69215492198    4.233893609024974     0.17028163077565167    25    
55257.19215492198    4.149310157204717     0.16683648227643313    25    
55257.69215492198    4.069706978731994     0.16151922109555167    25    
55258.19215492198    3.994292719261614     0.15829358549453626    25    
55258.69215492198    3.9233195431616816    0.15674819240262314    25    
55259.19215492198    3.855949537200037     0.15653814860235052    25    
55259.69215492198    3.7919590673310686    0.15861077162459067    25    
55260.19215492198    3.7312398757345777    0.1613347780720925     25    
55260.69215492198    3.673062988242749     0.16126442553153175    25    
55261.19215492198    3.61760411209004      0.15857678161712527    25    
55261.69215492198    3.5644732107828103    0.15587222092255557    25    
55262.19215492198    3.5135864351931514    0.15488405687052256    25    
55262.69215492198    3.464858230496384     0.1538462047012523     25    
55263.19215492198    3.417916107581566     0.15003428320696377    25    
55263.69215492198    3.372868585386936     0.14306914993493317    25    
55264.19215492198    3.3293943454787107    0.13797591045026508    25    
55264.69215492198    3.287403722973867     0.13849375591939647    25    
55265.19215492198    3.2468881482069163    0.14083877574159753    25    
55265.69215492198    3.207681869664409     0.1404999085638731     25    
55266.19215492198    3.1698351342039626    0.13819527864098413    25    
55266.69215492198    3.1331912418557772    0.1352849870613296     25    
55267.19215492198    3.097735858531872     0.13184465897932793    25    
55267.69215492198    3.0634177136923433    0.12812986985778768    25    
55268.19215492198    3.03009742189364      0.12511501539508824    25    
55268.69215492198    2.9978201858294584    0.12262788843499235    25    
55269.19215492198    2.966425081334737     0.12078358358295452    25    
55269.69215492198    2.935903325026086     0.12008150784478216    25    
55270.19215492198    2.906197634826268     0.11969356658028094    25    
55270.69215492198    2.877172388327699     0.1180391841135684     25    
55271.19215492198    2.848871734522224     0.11523279104031368    25    
55271.69215492198    2.821132632779759     0.11384386801377898    25    
55272.19215492198    2.793951586348815     0.11364462398003809    25    
55272.69215492198    2.7672654336511493    0.11620691442758461    25    
55273.19215492198    2.740942447351503     0.12279429401188421    25    