55668.3995062676    3.178387051845883     0.5090485014992238     25    
55668.8995062676    3.694295545742157     0.506819216578765      25    
55669.3995062676    4.249740986634405     0.507007973703558      25    
55669.8995062676    4.845202517542928     0.5280291400269568     25    
55670.3995062676    5.480526445857005     0.5753109107193392     25    
55670.8995062676    6.156052815342406     0.6181365566211379     25    
55671.3995062676    6.872082572384896     0.6341361878857193     25    
55671.8995062676    7.62848245113731      0.6340229151610328     25    
55672.3995062676    8.4257485090893       0.6328778061920944     25    
55672.8995062676    9.263889966677041     0.6352507423713142     25    
55673.3995062676    10.143026311888308    0.6374506220974908     25    
55673.8995062676    11.063614504832788    0.6393841108737862     25    
55674.3995062676    12.025487450724569    0.6410685938910451     25    
55674.8995062676    13.029020778415216    0.6425948224171262     25    
55675.3995062676    14.07447282461637     0.6439581172024108     25    
55675.8995062676    15.161737774832725    0.6451991726908288     25    
55676.3995062676    16.29136305215259     0.646682489738769      25    
55676.8995062676    17.465317244323753    0.6470740598233937     25    
55677.3995062676    18.680128032435878    0.6489394070509558     25    
55677.8995062676    19.934593493130496    0.6571272086725667     25    
55678.3995062676    21.23883234547613     0.672156246827983      25    
55678.8995062676    22.54946781938013     0.686780147901993      25    
55679.3995062676    23.850148536152727    0.6961423958605569     25    
55679.8995062676    25.144510291973397    0.7030076078331818     25    
55680.3995062676    26.36573530452        0.7094629436678004     25    
55680.8995062676    27.521228938604505    0.7160528587200525     25    
55681.3995062676    28.587879305200573    0.7217876542221131     25    
55681.8995062676    29.512713417011547    0.7256052495989284     25    
55682.3995062676    30.305460912175363    0.7273036027772037     25    
55682.8995062676    30.98221284913379     0.7292133327665428     25    
55683.3995062676    31.538777671772827    0.7327641092535075     25    
55683.8995062676    31.98293974060797     0.7370362121201456     25    
55684.3995062676    32.359417593851354    0.7416659478152507     25    
55684.8995062676    32.65965966730888     0.7475495590578557     25    
55685.3995062676    32.90420406853399     0.7525349726485852     25    
55685.8995062676    33.127581141800995    0.7564083551828902     25    
55686.3995062676    33.31989252957189     0.7614812761650956     25    
55686.8995062676    33.480509884684665    0.7500721840320598     25    
55687.3995062676    33.6154163332887      0.6992624712394404     25    
55687.8995062676    33.71763915179555     0.6247444349893462     25    
55688.3995062676    33.76918212743754     0.5787495113243875     25    
55688.8995062676    33.774496156925466    0.578458557862544      25    
55689.3995062676    33.72383940976562     0.5915265934689506     25    
55689.8995062676    33.60307714086309     0.592461305958839      25    
55690.3995062676    33.41659307234989     0.5897910133517318     25    
55690.8995062676    33.170166057980396    0.5864262838292904     25    
55691.3995062676    32.860517724671084    0.5822585098707225     25    
55691.8995062676    32.49393776465344     0.5778783011636511     25    
55692.3995062676    32.08716429782679     0.5758460784314064     25    
55692.8995062676    31.63478451961744     0.5770861907886726     25    
55693.3995062676    31.148687057655998    0.5780871389151874     25    
55693.8995062676    30.64015538890366     0.574496349235354      25    
55694.3995062676    30.104465996178988    0.5677645992587187     25    
55694.8995062676    29.551965556688582    0.5666128336785041     25    
55695.3995062676    28.984064338016353    0.577113636135798      25    
55695.8995062676    28.401174978904557    0.5910781895461429     25    
55696.3995062676    27.808888226757414    0.5980318521431802     25    
55696.8995062676    27.205201499748384    0.5987265423388584     25    
55697.3995062676    26.594524668386853    0.5969195269696544     25    
55697.8995062676    25.980486570431555    0.5943772406395152     25    
55698.3995062676    25.361508792113167    0.5903040165252361     25    
55698.8995062676    24.739889222354694    0.5854364280981055     25    
55699.3995062676    24.1162721204141      0.5789601667649464     25    
55699.8995062676    23.489907185244707    0.5724792858986272     25    
55700.3995062676    22.860503785456125    0.569240483657656      25    
55700.8995062676    22.22813865463262     0.5694339781715959     25    
55701.3995062676    21.592721334741476    0.5695377702081991     25    
55701.8995062676    20.95320123242016     0.5702816486725084     25    
55702.3995062676    20.310450580264924    0.570275956547822      25    
55702.8995062676    19.66875466206768     0.5555324309018665     25    
55703.3995062676    19.026213496348127    0.512382246746155      25    
55703.8995062676    18.38724303104889     0.46102206244509997    25    
55704.3995062676    17.75811120053741     0.4367160217957059     25    
55704.8995062676    17.136112129092066    0.4387089644827674     25    
55705.3995062676    16.528142114692606    0.44460978842243926    25    
55705.8995062676    15.937598140475489    0.44307878770852616    25    
55706.3995062676    15.363044365484587    0.440587310876295      25    
55706.8995062676    14.808472515480494    0.43675787749603306    25    
55707.3995062676    14.274130086660158    0.43035206242604246    25    
55707.8995062676    13.759397116029481    0.4241613502622553     25    
55708.3995062676    13.264417227316189    0.42195402715470937    25    
55708.8995062676    12.78915554570122     0.42305891339752755    25    
55709.3995062676    12.33354390087951     0.4241060934892029     25    
55709.8995062676    11.898073594731597    0.4238071909329288     25    
55710.3995062676    11.482083107602316    0.42284445435981993    25    
55710.8995062676    11.08382784584529     0.4207064307790571     25    
55711.3995062676    10.704383196237744    0.4193383693880393     25    
55711.8995062676    10.34105989720475     0.413400074089216      25    
55712.3995062676    9.991407336806644     0.3938482962991168     25    
55712.8995062676    9.656531169915906     0.36045949092960805    25    
55713.3995062676    9.332762975350697     0.33330881673240526    25    
55713.8995062676    9.01899764865236      0.3276113519035557     25    
55714.3995062676    8.715770724997851     0.33171736693344384    25    
55714.8995062676    8.421779368349641     0.33133232466581464    25    
55715.3995062676    8.136613787204146     0.326271318315118      25    
55715.8995062676    7.862020637325156     0.32180238306471254    25    
55716.3995062676    7.599042256765979     0.3215596663425243     25    
55716.8995062676    7.347223856114509     0.3241598455576654     25    
55717.3995062676    7.108548224588382     0.32629954632360697    25    
55717.8995062676    6.883872585937344     0.3275760995407622     25    
55718.3995062676    6.6722388835654804    0.3279440739114425     25    
55718.8995062676    6.47319009529384      0.3260121742821638     25    
55719.3995062676    6.287827704361055     0.3222928462317189     25    
55719.8995062676    6.112193800377415     0.31540404675187533    25    
55720.3995062676    5.9441377989027275    0.30170312635992647    25    
55720.8995062676    5.784484985028778     0.28230877966519097    25    
55721.3995062676    5.628393009303076     0.2688879357885123     25    
55721.8995062676    5.475406350273435     0.26811668856976467    25    
55722.3995062676    5.325548419243614     0.27166951789842775    25    
55722.8995062676    5.176905376632524     0.2703795993905384     25    
55723.3995062676    5.029315833471502     0.26517515174360595    25    
55723.8995062676    4.885427891218131     0.26033446277879513    25    
55724.3995062676    4.746193692374588     0.2584638997809996     25    
55724.8995062676    4.611382233829201     0.2582021604629131     25    
55725.3995062676    4.484065943655575     0.25862560210668234    25    
55725.8995062676    4.364363163263466     0.26035393971969556    25    
55726.3995062676    4.252275054925229     0.2619630330666787     25    
55726.8995062676    4.148920859236782     0.2623680480733554     25    
55727.3995062676    4.054416630852676     0.26311760315604354    25    
55727.8995062676    3.966221212842998     0.25617651067701425    25    
55728.3995062676    3.8836860609792785    0.2296652993952122     25    
55728.8995062676    3.8067821049890704    0.18778666945948658    25    
55729.3995062676    3.7325951398477395    0.1576799401639782     25    
55729.8995062676    3.6614562312227403    0.15539529973246213    25    
55730.3995062676    3.5926457138252337    0.16253376096056865    25    
55730.8995062676    3.524658598263867     0.1621069336553782     25    
55731.3995062676    3.4578837290294993    0.15897626216026264    25    
55731.8995062676    3.3930139737599423    0.156565527941088      25    
55732.3995062676    3.3300848154154243    0.1561636041412408     25    
55732.8995062676    3.2692366864325257    0.15686348441690473    25    
55733.3995062676    3.2113141663526625    0.15823349345932328    25    
55733.8995062676    3.1562130010018117    0.16091343231755567    25    
55734.3995062676    3.1040770781124096    0.1630994499656466     25    
55734.8995062676    3.0552997185916015    0.16276368971081412    25    
55735.3995062676    3.0097816268521123    0.16055107989274547    25    
55735.8995062676    2.966782861490534     0.15805002549496358    25    
55736.3995062676    2.9262984514328956    0.15688729908673787    25    
55736.8995062676    2.888130351971895     0.15502600714569803    25    
55737.3995062676    2.8514758618809837    0.14834468887846086    25    
55737.8995062676    2.8165521783441085    0.13402648209178197    25    
55738.3995062676    2.782942293117814     0.11932754702821506    25    
55738.8995062676    2.750200415772446     0.11414172583035112    25    
55739.3995062676    2.7185121593880712    0.1159103357055227     25    
55739.8995062676    2.6878062237551714    0.117313660035511      25    
55740.3995062676    2.6580603582349203    0.11629770268074471    25    
55740.8995062676    2.629292572476798     0.11483975302808089    25    
55741.3995062676    2.6014964264863187    0.11337992816177986    25    
55741.8995062676    2.574674412125644     0.1117555917914196     25    
55742.3995062676    2.5488208073241605    0.11031028787847022    25    
55742.8995062676    2.5239322222874914    0.10937323065712865    25    
55743.3995062676    2.5000099303599574    0.10880250860653753    25    
55743.8995062676    2.477046544064266     0.1085204755836523     25    
55744.3995062676    2.455042951212991     0.10774379669245694    25    
55744.8995062676    2.4339962529921633    0.10798929460720183    25    
55745.3995062676    2.4139004109851876    0.1118510069354207     25    
55745.8995062676    2.3947579533171184    0.11925199165089383    25    
55746.3995062676    2.376562720076557     0.12589139808402997    25    
55746.8995062676    2.3593120198654707    0.12840878381832802    25    
55747.3995062676    2.343006568654171     0.12946044623609704    25    
55747.8995062676    2.3276389937391393    0.13436753366882076    25    