55689.74174097363    0.27271497343296386    0.11660398526042114     25    
55690.24174097363    0.31849008181848176    0.11369554528576514     25    
55690.74174097363    0.3683955933474856     0.1117176564544444      25    
55691.24174097363    0.42284344947300984    0.12477255706684157     25    
55691.74174097363    0.4817515118426945     0.15779660346278623     25    
55692.24174097363    0.545254250735704      0.18956649809822895     25    
55692.74174097363    0.6137355298412024     0.20566280503493137     25    
55693.24174097363    0.6870470231368703     0.20798081050617803     25    
55693.74174097363    0.7654174663357032     0.2056644163393904      25    
55694.24174097363    0.8491839268537421     0.20557983148147518     25    
55694.74174097363    0.9381693280172133     0.20636551474565032     25    
55695.24174097363    1.0326779524636869     0.20711192778553006     25    
55695.74174097363    1.1329813528268362     0.20779079425158528     25    
55696.24174097363    1.2389111387999243     0.2084400702939057      25    
55696.74174097363    1.3508284214358564     0.2090956331825743      25    
55697.24174097363    1.4689205200766882     0.20976242602140768     25    
55697.74174097363    1.593065167801212      0.21046562250952644     25    
55698.24174097363    1.7236615855684156     0.21135828057765174     25    
55698.74174097363    1.8611042517109762     0.21303899733939202     25    
55699.24174097363    2.0050760742139127     0.2150130532720488      25    
55699.74174097363    2.1548764481081153     0.21544761062056808     25    
55700.24174097363    2.3131477672109457     0.21249039877536297     25    
55700.74174097363    2.4762024718129236     0.20859321778759202     25    
55701.24174097363    2.636008498161275      0.20804212085426488     25    
55701.74174097363    2.7960394232634442     0.21205677723698377     25    
55702.24174097363    2.9505860559389707     0.21772013344722563     25    
55702.74174097363    3.089382324056002      0.22233468888410104     25    
55703.24174097363    3.21656931325754       0.22632153493636048     25    
55703.74174097363    3.3260603468543923     0.22973055928657218     25    
55704.24174097363    3.409031136877473      0.23206501472677935     25    
55704.74174097363    3.4671593190891334     0.23321988658933682     25    
55705.24174097363    3.5044108165625945     0.2340590121721551      25    
55705.74174097363    3.5216738514070234     0.23529039901818302     25    
55706.24174097363    3.5173968900011974     0.23661379391368392     25    
55706.74174097363    3.5007982206179764     0.2378592700212544      25    
55707.24174097363    3.4754063436881437     0.23922595499542285     25    
55707.74174097363    3.4390380844560213     0.2406194335036977      25    
55708.24174097363    3.4005005062200153     0.24089511821849047     25    
55708.74174097363    3.362850311340134      0.24048865741056316     25    
55709.24174097363    3.323636370521593      0.23875297888099364     25    
55709.74174097363    3.2839755426664654     0.2325710592347867      25    
55710.24174097363    3.2451170410523438     0.2175147411556219      25    
55710.74174097363    3.205092883568945      0.1985947815947621      25    
55711.24174097363    3.1610310115485443     0.18669052423323157     25    
55711.74174097363    3.1138852926449228     0.18538800058007693     25    
55712.24174097363    3.062265780328831      0.1878118030035729      25    
55712.74174097363    3.0036059568222124     0.18739708729174        25    
55713.24174097363    2.9380123134710177     0.18530787164401605     25    
55713.74174097363    2.867013150538632      0.18266551519305532     25    
55714.24174097363    2.7912276423792344     0.17956812228857413     25    
55714.74174097363    2.70974753772998       0.17574082906532562     25    
55715.24174097363    2.6261094408642554     0.17230851014913953     25    
55715.74174097363    2.542187925132211      0.17044420559052828     25    
55716.24174097363    2.456778936132281      0.1697307366419417      25    
55716.74174097363    2.3734090528126544     0.16881678228531982     25    
55717.24174097363    2.2937464675258594     0.1676682078891581      25    
55717.74174097363    2.2166561641347022     0.16616893854114823     25    
55718.24174097363    2.1426885695891844     0.16169869113040058     25    
55718.74174097363    2.0725152349289866     0.1507764706816391      25    
55719.24174097363    2.0052838911565525     0.1363041857766465      25    
55719.74174097363    1.9394931702475775     0.12605945002378843     25    
55720.24174097363    1.875538176334137      0.1236784924350908      25    
55720.74174097363    1.8128161437288746     0.12455171659305019     25    
55721.24174097363    1.7499323212198334     0.12378254523059261     25    
55721.74174097363    1.6870069559016083     0.12175353302350933     25    
55722.24174097363    1.6243196656970318     0.11944184010084624     25    
55722.74174097363    1.5618025979002057     0.11694264422841132     25    
55723.24174097363    1.4991906867271494     0.1138919856367346      25    
55723.74174097363    1.437574140221665      0.11147871352916981     25    
55724.24174097363    1.3776788585391282     0.11113699504940706     25    
55724.74174097363    1.3190448167866713     0.11255428305155685     25    
55725.24174097363    1.262763485079365      0.11384813884350461     25    
55725.74174097363    1.2095420761900353     0.11442035026429972     25    
55726.24174097363    1.1589636425100873     0.11464907451500805     25    
55726.74174097363    1.1110254250827867     0.11237338586495645     25    
55727.24174097363    1.0660311551299788     0.10468615931649417     25    
55727.74174097363    1.023648870684164      0.09332927420850486     25    
55728.24174097363    0.9828940458798532     0.08459845079257895     25    
55728.74174097363    0.9439294189945857     0.08220906639315419     25    
55729.24174097363    0.9064752289449298     0.08271970330800955     25    
55729.74174097363    0.8695858072819489     0.08230076421101264     25    
55730.24174097363    0.8333288818554826     0.0811070609798505      25    
55730.74174097363    0.7977596522081482     0.07956464751088102     25    
55731.24174097363    0.7626711918969918     0.07712254545690574     25    
55731.74174097363    0.7279427059641457     0.07330577381553928     25    
55732.24174097363    0.6940775573398106     0.06953090916946383     25    
55732.74174097363    0.6614676272990846     0.06753120828090775     25    
55733.24174097363    0.6298716864312625     0.06706226022741589     25    
55733.74174097363    0.5997934388250404     0.06706652115575823     25    
55734.24174097363    0.5716118738039851     0.06695818055381036     25    
55734.74174097363    0.5451300581323604     0.06706780142133764     25    
55735.24174097363    0.5204395043950419     0.06682955053726528     25    
55735.74174097363    0.4977012546599087     0.06608248251250573     25    
55736.24174097363    0.47679141188716984    0.06489762153075082     25    
55736.74174097363    0.45731055589600555    0.06264982793652941     25    
55737.24174097363    0.43928116793226235    0.058069387900149455    25    
55737.74174097363    0.4226365505985401     0.052193091128782995    25    
55738.24174097363    0.4069673208612828     0.04822656515880599     25    
55738.74174097363    0.3923604582055198     0.04804066095605647     25    
55739.24174097363    0.37868608662185843    0.04909410315430987     25    
55739.74174097363    0.36562123530071994    0.04843550089063047     25    
55740.24174097363    0.35328283081992473    0.045763462796917516    25    
55740.74174097363    0.34150745928235504    0.0426527342561867      25    
55741.24174097363    0.3300759587314001     0.04073075904018094     25    
55741.74174097363    0.31910806177835216    0.03986717202165092     25    
55742.24174097363    0.3083918329948602     0.03939719734550975     25    
55742.74174097363    0.29771491617336987    0.03892731902483879     25    
55743.24174097363    0.28715937441217704    0.0386829967612535      25    
55743.74174097363    0.27677623283172964    0.038293780986906445    25    
55744.24174097363    0.26648587250282263    0.03722710392398906     25    
55744.74174097363    0.25632384901032323    0.03572129946100217     25    
55745.24174097363    0.24674275106661858    0.034996047653112705    25    
55745.74174097363    0.237788730725671      0.03592282285758188     25    
55746.24174097363    0.2294635282801932     0.037666991501617626    25    
55746.74174097363    0.22224443060561816    0.03912750811942577     25    
55747.24174097363    0.2162328816572557     0.040418162152184       25    
55747.74174097363    0.2112929453289165     0.04140782323734754     25    
55748.24174097363    0.2074240865502926     0.041354455603031456    25    
55748.74174097363    0.2048841918408612     0.039741441966142294    25    
55749.24174097363    0.20314129256032434    0.037679306586714874    25    
55749.74174097363    0.20155066910565003    0.0366993686808959      25    
55750.24174097363    0.20045027390719486    0.036763343389993465    25    
55750.74174097363    0.19925738962411962    0.03725261170166095     25    
55751.24174097363    0.1973299344530581     0.03787207824468924     25    
55751.74174097363    0.19493095323168866    0.03887852369773192     25    
55752.24174097363    0.19186768052502373    0.0394546150586339      25    
55752.74174097363    0.18782597497684417    0.03892859937932972     25    
55753.24174097363    0.18290432871600437    0.037584498358969515    25    
55753.74174097363    0.17774213571120115    0.035748146391198436    25    
55754.24174097363    0.1724857677213474     0.03316576410410279     25    
55754.74174097363    0.16705900692253492    0.029841239378154666    25    
55755.24174097363    0.16219276251641582    0.027389209409388656    25    
55755.74174097363    0.1580132191108091     0.027061368350681615    25    
55756.24174097363    0.1544318949254987     0.027847767956653825    25    
55756.74174097363    0.1517586984566888     0.028387528004025688    25    
55757.24174097363    0.150199213943271      0.028353862395850086    25    
55757.74174097363    0.1493791098526645     0.028424518333242586    25    
55758.24174097363    0.14885094742575253    0.029222188279814845    25    
55758.74174097363    0.1488338115343511     0.030895060932944727    25    
55759.24174097363    0.14896006685188243    0.03266427600905326     25    
55759.74174097363    0.14874540921940108    0.03393909105695064     25    
55760.24174097363    0.14838411893715306    0.03503892045304852     25    
55760.74174097363    0.14765822113821656    0.035589266190450684    25    
55761.24174097363    0.14628395937051722    0.035001130277975585    25    
55761.74174097363    0.14433797820519262    0.033282306333889206    25    
55762.24174097363    0.14208181404204492    0.03169950811782761     25    
55762.74174097363    0.13960086709328545    0.031159060462618612    25    
55763.24174097363    0.1368367346350572     0.03121146688840759     25    
55763.74174097363    0.1341149477466576     0.03198173474584149     25    
55764.24174097363    0.13151153289837703    0.03383090714437272     25    
55764.74174097363    0.12898455713180962    0.03619988758048705     25    
55765.24174097363    0.12676013015192758    0.0379316356619008      25    
55765.74174097363    0.12489677451581457    0.038990943549182526    25    
55766.24174097363    0.12331851866822809    0.03958133616902032     25    
55766.74174097363    0.12199501474269532    0.03947819049066972     25    
55767.24174097363    0.1209496671336433     0.03853966086833644     25    
55767.74174097363    0.12014027356867575    0.03705007867634917     25    
55768.24174097363    0.11950650216051088    0.035320622894608654    25    
55768.74174097363    0.11907790639622204    0.03311180981935657     25    
55769.24174097363    0.11880578937121675    0.030680361972645738    25    
55769.74174097363    0.11864011266739805    0.028407249724306142    25    
55770.24174097363    0.11861078580230987    0.026124783691922605    25    
55770.74174097363    0.11865846237170435    0.024061107258612498    25    
55771.24174097363    0.11874660170090202    0.022477256240646778    25    
55771.74174097363    0.11889906078945219    0.021363577460818118    25    
55772.24174097363    0.11904904800768355    0.020976048198284147    25    
55772.74174097363    0.11917672469856795    0.021218618942481886    25    
55773.24174097363    0.1192934867951938     0.022177568396953437    25    
55773.74174097363    0.11932835161024336    0.024603661498748913    25    
55774.24174097363    0.11928123709794096    0.027536033152767925    25    
55774.74174097363    0.11914481925707998    0.03154857693207288     25    
55775.24174097363    0.11884919642711678    0.038109984998533374    25    