55689.74174097363    0.814200028250221     0.2263482207896511      25    
55690.24174097363    0.9385126263828014    0.21819978168964807     25    
55690.74174097363    1.0720308083414058    0.2115532299687617      25    
55691.24174097363    1.2150101208346966    0.23810469658221542     25    
55691.74174097363    1.367399609569422     0.3083934035774046      25    
55692.24174097363    1.5292826928007734    0.3756006397819761      25    
55692.74174097363    1.7008974992764632    0.4092521092884752      25    
55693.24174097363    1.8821520153704372    0.41331583668331745     25    
55693.74174097363    2.073188136631642     0.4072684831727809      25    
55694.24174097363    2.2742149618728593    0.406049149686204       25    
55694.74174097363    2.4851226420831956    0.40666461754206407     25    
55695.24174097363    2.7060999381313593    0.40715352765826335     25    
55695.74174097363    2.937315306921244     0.40747794273356364     25    
55696.24174097363    3.178664288005038     0.40765439661201436     25    
55696.74174097363    3.4303708955972687    0.40769644148181566     25    
55697.24174097363    3.692551332718962     0.4075898566688121      25    
55697.74174097363    3.965129751433324     0.40734025282907244     25    
55698.24174097363    4.248353807326716     0.4070582836499319      25    
55698.74174097363    4.542699340668139     0.408111469228107       25    
55699.24174097363    4.847762162553214     0.40928603699804433     25    
55699.74174097363    5.162274999868179     0.40575425689128913     25    
55700.24174097363    5.489869735802985     0.39256446234611575     25    
55700.74174097363    5.825453625518004     0.37531010606174986     25    
55701.24174097363    6.157758627894188     0.36493629163244884     25    
55701.74174097363    6.491616016166584     0.3648426480669411      25    
55702.24174097363    6.819094469124045     0.3688281361880134      25    
55702.74174097363    7.125914750891056     0.37120336490901173     25    
55703.24174097363    7.417916762882986     0.3727357975652883      25    
55703.74174097363    7.686427112908178     0.37402268621303764     25    
55704.24174097363    7.919188662351458     0.37467419382079836     25    
55704.74174097363    8.119022590883874     0.3746232289580152      25    
55705.24174097363    8.28949043600392      0.3745618685963758      25    
55705.74174097363    8.43072868086202      0.375046254418977       25    
55706.24174097363    8.541432200140111     0.3758323578194733      25    
55706.74174097363    8.631500534098329     0.376826286953326       25    
55707.24174097363    8.704710621550447     0.37822735104967714     25    
55707.74174097363    8.758725826705364     0.37991411193469116     25    
55708.24174097363    8.802934111496628     0.38089498848545333     25    
55708.74174097363    8.840686603685333     0.3841443999041428      25    
55709.24174097363    8.869265454460427     0.3861788477521791      25    
55709.74174097363    8.889562540567633     0.37583125818329277     25    
55710.24174097363    8.903020416626303     0.34084488874925767     25    
55710.74174097363    8.907360443413545     0.2933618067802601      25    
55711.24174097363    8.899088805425041     0.2625494003116288      25    
55711.74174097363    8.879361403745165     0.2598959475007559      25    
55712.24174097363    8.846497032488372     0.2678807377121113      25    
55712.74174097363    8.797377222009588     0.27001236766307274     25    
55713.24174097363    8.732102524554161     0.26944028957443283     25    
55713.74174097363    8.652619327660833     0.26853919336686216     25    
55714.24174097363    8.559743865005506     0.2674608369038648      25    
55714.74174097363    8.452320792773248     0.26601554527614746     25    
55715.24174097363    8.334794536489557     0.26489752496110885     25    
55715.74174097363    8.209501878659395     0.26485881272046286     25    
55716.24174097363    8.074932231224164     0.2656010649611279      25    
55716.74174097363    7.935621191627522     0.2659989694683383      25    
55717.24174097363    7.7933484322070905    0.26739374832479323     25    
55717.74174097363    7.646967830631664     0.2685434884705822      25    
55718.24174097363    7.498545000511304     0.26233768424232745     25    
55718.74174097363    7.348563426419289     0.2404718371770365      25    
55719.24174097363    7.196555309884105     0.2094809256307909      25    
55719.74174097363    7.042783608100205     0.18767204120603032     25    
55720.24174097363    6.887182898999838     0.18428315040954346     25    
55720.74174097363    6.7298518467140696    0.18863788045264512     25    
55721.24174097363    6.571001276418417     0.18976953280292935     25    
55721.74174097363    6.410488268773455     0.18884359389595365     25    
55722.24174097363    6.248585641407442     0.18757907133502086     25    
55722.74174097363    6.085582353601721     0.1858627582332834      25    
55723.24174097363    5.921284720784523     0.18346993071976406     25    
55723.74174097363    5.756108743294881     0.1813211135006756      25    
55724.24174097363    5.590342229008255     0.180388813895788       25    
55724.74174097363    5.423791182606812     0.1804097638616456      25    
55725.24174097363    5.2569745324936035    0.18042645389825762     25    
55725.74174097363    5.0898873490954255    0.1810825323160874      25    
55726.24174097363    4.922511208387449     0.18207145544670844     25    
55726.74174097363    4.756299858484984     0.17821242856725        25    
55727.24174097363    4.591161811245635     0.1632972584898864      25    
55727.74174097363    4.427363072992643     0.14068060460048362     25    
55728.24174097363    4.267118003035086     0.1231421450445523      25    
55728.74174097363    4.110075628606949     0.11922079903352699     25    
55729.24174097363    3.956841786909032     0.12182127951249401     25    
55729.74174097363    3.809500333875467     0.1227815014357081      25    
55730.24174097363    3.667889720169926     0.12231096796665838     25    
55730.74174097363    3.531914283365465     0.12171532224549936     25    
55731.24174097363    3.402058233964739     0.12062912866764802     25    
55731.74174097363    3.2785633112254144    0.11884462085904343     25    
55732.24174097363    3.160374824453125     0.1171593302865285      25    
55732.74174097363    3.046679273834367     0.11644688981816588     25    
55733.24174097363    2.9379807125027564    0.11655531141011116     25    
55733.74174097363    2.833217215661907     0.11678852725310553     25    
55734.24174097363    2.731656103722964     0.11674730185438416     25    
55734.74174097363    2.633704794294261     0.11665311843347813     25    
55735.24174097363    2.5388434773181072    0.11619643279228037     25    
55735.74174097363    2.446745883835058     0.11609708910043608     25    
55736.24174097363    2.3576391190594346    0.11574017021094099     25    
55736.74174097363    2.2716744087009366    0.11162763027287693     25    
55737.24174097363    2.1888368628787203    0.09907977651666974     25    
55737.74174097363    2.109159844322662     0.08066545304962831     25    
55738.24174097363    2.0328181311835323    0.0665223808211716      25    
55738.74174097363    1.959835957896599     0.06404211819625856     25    
55739.24174097363    1.8901590021273846    0.06689202080665413     25    
55739.74174097363    1.8237774769899826    0.0675012437632616      25    
55740.24174097363    1.7607734128797654    0.06635422918090661     25    
55740.74174097363    1.7009485589785458    0.06523813459693446     25    
55741.24174097363    1.6441034121274158    0.06493333142540467     25    
55741.74174097363    1.5903547680983074    0.06540726429753321     25    
55742.24174097363    1.5394808851375081    0.06599913344001554     25    
55742.74174097363    1.4913461238298475    0.06626543334127058     25    
55743.24174097363    1.4460707845839478    0.06642918605689438     25    
55743.74174097363    1.4032145954822062    0.06624968346881206     25    
55744.24174097363    1.3626571525254583    0.06539067252030836     25    
55744.74174097363    1.3244845860641645    0.06400434215578073     25    
55745.24174097363    1.287970785144367     0.06278609128840555     25    
55745.74174097363    1.2530345565388508    0.062050090413351876    25    
55746.24174097363    1.2196799885403689    0.06157088499372596     25    
55746.74174097363    1.1871588282729495    0.06135265592340703     25    
55747.24174097363    1.155428879179909     0.06166272567503786     25    
55747.74174097363    1.1245255674822816    0.06209496834385307     25    
55748.24174097363    1.0941468029711208    0.061879023986284545    25    
55748.74174097363    1.0641676765172943    0.06071803376695195     25    
55749.24174097363    1.034902317455218     0.059325329962222825    25    
55749.74174097363    1.0066584116277888    0.05852101099780007     25    
55750.24174097363    0.9792671500774273    0.05824120398117261     25    
55750.74174097363    0.9530286367933304    0.05822359161294059     25    
55751.24174097363    0.9282739123388302    0.058380144619463135    25    
55751.74174097363    0.9048729797536362    0.05883651100470075     25    
55752.24174097363    0.882898578720273     0.059130792329489396    25    
55752.74174097363    0.862505963047462     0.059182600380231674    25    
55753.24174097363    0.8436535624248834    0.05915169829831837     25    
55753.74174097363    0.8259432774385295    0.057653862555622826    25    
55754.24174097363    0.809282236592346     0.052679361578242524    25    
55754.74174097363    0.7937191330186343    0.044713111945334894    25    
55755.24174097363    0.7788018682872455    0.03801174735690372     25    
55755.74174097363    0.7644751082242894    0.03651697914474938     25    
55756.24174097363    0.7507645484051724    0.037776605600987785    25    
55756.74174097363    0.737412638237093     0.03834069080598878     25    
55757.24174097363    0.7243547858486911    0.03770713055344931     25    
55757.74174097363    0.7117160945191306    0.036949673257055934    25    
55758.24174097363    0.6995937558554787    0.036604213350859206    25    
55758.74174097363    0.6879332662152369    0.03669007101396184     25    
55759.24174097363    0.6768310935722345    0.036995500487653855    25    
55759.74174097363    0.6664154026125919    0.037428416701470874    25    
55760.24174097363    0.6566473010846787    0.03812719385152402     25    
55760.74174097363    0.6475397824631801    0.03866004189834297     25    
55761.24174097363    0.6391517461136167    0.03859173226642521     25    
55761.74174097363    0.631490847249815     0.03804225951035584     25    
55762.24174097363    0.6243482894871896    0.037409796142915834    25    
55762.74174097363    0.6176451653481074    0.036916690950703       25    
55763.24174097363    0.6114336942415032    0.03643518646458858     25    
55763.74174097363    0.6054688081919761    0.036101757622566545    25    
55764.24174097363    0.599694650483882     0.03603039058815781     25    
55764.74174097363    0.5941413279434367    0.03612626488810967     25    
55765.24174097363    0.5886333487991044    0.0362245406602521      25    
55765.74174097363    0.5831314408895568    0.03634280920876745     25    
55766.24174097363    0.577685422779655     0.03644671885206859     25    
55766.74174097363    0.5723019661889148    0.03638572479139903     25    
55767.24174097363    0.5669695201244017    0.036109635728769136    25    
55767.74174097363    0.5617102837089105    0.03573958404338974     25    
55768.24174097363    0.5565536851288704    0.03539705660209363     25    
55768.74174097363    0.5514853090300406    0.03503762182684368     25    
55769.24174097363    0.5465289083837163    0.034716525710339986    25    
55769.74174097363    0.5417088905134971    0.03451584491192126     25    
55770.24174097363    0.5370106664035604    0.034419488390820104    25    
55770.74174097363    0.5324631835496126    0.03438677148649804     25    
55771.24174097363    0.5280842654581771    0.034398677374621156    25    
55771.74174097363    0.5238622753603442    0.03446784593590455     25    
55772.24174097363    0.5198297923219812    0.034557092683022206    25    
55772.74174097363    0.5159964930782927    0.03458275805392582     25    
55773.24174097363    0.5123568190157729    0.03460454051883703     25    
55773.74174097363    0.508945393479548     0.03486889821419952     25    
55774.24174097363    0.5057622564892259    0.0351026321321187      25    
55774.74174097363    0.5028109804852284    0.035662956057328866    25    
55775.24174097363    0.5001256615184306    0.037516971884400986    25    