#Date  :
#Mag  :
#Magerr  :
#end  :
@INSTRUMENT  SWOPE
@BAND  SWOPE_V-LC-9844
@MAGSYS AB
54737.576199999996  0.0  25.179736392203452  25.0
54742.56254499999  0.0  25.179736392203452  25.0
54747.54888999999  0.0  25.179736392203452  25.0
54752.53523499999  0.0  25.179736392203452  25.0
54757.521579999986  0.0  25.179736392203452  25.0
54762.50792499998  0.0  25.179736392203452  25.0
54767.49426999998  0.0  25.179736392203452  25.0
54772.48061499998  0.0  25.179736392203452  25.0
54777.466959999976  0.0  25.179736392203452  25.0
54782.45330499997  0.0  25.179736392203452  25.0
54787.43964999997  0.0  25.179736392203452  25.0
54792.42599499997  0.0  25.179736392203452  25.0
54797.412339999966  0.0  25.179736392203452  25.0
54802.398684999964  0.0  25.179736392203452  25.0
54807.38502999996  0.0  25.179736392203452  25.0
54812.37137499996  0.0  25.179736392203452  25.0
54817.357719999956  0.0  25.179736392203452  25.0
54822.344064999954  0.0  25.179736392203452  25.0
54827.33040999995  0.0  25.179736392203452  25.0
54832.31675499995  0.0  25.179736392203452  25.0
54837.30309999995  0.0  25.179736392203452  25.0
54842.289444999944  0.0  25.179736392203452  25.0
54847.27578999994  0.0  25.179736392203452  25.0
54852.26213499994  0.0  25.179736392203452  25.0
54857.24847999994  0.0  25.179736392203452  25.0
54862.234824999934  0.0  25.179736392203452  25.0
54867.22116999993  0.0  25.179736392203452  25.0
54872.20751499993  0.0  25.179736392203452  25.0
54877.19385999993  0.0  25.179736392203452  25.0
54882.180204999924  0.0  25.179736392203452  25.0
54887.16654999992  0.0  25.179736392203452  25.0
54892.15289499992  0.0  25.179736392203452  25.0
54897.13923999992  0.0  25.179736392203452  25.0
54902.125584999914  0.0  25.179736392203452  25.0
54907.11192999991  0.0  25.179736392203452  25.0
54912.09827499991  0.0  25.179736392203452  25.0
54917.08461999991  0.0  25.179736392203452  25.0
54937.03  4010.458145973575  25.85637920038682  25.0
54938.02  4341.042006063863  23.989484666936686  25.0
54942.03  5058.176602063491  27.952516899942413  25.0
54945.99  5048.867672903056  27.901073856302677  25.0
54946.97  5007.18904423257  32.28254078294846  25.0
54958.98  2981.21974054485  27.458048534072596  25.0
54963.96  2288.7269752876978  14.755968122646255  25.0
54965.96  2083.502319625791  13.432835870688816  25.0
54950.96  4433.982638791206  24.503093584020082  25.0
54953.97  4115.228819171599  22.741594879881635  25.0
