#Date  :
#Flux  :
#Fluxerr  :
#ZP  :
#end  :
@INSTRUMENT  UVOT
@BAND  UVOT_uvw1
@MAGSYS AB
54736.3313  0.0  15.781607951372255  25.0
54741.317644999996  0.0  15.781607951372255  25.0
54746.30398999999  0.0  15.781607951372255  25.0
54751.29033499999  0.0  15.781607951372255  25.0
54756.27667999999  0.0  15.781607951372255  25.0
54761.263024999986  0.0  15.781607951372255  25.0
54766.24936999998  0.0  15.781607951372255  25.0
54771.23571499998  0.0  15.781607951372255  25.0
54776.22205999998  0.0  15.781607951372255  25.0
54781.208404999976  0.0  15.781607951372255  25.0
54786.19474999997  0.0  15.781607951372255  25.0
54791.18109499997  0.0  15.781607951372255  25.0
54796.16743999997  0.0  15.781607951372255  25.0
54801.153784999966  0.0  15.781607951372255  25.0
54806.14012999996  0.0  15.781607951372255  25.0
54811.12647499996  0.0  15.781607951372255  25.0
54816.11281999996  0.0  15.781607951372255  25.0
54821.099164999956  0.0  15.781607951372255  25.0
54826.08550999995  0.0  15.781607951372255  25.0
54831.07185499995  0.0  15.781607951372255  25.0
54836.05819999995  0.0  15.781607951372255  25.0
54841.044544999946  0.0  15.781607951372255  25.0
54846.03088999994  0.0  15.781607951372255  25.0
54851.01723499994  0.0  15.781607951372255  25.0
54856.00357999994  0.0  15.781607951372255  25.0
54860.989924999936  0.0  15.781607951372255  25.0
54865.976269999934  0.0  15.781607951372255  25.0
54870.96261499993  0.0  15.781607951372255  25.0
54875.94895999993  0.0  15.781607951372255  25.0
54880.935304999926  0.0  15.781607951372255  25.0
54885.921649999924  0.0  15.781607951372255  25.0
54890.90799499992  0.0  15.781607951372255  25.0
54895.89433999992  0.0  15.781607951372255  25.0
54900.88068499992  0.0  15.781607951372255  25.0
54905.867029999914  0.0  15.781607951372255  25.0
54910.85337499991  0.0  15.781607951372255  25.0
54915.83971999991  0.0  15.781607951372255  25.0
54935.7851  185.433893428624  15.781607951372255  25.0
54937.4244  232.51569048355123  17.62279554569902  25.0
54939.1203  264.60495998467485  19.727009939215318  25.0
54941.7005  248.82335203330257  18.411875943267635  25.0
54943.1381  246.19308404140722  18.674902742457167  25.0
54945.1798  214.62986813866266  16.833715148130405  25.0
54947.256  199.90036738404856  16.044634750561794  25.0
54949.1311  168.33715148130406  14.466473955424568  25.0
54951.2568  132.30247999233742  12.625286361097805  25.0
54955.2907  96.26780850337076  9.468964770823353  25.0
54958.6424  77.32987896172405  8.94291117244428  25.0
54962.7013  43.136395067084166  7.364750377307053  25.0
54974.539  21.042143935163008  6.57566997973844  25.0
