54928.379300227796    702.7893870847593     112.21822280317511    25    
54928.879300227796    838.5480327274271     112.3271695172474     25    
54929.379300227796    983.9967496538071     112.9622304414203     25    
54929.879300227796    1138.5063640206472    115.44364267511678    25    
54930.379300227796    1301.6342863631176    118.07174977502554    25    
54930.879300227796    1472.663137383247     118.87522030890914    25    
54931.379300227796    1651.2344636833468    119.00069494180475    25    
54931.879300227796    1836.5508192858856    119.35395192577792    25    
54932.379300227796    2028.329748085145     119.67597510120795    25    
54932.879300227796    2225.7018761992103    119.93859189495313    25    
54933.379300227796    2428.452606039169     120.16426224289953    25    
54933.879300227796    2635.6487745938757    120.36601479410007    25    
54934.379300227796    2847.135504016072     120.58575370810547    25    
54934.879300227796    3062.0690108351005    120.09591138571292    25    
54935.379300227796    3280.092040596471     120.38466989545876    25    
54935.879300227796    3500.306438486729     128.09802773515486    25    
54936.379300227796    3721.2302242523365    139.23700701694622    25    
54936.879300227796    3935.887444771669     143.8573423833444     25    
54937.379300227796    4143.680720933028     144.51787377085634    25    
54937.879300227796    4334.726773568276     145.50760140508274    25    
54938.379300227796    4509.242267716079     146.3690302688935     25    
54938.879300227796    4657.617948136061     146.6693309832234     25    
54939.379300227796    4780.901372507388     146.49487217579565    25    
54939.879300227796    4882.705382820452     147.16414087928098    25    
54940.379300227796    4963.070598907991     148.59433230783605    25    
54940.879300227796    5031.500289842664     150.3120811937707     25    
54941.379300227796    5087.741426173639     152.3446224739237     25    
54941.879300227796    5140.403250330807     153.27991540463685    25    
54942.379300227796    5189.858152719008     153.3738630039002     25    
54942.879300227796    5234.755261180369     146.58831078415386    25    
54943.379300227796    5275.597446497598     129.81890003765855    25    
54943.879300227796    5306.571306210939     119.71697563652886    25    
54944.379300227796    5327.569735029316     121.67401177832721    25    
54944.879300227796    5333.846548167517     123.39996862748772    25    
54945.379300227796    5324.122259283307     122.96918422967332    25    
54945.879300227796    5300.875082456982     122.41939956950036    25    
54946.379300227796    5263.433565378556     121.7348355589101     25    
54946.879300227796    5217.462999372142     121.84934631819894    25    
54947.379300227796    5163.619132481801     123.49942636112027    25    
54947.879300227796    5106.422380728695     124.49332373023903    25    
54948.379300227796    5047.77119223157      124.64863549736596    25    
54948.879300227796    4987.448408622165     121.900097843217      25    
54949.379300227796    4926.389197741808     112.84413933031001    25    
54949.879300227796    4862.306022395398     104.98051677930017    25    
54950.379300227796    4794.579024509026     104.68049572585277    25    
54950.879300227796    4721.764490701423     105.86141542309561    25    
54951.379300227796    4642.618029977012     105.53896700490299    25    
54951.879300227796    4557.479117145245     104.91918622606177    25    
54952.379300227796    4465.881917080013     103.72716533579516    25    
54952.879300227796    4368.858073574301     102.86181157662166    25    
54953.379300227796    4267.0177738592865    103.63182264136941    25    
54953.879300227796    4160.981511784607     104.60423499151739    25    
54954.379300227796    4051.3359861842646    105.21290598652143    25    
54954.879300227796    3939.087508399414     103.99569587787845    25    
54955.379300227796    3825.499043982789     96.29249209119463     25    
54955.879300227796    3711.5893062484397    86.44253945521842     25    
54956.379300227796    3599.4390699470473    83.94106504534291     25    
54956.879300227796    3489.667122172794     84.85934787084709     25    
54957.379300227796    3384.828725474942     84.51956694127962     25    
54957.879300227796    3284.6230993122304    83.93892095649912     25    
54958.379300227796    3190.135021569435     82.57107070291302     25    
54958.879300227796    3100.859318638473     80.89304865415582     25    
54959.379300227796    3016.0522199581133    80.35589000995361     25    
54959.879300227796    2935.635158349586     80.49284317034294     25    
54960.379300227796    2858.754827351434     80.38910850202278     25    
54960.879300227796    2785.4551031061987    80.16972488677135     25    
54961.379300227796    2715.207605813612     79.8693198432732      25    
54961.879300227796    2648.0682532044943    79.36111826041966     25    
54962.379300227796    2583.9169322172356    77.34530270777181     25    
54962.879300227796    2522.755292316972     74.09220891494459     25    
54963.379300227796    2464.497414085462     72.83938125102298     25    
54963.879300227796    2409.120349108748     73.36483927988411     25    
54964.379300227796    2356.0591383774554    73.0351597025151      25    
54964.879300227796    2305.32662539979      71.92673358123079     25    
54965.379300227796    2255.758986309561     71.94019648177824     25    
54965.879300227796    2207.3898940301788    73.13647139670053     25    
54966.379300227796    2159.0249532628554    73.80126043613403     25    
54966.879300227796    2110.6126436056197    73.89913866256438     25    
54967.379300227796    2062.0277958149472    73.20218988303377     25    
54967.879300227796    2013.1193882523896    71.674422996088       25    
54968.379300227796    1965.1423107838982    68.88108108679178     25    
54968.879300227796    1918.0998279206958    64.08800357644544     25    
54969.379300227796    1873.1771424371163    61.21832559570803     25    
54969.879300227796    1830.6209174179476    61.970418315448136    25    
54970.379300227796    1790.4188862479612    62.130772805129965    25    
54970.879300227796    1752.9169879774809    60.37820495357383     25    
54971.379300227796    1716.535819069312     59.15604996909628     25    
54971.879300227796    1681.1260344521775    59.281691439602184    25    
54972.379300227796    1645.313736985596     59.818540349536335    25    
54972.879300227796    1608.5822943069206    60.77807717357046     25    
54973.379300227796    1570.6396051463955    61.21984278614641     25    
54973.879300227796    1530.917430677588     60.98104178432527     25    
54974.379300227796    1490.531954958437     58.983595462995254    25    
54974.879300227796    1449.7485227078241    52.79574874907763     25    
54975.379300227796    1409.3939980172788    46.75340859315924     25    
54975.879300227796    1370.0413340066664    46.1375262834041      25    
54976.379300227796    1331.97047568667      46.71314799046015     25    
54976.879300227796    1295.7377333032844    45.39594928325376     25    
54977.379300227796    1260.9632786791385    44.149573629518045    25    
54977.879300227796    1227.5301892333284    44.19634096164721     25    
54978.379300227796    1195.2527720171386    44.87223465505865     25    
54978.879300227796    1163.8566119475438    46.114224406705645    25    
54979.379300227796    1133.329088016964     47.17061842559856     25    
54979.879300227796    1103.4527830570555    46.65394082750639     25    
54980.379300227796    1074.3953588733198    45.33344187894409     25    
54980.879300227796    1046.312275427257     44.256214189742764    25    
54981.379300227796    1019.2737341234051    42.55990487189354     25    
54981.879300227796    993.5212250694917     37.718018378894755    25    
54982.379300227796    969.0508390046652     30.975295315342088    25    
54982.879300227796    946.0452179557943     28.728843087002424    25    
54983.379300227796    924.4291720308046     29.518363561080307    25    
54983.879300227796    904.0962919211566     29.248314140043984    25    
54984.379300227796    885.0279206302414     28.702762124215074    25    
54984.879300227796    867.0741010922688     28.16843136360056     25    
54985.379300227796    850.2297998831765     27.653943431872392    25    
54985.879300227796    834.3416783383084     27.38441314118573     25    
54986.379300227796    819.4088994752864     27.332410809354695    25    
54986.879300227796    805.2744970566532     27.18506015610927     25    
54987.379300227796    791.94069280395       27.142351643295722    25    
54987.879300227796    779.2480306446829     29.963588835388016    25    
54988.379300227796    767.200653266549      34.71609032195549     25    
54988.879300227796    755.6377524997786     36.95569290604845     25    
54989.379300227796    744.5642542604633     37.19350782233471     25    
54989.879300227796    733.8191360193193     38.876431323400965    25    