55982.14924200549    6.453303435200662     1.0209780830336574     25    
55982.64924200549    7.519770925662156     1.0235277488571815     25    
55983.14924200549    8.659074291658547     1.027271384165734      25    
55983.64924200549    9.866699384451511     1.0368911144419397     25    
55984.14924200549    11.143953771348137    1.052229364739953      25    
55984.64924200549    12.485831253879828    1.0642768689808395     25    
55985.14924200549    13.89219640244989     1.0694312783236444     25    
55985.64924200549    15.360883028566036    1.0720831193679687     25    
55986.14924200549    16.888056713144287    1.0754783813420143     25    
55986.64924200549    18.474774783592842    1.078749986077219      25    
55987.14924200549    20.115789231611757    1.081611198182245      25    
55987.64924200549    21.811698487165955    1.0839910818680862     25    
55988.14924200549    23.559414822277358    1.086144497147817      25    
55988.64924200549    25.355908667465854    1.0881117300839775     25    
55989.14924200549    27.20173687034185     1.0900129925609514     25    
55989.64924200549    29.092060866087987    1.0917562792656073     25    
55990.14924200549    31.03005285996564     1.0876548511135415     25    
55990.64924200549    33.00410903860745     1.0987765021225433     25    
55991.14924200549    35.02268838094123     1.1494430840336012     25    
55991.64924200549    37.06547839487964     1.215153962941549      25    
55992.14924200549    39.06486576396641     1.2528996697808727     25    
55992.64924200549    41.04324779936665     1.2658563790164994     25    
55993.14924200549    42.913289292144604    1.2736782958926758     25    
55993.64924200549    44.65161699025019     1.2837870471766235     25    
55994.14924200549    46.2431297610206      1.2915621069461947     25    
55994.64924200549    47.604029397448045    1.295178372742858      25    
55995.14924200549    48.74732794717197     1.2942783694729671     25    
55995.64924200549    49.707370239645144    1.296530681875783      25    
55996.14924200549    50.4689370238126      1.3049219647805654     25    
55996.64924200549    51.078170490090336    1.3159984163964689     25    
55997.14924200549    51.593883513404144    1.3291015231766987     25    
55997.64924200549    51.999972305129404    1.344239781485014      25    
55998.14924200549    52.37041058469385     1.3514055960541898     25    
55998.64924200549    52.716065992434274    1.356382163299416      25    
55999.14924200549    53.025697176931274    1.3408182414630094     25    
55999.64924200549    53.308365477759054    1.2678983681264415     25    
56000.14924200549    53.556707603624176    1.152274628339839      25    
56000.64924200549    53.736283374161516    1.0859878440682025     25    
56001.14924200549    53.853387925415       1.0934582972741298     25    
56001.64924200549    53.8858089901118      1.1141107176503129     25    
56002.14924200549    53.81240111625116     1.113570572873123      25    
56002.64924200549    53.64524598436298     1.1090921098436        25    
56003.14924200549    53.39096130637693     1.104219630947477      25    
56003.64924200549    53.0435566310971      1.09761037954205       25    
56004.14924200549    52.63368479251881     1.0949745517327507     25    
56004.64924200549    52.16773657340242     1.1026063735674272     25    
56005.14924200549    51.65269519022467     1.1126231990729933     25    
56005.64924200549    51.11706584670946     1.1140653811374839     25    
56006.14924200549    50.55471259337627     1.1093412865078887     25    
56006.64924200549    49.971843973328184    1.0958037454236171     25    
56007.14924200549    49.37303152123157     1.065302082569684      25    
56007.64924200549    48.75165813290731     1.0330142560825393     25    
56008.14924200549    48.10257062954977     1.0224104880243319     25    
56008.64924200549    47.42716132549204     1.0271902114001905     25    
56009.14924200549    46.718354511660955    1.0291879016582481     25    
56009.64924200549    45.97461960249263     1.0258093255626892     25    
56010.14924200549    45.198607095927485    1.0205055571173967     25    
56010.64924200549    44.38997830770346     1.0122565629251956     25    
56011.14924200549    43.54988034379715     1.0022965816667144     25    
56011.64924200549    42.6865487675659      0.9988765239574663     25    
56012.14924200549    41.798138860932376    1.0043285754083144     25    
56012.64924200549    40.89119211239934     1.0092900720536615     25    
56013.14924200549    39.96803118297956     1.0148648332672003     25    
56013.64924200549    39.03045754216305     1.0139466671291018     25    
56014.14924200549    38.08965118326059     0.9723462301377286     25    
56014.64924200549    37.14206177276959     0.8761350511351661     25    
56015.14924200549    36.201433696385315    0.7916562686202788     25    
56015.64924200549    35.27047997822346     0.77459445156882       25    
56016.14924200549    34.35289523303139     0.786265016938064      25    
56016.64924200549    33.46223543978959     0.7862111226668529     25    
56017.14924200549    32.59540258168176     0.7826491483407612     25    
56017.64924200549    31.75688647855301     0.77620330953515       25    
56018.14924200549    30.949363891618823    0.7638079755219777     25    
56018.64924200549    30.16906612265765     0.7511113152925613     25    
56019.14924200549    29.413363250908247    0.7459534060114428     25    
56019.64924200549    28.68294455298807     0.7460477192216954     25    
56020.14924200549    27.97363115248866     0.745521303739252      25    
56020.64924200549    27.28557869459568     0.7439567362119659     25    
56021.14924200549    26.617401558861744    0.7413282267899974     25    
56021.64924200549    25.967340792864455    0.7385865429307811     25    
56022.14924200549    25.335937666932775    0.7341216632687338     25    
56022.64924200549    24.722101972053796    0.7165960833266946     25    
56023.14924200549    24.12606664845162     0.6788634542719636     25    
56023.64924200549    23.547021012378128    0.6448060776674381     25    
56024.14924200549    22.984726182958873    0.6371388891758574     25    
56024.64924200549    22.43888713242904     0.6419470592876673     25    
56025.14924200549    21.90801256869497     0.6399658623908254     25    
56025.64924200549    21.39262901525528     0.6318346210902424     25    
56026.14924200549    20.890560525431365    0.6273872411792227     25    
56026.64924200549    20.401438317741842    0.6327218750236466     25    
56027.14924200549    19.924616182850226    0.6410872551147117     25    
56027.64924200549    19.458005204947188    0.644925954127041      25    
56028.14924200549    19.00213512077782     0.6460301267726308     25    
56028.64924200549    18.555681141793062    0.6423594901688149     25    
56029.14924200549    18.118284450878157    0.6331073173384452     25    
56029.64924200549    17.690167000070794    0.6186283095082875     25    
56030.14924200549    17.271218556896653    0.595696340206416      25    
56030.64924200549    16.86147112455902     0.5647396057492846     25    
56031.14924200549    16.46087766308932     0.54585731879947       25    
56031.64924200549    16.069430203060897    0.5479002906615269     25    
56032.14924200549    15.687141894021238    0.5530122958342557     25    
56032.64924200549    15.313998964841208    0.5460170128322618     25    
56033.14924200549    14.950018894908753    0.5340758040398856     25    
56033.64924200549    14.595288233845418    0.5278737820646672     25    
56034.14924200549    14.249788684001658    0.528345847977725      25    
56034.64924200549    13.913583510588202    0.5311732458847656     25    
56035.14924200549    13.586895799151623    0.5358796099574028     25    
56035.64924200549    13.269436463536511    0.541129259505387      25    
56036.14924200549    12.960669669529038    0.5421762367691749     25    
56036.64924200549    12.66096030696978     0.5416693190959593     25    
56037.14924200549    12.368379071976868    0.5262495251225597     25    
56037.64924200549    12.082666392657512    0.47544107347540543    25    
56038.14924200549    11.803195516757144    0.4092412102792522     25    
56038.64924200549    11.527998680330882    0.3792654787627336     25    
56039.14924200549    11.257507915710763    0.38430734202485645    25    
56039.64924200549    10.991587956114046    0.3878530797181409     25    
56040.14924200549    10.729184033863845    0.378845837076056      25    
56040.64924200549    10.472660691860103    0.36971764734540064    25    
56041.14924200549    10.224224451481092    0.3681276309770095     25    
56041.64924200549    9.983327200358397     0.3717452338817548     25    
56042.14924200549    9.753773196550727     0.37734831011564957    25    
56042.64924200549    9.535578009106276     0.3867707077151674     25    
56043.14924200549    9.329409158179962     0.39362892528018256    25    
56043.64924200549    9.137039908413271     0.3911116454959771     25    
56044.14924200549    8.95733602887563      0.3826993861327517     25    
56044.64924200549    8.787471075342047     0.37421022829057443    25    
56045.14924200549    8.62821064189826      0.36756931018563765    25    
56045.64924200549    8.476806983521133     0.35364875976366444    25    
56046.14924200549    8.3319062997339       0.31858579881775473    25    
56046.64924200549    8.19351602542487      0.2708703055617319     25    
56047.14924200549    8.059108536000853     0.24487873165031035    25    
56047.64924200549    7.929051940286119     0.24629424222918211    25    
56048.14924200549    7.803098062916164     0.250342698156924      25    
56048.64924200549    7.681094368245211     0.24731335745090577    25    
56049.14924200549    7.563062246395323     0.24362389964527004    25    
56049.64924200549    7.448845961068541     0.2403268971021739     25    
56050.14924200549    7.338490776623038     0.23713504859899698    25    
56050.64924200549    7.2318087564553375    0.2351354163638956     25    
56051.14924200549    7.128806905794206     0.2348063747143948     25    
56051.64924200549    7.029391741361532     0.23553907934979812    25    
56052.14924200549    6.933434260349084     0.23485950671777342    25    
56052.64924200549    6.840966863856294     0.2340677207551643     25    
56053.14924200549    6.751796466727912     0.24639816596905692    25    
56053.64924200549    6.665953234554991     0.27660987037492923    25    
56054.14924200549    6.583311802017929     0.3037266148020859     25    
56054.64924200549    6.50377447989789      0.31232761327437675    25    
56055.14924200549    6.427351645836207     0.3139191213277209     25    
56055.64924200549    6.353854226325238     0.32750773891614754    25    