#Date  :
#Flux  :
#Fluxerr  :
#ZP  :
#end  :
@INSTRUMENT  SDSS
@BAND  SDSS_u
@MAGSYS  AB
53794.964512  0.0  5.6065845635298635  25.0
53799.950856999996  0.0  5.6065845635298635  25.0
53804.937201999994  0.0  5.6065845635298635  25.0
53809.92354699999  0.0  5.6065845635298635  25.0
53814.90989199999  0.0  5.6065845635298635  25.0
53819.896236999986  0.0  5.6065845635298635  25.0
53824.882581999984  0.0  5.6065845635298635  25.0
53829.86892699998  0.0  5.6065845635298635  25.0
53834.85527199998  0.0  5.6065845635298635  25.0
53839.84161699998  0.0  5.6065845635298635  25.0
53844.827961999974  0.0  5.6065845635298635  25.0
53849.81430699997  0.0  5.6065845635298635  25.0
53854.80065199997  0.0  5.6065845635298635  25.0
53859.78699699997  0.0  5.6065845635298635  25.0
53864.773341999964  0.0  5.6065845635298635  25.0
53869.75968699996  0.0  5.6065845635298635  25.0
53874.74603199996  0.0  5.6065845635298635  25.0
53879.73237699996  0.0  5.6065845635298635  25.0
53884.718721999954  0.0  5.6065845635298635  25.0
53889.70506699995  0.0  5.6065845635298635  25.0
53894.69141199995  0.0  5.6065845635298635  25.0
53899.67775699995  0.0  5.6065845635298635  25.0
53904.664101999944  0.0  5.6065845635298635  25.0
53909.65044699994  0.0  5.6065845635298635  25.0
53914.63679199994  0.0  5.6065845635298635  25.0
53919.62313699994  0.0  5.6065845635298635  25.0
53924.609481999934  0.0  5.6065845635298635  25.0
53929.59582699993  0.0  5.6065845635298635  25.0
53934.58217199993  0.0  5.6065845635298635  25.0
53939.56851699993  0.0  5.6065845635298635  25.0
53944.554861999924  0.0  5.6065845635298635  25.0
53949.54120699992  0.0  5.6065845635298635  25.0
53954.52755199992  0.0  5.6065845635298635  25.0
53959.51389699992  0.0  5.6065845635298635  25.0
53964.500241999915  0.0  5.6065845635298635  25.0
53969.48658699991  0.0  5.6065845635298635  25.0
53974.47293199991  0.0  5.6065845635298635  25.0
53979.45927699991  0.0  5.6065845635298635  25.0
53984.445621999905  0.0  5.6065845635298635  25.0
53989.4319669999  0.0  5.6065845635298635  25.0
53994.4183119999  0.0  5.6065845635298635  25.0
53999.4046569999  0.0  5.6065845635298635  25.0
54004.391001999895  0.0  5.6065845635298635  25.0
53994.418312  0.5408047155045763  4.5132306661033414  25.0
53996.402227  3.098302092963137  4.079803929271856  25.0
54005.415925  -1.2281356310734743  3.878470219259811  25.0
54010.35671  0.11070557749134528  3.484191703819556  25.0
54012.349921  7.452143571973609  7.6143290605944225  25.0
54020.35579  4.163692975110208  7.603143854482642  25.0
54024.437519  21.864281647002496  5.9141777316038215  25.0
54030.349758  24.078952457134992  4.063026120104186  25.0
54030.38156  24.235545342699915  4.272748734700066  25.0
54035.425483  11.599058737916145  6.165844869118878  25.0
54037.33102  15.525066083151023  4.138526261358702  25.0
54040.345332  5.46676948713261  5.712844021591777  25.0
54049.37141  5.363306330598642  8.934183381784495  25.0
54056.337152  2.181954082255537  5.872233208684645  25.0
54059.331282  4.552378887494572  5.6065845635298635  25.0
54061.34261  -15.116806060071044  8.198756079934942  25.0
54062.336421  -1.2519041940610074  4.460100937072386  25.0
54064.33241  -2.1168002566544173  4.921490689183321  25.0
54068.316316  7.47451398419717  7.963866751587557  25.0
