54017.349942657725    5.4613962855221345    1.3816776882837163    25    
54017.849942657725    6.368706220312883     1.3793548135329772    25    
54018.349942657725    7.3328324266734315    1.4102025459387877    25    
54018.849942657725    8.347594734460396     1.6073017995323537    25    
54019.349942657725    9.414423913905003     1.8981965465420694    25    
54019.849942657725    10.525778470024925    2.0662415278891606    25    
54020.349942657725    11.6824951816116      2.0942460210968754    25    
54020.849942657725    12.879491639212038    2.088257077232996     25    
54021.349942657725    14.113370664188034    2.103127855928919     25    
54021.849942657725    15.383667471215768    2.115188495489061     25    
54022.349942657725    16.68337479602908     2.1229345364768037    25    
54022.849942657725    18.01415651154213     2.1264552728296575    25    
54023.349942657725    19.36883201152948     2.1272620106037166    25    
54023.849942657725    20.747283194585858    2.1242717373611004    25    
54024.349942657725    22.145705856327154    2.121034994592387     25    
54024.849942657725    23.561169804632417    2.121334312082916     25    
54025.349942657725    24.992401257888332    2.124317957992783     25    
54025.849942657725    26.426457809849012    2.1321468009965217    25    
54026.349942657725    27.878845788036987    2.1422533978231413    25    
54026.849942657725    29.27196812835658     2.1671014284112418    25    
54027.349942657725    30.597930985277657    2.2201799766141357    25    
54027.849942657725    31.816175715079353    2.2803710993079593    25    
54028.349942657725    32.83970282925183     2.321405137158685     25    
54028.849942657725    33.68814311554983     2.3503896499446104    25    
54029.349942657725    34.26782415743775     2.3691207997076056    25    
54029.849942657725    34.553178726694796    2.366498494775047     25    
54030.349942657725    34.61309731276059     2.382059711272909     25    
54030.849942657725    34.45447861791982     2.4519442418178876    25    
54031.349942657725    34.11254690176162     2.5463288195073606    25    
54031.849942657725    33.707584632085556    2.638254119354454     25    
54032.349942657725    33.211758153458675    2.7373752226642005    25    
54032.849942657725    32.74296207627132     2.770080547342008     25    
54033.349942657725    32.327548630802525    2.713759185333613     25    
54033.849942657725    31.95426355721931     2.595342766232408     25    
54034.349942657725    31.644622121012823    2.389649323363561     25    
54034.849942657725    31.384662181772217    2.1103657363381783    25    
54035.349942657725    31.137852083195682    1.9690154886941127    25    
54035.849942657725    30.911680176484595    2.0079146174552833    25    
54036.349942657725    30.67545997041137     2.063154602194543     25    
54036.849942657725    30.417969173449077    2.0672057168558857    25    
54037.349942657725    30.140467306925427    2.0754401250592043    25    
54037.849942657725    29.83197990919636     2.1153903129206215    25    
54038.349942657725    29.49560100142249     2.178582372471546     25    
54038.849942657725    29.133523653366368    2.2779240460007832    25    
54039.349942657725    28.745509909926348    2.4377176332016726    25    
54039.849942657725    28.33269956700381     2.5442559119335217    25    
54040.349942657725    27.896599284354963    2.5318656646553293    25    
54040.849942657725    27.43570944186927     2.443605157881054     25    
54041.349942657725    26.948284111751253    2.2765807770293387    25    
54041.849942657725    26.434895697449175    2.0002656965260797    25    
54042.349942657725    25.89044418522172     1.7983903380802624    25    
54042.849942657725    25.31482608923857     1.781415386760822     25    
54043.349942657725    24.706235698440533    1.8181533716934333    25    
54043.849942657725    24.058033758299988    1.8162171018547257    25    
54044.349942657725    23.37667103454956     1.810169039409956     25    
54044.849942657725    22.679197392626257    1.7876755343737454    25    
54045.349942657725    21.959146899147445    1.7396657308855887    25    
54045.849942657725    21.251135356361203    1.7353408791188494    25    
54046.349942657725    20.558308339108933    1.826190489782374     25    
54046.849942657725    19.89551388377171     1.9288939545162034    25    
54047.349942657725    19.29031069791096     1.963044905734711     25    
54047.849942657725    18.735833238258582    1.959860227065739     25    
54048.349942657725    18.249084960084986    1.9633197024635605    25    
54048.849942657725    17.83039852862371     1.9730045186054237    25    
54049.349942657725    17.478536037082648    1.9907122709870568    25    
54049.849942657725    17.19415205126137     2.0299786468443086    25    
54050.349942657725    16.976915117783875    2.0699427589484       25    
54050.849942657725    16.828792603966342    2.0773161026747164    25    
54051.349942657725    16.749720605095266    2.05953291316699      25    
54051.849942657725    16.72436915902255     2.011901897808117     25    
54052.349942657725    16.757999849965834    1.9103813543194197    25    
54052.849942657725    16.829123139190095    1.816798114505382     25    
54053.349942657725    16.923973149892085    1.8039288215980696    25    
54053.849942657725    17.041449635184563    1.8327459395755448    25    
54054.349942657725    17.15263816260707     1.8499079928038906    25    
54054.849942657725    17.26151294375961     1.8634343535186901    25    
54055.349942657725    17.363385126615444    1.8591218898812725    25    
54055.849942657725    17.451300020014475    1.8216569862300132    25    
54056.349942657725    17.53816945419896     1.7762694465258166    25    
54056.849942657725    17.634299867212714    1.7495177240843687    25    
54057.349942657725    17.738284209412008    1.7336324456400671    25    
54057.849942657725    17.86778087428195     1.7321137166847802    25    
54058.349942657725    18.02334632733717     1.7502361252866683    25    
54058.849942657725    18.200000665551794    1.761715743309911     25    
54059.349942657725    18.403545292406477    1.7384197556180854    25    
54059.849942657725    18.620427961812368    1.7172255802752097    25    
54060.349942657725    18.830064873699275    1.7609268094457293    25    
54060.849942657725    19.037095124832458    1.8507429774481048    25    
54061.349942657725    19.213913033689806    1.9063638179008335    25    
54061.849942657725    19.35910834401467     1.9234262599866214    25    
54062.349942657725    19.470153497371086    1.9095961873566474    25    
54062.849942657725    19.5376842857444      1.8454588274636727    25    
54063.349942657725    19.57044513534552     1.7525976452075147    25    
54063.849942657725    19.583614688574244    1.6977478422605528    25    
54064.349942657725    19.573434008372722    1.6752299561416095    25    
54064.849942657725    19.557647442819857    1.6771361880581377    25    
54065.349942657725    19.54020901828666     1.7177721293517612    25    
54065.849942657725    19.520180174113694    1.7567939067796217    25    
54066.349942657725    19.504085342664037    1.7368350373524084    25    
54066.849942657725    19.48696784526138     1.6904870137913035    25    
54067.349942657725    19.45154160297753     1.715384448801661     25    
54067.849942657725    19.401704655953633    1.8189197419445269    25    
54068.349942657725    19.32075459310514     1.9097912287846872    25    
54068.849942657725    19.20210652571783     1.9754485525539587    25    
54069.349942657725    19.046826524323556    2.0016519549337923    25    
54069.849942657725    18.846924829437725    1.923830116067068     25    
54070.349942657725    18.605077331957503    1.7511211148475385    25    
54070.849942657725    18.337114429678042    1.5663760132796318    25    
54071.349942657725    18.040271627649776    1.3534220572350906    25    
54071.849942657725    17.727429615755938    1.1713589344271853    25    
54072.349942657725    17.40629016697109     1.140131550703287     25    
54072.849942657725    17.076524817936505    1.1901931710354718    25    
54073.349942657725    16.748840731395354    1.189868068551064     25    
54073.849942657725    16.421540408528102    1.1592921922215378    25    
54074.349942657725    16.092390732243818    1.1395246390897087    25    
54074.849942657725    15.761832233366988    1.1387132994778255    25    
54075.349942657725    15.428003181939479    1.1501730421206342    25    
54075.849942657725    15.088778393579085    1.1829722257438129    25    
54076.349942657725    14.745012997289521    1.2234407839561192    25    
54076.849942657725    14.396489629338735    1.2214602162735253    25    
54077.349942657725    14.042211768067547    1.1762831254537       25    
54077.849942657725    13.68883654185987     1.1158449694478063    25    
54078.349942657725    13.336816473434926    1.0448259788459862    25    
54078.849942657725    12.989326625801393    0.9631147359754257    25    
54079.349942657725    12.652016671898066    0.8776126587926362    25    
54079.849942657725    12.323617195637295    0.7861761864739018    25    
54080.349942657725    12.009473353308833    0.7265471648309721    25    
54080.849942657725    11.709913948312423    0.7179823058777269    25    
54081.349942657725    11.423923884035407    0.7201792894280273    25    
54081.849942657725    11.15162859288283     0.7094854266703732    25    
54082.349942657725    10.89259078749895     0.6982077116414477    25    
54082.849942657725    10.645895696640688    0.6880046841314332    25    
54083.349942657725    10.411760201980666    0.678486005692253     25    
54083.849942657725    10.18911805520224     0.6724702246570886    25    
54084.349942657725    9.978059383290764     0.6711365204326069    25    
54084.849942657725    9.777903166443316     0.672272068902673     25    
54085.349942657725    9.588115879360194     0.6734143605398287    25    
54085.849942657725    9.408673733739327     0.6764891026820129    25    
54086.349942657725    9.238557238119833     0.6833184403406284    25    
54086.849942657725    9.078003675750258     0.68999777130645      25    
54087.349942657725    8.926011007500605     0.7237384694083746    25    
54087.849942657725    8.782520540407        0.7637560984553305    25    
54088.349942657725    8.647039729138118     0.8603700996722357    25    
54088.849942657725    8.518851875640493     1.0279594172622049    25    