55691.82071390363    2.5983808315582766    0.3906899432610135     25    
55692.32071390363    2.953563151981326     0.38601629530545245    25    
55692.82071390363    3.3252665234620338    0.38331317842324275    25    
55693.32071390363    3.7097708965250926    0.40443225721590687    25    
55693.82071390363    4.108170613608406     0.45739203042249116    25    
55694.32071390363    4.518327794804294     0.5074072790124374     25    
55694.82071390363    4.937390152240098     0.5281011819868489     25    
55695.32071390363    5.36676649712259      0.5280757613943087     25    
55695.82071390363    5.803136719172579     0.5240885691786253     25    
55696.32071390363    6.245094799855153     0.525190934961478      25    
55696.82071390363    6.693207003675732     0.5263859574235461     25    
55697.32071390363    7.143609753244688     0.527391482414997      25    
55697.82071390363    7.5967410405220885    0.5281651701658266     25    
55698.32071390363    8.05134833441967      0.5287704417654435     25    
55698.82071390363    8.504035879954353     0.5292263655963642     25    
55699.32071390363    8.95618507539275      0.5294085467339613     25    
55699.82071390363    9.405046690506238     0.529709270225679      25    
55700.32071390363    9.848473906440612     0.5294497455083035     25    
55700.82071390363    10.287636779744568    0.5284640362539547     25    
55701.32071390363    10.71817975657245     0.5328024723503476     25    
55701.82071390363    11.14080698114439     0.5477492728353349     25    
55702.32071390363    11.553578836926617    0.5673075684627588     25    
55702.82071390363    11.947489541933333    0.581690727788365      25    
55703.32071390363    12.32559445500329     0.5901582008127096     25    
55703.82071390363    12.681668575872418    0.5960701708126249     25    
55704.32071390363    13.006855679987149    0.6012293082826794     25    
55704.82071390363    13.304966453824541    0.6052662154428132     25    
55705.32071390363    13.568660310467035    0.6077935562310192     25    
55705.82071390363    13.790349834681962    0.607484826935427      25    
55706.32071390363    13.974324564339287    0.6052110250801557     25    
55706.82071390363    14.129728500461514    0.6063741441928259     25    
55707.32071390363    14.253116941142961    0.6130755597705771     25    
55707.82071390363    14.351552128868942    0.6224985269952334     25    
55708.32071390363    14.44076349441859     0.6326531104432174     25    
55708.82071390363    14.515217440934189    0.6457368328729879     25    
55709.32071390363    14.585170063114964    0.6556843472830786     25    
55709.82071390363    14.663053986677252    0.6571115689725843     25    
55710.32071390363    14.74450943005786     0.6523522941742678     25    
55710.82071390363    14.825843384270911    0.6394768178195243     25    
55711.32071390363    14.909186472200004    0.610421388468928      25    
55711.82071390363    14.99133718784671     0.5717163194238367     25    
55712.32071390363    15.059609026258041    0.5489048287063379     25    
55712.82071390363    15.116667337854556    0.5521836012264206     25    
55713.32071390363    15.15713282191755     0.5637790294728692     25    
55713.82071390363    15.170447434598056    0.5669358764345838     25    
55714.32071390363    15.158500753583962    0.5649071078023427     25    
55714.82071390363    15.12446498996944     0.5620101666394789     25    
55715.32071390363    15.067609786706521    0.5593106428696238     25    
55715.82071390363    14.988446638189156    0.5563282540681408     25    
55716.32071390363    14.897710446373162    0.5572010764788122     25    
55716.82071390363    14.795295717280567    0.5660741683316192     25    
55717.32071390363    14.683268339112683    0.5769312030485326     25    
55717.82071390363    14.571186550083121    0.5812261948005395     25    
55718.32071390363    14.459553526530682    0.5813932420747125     25    
55718.82071390363    14.343754428102494    0.5737173042663433     25    
55719.32071390363    14.22256316435773     0.5487454478355736     25    
55719.82071390363    14.097821215240774    0.5043230116119023     25    
55720.32071390363    13.956978875192885    0.4661166902896851     25    
55720.82071390363    13.796680896641583    0.45691442947386657    25    
55721.32071390363    13.617676705002285    0.4633534307803934     25    
55721.82071390363    13.407737629142353    0.4667288158015719     25    
55722.32071390363    13.163048481484893    0.4650364644250426     25    
55722.82071390363    12.89111665097169     0.4621631813853872     25    
55723.32071390363    12.596760879016562    0.45770787112057015    25    
55723.82071390363    12.274293520430549    0.4505071165145564     25    
55724.32071390363    11.942920047294017    0.4455944945874105     25    
55724.82071390363    11.613399015670383    0.4484812256126352     25    
55725.32071390363    11.280483163691327    0.45655721038148595    25    
55725.82071390363    10.965685998266133    0.4620292725391727     25    
55726.32071390363    10.67398077716179     0.46176799238440114    25    
55726.82071390363    10.402254233529982    0.4591376677864966     25    
55727.32071390363    10.156761072254238    0.4568016005206736     25    
55727.82071390363    9.939354926026551     0.4542002647073452     25    
55728.32071390363    9.743443873970753     0.4521096056636464     25    
55728.82071390363    9.56415365445459      0.4521780995511664     25    
55729.32071390363    9.403996521903949     0.45418387804212695    25    
55729.82071390363    9.256301146697163     0.4556106687310992     25    
55730.32071390363    9.117674935921968     0.4553753955314513     25    
55730.82071390363    8.99000171073889      0.45405141659222353    25    
55731.32071390363    8.871217162567634     0.45060934496531074    25    
55731.82071390363    8.76003241034303      0.4430540004210351     25    
55732.32071390363    8.65881636675618      0.43495314947886543    25    
55732.82071390363    8.570117840115689     0.4318721359066528     25    
55733.32071390363    8.492810367936926     0.43388084037022306    25    
55733.82071390363    8.429225452360717     0.4367712784811798     25    
55734.32071390363    8.381993014440628     0.4377930332873902     25    
55734.82071390363    8.349997790856076     0.43820591298521006    25    
55735.32071390363    8.330523685560413     0.43761830757214343    25    
55735.82071390363    8.325307654770604     0.43592145080999317    25    
55736.32071390363    8.331321896677741     0.43314355640626195    25    
55736.82071390363    8.340423682643603     0.42886291368804275    25    
55737.32071390363    8.355284465318746     0.42178713290087916    25    
55737.82071390363    8.37070967747168      0.41507932140799275    25    
55738.32071390363    8.379805736649212     0.412950178522256      25    
55738.82071390363    8.385076849269538     0.4148534099565644     25    
55739.32071390363    8.384249781871114     0.4163032457299097     25    
55739.82071390363    8.374719225720517     0.41344676732206453    25    
55740.32071390363    8.358309067587875     0.40895237531190254    25    
55740.82071390363    8.338847797544787     0.408795166897633      25    
55741.32071390363    8.31564777089821      0.41623474911120334    25    
55741.82071390363    8.290313133170654     0.4255950344244019     25    
55742.32071390363    8.266591979123863     0.43066421820058604    25    
55742.82071390363    8.243699482341414     0.432621611918955      25    
55743.32071390363    8.221988731963616     0.4318303938111349     25    
55743.82071390363    8.202739836681182     0.4268590034757058     25    
55744.32071390363    8.185554843954376     0.41790700673317566    25    
55744.82071390363    8.167202679094864     0.4107187817734816     25    
55745.32071390363    8.147480812926341     0.4080559674472939     25    
55745.82071390363    8.125939594798966     0.40778214452405687    25    
55746.32071390363    8.099191929025825     0.40897843037501047    25    
55746.82071390363    8.067639413423004     0.4134587607198816     25    
55747.32071390363    8.030774092093399     0.4169306229883314     25    
55747.82071390363    7.987137145593607     0.41317586353518854    25    
55748.32071390363    7.936910210630688     0.40221731475180045    25    
55748.82071390363    7.881501580904024     0.3933713002871717     25    
55749.32071390363    7.821351905924979     0.3937807182181004     25    
55749.82071390363    7.756309585431379     0.39935767404823364    25    
55750.32071390363    7.687989636130954     0.4053685038215632     25    
55750.82071390363    7.616724848087358     0.41309304905756716    25    
55751.32071390363    7.542127971432636     0.4196963981244016     25    
55751.82071390363    7.464379723063525     0.4194322917884682     25    
55752.32071390363    7.384139313929917     0.4144077212831108     25    
55752.82071390363    7.299133392939076     0.40052420186360865    25    
55753.32071390363    7.207841617823505     0.3672302337115834     25    
55753.82071390363    7.111066593641482     0.3106354274173583     25    
55754.32071390363    7.006014328652101     0.25886700379707495    25    
55754.82071390363    6.891401974910167     0.24346231744521038    25    
55755.32071390363    6.768182806322963     0.24892207184976303    25    
55755.82071390363    6.636351819170298     0.2493612537402845     25    
55756.32071390363    6.494036074089634     0.2421532590619137     25    
55756.82071390363    6.345489379710662     0.23520715539795012    25    
55757.32071390363    6.195192833252945     0.23301747170618023    25    
55757.82071390363    6.040839017956259     0.23496396465001243    25    
55758.32071390363    5.888078827725258     0.23876330412099653    25    
55758.82071390363    5.740080713268374     0.24449407373930557    25    
55759.32071390363    5.595321762404253     0.25171131915325173    25    
55759.82071390363    5.4579461712680635    0.25447046016913993    25    
55760.32071390363    5.329316970325387     0.2502772294380637     25    
55760.82071390363    5.207782721475969     0.242442061026022      25    
55761.32071390363    5.092380659577574     0.2346365109523462     25    
55761.82071390363    4.983679491116801     0.22709599573318454    25    
55762.32071390363    4.880346489266305     0.217210064839348      25    
55762.82071390363    4.78122404820738      0.20080531159737824    25    
55763.32071390363    4.6868703280534225    0.17666449578172602    25    
55763.82071390363    4.595965462154652     0.15578840367903574    25    
55764.32071390363    4.508006220855982     0.1497931860306133     25    
55764.82071390363    4.423263253273312     0.1524609057005854     25    
55765.32071390363    4.3412174079457255    0.15302831330638672    25    
55765.82071390363    4.261954942425194     0.1504092892824102     25    
55766.32071390363    4.185307573344405     0.14728462132502454    25    
55766.82071390363    4.110967068891984     0.14441080212701815    25    
55767.32071390363    4.039079801167262     0.1414371506452447     25    
55767.82071390363    3.969321985925892     0.13913910893775763    25    
55768.32071390363    3.9015237669959215    0.1382461524077246     25    
55768.82071390363    3.8357637602732524    0.13842823076855856    25    
55769.32071390363    3.7716502627056765    0.13928789659172677    25    
55769.82071390363    3.7092026702865377    0.13740031234549843    25    
55770.32071390363    3.6483219877721473    0.1381522348597013     25    
55770.82071390363    3.5886495078410388    0.15198747342387106    25    
55771.32071390363    3.530318946792816     0.1796681591498058     25    
55771.82071390363    3.4730696516929425    0.2039968739871037     25    
55772.32071390363    3.416649231014817     0.21386106138325608    25    
55772.82071390363    3.361187764543747     0.2144021929417656     25    
55773.32071390363    3.3063219200646263    0.21919916934088912    25    
55773.82071390363    3.251964600256008     0.2301433202941983     25    