55691.82071390363    2.180054420994765     0.5969459014683813     25    
55692.32071390363    2.5025563280868943    0.6000525374207544     25    
55692.82071390363    2.844953781115842     0.6046564111718826     25    
55693.32071390363    3.2057928038852466    0.6206345751585978     25    
55693.82071390363    3.5855011186245926    0.6531173986685856     25    
55694.32071390363    3.983243137926489     0.6856694820962723     25    
55694.82071390363    4.3979040490177335    0.7028008573636533     25    
55695.32071390363    4.830034483811537     0.7085372257634495     25    
55695.82071390363    5.278336781793623     0.7119046266440348     25    
55696.32071390363    5.742261402562728     0.717715539579778      25    
55696.82071390363    6.2220296698182205    0.7233415024917788     25    
55697.32071390363    6.7161315096767815    0.7285385391095275     25    
55697.82071390363    7.224738110690708     0.7332322227315226     25    
55698.32071390363    7.747359922815129     0.737618556164921      25    
55698.82071390363    8.282669719907798     0.7418586305883643     25    
55699.32071390363    8.831207419572157     0.7457448478811934     25    
55699.82071390363    9.391898488972735     0.7499983510519521     25    
55700.32071390363    9.964440899922739     0.7576092289042586     25    
55700.82071390363    10.549302363383914    0.7683090565117207     25    
55701.32071390363    11.141625510546897    0.7685605995204322     25    
55701.82071390363    11.7474523784068      0.7434459087916021     25    
55702.32071390363    12.358061930484263    0.7067182121622962     25    
55702.82071390363    12.945910856379761    0.6916722824222604     25    
55703.32071390363    13.52156142775838     0.7081837956253955     25    
55703.82071390363    14.06324344517546     0.7340508493725338     25    
55704.32071390363    14.54100448267133     0.7510180310448056     25    
55704.82071390363    14.9680790944542      0.763900848131056      25    
55705.32071390363    15.31789571257348     0.7738973960840014     25    
55705.82071390363    15.56690528855924     0.7789059988318663     25    
55706.32071390363    15.727999136076205    0.7802993350871872     25    
55706.82071390363    15.817055674405637    0.7860424332121453     25    
55707.32071390363    15.825580977153468    0.7994546963120918     25    
55707.82071390363    15.76994664734988     0.8157459947459358     25    
55708.32071390363    15.684249018356109    0.8310819615841221     25    
55708.82071390363    15.55619280131483     0.8489018608229629     25    
55709.32071390363    15.408921764558684    0.8604686491106651     25    
55709.82071390363    15.268608747454673    0.8562674343197019     25    
55710.32071390363    15.125167204405003    0.8392296976594        25    
55710.82071390363    14.980734134533765    0.8161720255313691     25    
55711.32071390363    14.84052214606412     0.7844370909010412     25    
55711.82071390363    14.699286917424557    0.7473604714073266     25    
55712.32071390363    14.544652989095358    0.727020646538282      25    
55712.82071390363    14.379183832735299    0.7338170625430369     25    
55713.32071390363    14.197709680536098    0.748028798019409      25    
55713.82071390363    13.98984477577028     0.7495225660388343     25    
55714.32071390363    13.757081540363732    0.7419252987619861     25    
55714.82071390363    13.504211622058884    0.7316553777060186     25    
55715.32071390363    13.231127961665608    0.7201443479678886     25    
55715.82071390363    12.938067295256255    0.7067057494238171     25    
55716.32071390363    12.63843487831781     0.7002943258052764     25    
55716.82071390363    12.331935938946682    0.7085973241978692     25    
55717.32071390363    12.021410313026495    0.7212002962506859     25    
55717.82071390363    11.718936099364786    0.7233827903401738     25    
55718.32071390363    11.423210311111818    0.7164887050950762     25    
55718.82071390363    11.133927589332187    0.7016897872932294     25    
55719.32071390363    10.853395060363354    0.6742058452320012     25    
55719.82071390363    10.581370900998738    0.631393473197954      25    
55720.32071390363    10.312679399506411    0.5954972559634198     25    
55720.82071390363    10.046052472125544    0.5857724980012207     25    
55721.32071390363    9.781715260984024     0.5901724426474444     25    
55721.82071390363    9.514601591280185     0.5909014409315653     25    
55722.32071390363    9.244128138602207     0.5860286987901538     25    
55722.82071390363    8.971384769779563     0.5791432826222447     25    
55723.32071390363    8.696070959684114     0.5692900087404917     25    
55723.82071390363    8.417422901885326     0.5544251936526633     25    
55724.32071390363    8.13890477829245      0.5431866740742658     25    
55724.82071390363    7.862375685763593     0.5451577735149091     25    
55725.32071390363    7.586928373189686     0.5559309784762456     25    
55725.82071390363    7.316360995044754     0.5626353002725475     25    
55726.32071390363    7.051392085457265     0.5644539115687295     25    
55726.82071390363    6.791710159569403     0.5604896020533952     25    
55727.32071390363    6.538868870488506     0.5400993057874822     25    
55727.82071390363    6.292910823771744     0.49230863792084195    25    
55728.32071390363    6.0533196905868305    0.4394595364727785     25    
55728.82071390363    5.819863912387426     0.41591470597159547    25    
55729.32071390363    5.5926652151425404    0.4180160412195785     25    
55729.82071390363    5.371388696063608     0.42320259111463815    25    
55730.32071390363    5.15573701649233      0.4212308049260425     25    
55730.82071390363    4.945932086193164     0.4179517625307813     25    
55731.32071390363    4.742363462398329     0.40880562416645955    25    
55731.82071390363    4.5447200841054185    0.3888205359260709     25    
55732.32071390363    4.3536234247795615    0.3654201801309084     25    
55732.82071390363    4.170012755140518     0.3507233265305063     25    
55733.32071390363    3.9934777815063645    0.34470491318171004    25    
55733.82071390363    3.8248591984067652    0.34207085807341653    25    
55734.32071390363    3.66499131219032      0.3401191065614527     25    
55734.82071390363    3.513507329208447     0.34019634440628566    25    
55735.32071390363    3.3700379710922634    0.3388022699337329     25    
55735.82071390363    3.2350375872698467    0.335284027442729      25    
55736.32071390363    3.107788562230496     0.3296740161935233     25    
55736.82071390363    2.9865362580777886    0.3191966136907472     25    
55737.32071390363    2.8718673835225186    0.299780634999314      25    
55737.82071390363    2.762634601621404     0.27999089961711326    25    
55738.32071390363    2.6574285994628837    0.27307592490998384    25    
55738.82071390363    2.556884397851969     0.2781797918369379     25    
55739.32071390363    2.4597314054336605    0.28081478064332455    25    
55739.82071390363    2.3653773557926434    0.270541246420225      25    
55740.32071390363    2.2740943910616704    0.25343335051940086    25    
55740.82071390363    2.184942073529815     0.24033644498026713    25    
55741.32071390363    2.0980431131875608    0.23538207753543577    25    
55741.82071390363    2.013087002480033     0.23387944316397094    25    
55742.32071390363    1.9292059567350324    0.23228151823074958    25    
55742.82071390363    1.8463614203213448    0.23186181287488647    25    
55743.32071390363    1.7652534277444498    0.2304643355216691     25    
55743.82071390363    1.685884268512719     0.2249960897889735     25    
55744.32071390363    1.6081250404498957    0.21631311463317165    25    
55744.82071390363    1.5347287621630816    0.2089359009044495     25    
55745.32071390363    1.4659102438743887    0.20469824069800543    25    
55745.82071390363    1.4020067898797168    0.20259796382365716    25    
55746.32071390363    1.345877447747653     0.2035877403951267     25    
55746.82071390363    1.2976213175713778    0.20990809884390782    25    
55747.32071390363    1.2566175793962697    0.215730726308385      25    
55747.82071390363    1.2232958470077138    0.2138432473755295     25    
55748.32071390363    1.1982869667979477    0.20456041617839837    25    
55748.82071390363    1.1772245731034858    0.19737925036176893    25    
55749.32071390363    1.1585285527413853    0.20002252505183407    25    
55749.82071390363    1.142785965325496     0.2079011655963627     25    
55750.32071390363    1.1249692421869653    0.21517733925895058    25    
55750.82071390363    1.1046727008077937    0.22278823732090422    25    
55751.32071390363    1.0819980317763378    0.22862439602608006    25    
55751.82071390363    1.0549147153227358    0.2271552960016587     25    
55752.32071390363    1.0228481431705505    0.21768488261612606    25    
55752.82071390363    0.9887839079715833    0.20450948727091697    25    
55753.32071390363    0.9545233731030744    0.1900448935964758     25    
55753.82071390363    0.9190982607454284    0.17207312609344808    25    
55754.32071390363    0.8860788813558547    0.15759232101083234    25    
55754.82071390363    0.8565346721150502    0.1529555435632851     25    
55755.32071390363    0.8299699096059053    0.1544774049156164     25    
55755.82071390363    0.8081875962718192    0.15645873881805217    25    
55756.32071390363    0.7918959626136045    0.15625773434612011    25    
55756.82071390363    0.7793398747030295    0.16029436568013594    25    
55757.32071390363    0.7690448738443535    0.17551247904841466    25    
55757.82071390363    0.7618111614818632    0.19942377039908163    25    
55758.32071390363    0.7555678702878441    0.221315166630934      25    
55758.82071390363    0.7491498709020034    0.23900182471847822    25    
55759.32071390363    0.7431198943712064    0.2544145751467928     25    
55759.82071390363    0.7360240503298261    0.25968320287929364    25    
55760.32071390363    0.727324083518541     0.2505371075643431     25    
55760.82071390363    0.7176994068526678    0.23285121639756737    25    
55761.32071390363    0.7076507164146859    0.21409848329424835    25    
55761.82071390363    0.6969080077366516    0.19088636967888514    25    
55762.32071390363    0.6860849301935545    0.16705013485904305    25    
55762.82071390363    0.6757378964824905    0.150792561210788      25    
55763.32071390363    0.6656093354095317    0.14171270718247922    25    
55763.82071390363    0.6562103402680599    0.1368825365714145     25    
55764.32071390363    0.6478274574102344    0.13637636255795516    25    
55764.82071390363    0.640248075231278     0.13977794350172215    25    
55765.32071390363    0.6333611789782108    0.14188148897523153    25    
55765.82071390363    0.627226392885064     0.14229549234091726    25    
55766.32071390363    0.6217189187820951    0.14218106832644037    25    
55766.82071390363    0.6166714523955958    0.14170735559285877    25    
55767.32071390363    0.6121634426236596    0.14074593397997284    25    
55767.82071390363    0.608019143531446     0.13967334868852194    25    
55768.32071390363    0.6041463593674677    0.13891496570209666    25    
55768.82071390363    0.6005877618316577    0.13824699782297775    25    
55769.32071390363    0.59713073953143      0.1369998724695712     25    
55769.82071390363    0.5937858203631922    0.13442959591770845    25    
55770.32071390363    0.590499270978421     0.13152974687340524    25    
55770.82071390363    0.5870763896439588    0.12965663190005666    25    
55771.32071390363    0.5835897558521314    0.12706846593405988    25    
55771.82071390363    0.5798978905333136    0.12846812103602107    25    
55772.32071390363    0.5758637988041517    0.13436444389102897    25    
55772.82071390363    0.5715580863036491    0.14143359521519228    25    
55773.32071390363    0.5667835409656998    0.17079779164211906    25    
55773.82071390363    0.5614928874813738    0.21208314023452954    25    