#Date  :
#Flux  :
#Fluxerr  :
#ZP  :
#end  :
@INSTRUMENT  SDSS
@BAND  SDSS_g
@MAGSYS  AB
53774.732894  0.0  1.6446813427558393  25.0
53779.719239  0.0  1.6446813427558393  25.0
53784.705583999996  0.0  1.6446813427558393  25.0
53789.69192899999  0.0  1.6446813427558393  25.0
53794.67827399999  0.0  1.6446813427558393  25.0
53799.66461899999  0.0  1.6446813427558393  25.0
53804.650963999986  0.0  1.6446813427558393  25.0
53809.63730899998  0.0  1.6446813427558393  25.0
53814.62365399998  0.0  1.6446813427558393  25.0
53819.60999899998  0.0  1.6446813427558393  25.0
53824.596343999976  0.0  1.6446813427558393  25.0
53829.58268899997  0.0  1.6446813427558393  25.0
53834.56903399997  0.0  1.6446813427558393  25.0
53839.55537899997  0.0  1.6446813427558393  25.0
53844.541723999966  0.0  1.6446813427558393  25.0
53849.52806899996  0.0  1.6446813427558393  25.0
53854.51441399996  0.0  1.6446813427558393  25.0
53859.50075899996  0.0  1.6446813427558393  25.0
53864.487103999956  0.0  1.6446813427558393  25.0
53869.473448999954  0.0  1.6446813427558393  25.0
53874.45979399995  0.0  1.6446813427558393  25.0
53879.44613899995  0.0  1.6446813427558393  25.0
53884.432483999946  0.0  1.6446813427558393  25.0
53889.418828999944  0.0  1.6446813427558393  25.0
53894.40517399994  0.0  1.6446813427558393  25.0
53899.39151899994  0.0  1.6446813427558393  25.0
53904.37786399994  0.0  1.6446813427558393  25.0
53909.364208999934  0.0  1.6446813427558393  25.0
53914.35055399993  0.0  1.6446813427558393  25.0
53919.33689899993  0.0  1.6446813427558393  25.0
53924.32324399993  0.0  1.6446813427558393  25.0
53929.309588999924  0.0  1.6446813427558393  25.0
53934.29593399992  0.0  1.6446813427558393  25.0
53939.28227899992  0.0  1.6446813427558393  25.0
53944.26862399992  0.0  1.6446813427558393  25.0
53949.254968999914  0.0  1.6446813427558393  25.0
53974.186694  63.522537167731834  1.817020747941338  25.0
53989.194219  42.67057388006334  2.4414749067945625  25.0
53995.183119  22.953730713087793  1.5273027414676394  25.0
53997.161375  23.274105248368528  1.8625912637355804  25.0
54005.132613  8.141932155237976  1.431190380883419  25.0
54007.145416  4.673049255991402  1.6165104784466715  25.0
54009.142331  8.592113614296249  2.1244145908443186  25.0
54011.206724  1.9730652414185923  3.057367332377354  25.0
54019.156235  5.30275092878457  1.8048686103962066  25.0
54025.204598  0.6893576207419941  1.6352910546527832  25.0
54029.134303  3.1595557617341394  1.3019358269942949  25.0
54031.121194  2.6049763937654205  1.3069071559900305  25.0
54036.125519  0.11886999998692079  1.950418075993575  25.0
54039.123145  5.261323187153441  4.253248140795957  25.0
54048.117285  3.068414730145655  1.5601687498283352  25.0
54051.10889  -1.4483138474242856  2.108395864080282  25.0
54052.120744  0.40599186798506864  1.6540716308588954  25.0
54055.116883  1.4270476067203062  1.484494075115472  25.0
54058.114948  2.8419430758954802  1.5005128018795089  25.0
54063.105162  2.3934187265024525  1.5899967238027484  25.0
