55573.67207827771    1.8354208277738697    0.49724460126527914    25    
55574.17207827771    2.129520275949888     0.4898523295372673     25    
55574.67207827771    2.4456151378016493    0.48754096931337476    25    
55575.17207827771    2.7838045553079107    0.5308369437960418     25    
55575.67207827771    3.1440570553221043    0.6262561796799535     25    
55576.17207827771    3.5264406629674205    0.7083101426574757     25    
55576.67207827771    3.9310203022314414    0.7379091643330714     25    
55577.17207827771    4.357766077819475     0.7365858008086199     25    
55577.67207827771    4.806778600425873     0.7327473388819705     25    
55578.17207827771    5.278065927757358     0.7361515513932808     25    
55578.67207827771    5.771645202654911     0.7395256172715339     25    
55579.17207827771    6.287613934677263     0.7427811276977194     25    
55579.67207827771    6.82593929109856      0.7459469347101942     25    
55580.17207827771    7.386692289041303     0.7491492789124276     25    
55580.67207827771    7.9699346422211725    0.7524199195061398     25    
55581.17207827771    8.575638251467936     0.755790723266249      25    
55581.67207827771    9.203909437623386     0.7597363887878585     25    
55582.17207827771    9.85609324738042      0.7677006278243605     25    
55582.67207827771    10.530125400637244    0.7744920460970528     25    
55583.17207827771    11.223903115959432    0.7686322561862796     25    
55583.67207827771    11.946216161767387    0.7449169028435673     25    
55584.17207827771    12.669161013187585    0.7235477584977648     25    
55584.67207827771    13.376072969752206    0.725160449823916      25    
55585.17207827771    14.074738357909917    0.7418122255260984     25    
55585.67207827771    14.719346472765682    0.7578813891087334     25    
55586.17207827771    15.307960208547817    0.7693925209400754     25    
55586.67207827771    15.832506608584287    0.7794521674734209     25    
55587.17207827771    16.2539766559962      0.7867443023895213     25    
55587.67207827771    16.57326185246012     0.7905237577554739     25    
55588.17207827771    16.806099038020548    0.7937450350547028     25    
55588.67207827771    16.954398192371965    0.7989117128092051     25    
55589.17207827771    17.0172896033334      0.8048647940030731     25    
55589.67207827771    17.0321114425319      0.810571861646275      25    
55590.17207827771    16.998399984337155    0.8171512641830616     25    
55590.67207827771    16.925109691185753    0.8225120217247136     25    
55591.17207827771    16.84420567828342     0.823440049497065      25    
55591.67207827771    16.7508326049161      0.8229211608642666     25    
55592.17207827771    16.64427864581353     0.811617397578482      25    
55592.67207827771    16.52956785203608     0.7737414955984578     25    
55593.17207827771    16.40418823997406     0.7133886702048567     25    
55593.67207827771    16.25558441522215     0.6690287511343544     25    
55594.17207827771    16.084158619871165    0.6630516679597969     25    
55594.67207827771    15.886808524509224    0.6721087654728656     25    
55595.17207827771    15.65289570739715     0.6717326287135981     25    
55595.67207827771    15.382341061654412    0.6651307161525866     25    
55596.17207827771    15.083145642117517    0.6569711949497353     25    
55596.67207827771    14.756520602987905    0.6478534177378305     25    
55597.17207827771    14.402611889265321    0.6376254385373694     25    
55597.67207827771    14.0402276776436      0.6305324981719663     25    
55598.17207827771    13.667716680018005    0.6295030274213564     25    
55598.67207827771    13.29124844851872     0.6300732445525337     25    
55599.17207827771    12.926853806408127    0.627689772462294      25    
55599.67207827771    12.571265476676409    0.6253456612453395     25    
55600.17207827771    12.224953576340779    0.6134542514694326     25    
55600.67207827771    11.891170460606563    0.5768522862267728     25    
55601.17207827771    11.5678362028249      0.5205708753995368     25    
55601.67207827771    11.247167983571085    0.47900068279723695    25    
55602.17207827771    10.9301099548359      0.4708573691223333     25    
55602.67207827771    10.613794355205899    0.4756490504562377     25    
55603.17207827771    10.29153240007876     0.4729320314373307     25    
55603.67207827771    9.964574365018333     0.46658943706450345    25    
55604.17207827771    9.63389402059416      0.4590052352477309     25    
55604.67207827771    9.298303274353076     0.44921754687351156    25    
55605.17207827771    8.958906604980115     0.4379860847252911     25    
55605.67207827771    8.621819423149793     0.43075923989364856    25    
55606.17207827771    8.286053863696631     0.4304550994465497     25    
55606.67207827771    7.9542320118572       0.4321182808477786     25    
55607.17207827771    7.631469930231448     0.43133017556142333    25    
55607.67207827771    7.316215731133142     0.43055623256193426    25    
55608.17207827771    7.010295591646482     0.4219384500703867     25    
55608.67207827771    6.715276058706356     0.393506588801235      25    
55609.17207827771    6.430252726454879     0.35039187321508725    25    
55609.67207827771    6.154764311430125     0.3196449078846895     25    
55610.17207827771    5.888921331438308     0.3144754258387223     25    
55610.67207827771    5.632459420513619     0.3186147642560595     25    
55611.17207827771    5.384948305815523     0.3170604157290134     25    
55611.67207827771    5.146533785015194     0.3136802285248824     25    
55612.17207827771    4.917003897773432     0.30801543824939476    25    
55612.67207827771    4.69621697158594      0.29722719972229705    25    
55613.17207827771    4.484251363689775     0.2831783599565721     25    
55613.67207827771    4.281083054261515     0.27285481832745       25    
55614.17207827771    4.086718239170496     0.26829171997480766    25    
55614.67207827771    3.9011424454958648    0.2662484633276074     25    
55615.17207827771    3.724371252706221     0.2644143821012932     25    
55615.67207827771    3.5564457014072923    0.2636946288741988     25    
55616.17207827771    3.3970576214695973    0.2623264683122852     25    
55616.67207827771    3.2462016804973475    0.26032280276436454    25    
55617.17207827771    3.1037918975748338    0.2570152546018314     25    
55617.67207827771    2.969200466372271     0.24733580134670416    25    
55618.17207827771    2.8425913027302645    0.2256301693286549     25    
55618.67207827771    2.723591718773229     0.2014643027919198     25    
55619.17207827771    2.6118108553887422    0.19133750191662122    25    
55619.67207827771    2.507530646661452     0.19432998421508826    25    
55620.17207827771    2.4094501881940427    0.19646662153528274    25    
55620.67207827771    2.3174832559091145    0.18956462246143171    25    
55621.17207827771    2.2313280902937005    0.1792770727344177     25    
55621.67207827771    2.148804857853853     0.17205949023040923    25    
55622.17207827771    2.070492547408682     0.16923340979358542    25    
55622.67207827771    1.9951097541857037    0.1681383113590957     25    
55623.17207827771    1.9208369909066239    0.16725692277559648    25    
55623.67207827771    1.8482613298757697    0.16731252262287608    25    
55624.17207827771    1.7772888262545647    0.16620628079196806    25    
55624.67207827771    1.7071384278474198    0.16209387036198764    25    
55625.17207827771    1.6387615607293282    0.15649128671206972    25    
55625.67207827771    1.5745117006495817    0.15212843663410772    25    
55626.17207827771    1.5136722526918256    0.14901746747502717    25    
55626.67207827771    1.4578250576028329    0.1470839699866718     25    
55627.17207827771    1.4090783777348779    0.14725702956614845    25    
55627.67207827771    1.3667441313946902    0.1495367384581889     25    
55628.17207827771    1.3305561936455466    0.15041382111259693    25    
55628.67207827771    1.301657399061245     0.147011942871379      25    
55629.17207827771    1.2784321706398292    0.14214445782928728    25    
55629.67207827771    1.2569067580024718    0.1410026859138457     25    
55630.17207827771    1.2383912604128757    0.14446769982594904    25    
55630.67207827771    1.2199953457003825    0.14912128785167988    25    
55631.17207827771    1.1984207882710365    0.15307008423334645    25    
55631.67207827771    1.1749401146718457    0.15720509386236103    25    
55632.17207827771    1.1482273971992603    0.15854143147090363    25    
55632.67207827771    1.1166702614038775    0.15570489137948534    25    
55633.17207827771    1.0821744109101616    0.1497210808880408     25    
55633.67207827771    1.0479182981907584    0.14052878725434426    25    
55634.17207827771    1.0127308626911928    0.12498264511988688    25    
55634.67207827771    0.979247518274742     0.10886970263403124    25    
55635.17207827771    0.9501749132025821    0.10216507608285226    25    
55635.67207827771    0.9244146424873714    0.1034157744812106     25    
55636.17207827771    0.9034390323252569    0.10527371647968982    25    
55636.67207827771    0.8886300874782074    0.10407464972075334    25    
55637.17207827771    0.8783183575134432    0.10354857918851901    25    
55637.67207827771    0.8700969359350992    0.10776165529641461    25    
55638.17207827771    0.8649278274419611    0.11698883313992327    25    
55638.67207827771    0.8605970696535983    0.12673498727569227    25    
55639.17207827771    0.8550902153820397    0.13519322685063534    25    
55639.67207827771    0.8492628554545995    0.14337214585316846    25    
55640.17207827771    0.8414517144420971    0.14699260976186618    25    
55640.67207827771    0.8307323036566646    0.143677551445087      25    
55641.17207827771    0.8181399317903684    0.13635897335435376    25    
55641.67207827771    0.8046908351445217    0.12862003069340774    25    
55642.17207827771    0.7899172202752737    0.11917254731542587    25    
55642.67207827771    0.7749593395986896    0.10989419232698674    25    
55643.17207827771    0.7607299995459293    0.10380328541897017    25    
55643.67207827771    0.7468342163897679    0.10021596858462511    25    
55644.17207827771    0.7342611748599546    0.09799992365909521    25    
55644.67207827771    0.723369835587261     0.09752212446253597    25    
55645.17207827771    0.7137949334157536    0.09805820001063521    25    
55645.67207827771    0.7053732637716146    0.09760889806527921    25    
55646.17207827771    0.6982122590400136    0.09629433395640008    25    
55646.67207827771    0.6920095628286017    0.09470274600722281    25    
55647.17207827771    0.6865745059651386    0.09302298209682351    25    
55647.67207827771    0.6819881197104898    0.09116305818987067    25    
55648.17207827771    0.6778764817779819    0.08963388722295158    25    
55648.67207827771    0.6742618032061556    0.08863723314112969    25    
55649.17207827771    0.6710274668755868    0.08797578038080056    25    
55649.67207827771    0.6678470141499545    0.0874615096041101     25    
55650.17207827771    0.6648494230310638    0.08697662145690449    25    
55650.67207827771    0.6617445680717017    0.08712503618219       25    
55651.17207827771    0.6583547051950903    0.08811028899096442    25    
55651.67207827771    0.6547516329762642    0.08984345398195899    25    
55652.17207827771    0.650559714202023     0.09332012468891801    25    
55652.67207827771    0.6458138224497904    0.09579091026428471    25    
55653.17207827771    0.6403827005781548    0.10207706660714723    25    
55653.67207827771    0.6339475373266383    0.11706621974042146    25    