#Date  :
#Flux  :
#Fluxerr  :
#ZP  :
#end  :
@INSTRUMENT  PS
@BAND  PS_i
@MAGSYS  AB
54786.1477625  0.0  1.7952552919433713  25.0
54791.134107499995  0.0  1.7952552919433713  25.0
54796.12045249999  0.0  1.7952552919433713  25.0
54801.10679749999  0.0  1.7952552919433713  25.0
54806.09314249999  0.0  1.7952552919433713  25.0
54811.079487499985  0.0  1.7952552919433713  25.0
54816.06583249998  0.0  1.7952552919433713  25.0
54821.05217749998  0.0  1.7952552919433713  25.0
54826.03852249998  0.0  1.7952552919433713  25.0
54831.024867499975  0.0  1.7952552919433713  25.0
54836.01121249997  0.0  1.7952552919433713  25.0
54840.99755749997  0.0  1.7952552919433713  25.0
54845.98390249997  0.0  1.7952552919433713  25.0
54850.970247499965  0.0  1.7952552919433713  25.0
54855.95659249996  0.0  1.7952552919433713  25.0
54860.94293749996  0.0  1.7952552919433713  25.0
54865.92928249996  0.0  1.7952552919433713  25.0
54870.915627499955  0.0  1.7952552919433713  25.0
54875.90197249995  0.0  1.7952552919433713  25.0
54880.88831749995  0.0  1.7952552919433713  25.0
54885.87466249995  0.0  1.7952552919433713  25.0
54890.861007499945  0.0  1.7952552919433713  25.0
54895.84735249994  0.0  1.7952552919433713  25.0
54900.83369749994  0.0  1.7952552919433713  25.0
54905.82004249994  0.0  1.7952552919433713  25.0
54910.806387499935  0.0  1.7952552919433713  25.0
54915.79273249993  0.0  1.7952552919433713  25.0
54920.77907749993  0.0  1.7952552919433713  25.0
54925.76542249993  0.0  1.7952552919433713  25.0
54930.751767499925  0.0  1.7952552919433713  25.0
54935.73811249992  0.0  1.7952552919433713  25.0
54940.72445749992  0.0  1.7952552919433713  25.0
54945.71080249992  0.0  1.7952552919433713  25.0
54950.697147499915  0.0  1.7952552919433713  25.0
54955.68349249991  0.0  1.7952552919433713  25.0
54960.66983749991  0.0  1.7952552919433713  25.0
54965.65618249991  0.0  1.7952552919433713  25.0
54970.642527499906  0.0  1.7952552919433713  25.0
54975.6288724999  0.0  1.7952552919433713  25.0
54980.6152174999  0.0  1.7952552919433713  25.0
54985.6015624999  0.0  1.7952552919433713  25.0
54990.587907499896  0.0  1.7952552919433713  25.0
54995.57425249989  0.0  1.7952552919433713  25.0
55000.56059749989  0.0  1.7952552919433713  25.0
55005.54694249989  0.0  1.7952552919433713  25.0
55010.533287499886  0.0  1.7952552919433713  25.0
55015.51963249988  0.0  1.7952552919433713  25.0
55020.50597749988  0.0  1.7952552919433713  25.0
55025.49232249988  0.0  1.7952552919433713  25.0
55030.478667499876  0.0  1.7952552919433713  25.0
55035.46501249987  0.0  1.7952552919433713  25.0
55040.45135749987  0.0  1.7952552919433713  25.0
55045.43770249987  0.0  1.7952552919433713  25.0
55050.424047499866  0.0  1.7952552919433713  25.0
55055.41039249986  0.0  1.7952552919433713  25.0
55060.39673749986  0.0  1.7952552919433713  25.0
55065.38308249986  0.0  1.7952552919433713  25.0
55070.369427499856  0.0  1.7952552919433713  25.0
55075.35577249985  0.0  1.7952552919433713  25.0
55080.34211749985  0.0  1.7952552919433713  25.0
55085.32846249985  0.0  1.7952552919433713  25.0
55090.314807499846  0.0  1.7952552919433713  25.0
55095.301152499844  0.0  1.7952552919433713  25.0
55100.28749749984  0.0  1.7952552919433713  25.0
55105.27384249984  0.0  1.7952552919433713  25.0
55110.260187499836  0.0  1.7952552919433713  25.0
55115.246532499834  0.0  1.7952552919433713  25.0
55120.23287749983  0.0  1.7952552919433713  25.0
55125.21922249983  0.0  1.7952552919433713  25.0
55130.20556749983  0.0  1.7952552919433713  25.0
55135.191912499824  0.0  1.7952552919433713  25.0
55140.17825749982  0.0  1.7952552919433713  25.0
55145.16460249982  0.0  1.7952552919433713  25.0
55150.15094749982  0.0  1.7952552919433713  25.0
55155.137292499814  0.0  1.7952552919433713  25.0
55160.12363749981  0.0  1.7952552919433713  25.0
55165.10998249981  0.0  1.7952552919433713  25.0
55170.09632749981  0.0  1.7952552919433713  25.0
55175.082672499804  0.0  1.7952552919433713  25.0
55180.0690174998  0.0  1.7952552919433713  25.0
55185.0553624998  0.0  1.7952552919433713  25.0
55190.0417074998  0.0  1.7952552919433713  25.0
55195.028052499794  0.0  1.7952552919433713  25.0
55200.01439749979  0.0  1.7952552919433713  25.0
55205.00074249979  0.0  1.7952552919433713  25.0
55209.98708749979  0.0  1.7952552919433713  25.0
55214.973432499784  0.0  1.7952552919433713  25.0
55219.95977749978  0.0  1.7952552919433713  25.0
55224.94612249978  0.0  1.7952552919433713  25.0
55229.93246749978  0.0  1.7952552919433713  25.0
55234.918812499775  0.0  1.7952552919433713  25.0
55239.90515749977  0.0  1.7952552919433713  25.0
55244.89150249977  0.0  1.7952552919433713  25.0
55249.87784749977  0.0  1.7952552919433713  25.0
55254.864192499765  0.0  1.7952552919433713  25.0
55259.85053749976  0.0  1.7952552919433713  25.0
55264.83688249976  0.0  1.7952552919433713  25.0
55269.82322749976  0.0  1.7952552919433713  25.0
55274.809572499755  0.0  1.7952552919433713  25.0
55279.79591749975  0.0  1.7952552919433713  25.0
55284.78226249975  0.0  1.7952552919433713  25.0
55289.76860749975  0.0  1.7952552919433713  25.0
55294.754952499745  0.0  1.7952552919433713  25.0
55299.74129749974  0.0  1.7952552919433713  25.0
55304.72764249974  0.0  1.7952552919433713  25.0
55309.71398749974  0.0  1.7952552919433713  25.0
55314.700332499735  0.0  1.7952552919433713  25.0
55319.68667749973  0.0  1.7952552919433713  25.0
55324.67302249973  0.0  1.7952552919433713  25.0
55329.65936749973  0.0  1.7952552919433713  25.0
55334.645712499725  0.0  1.7952552919433713  25.0
55339.63205749972  0.0  1.7952552919433713  25.0
55344.61840249972  0.0  1.7952552919433713  25.0
55349.60474749972  0.0  1.7952552919433713  25.0
55354.591092499715  0.0  1.7952552919433713  25.0
55359.57743749971  0.0  1.7952552919433713  25.0
55364.56378249971  0.0  1.7952552919433713  25.0
55369.55012749971  0.0  1.7952552919433713  25.0
55374.536472499705  0.0  1.7952552919433713  25.0
55379.5228174997  0.0  1.7952552919433713  25.0
55384.5091624997  0.0  1.7952552919433713  25.0
55389.4955074997  0.0  1.7952552919433713  25.0
55394.481852499695  0.0  1.7952552919433713  25.0
55399.46819749969  0.0  1.7952552919433713  25.0
55404.45454249969  0.0  1.7952552919433713  25.0
55409.44088749969  0.0  1.7952552919433713  25.0
55414.427232499685  0.0  1.7952552919433713  25.0
55419.41357749968  0.0  1.7952552919433713  25.0
55424.39992249968  0.0  1.7952552919433713  25.0
55429.38626749968  0.0  1.7952552919433713  25.0
55434.372612499676  0.0  1.7952552919433713  25.0
55439.35895749967  0.0  1.7952552919433713  25.0
55444.34530249967  0.0  1.7952552919433713  25.0
55449.33164749967  0.0  1.7952552919433713  25.0
55454.317992499666  0.0  1.7952552919433713  25.0
55459.30433749966  0.0  1.7952552919433713  25.0
55464.29068249966  0.0  1.7952552919433713  25.0
55469.27702749966  0.0  1.7952552919433713  25.0
55474.263372499656  0.0  1.7952552919433713  25.0
55479.24971749965  0.0  1.7952552919433713  25.0
55484.23606249965  0.0  1.7952552919433713  25.0
55489.22240749965  0.0  1.7952552919433713  25.0
55494.208752499646  0.0  1.7952552919433713  25.0
55499.19509749964  0.0  1.7952552919433713  25.0
55504.18144249964  0.0  1.7952552919433713  25.0
55509.16778749964  0.0  1.7952552919433713  25.0
55514.154132499636  0.0  1.7952552919433713  25.0
55519.14047749963  0.0  1.7952552919433713  25.0
55524.12682249963  0.0  1.7952552919433713  25.0
55529.11316749963  0.0  1.7952552919433713  25.0
55534.099512499626  0.0  1.7952552919433713  25.0
55539.085857499624  0.0  1.7952552919433713  25.0
55544.07220249962  0.0  1.7952552919433713  25.0
55549.05854749962  0.0  1.7952552919433713  25.0
55554.044892499616  0.0  1.7952552919433713  25.0
55559.031237499614  0.0  1.7952552919433713  25.0
55564.01758249961  0.0  1.7952552919433713  25.0
55569.00392749961  0.0  1.7952552919433713  25.0
55573.99027249961  0.0  1.7952552919433713  25.0
55578.976617499604  0.0  1.7952552919433713  25.0
55583.9629624996  0.0  1.7952552919433713  25.0
55588.9493074996  0.0  1.7952552919433713  25.0
55593.9356524996  0.0  1.7952552919433713  25.0
55598.921997499594  0.0  1.7952552919433713  25.0
55603.90834249959  0.0  1.7952552919433713  25.0
55608.89468749959  0.0  1.7952552919433713  25.0
55613.88103249959  0.0  1.7952552919433713  25.0
55618.867377499584  0.0  1.7952552919433713  25.0
55623.85372249958  0.0  1.7952552919433713  25.0
55628.84006749958  0.0  1.7952552919433713  25.0
55633.82641249958  0.0  1.7952552919433713  25.0
55638.812757499574  0.0  1.7952552919433713  25.0
55643.79910249957  0.0  1.7952552919433713  25.0
55648.78544749957  0.0  1.7952552919433713  25.0
55653.77179249957  0.0  1.7952552919433713  25.0
55658.758137499564  0.0  1.7952552919433713  25.0
55663.74448249956  0.0  1.7952552919433713  25.0
55668.73082749956  0.0  1.7952552919433713  25.0
55673.71717249956  0.0  1.7952552919433713  25.0
55678.703517499554  0.0  1.7952552919433713  25.0
55683.68986249955  0.0  1.7952552919433713  25.0
55688.67620749955  0.0  1.7952552919433713  25.0
55693.66255249955  0.0  1.7952552919433713  25.0
55698.648897499545  0.0  1.7952552919433713  25.0
55703.63524249954  0.0  1.7952552919433713  25.0
55708.62158749954  0.0  1.7952552919433713  25.0
55713.60793249954  0.0  1.7952552919433713  25.0
55718.594277499535  0.0  1.7952552919433713  25.0
55723.58062249953  0.0  1.7952552919433713  25.0
55728.56696749953  0.0  1.7952552919433713  25.0
55733.55331249953  0.0  1.7952552919433713  25.0
55738.539657499525  0.0  1.7952552919433713  25.0
55743.52600249952  0.0  1.7952552919433713  25.0
55748.51234749952  0.0  1.7952552919433713  25.0
55753.49869249952  0.0  1.7952552919433713  25.0
55758.485037499515  0.0  1.7952552919433713  25.0
55763.47138249951  0.0  1.7952552919433713  25.0
55768.45772749951  0.0  1.7952552919433713  25.0
55773.44407249951  0.0  1.7952552919433713  25.0
55778.430417499505  0.0  1.7952552919433713  25.0
55783.4167624995  0.0  1.7952552919433713  25.0
55788.4031074995  0.0  1.7952552919433713  25.0
55793.3894524995  0.0  1.7952552919433713  25.0
55798.375797499495  0.0  1.7952552919433713  25.0
55803.36214249949  0.0  1.7952552919433713  25.0
55808.34848749949  0.0  1.7952552919433713  25.0
55813.33483249949  0.0  1.7952552919433713  25.0
55818.321177499485  0.0  1.7952552919433713  25.0
55823.30752249948  0.0  1.7952552919433713  25.0
55828.29386749948  0.0  1.7952552919433713  25.0
55833.28021249948  0.0  1.7952552919433713  25.0
55838.266557499475  0.0  1.7952552919433713  25.0
55843.25290249947  0.0  1.7952552919433713  25.0
55848.23924749947  0.0  1.7952552919433713  25.0
55853.22559249947  0.0  1.7952552919433713  25.0
55858.211937499465  0.0  1.7952552919433713  25.0
55863.19828249946  0.0  1.7952552919433713  25.0
55868.18462749946  0.0  1.7952552919433713  25.0
55873.17097249946  0.0  1.7952552919433713  25.0
55878.157317499456  0.0  1.7952552919433713  25.0
55883.14366249945  0.0  1.7952552919433713  25.0
55888.13000749945  0.0  1.7952552919433713  25.0
55893.11635249945  0.0  1.7952552919433713  25.0
55898.102697499446  0.0  1.7952552919433713  25.0
55903.08904249944  0.0  1.7952552919433713  25.0
55908.07538749944  0.0  1.7952552919433713  25.0
55913.06173249944  0.0  1.7952552919433713  25.0
55918.048077499436  0.0  1.7952552919433713  25.0
55923.03442249943  0.0  1.7952552919433713  25.0
55928.02076749943  0.0  1.7952552919433713  25.0
55933.00711249943  0.0  1.7952552919433713  25.0
55937.993457499426  0.0  1.7952552919433713  25.0
55942.97980249942  0.0  1.7952552919433713  25.0
55947.96614749942  0.0  1.7952552919433713  25.0
55952.95249249942  0.0  1.7952552919433713  25.0
55957.938837499416  0.0  1.7952552919433713  25.0
55962.92518249941  0.0  1.7952552919433713  25.0
55967.91152749941  0.0  1.7952552919433713  25.0
55972.89787249941  0.0  1.7952552919433713  25.0
55977.884217499406  0.0  1.7952552919433713  25.0
55982.8705624994  0.0  1.7952552919433713  25.0
55987.8569074994  0.0  1.7952552919433713  25.0
55992.8432524994  0.0  1.7952552919433713  25.0
55997.829597499396  0.0  1.7952552919433713  25.0
56002.815942499394  0.0  1.7952552919433713  25.0
56007.80228749939  0.0  1.7952552919433713  25.0
56012.78863249939  0.0  1.7952552919433713  25.0
56017.774977499386  0.0  1.7952552919433713  25.0
56022.761322499384  0.0  1.7952552919433713  25.0
56027.74766749938  0.0  1.7952552919433713  25.0
56032.73401249938  0.0  1.7952552919433713  25.0
56037.72035749938  0.0  1.7952552919433713  25.0
56042.706702499374  0.0  1.7952552919433713  25.0
56047.69304749937  0.0  1.7952552919433713  25.0
56052.67939249937  0.0  1.7952552919433713  25.0
56057.66573749937  0.0  1.7952552919433713  25.0
56062.652082499364  0.0  1.7952552919433713  25.0
56067.63842749936  0.0  1.7952552919433713  25.0
56072.62477249936  0.0  1.7952552919433713  25.0
56077.61111749936  0.0  1.7952552919433713  25.0
56082.597462499354  0.0  1.7952552919433713  25.0
56087.58380749935  0.0  1.7952552919433713  25.0
56092.57015249935  0.0  1.7952552919433713  25.0
56097.55649749935  0.0  1.7952552919433713  25.0
56102.542842499344  0.0  1.7952552919433713  25.0
56107.52918749934  0.0  1.7952552919433713  25.0
56112.51553249934  0.0  1.7952552919433713  25.0
56117.50187749934  0.0  1.7952552919433713  25.0
56122.488222499334  0.0  1.7952552919433713  25.0
56127.47456749933  0.0  1.7952552919433713  25.0
56132.46091249933  0.0  1.7952552919433713  25.0
56137.44725749933  0.0  1.7952552919433713  25.0
56142.433602499324  0.0  1.7952552919433713  25.0
56147.41994749932  0.0  1.7952552919433713  25.0
56152.40629249932  0.0  1.7952552919433713  25.0
56157.39263749932  0.0  1.7952552919433713  25.0
56162.378982499315  0.0  1.7952552919433713  25.0
56167.36532749931  0.0  1.7952552919433713  25.0
56172.35167249931  0.0  1.7952552919433713  25.0
56177.33801749931  0.0  1.7952552919433713  25.0
56182.324362499305  0.0  1.7952552919433713  25.0
56187.3107074993  0.0  1.7952552919433713  25.0
56192.2970524993  0.0  1.7952552919433713  25.0
56197.2833974993  0.0  1.7952552919433713  25.0
56202.269742499295  0.0  1.7952552919433713  25.0
56207.25608749929  0.0  1.7952552919433713  25.0
56212.24243249929  0.0  1.7952552919433713  25.0
56217.22877749929  0.0  1.7952552919433713  25.0
56222.215122499285  0.0  1.7952552919433713  25.0
56227.20146749928  0.0  1.7952552919433713  25.0
56232.18781249928  0.0  1.7952552919433713  25.0
56237.17415749928  0.0  1.7952552919433713  25.0
56242.160502499275  0.0  1.7952552919433713  25.0
56247.14684749927  0.0  1.7952552919433713  25.0
56252.13319249927  0.0  1.7952552919433713  25.0
56257.11953749927  0.0  1.7952552919433713  25.0
56262.105882499265  0.0  1.7952552919433713  25.0
56267.09222749926  0.0  1.7952552919433713  25.0
56272.07857249926  0.0  1.7952552919433713  25.0
56277.06491749926  0.0  1.7952552919433713  25.0
56282.051262499255  0.0  1.7952552919433713  25.0
56287.03760749925  0.0  1.7952552919433713  25.0
56292.02395249925  0.0  1.7952552919433713  25.0
56297.01029749925  0.0  1.7952552919433713  25.0
56301.996642499245  0.0  1.7952552919433713  25.0
56306.98298749924  0.0  1.7952552919433713  25.0
56311.96933249924  0.0  1.7952552919433713  25.0
56316.95567749924  0.0  1.7952552919433713  25.0
56321.942022499235  0.0  1.7952552919433713  25.0
56326.92836749923  0.0  1.7952552919433713  25.0
56331.91471249923  0.0  1.7952552919433713  25.0
56336.90105749923  0.0  1.7952552919433713  25.0
56341.887402499226  0.0  1.7952552919433713  25.0
56346.87374749922  0.0  1.7952552919433713  25.0
56351.86009249922  0.0  1.7952552919433713  25.0
56356.84643749922  0.0  1.7952552919433713  25.0
56361.832782499216  0.0  1.7952552919433713  25.0
56366.81912749921  0.0  1.7952552919433713  25.0
56371.80547249921  0.0  1.7952552919433713  25.0
56376.79181749921  0.0  1.7952552919433713  25.0
56381.778162499206  0.0  1.7952552919433713  25.0
56386.7645074992  0.0  1.7952552919433713  25.0
56391.7508524992  0.0  1.7952552919433713  25.0
56396.7371974992  0.0  1.7952552919433713  25.0
56401.723542499196  0.0  1.7952552919433713  25.0
56406.70988749919  0.0  1.7952552919433713  25.0
56411.69623249919  0.0  1.7952552919433713  25.0
56416.68257749919  0.0  1.7952552919433713  25.0
56421.668922499186  0.0  1.7952552919433713  25.0
56426.65526749918  0.0  1.7952552919433713  25.0
56431.64161249918  0.0  1.7952552919433713  25.0
54985.6015625  0.6400407043342783  1.5921503260842487  25.0
54986.6015625  0.8747550451150986  1.5688850906776386  25.0
55012.5  0.2731952884187055  1.8822301171899842  25.0
55072.5  -0.6538820552132374  1.9734261851310506  25.0
55087.5  4.704201165668037  2.1387373138148282  25.0
55090.3984375  0.15421839518902386  1.8020287528311314  25.0
55093.5  1.9254231007098517  2.219723947273727  25.0
55096.3984375  1.0579323564791205  1.653307510494631  25.0
55102.3984375  -12.145165129188147  4.798931131795624  25.0
55408.5  8.594902488841628  2.2485847399180283  25.0
55411.5  2.251333369004503  1.6443744659635875  25.0
55414.5  -0.3688087290929232  1.4033775511006925  25.0
55417.5  -1.488290998150606  1.4674798691088753  25.0
55423.5  -0.09904923873458107  1.4758239618148845  25.0
55426.5  1.4375392846429322  1.6189496469136937  25.0
55429.5  -1.1118253336232924  1.7102438266831874  25.0
55438.5  -1.6771617913444326  1.7106364612332106  25.0
55441.5  -1.4684614554839328  1.5116544390038005  25.0
55444.3984375  0.5893871962731887  1.517446219898346  25.0
55447.3984375  -1.795549814664967  1.5861623215328484  25.0
55450.3984375  11.144070977069154  2.36078816055768  25.0
55453.3984375  -0.8500172897186667  1.411819849253286  25.0
55456.3984375  0.8995909123399577  1.5539638543588807  25.0
55465.5  0.011190895789218792  1.8165571673635525  25.0
55468.30078125  1.921594679801735  1.6109980951395506  25.0
55477.19921875  -0.8018178880224565  1.4611972482177222  25.0
55480.19921875  9.25644133906202  2.0891635039572236  25.0
55483.19921875  -0.2199894451416132  1.4935919390485446  25.0
55486.30078125  3.675227526425331  2.2416148681370998  25.0
55498.19921875  0.9921612948242616  1.5905796006478428  25.0
55501.3984375  1.2457233578513054  1.815182852820315  25.0
55507.30078125  -0.6179534193868157  1.6129614551259797  25.0
55510.19921875  0.22960969375335413  1.5188205344415835  25.0
55534.30078125  0.32296532193316485  2.0156374886577035  25.0
55738.6015625  4.425704749115079  2.242203913580291  25.0
55741.6015625  -0.7943572698630775  1.4898616299688552  25.0
55747.6015625  -0.001963315005830113  1.8563143645253264  25.0
55765.6015625  2.399465565897812  1.7313492912102002  25.0
55768.6015625  -0.19731316156003764  1.4800450172730242  25.0
55771.3984375  55.620617096769486  3.5203220558805755  25.0
55774.6015625  -0.6119653212172584  1.463356831861006  25.0
55777.3984375  1.998360257802494  1.5514115425474173  25.0
55850.30078125  -0.9368939095186953  1.643491085035114  25.0
55853.3984375  0.0333763561961997  1.5023286663045767  25.0
55861.30078125  0.20045447200561411  1.643098450485091  25.0
55882.19921875  -1.316108203132484  5.631081957979576  25.0
56136.6015625  -0.8041738825589084  1.5452271271028486  25.0
56148.5  -0.2092893813036913  1.414666683786345  25.0
56151.6015625  -0.16040283403813183  1.4651238745724233  25.0
56156.5  7.959966174084884  2.0745367903600616  25.0
56166.3984375  1.086891167333692  1.5718299434209682  25.0
56174.30078125  -0.8405933115728589  1.6762784104159594  25.0
56207.3984375  -1.6157100842124545  1.526477469875974  25.0
56210.30078125  -0.8427529888342994  1.6081513542246484  25.0
56213.30078125  6.2947807663158795  2.175942105546982  25.0
56215.19921875  6.660153709050709  1.943289189771939  25.0
56218.19921875  0.09659510311402777  1.7077895330819943  25.0
56221.30078125  3.005639012602368  2.0930902239300813  25.0
56239.19921875  40.488366950257934  4.889439667992444  25.0
56242.19921875  8.753538081229758  2.0849424484990835  25.0
56284.19921875  1.6782417704023882  1.7884818310556112  25.0
56473.5  311.3019592781898  4.220931133227437  25.0
56476.6015625  290.85079279867045  2.6202402099258535  25.0
56481.6015625  322.2781654104914  7.691384669292498  25.0
56484.5  355.1099841310558  4.674162469373666  25.0
56491.5  364.0698858389499  4.48961074984825  25.0
56505.3984375  183.94887551484368  2.3344797733429994  25.0
56508.6015625  149.37558532070912  2.311999807036435  25.0
56513.6015625  120.73327049257466  2.293839195252752  25.0
56516.5  110.49016792540604  1.927091937974685  25.0
56520.5  97.9458621587632  1.8511116290739722  25.0
56532.3984375  76.41399164228126  2.2263011845046323  25.0
56538.3984375  54.98656603530436  1.8024213873811545  25.0
56540.3984375  57.33095641397271  1.7788616292529487  25.0
56550.5  47.32011375355648  5.287698422409174  25.0
56558.3984375  31.37436226665997  1.884193477176413  25.0
56564.3984375  55.27144084412297  4.509243975239912  25.0
56567.19921875  27.002553115997454  4.2987765030498375  25.0
56569.30078125  20.237360583854368  2.403686621355952  25.0
56575.30078125  20.880443925096852  1.6547801241026097  25.0
56588.3984375  14.546200484340796  1.6422148823203038  25.0
56597.19921875  17.685934774627757  1.5787017033734696  25.0
56599.30078125  19.239112423705024  1.8624006681414678  25.0
56626.19921875  10.65520520015455  3.216597043934579  25.0
