#Date  :
#Flux  :
#Fluxerr  :
#ZP  :
#end  :
@INSTRUMENT  SDSS
@BAND  SDSS_z
@MAGSYS  AB
54146.967023  0.0  11.55793555196472  25.0
54151.953367999995  0.0  11.55793555196472  25.0
54156.93971299999  0.0  11.55793555196472  25.0
54161.92605799999  0.0  11.55793555196472  25.0
54166.91240299999  0.0  11.55793555196472  25.0
54171.898747999985  0.0  11.55793555196472  25.0
54176.88509299998  0.0  11.55793555196472  25.0
54181.87143799998  0.0  11.55793555196472  25.0
54186.85778299998  0.0  11.55793555196472  25.0
54191.844127999975  0.0  11.55793555196472  25.0
54196.83047299997  0.0  11.55793555196472  25.0
54201.81681799997  0.0  11.55793555196472  25.0
54206.80316299997  0.0  11.55793555196472  25.0
54211.789507999965  0.0  11.55793555196472  25.0
54216.77585299996  0.0  11.55793555196472  25.0
54221.76219799996  0.0  11.55793555196472  25.0
54226.74854299996  0.0  11.55793555196472  25.0
54231.734887999955  0.0  11.55793555196472  25.0
54236.72123299995  0.0  11.55793555196472  25.0
54241.70757799995  0.0  11.55793555196472  25.0
54246.69392299995  0.0  11.55793555196472  25.0
54251.680267999945  0.0  11.55793555196472  25.0
54256.66661299994  0.0  11.55793555196472  25.0
54261.65295799994  0.0  11.55793555196472  25.0
54266.63930299994  0.0  11.55793555196472  25.0
54271.625647999936  0.0  11.55793555196472  25.0
54276.61199299993  0.0  11.55793555196472  25.0
54281.59833799993  0.0  11.55793555196472  25.0
54286.58468299993  0.0  11.55793555196472  25.0
54291.571027999926  0.0  11.55793555196472  25.0
54296.55737299992  0.0  11.55793555196472  25.0
54301.54371799992  0.0  11.55793555196472  25.0
54306.53006299992  0.0  11.55793555196472  25.0
54311.516407999916  0.0  11.55793555196472  25.0
54316.50275299991  0.0  11.55793555196472  25.0
54321.48909799991  0.0  11.55793555196472  25.0
54326.47544299991  0.0  11.55793555196472  25.0
54331.461787999906  0.0  11.55793555196472  25.0
54346.420823  16.50548556853927  10.793413474348345  25.0
54348.424999  18.086408007610277  13.015988371418812  25.0
54355.435818  71.75585785627992  10.408421999548668  25.0
54357.384237  66.92298615134783  9.0513953117796  25.0
54358.381488  48.90210860753323  12.024840106509007  25.0
54362.434264  80.52055738895336  10.957239633837569  25.0
54365.415037  53.35271927365713  10.053465320655352  25.0
54381.435471  32.38297085903652  9.253447575149643  25.0
54384.441982  37.51619052303219  10.719691702578194  25.0
54386.427692  63.29150628267003  11.39137895648401  25.0
54387.433512  31.099665943037603  15.81195482670156  25.0
54388.432237  42.62210582711299  10.730613446544142  25.0
54390.42628  52.642805915870504  20.169730669114905  25.0
54391.434529  107.00578650637785  30.935839783548378  25.0
54392.429857  30.38975258525097  12.497205533036269  25.0
54393.435687  68.83429134538876  15.388737248021066  25.0
54396.29941  33.47514525563135  19.066634528554133  25.0
54402.42695  46.49932493502462  13.12793624706978  25.0
54403.345989  -44.72454154055802  35.08610249060871  25.0
54405.401336  48.71097808812913  15.006476209212877  25.0
54406.339699  30.635491824484806  9.750386925600289  25.0
54408.340933  20.63117435167622  10.241865404067958  25.0
54411.298912  34.67653709188565  9.676665153830138  25.0
54412.365574  32.546797018525744  10.856213502152547  25.0
54413.339815  21.67147046443279  12.871275263869997  25.0
54415.351651  25.879072327314343  9.62751730598337  25.0
54416.338276  17.36830334184918  10.151761016348885  25.0
54417.341394  34.73114581171539  10.54767423511451  25.0
54418.339765  28.396534311465416  13.381866794278077  25.0
54421.343897  25.28110684517868  15.26313719241266  25.0
54422.344073  11.691726915547587  12.89584918779338  25.0
54423.320382  33.74818885478005  11.72449214744543  25.0
54424.28  15.686354771093155  10.558595979080458  25.0
54433.342788  19.667330446681287  16.669311728028497  25.0
