#Date  :
#Flux  :
#Fluxerr  :
#ZP  :
#end  :
@INSTRUMENT  PS
@BAND  PS_i
@MAGSYS  AB
54729.0462  0.0  0.9127451527563766  25.0
54734.032544999995  0.0  0.9127451527563766  25.0
54739.01888999999  0.0  0.9127451527563766  25.0
54744.00523499999  0.0  0.9127451527563766  25.0
54748.99157999999  0.0  0.9127451527563766  25.0
54753.977924999985  0.0  0.9127451527563766  25.0
54758.96426999998  0.0  0.9127451527563766  25.0
54763.95061499998  0.0  0.9127451527563766  25.0
54768.93695999998  0.0  0.9127451527563766  25.0
54773.923304999975  0.0  0.9127451527563766  25.0
54778.90964999997  0.0  0.9127451527563766  25.0
54783.89599499997  0.0  0.9127451527563766  25.0
54788.88233999997  0.0  0.9127451527563766  25.0
54793.868684999965  0.0  0.9127451527563766  25.0
54798.85502999996  0.0  0.9127451527563766  25.0
54803.84137499996  0.0  0.9127451527563766  25.0
54808.82771999996  0.0  0.9127451527563766  25.0
54813.814064999955  0.0  0.9127451527563766  25.0
54818.80040999995  0.0  0.9127451527563766  25.0
54823.78675499995  0.0  0.9127451527563766  25.0
54828.77309999995  0.0  0.9127451527563766  25.0
54833.759444999945  0.0  0.9127451527563766  25.0
54838.74578999994  0.0  0.9127451527563766  25.0
54843.73213499994  0.0  0.9127451527563766  25.0
54848.71847999994  0.0  0.9127451527563766  25.0
54853.704824999935  0.0  0.9127451527563766  25.0
54858.69116999993  0.0  0.9127451527563766  25.0
54863.67751499993  0.0  0.9127451527563766  25.0
54868.66385999993  0.0  0.9127451527563766  25.0
54873.650204999925  0.0  0.9127451527563766  25.0
54878.63654999992  0.0  0.9127451527563766  25.0
54883.62289499992  0.0  0.9127451527563766  25.0
54888.60923999992  0.0  0.9127451527563766  25.0
54893.595584999915  0.0  0.9127451527563766  25.0
54898.58192999991  0.0  0.9127451527563766  25.0
54903.56827499991  0.0  0.9127451527563766  25.0
54908.55461999991  0.0  0.9127451527563766  25.0
54913.540964999906  0.0  0.9127451527563766  25.0
54918.5273099999  0.0  0.9127451527563766  25.0
54923.5136549999  0.0  0.9127451527563766  25.0
54928.4999999999  0.0  0.9127451527563766  25.0
54933.486344999896  0.0  0.9127451527563766  25.0
54938.47268999989  0.0  0.9127451527563766  25.0
54943.45903499989  0.0  0.9127451527563766  25.0
54948.44537999989  0.0  0.9127451527563766  25.0
54953.431724999886  0.0  0.9127451527563766  25.0
54958.41806999988  0.0  0.9127451527563766  25.0
54963.40441499988  0.0  0.9127451527563766  25.0
54968.39075999988  0.0  0.9127451527563766  25.0
54973.377104999876  0.0  0.9127451527563766  25.0
54978.36344999987  0.0  0.9127451527563766  25.0
54983.34979499987  0.0  0.9127451527563766  25.0
54988.33613999987  0.0  0.9127451527563766  25.0
54993.322484999866  0.0  0.9127451527563766  25.0
54998.30882999986  0.0  0.9127451527563766  25.0
55003.29517499986  0.0  0.9127451527563766  25.0
55008.28151999986  0.0  0.9127451527563766  25.0
55013.267864999856  0.0  0.9127451527563766  25.0
55018.25420999985  0.0  0.9127451527563766  25.0
55023.24055499985  0.0  0.9127451527563766  25.0
55028.22689999985  0.0  0.9127451527563766  25.0
55033.213244999846  0.0  0.9127451527563766  25.0
55038.199589999844  0.0  0.9127451527563766  25.0
55043.18593499984  0.0  0.9127451527563766  25.0
55048.17227999984  0.0  0.9127451527563766  25.0
55053.158624999836  0.0  0.9127451527563766  25.0
55058.144969999834  0.0  0.9127451527563766  25.0
55063.13131499983  0.0  0.9127451527563766  25.0
55068.11765999983  0.0  0.9127451527563766  25.0
55073.10400499983  0.0  0.9127451527563766  25.0
55078.090349999824  0.0  0.9127451527563766  25.0
55083.07669499982  0.0  0.9127451527563766  25.0
55088.06303999982  0.0  0.9127451527563766  25.0
55093.04938499982  0.0  0.9127451527563766  25.0
55098.035729999814  0.0  0.9127451527563766  25.0
55103.02207499981  0.0  0.9127451527563766  25.0
55108.00841999981  0.0  0.9127451527563766  25.0
55112.99476499981  0.0  0.9127451527563766  25.0
55117.981109999804  0.0  0.9127451527563766  25.0
55122.9674549998  0.0  0.9127451527563766  25.0
55127.9537999998  0.0  0.9127451527563766  25.0
55132.9401449998  0.0  0.9127451527563766  25.0
55137.926489999794  0.0  0.9127451527563766  25.0
55142.91283499979  0.0  0.9127451527563766  25.0
55147.89917999979  0.0  0.9127451527563766  25.0
55152.88552499979  0.0  0.9127451527563766  25.0
55157.871869999784  0.0  0.9127451527563766  25.0
55162.85821499978  0.0  0.9127451527563766  25.0
55167.84455999978  0.0  0.9127451527563766  25.0
55172.83090499978  0.0  0.9127451527563766  25.0
55177.817249999775  0.0  0.9127451527563766  25.0
55182.80359499977  0.0  0.9127451527563766  25.0
55187.78993999977  0.0  0.9127451527563766  25.0
55192.77628499977  0.0  0.9127451527563766  25.0
55197.762629999765  0.0  0.9127451527563766  25.0
55202.74897499976  0.0  0.9127451527563766  25.0
55207.73531999976  0.0  0.9127451527563766  25.0
55212.72166499976  0.0  0.9127451527563766  25.0
55217.708009999755  0.0  0.9127451527563766  25.0
55222.69435499975  0.0  0.9127451527563766  25.0
55227.68069999975  0.0  0.9127451527563766  25.0
55232.66704499975  0.0  0.9127451527563766  25.0
55237.653389999745  0.0  0.9127451527563766  25.0
54928.5  5.832321675680697  5.939617070826904  25.0
54938.5  -5.2507877789259885  9.448846124060525  25.0
54940.5  -2.4954715475038958  1.1801487070896148  25.0
54947.6015625  -2.3014960370689854  1.9569342233758868  25.0
54950.6015625  -1.028973452006392  1.538748188936684  25.0
54952.6015625  -0.44105872891394665  1.210187403383985  25.0
54953.5  -0.48601866152707474  1.7090657357968047  25.0
54984.3984375  -1.5826282361100137  0.9622207103583187  25.0
54985.3984375  -0.04554890784270188  0.8553182306166053  25.0
54994.30078125  0.9195185668350583  0.668901450169501  25.0
55000.30078125  1.7843588874258987  1.6218944996570233  25.0
55012.30078125  0.09335562817981075  0.9172607777451905  25.0
55015.30078125  0.024835934512909393  3.1084186423325257  25.0
55027.30078125  -5.252456803427136  3.478306976010777  25.0
55210.69921875  3.962067942066141  3.7202855708668863  25.0
55213.6015625  1.303935689518358  1.040753331070495  25.0
55222.6015625  -1.4191822619660808  1.3798177929724869  25.0
55231.6015625  -0.251009821429198  1.8145939946134373  25.0
55234.6015625  -0.910389205029003  0.6414150188775157  25.0
55237.69921875  -0.29626422995484336  0.6406297029683913  25.0
55240.6015625  0.034358012784874936  0.5793742663023462  25.0
55243.6015625  1.913741427092333  1.449220958260451  25.0
55246.5  -1.4784743854547753  0.9736079548723985  25.0
55258.6015625  23.009070665203197  1.1294951054103683  25.0
55264.6015625  34.97478776230729  2.32652840880517  25.0
55267.6015625  36.58755449166692  1.7537311456883369  25.0
55276.6015625  38.93469799309328  1.1277281563171078  25.0
55288.5  20.957210813751807  1.5318765226023399  25.0
55291.6015625  19.490907818493277  1.4374410791963481  25.0
55303.6015625  16.214136019086784  0.887516604172416  25.0
55327.5  6.8256608741550275  0.7646130494812245  25.0
55330.3984375  6.129077003082079  1.275565830488821  25.0
55348.3984375  4.461535413540308  1.2393426251317252  25.0
55354.30078125  4.052773076392443  0.7782580830851722  25.0
55360.30078125  2.2269883417762513  1.305899049504787  25.0
55363.30078125  3.4226472370096586  1.0067879148032668  25.0
55366.30078125  2.404962824070762  0.8020142052974679  25.0
55378.30078125  1.8512097409023993  0.8082968261886209  25.0
55399.30078125  2.7166390133182743  2.2494683080828155  25.0
55594.6015625  0.21527750287778774  0.4298678484839567  25.0
55597.6015625  -1.028580723838212  0.7837553880672006  25.0
55615.6015625  -0.5456052609282865  3.904444468605966  25.0
55630.6015625  -1.6037338878733403  1.0448762747002074  25.0
55633.6015625  -0.9416058985915993  0.36350778819498475  25.0
55636.6015625  0.523321611896734  1.6051082024165777  25.0
55645.6015625  0.5033939574016334  0.9996218193654837  25.0
55651.6015625  0.09826392282545657  0.6228616789256527  25.0
55654.6015625  0.24060425690833254  1.650951703194493  25.0
55666.6015625  -0.3127560980918502  0.7660855226619677  25.0
55672.5  0.15893034915511894  0.97930153032036  25.0
55675.3984375  -0.6577105229304326  0.5543419881843188  25.0
55678.30078125  0.19230670827688606  0.6289479825417941  25.0
55702.3984375  0.5617044477061919  1.4003344929107788  25.0
55705.30078125  -0.2908651304193991  0.42122923305635185  25.0
55708.3984375  -1.1655219934924528  1.3691177057300257  25.0
55711.30078125  -0.5690668604189866  0.4916140783375305  25.0
55714.30078125  -0.43703394392173994  1.101027040934247  25.0
55720.3984375  0.28742932065676613  1.0526313219630252  25.0
55723.30078125  0.0038284644259318867  0.8694541042171601  25.0
55735.30078125  0.6914795751135708  0.8085913489102166  25.0
55738.30078125  0.15657437802320623  0.7817920748898501  25.0
55741.30078125  0.06312057950362011  0.3702812256782057  25.0
55744.30078125  -0.02493410192711736  0.5865403617401295  25.0
55747.30078125  -1.2452326114728551  0.9203039295532612  25.0
55753.30078125  0.6577105229304326  0.612750637126383  25.0
55968.6015625  -0.4213273916938576  0.857968654256496  25.0
55979.6015625  -0.8102600925568929  0.954465569477344  25.0
55985.6015625  -0.22911887716128612  0.7816938694432659  25.0
55998.5  0.7108182309745584  1.377952638432642  25.0
56001.6015625  -0.19122688134843543  1.5889109506193235  25.0
56004.6015625  0.33877000939401375  1.1637549507810352  25.0
56015.6015625  -0.6433783320548663  0.5187078282704143  25.0
56019.6015625  0.6626188292783481  0.859146651524722  25.0
56027.5  -0.1635441444837083  0.9500481967441927  25.0
56030.5  0.5801595822114708  0.39089603744492507  25.0
56033.5  1.1353850917514983  1.0216109456754405  25.0
56036.5  2.723510586034462  1.2523987069106381  25.0
56038.3984375  0.5749567999510381  0.3553600127639871  25.0
56041.5  0.45303492525306105  0.47826356745517856  25.0
56048.3984375  0.1414568478339761  0.7869948571502828  25.0
56057.3984375  0.2330455035159871  1.0875784182234678  25.0
56063.5  0.4706066320207881  0.6941300455625401  25.0
56066.3984375  0.27015216001517406  0.5152720419123206  25.0
56068.30078125  0.11534475448976757  0.6174625793902084  25.0
56086.3984375  0.7202421155022094  1.0669636064567485  25.0
56089.30078125  0.6314021357157519  0.5726990108611704  25.0
56092.30078125  -0.06959951766978456  0.7960261071279108  25.0
56358.6015625  -0.2835026943020652  0.6267883520894321  25.0
56385.5  0.9793997357669443  0.8441273033775368  25.0
56388.6015625  -1.594604432449128  1.8250975773445732  25.0
56393.6015625  -0.5553236681775332  1.1241941645124298  25.0
56396.5  1.8436510109145932  1.1654237880458684  25.0
56399.3984375  0.21567016083235  1.1510915971703022  25.0
56403.3984375  0.025032266415757922  0.8643494805942331  25.0
56411.5  -0.9364030695220882  1.6965004940144988  25.0
56414.5  -0.3301314173709481  0.6390590711501423  25.0
56420.3984375  0.7348688290993715  0.45705975705434626  25.0
56422.5  1.2588776450768027  0.6640913024590913  25.0
56432.3984375  1.8787943308318904  0.7158246491509012  25.0
56444.3984375  0.5689687017814808  0.9266846622728415  25.0
56447.30078125  -0.43948809709569764  0.7796323976284096  25.0
56450.3984375  -1.8561181408684717  1.2801796141151407  25.0
56452.30078125  -0.06341507882067661  0.3669435745530785  25.0
56455.30078125  0.13635223591331874  0.7719754621940192  25.0
56458.30078125  0.0692068538640875  0.9082295277675626  25.0
56462.30078125  -0.5993019207974468  0.6664472969955433  25.0
56470.3984375  -2.497042272940302  1.1085858645402102  25.0
56473.30078125  -0.07558762754161139  0.8448144606491557  25.0
56476.30078125  0.27064297660724207  0.37636750588980794  25.0
56479.30078125  -0.27672925681884425  0.7830682307955819  25.0
56481.30078125  -0.8751476796651216  0.6323837688998879  25.0
56487.30078125  -0.08707302484206222  0.6828409596859659  25.0
56491.30078125  -0.7968113762279568  0.7253467391251364  25.0
56508.30078125  -0.25660528504873215  0.8291079552303517  25.0
