56117.323696705265    3094.956943680717     459.84046369084604    25    
56117.823696705265    3674.9493978865785    450.47482824795037    25    
56118.323696705265    4289.678309039451     464.00303052107853    25    
56118.823696705265    4935.29927960326      550.514916366744      25    
56119.323696705265    5608.55532975085      628.2499685939425     25    
56119.823696705265    6305.315949194135     640.6316250575118     25    
56120.323696705265    7022.604193975973     633.3116159206921     25    
56120.823696705265    7756.015594820243     634.5290848327182     25    
56121.323696705265    8502.841089875852     635.4000709396323     25    
56121.823696705265    9258.414404642648     635.6802722182655     25    
56122.323696705265    10020.282205611535    635.5143341736658     25    
56122.823696705265    10783.528566822357    634.8561749476644     25    
56123.323696705265    11545.943729344062    634.1410959911152     25    
56123.823696705265    12302.728510600833    626.9768607220755     25    
56124.323696705265    13051.04419909405     630.5840689587877     25    
56124.823696705265    13786.645644245194    687.0070060589957     25    
56125.323696705265    14501.902486742814    752.6796961742338     25    
56125.823696705265    15182.372303057145    772.6514279067302     25    
56126.323696705265    15821.68422726435     773.6816570644229     25    
56126.823696705265    16399.433455396895    778.5208417478067     25    
56127.323696705265    16912.9424817         781.5995211627096     25    
56127.823696705265    17339.140923083054    780.5438924603914     25    
56128.323696705265    17688.458616063595    778.4521087251227     25    
56128.823696705265    17970.48015632859     783.754801358923      25    
56129.323696705265    18193.069508407254    793.4429358940671     25    
56129.823696705265    18383.44230774519     805.8055920732344     25    
56130.323696705265    18543.985318911004    817.7331240351484     25    
56130.823696705265    18703.88358912328     823.8424423680228     25    
56131.323696705265    18856.268355141357    815.3269541132992     25    
56131.823696705265    18999.180461498003    730.6928363937814     25    
56132.323696705265    19127.789856842563    585.0509004792485     25    
56132.823696705265    19222.125750886204    535.7754050184393     25    
56133.323696705265    19281.474097172177    562.5886957777126     25    
56133.823696705265    19284.87849229563     566.4403568212135     25    
56134.323696705265    19236.77949422973     562.5761087196657     25    
56134.823696705265    19142.060301073612    558.6101398369889     25    
56135.323696705265    19003.651100606596    555.1581337049532     25    
56135.823696705265    18842.632967314483    562.2094705467946     25    
56136.323696705265    18659.252709229204    576.1159980678033     25    
56136.823696705265    18474.903108239203    582.515795345757      25    
56137.323696705265    18287.64590406154     580.0095758082289     25    
56137.823696705265    18101.138104073736    527.3300548476583     25    
56138.323696705265    17914.24216479792     419.7386044351993     25    
56138.823696705265    17718.593384320564    371.0135043697664     25    
56139.323696705265    17514.225889866       389.6530016213272     25    
56139.823696705265    17293.147067844602    395.7109537157804     25    
56140.323696705265    17055.566156191795    393.6090436721759     25    
56140.823696705265    16796.28214704104     388.00807432260945    25    
56141.323696705265    16515.41752002208     379.0488656395473     25    
56141.823696705265    16209.770516999452    382.18124381414157    25    
56142.323696705265    15879.393272558706    396.82743718852254    25    
56142.823696705265    15520.73791341783     401.7737619911017     25    
56143.323696705265    15133.649282659606    397.14418028001444    25    
56143.823696705265    14726.684812717538    398.25186779758127    25    
56144.323696705265    14299.370340655209    405.6408966293898     25    
56144.823696705265    13870.097317669588    409.0617369138543     25    
56145.323696705265    13438.6998769738      408.0951309711929     25    
56145.823696705265    13023.037563528544    406.5626672899275     25    
56146.323696705265    12623.779865196695    404.86442028778515    25    
56146.823696705265    12248.213622572124    398.7018916388572     25    
56147.323696705265    11897.237054578589    386.5810327457262     25    
56147.823696705265    11568.784872638775    380.4462803218299     25    
56148.323696705265    11262.895355544033    382.62625368503274    25    
56148.823696705265    10978.216521399894    384.20231747973816    25    
56149.323696705265    10714.922527878036    384.2630848921367     25    
56149.823696705265    10470.086826600793    382.72099591144877    25    
56150.323696705265    10243.8584496566      379.1383674182929     25    
56150.823696705265    10031.748146082693    375.53173276035136    25    
56151.323696705265    9833.56590821795      371.9318603250817     25    
56151.823696705265    9645.022393954454     370.6831549012826     25    
56152.323696705265    9465.697499111917     373.40332493720877    25    
56152.823696705265    9292.285506876962     372.6611340076242     25    
56153.323696705265    9124.313574037771     364.7098619001896     25    
56153.823696705265    8959.503481113792     362.48281341862514    25    
56154.323696705265    8797.576233055583     371.359633763921      25    
56154.823696705265    8636.20391891532      378.3782905981347     25    
56155.323696705265    8474.480851233942     381.094179705299      25    
56155.823696705265    8313.043132970122     378.0061088696308     25    
56156.323696705265    8151.072354680552     368.6521109878657     25    
56156.823696705265    7992.630769331722     348.3350681676304     25    
56157.323696705265    7838.311342413439     305.21442554914245    25    
56157.823696705265    7691.638284726563     271.0418015937212     25    
56158.323696705265    7554.520603846757     274.1760634855735     25    
56158.823696705265    7425.698803356142     278.13777420372395    25    
56159.323696705265    7306.813119218849     265.5208522933679     25    
56159.823696705265    7190.666446701535     255.70852196581774    25    
56160.323696705265    7075.596051563822     257.75751598967065    25    
56160.823696705265    6955.537232429664     263.42234942910017    25    
56161.323696705265    6827.038089173229     271.924872384367      25    
56161.823696705265    6689.028889973498     276.4173585774163     25    
56162.323696705265    6538.411159325715     270.92897158897927    25    
56162.823696705265    6380.727079035335     262.0925968587916     25    
56163.323696705265    6217.576191315335     251.57802579990675    25    
56163.823696705265    6053.118821077835     243.19682580142626    25    
56164.323696705265    5890.298839378304     243.60886606806025    25    
56164.823696705265    5730.74579259172      243.6118684933818     25    
56165.323696705265    5577.186927994106     234.25461807711474    25    
56165.823696705265    5427.8436523571445    225.6331897426911     25    
56166.323696705265    5282.363021838365     226.18976829614377    25    
56166.823696705265    5139.756237979674     231.02896204237064    25    
56167.323696705265    4998.967746277765     240.31219536760784    25    
56167.823696705265    4859.999953447519     247.13413982020217    25    
56168.323696705265    4721.999100157853     242.82422357609389    25    
56168.823696705265    4586.330550532033     233.6639066993558     25    
56169.323696705265    4453.8987863084585    225.00880141875683    25    
56169.823696705265    4325.609740187383     212.50012962834822    25    
56170.323696705265    4202.840911103004     186.99100407545382    25    
56170.823696705265    4085.908172271009     158.72659962076676    25    
56171.323696705265    3976.040315408343     153.12915425779195    25    
56171.823696705265    3872.6886075336374    156.92724825506193    25    
56172.323696705265    3775.6810404054454    154.57915759527836    25    
56172.823696705265    3684.778052771596     151.06661649494168    25    
56173.323696705265    3599.574079096254     147.0915222025992     25    
56173.823696705265    3519.9118382240395    143.16435512355133    25    
56174.323696705265    3445.369105086231     140.80441172111676    25    
56174.823696705265    3375.805947286037     139.73466221212968    25    
56175.323696705265    3310.783269628935     138.38334687153466    25    
56175.823696705265    3250.1775312111563    140.58350753870414    25    
56176.323696705265    3193.533723977934     156.90879210551995    25    
56176.823696705265    3140.7437412529707    176.37363451241498    25    
56177.323696705265    3091.337619386802     182.6936945577201     25    
56177.823696705265    3045.221728665045     185.9242713315067     25    
56178.323696705265    3001.9121071091067    196.8355514648946     25    