55518.209359905115    22.858330077397607    5.056410059056336     25    
55518.709359905115    26.978849192737986    5.0100744861215105    25    
55519.209359905115    31.384035020900317    5.065492484094953     25    
55519.709359905115    36.05212201981523     5.5597234563838684    25    
55520.209359905115    40.98213156494131     6.198851133071393     25    
55520.709359905115    46.145070019882375    6.451490279876903     25    
55521.209359905115    51.544654562873944    6.435541356946957     25    
55521.709359905115    57.14972804629277     6.434191114134131     25    
55522.209359905115    62.963638868051575    6.461278687421512     25    
55522.709359905115    68.95813095239973     6.486576680834148     25    
55523.209359905115    75.1311193338274      6.509690807421985     25    
55523.709359905115    81.46228673862034     6.53177285265065      25    
55524.209359905115    87.93913081355494     6.552479746368555     25    
55524.709359905115    94.55264903808263     6.574097963011183     25    
55525.209359905115    101.28735997611471    6.613240463564699     25    
55525.709359905115    108.13283199572227    6.651570663656578     25    
55526.209359905115    115.0503487035531     6.597287459122256     25    
55526.709359905115    122.05131143554193    6.455584326187605     25    
55527.209359905115    128.7636354435664     6.410728918009275     25    
55527.709359905115    135.2427656027479     6.498706197923367     25    
55528.209359905115    141.05178269944315    6.590320425697212     25    
55528.709359905115    146.11685771112076    6.649570212928129     25    
55529.209359905115    150.22009042958317    6.6906196752618765    25    
55529.709359905115    153.02015388317875    6.697652494311182     25    
55530.209359905115    154.76745676695796    6.69221762761038      25    
55530.709359905115    155.62793214550817    6.71174492640283      25    
55531.209359905115    155.6591721770047     6.745460884065631     25    
55531.709359905115    155.4527486066989     6.78959808985028      25    
55532.209359905115    154.93190005487548    6.846303073892696     25    
55532.709359905115    154.64708852765034    6.86428933042718      25    
55533.209359905115    154.67029197290026    6.8323094667804005    25    
55533.709359905115    154.923602955135      6.7832096877848045    25    
55534.209359905115    155.48591010482826    6.712495286130983     25    
55534.709359905115    156.13738756534642    6.657654264015445     25    
55535.209359905115    156.7307729892856     6.676762657635966     25    
55535.709359905115    157.22061247592202    6.723040381695846     25    
55536.209359905115    157.3574398982748     6.7280229378799055    25    
55536.709359905115    157.1887113809946     6.709579652608156     25    
55537.209359905115    156.64239443833586    6.687135146182361     25    
55537.709359905115    155.71976778736843    6.657639271463945     25    
55538.209359905115    154.47802753034526    6.651611923784126     25    
55538.709359905115    152.91485840933058    6.685637753882253     25    
55539.209359905115    151.06839783716688    6.704961012104468     25    
55539.709359905115    148.9546553695189     6.758453625287991     25    
55540.209359905115    146.57866662444587    6.663644609770546     25    
55540.709359905115    143.956352091126      6.047163426418037     25    
55541.209359905115    141.0837704492862     5.148375097217462     25    
55541.709359905115    137.96385674500968    4.793771193964476     25    
55542.209359905115    134.59721883972563    4.878435825499997     25    
55542.709359905115    130.9871328345386     4.890022761509023     25    
55543.209359905115    127.12085207681868    4.844274724374192     25    
55543.709359905115    123.1297522925867     4.785864516330772     25    
55544.209359905115    118.99005024182983    4.7045680237103715    25    
55544.709359905115    114.88173392530436    4.640537547754647     25    
55545.209359905115    110.85791647424637    4.628500587559        25    
55545.709359905115    107.01025333308806    4.6292187416450465    25    
55546.209359905115    103.49204787380516    4.618139744365795     25    
55546.709359905115    100.27679716333854    4.588292150668884     25    
55547.209359905115    97.44925823512773     4.468152902475171     25    
55547.709359905115    94.99200035415713     4.273457972705227     25    
55548.209359905115    92.87358371394487     4.17865705807599      25    
55548.709359905115    91.09800169504207     4.201774801500984     25    
55549.209359905115    89.63556025320352     4.2215835825623955    25    
55549.709359905115    88.49567045324672     4.214246542701925     25    
55550.209359905115    87.62021592648564     4.1949353517458645    25    
55550.709359905115    86.99823067378222     4.150815286753851     25    
55551.209359905115    86.57922845526394     4.108949778027046     25    
55551.709359905115    86.29375917713608     4.113057752368268     25    
55552.209359905115    86.13563415994324     4.140094836575975     25    
55552.709359905115    86.00205111881166     4.152119673966331     25    
55553.209359905115    85.90783179815142     4.154848644675633     25    
55553.709359905115    85.80955269416101     4.151155223614        25    
55554.209359905115    85.70261852815239     4.157812695088659     25    
55554.709359905115    85.61550748427086     4.047373327638845     25    
55555.209359905115    85.5485539135257      3.6931743106793413    25    
55555.709359905115    85.51865286040652     3.3544642138562617    25    
55556.209359905115    85.54551522683187     3.3073266430773196    25    
55556.709359905115    85.61119708756775     3.367039656510952     25    
55557.209359905115    85.71186201570818     3.353538047209938     25    
55557.709359905115    85.83228519112414     3.3289238711443168    25    
55558.209359905115    85.90560354873551     3.350947348531868     25    
55558.709359905115    85.94031950027006     3.4114498891715113    25    
55559.209359905115    85.86099777861915     3.4468931367091793    25    
55559.709359905115    85.66714238930965     3.455366334049112     25    
55560.209359905115    85.34176082688498     3.436596493043836     25    
55560.709359905115    84.86599716364758     3.334012885892418     25    
55561.209359905115    84.27771611360608     3.319761767853876     25    
55561.709359905115    83.59166831424041     3.599883046144224     25    
55562.209359905115    82.82086333068554     3.9228108597619165    25    
55562.709359905115    82.0016516231185      4.025483456912034     25    
55563.209359905115    81.12761785735374     4.012914778611933     25    
55563.709359905115    80.21845732115223     3.978724434151932     25    
55564.209359905115    79.27243430322143     3.911370499557357     25    
55564.709359905115    78.26581804117498     3.8743739440706064    25    
55565.209359905115    77.20104917649        3.879540170791039     25    
55565.709359905115    76.05659906901803     3.89444293694877      25    
55566.209359905115    74.82467033654002     3.922053734111555     25    
55566.709359905115    73.50620007266849     3.9318897075973775    25    
55567.209359905115    72.0912062237088      3.946443575884194     25    
55567.709359905115    70.59434029227022     3.866438948915589     25    
55568.209359905115    69.03579779109057     3.347826659271042     25    
55568.709359905115    67.4153248078503      2.368958992631804     25    
55569.209359905115    65.76140132074606     1.7521635445017796    25    
55569.709359905115    64.07018536618602     1.8162602553906115    25    
55570.209359905115    62.36959093009317     1.8655235208245649    25    
55570.709359905115    60.657993161909374    1.8138006279444996    25    
55571.209359905115    58.95749243927488     1.7733499813734785    25    
55571.709359905115    57.272239654538524    1.7568243681960078    25    
55572.209359905115    55.61653262569448     1.7533363492927592    25    
55572.709359905115    54.00592417737564     1.7642604476531003    25    
55573.209359905115    52.441198784270625    1.776539630876424     25    
55573.709359905115    50.9397490501198      1.753674685643765     25    
55574.209359905115    49.49755593460373     1.7057164900936599    25    
55574.709359905115    48.11326318492852     1.654554064237123     25    
55575.209359905115    46.78716341851762     1.5942720262370607    25    
55575.709359905115    45.51585168036308     1.5865453070130877    25    
55576.209359905115    44.299517445664044    1.661119190975695     25    
55576.709359905115    43.135379178317876    1.7208237244000169    25    
55577.209359905115    42.02285026393962     1.7204656262865043    25    
55577.709359905115    40.959990780757856    1.7013978133029821    25    
55578.209359905115    39.94468323817327     1.6848874145575206    25    
55578.709359905115    38.976393984666984    1.6653542977974019    25    
55579.209359905115    38.05186115409177     1.6481733597870478    25    
55579.709359905115    37.171384341546116    1.6326461623280697    25    
55580.209359905115    36.331191934876614    1.6235908920388036    25    
55580.709359905115    35.5317845689008      1.6211725937724895    25    
55581.209359905115    34.769498652806746    1.621892033125017     25    
55581.709359905115    34.04441773900994     1.6191552320808411    25    
55582.209359905115    33.35360438016106     1.6373219911317676    25    
55582.709359905115    32.696106924152545    1.7009373782249602    25    
55583.209359905115    32.07024582749603     1.7698768373661689    25    
55583.709359905115    31.47367519660737     1.79387949684312      25    
55584.209359905115    30.906033214358064    1.8120446735441027    25    
55584.709359905115    30.363945628653457    1.880134100341556     25    