#Date  :
#Flux  :
#Fluxerr  :
#ZP  :
#end  :
@INSTRUMENT  PS
@BAND  PS_i
@MAGSYS  AB
55038.0462  0.0  2.5378792619237176  25.0
55043.032544999995  0.0  2.5378792619237176  25.0
55048.01888999999  0.0  2.5378792619237176  25.0
55053.00523499999  0.0  2.5378792619237176  25.0
55057.99157999999  0.0  2.5378792619237176  25.0
55062.977924999985  0.0  2.5378792619237176  25.0
55067.96426999998  0.0  2.5378792619237176  25.0
55072.95061499998  0.0  2.5378792619237176  25.0
55077.93695999998  0.0  2.5378792619237176  25.0
55082.923304999975  0.0  2.5378792619237176  25.0
55087.90964999997  0.0  2.5378792619237176  25.0
55092.89599499997  0.0  2.5378792619237176  25.0
55097.88233999997  0.0  2.5378792619237176  25.0
55102.868684999965  0.0  2.5378792619237176  25.0
55107.85502999996  0.0  2.5378792619237176  25.0
55112.84137499996  0.0  2.5378792619237176  25.0
55117.82771999996  0.0  2.5378792619237176  25.0
55122.814064999955  0.0  2.5378792619237176  25.0
55127.80040999995  0.0  2.5378792619237176  25.0
55132.78675499995  0.0  2.5378792619237176  25.0
55137.77309999995  0.0  2.5378792619237176  25.0
55142.759444999945  0.0  2.5378792619237176  25.0
55147.74578999994  0.0  2.5378792619237176  25.0
55152.73213499994  0.0  2.5378792619237176  25.0
55157.71847999994  0.0  2.5378792619237176  25.0
55162.704824999935  0.0  2.5378792619237176  25.0
55167.69116999993  0.0  2.5378792619237176  25.0
55172.67751499993  0.0  2.5378792619237176  25.0
55177.66385999993  0.0  2.5378792619237176  25.0
55182.650204999925  0.0  2.5378792619237176  25.0
55187.63654999992  0.0  2.5378792619237176  25.0
55192.62289499992  0.0  2.5378792619237176  25.0
55197.60923999992  0.0  2.5378792619237176  25.0
55202.595584999915  0.0  2.5378792619237176  25.0
55207.58192999991  0.0  2.5378792619237176  25.0
55212.56827499991  0.0  2.5378792619237176  25.0
55217.55461999991  0.0  2.5378792619237176  25.0
55222.540964999906  0.0  2.5378792619237176  25.0
55227.5273099999  0.0  2.5378792619237176  25.0
55232.5136549999  0.0  2.5378792619237176  25.0
55237.4999999999  0.0  2.5378792619237176  25.0
55242.486344999896  0.0  2.5378792619237176  25.0
55247.47268999989  0.0  2.5378792619237176  25.0
55252.45903499989  0.0  2.5378792619237176  25.0
55257.44537999989  0.0  2.5378792619237176  25.0
55262.431724999886  0.0  2.5378792619237176  25.0
55267.41806999988  0.0  2.5378792619237176  25.0
55272.40441499988  0.0  2.5378792619237176  25.0
55277.39075999988  0.0  2.5378792619237176  25.0
55282.377104999876  0.0  2.5378792619237176  25.0
55287.36344999987  0.0  2.5378792619237176  25.0
55292.34979499987  0.0  2.5378792619237176  25.0
55297.33613999987  0.0  2.5378792619237176  25.0
55302.322484999866  0.0  2.5378792619237176  25.0
55307.30882999986  0.0  2.5378792619237176  25.0
55312.29517499986  0.0  2.5378792619237176  25.0
55317.28151999986  0.0  2.5378792619237176  25.0
55322.267864999856  0.0  2.5378792619237176  25.0
55327.25420999985  0.0  2.5378792619237176  25.0
55332.24055499985  0.0  2.5378792619237176  25.0
55337.22689999985  0.0  2.5378792619237176  25.0
55342.213244999846  0.0  2.5378792619237176  25.0
55347.199589999844  0.0  2.5378792619237176  25.0
55352.18593499984  0.0  2.5378792619237176  25.0
55357.17227999984  0.0  2.5378792619237176  25.0
55362.158624999836  0.0  2.5378792619237176  25.0
55367.144969999834  0.0  2.5378792619237176  25.0
55372.13131499983  0.0  2.5378792619237176  25.0
55377.11765999983  0.0  2.5378792619237176  25.0
55382.10400499983  0.0  2.5378792619237176  25.0
55387.090349999824  0.0  2.5378792619237176  25.0
55392.07669499982  0.0  2.5378792619237176  25.0
55397.06303999982  0.0  2.5378792619237176  25.0
55402.04938499982  0.0  2.5378792619237176  25.0
55407.035729999814  0.0  2.5378792619237176  25.0
55412.02207499981  0.0  2.5378792619237176  25.0
55417.00841999981  0.0  2.5378792619237176  25.0
55421.99476499981  0.0  2.5378792619237176  25.0
55426.981109999804  0.0  2.5378792619237176  25.0
55431.9674549998  0.0  2.5378792619237176  25.0
55436.9537999998  0.0  2.5378792619237176  25.0
55441.9401449998  0.0  2.5378792619237176  25.0
55446.926489999794  0.0  2.5378792619237176  25.0
55451.91283499979  0.0  2.5378792619237176  25.0
55456.89917999979  0.0  2.5378792619237176  25.0
55461.88552499979  0.0  2.5378792619237176  25.0
55466.871869999784  0.0  2.5378792619237176  25.0
55471.85821499978  0.0  2.5378792619237176  25.0
55476.84455999978  0.0  2.5378792619237176  25.0
55481.83090499978  0.0  2.5378792619237176  25.0
55486.817249999775  0.0  2.5378792619237176  25.0
55491.80359499977  0.0  2.5378792619237176  25.0
55496.78993999977  0.0  2.5378792619237176  25.0
55501.77628499977  0.0  2.5378792619237176  25.0
55506.762629999765  0.0  2.5378792619237176  25.0
55511.74897499976  0.0  2.5378792619237176  25.0
55516.73531999976  0.0  2.5378792619237176  25.0
55521.72166499976  0.0  2.5378792619237176  25.0
55526.708009999755  0.0  2.5378792619237176  25.0
55531.69435499975  0.0  2.5378792619237176  25.0
55536.68069999975  0.0  2.5378792619237176  25.0
55541.66704499975  0.0  2.5378792619237176  25.0
55546.653389999745  0.0  2.5378792619237176  25.0
55551.63973499974  0.0  2.5378792619237176  25.0
55556.62607999974  0.0  2.5378792619237176  25.0
55561.61242499974  0.0  2.5378792619237176  25.0
55566.598769999735  0.0  2.5378792619237176  25.0
55571.58511499973  0.0  2.5378792619237176  25.0
55576.57145999973  0.0  2.5378792619237176  25.0
55581.55780499973  0.0  2.5378792619237176  25.0
55586.544149999725  0.0  2.5378792619237176  25.0
55591.53049499972  0.0  2.5378792619237176  25.0
55596.51683999972  0.0  2.5378792619237176  25.0
55601.50318499972  0.0  2.5378792619237176  25.0
55606.489529999715  0.0  2.5378792619237176  25.0
55611.47587499971  0.0  2.5378792619237176  25.0
55616.46221999971  0.0  2.5378792619237176  25.0
55621.44856499971  0.0  2.5378792619237176  25.0
55626.434909999705  0.0  2.5378792619237176  25.0
55631.4212549997  0.0  2.5378792619237176  25.0
55636.4075999997  0.0  2.5378792619237176  25.0
55641.3939449997  0.0  2.5378792619237176  25.0
55646.380289999695  0.0  2.5378792619237176  25.0
55651.36663499969  0.0  2.5378792619237176  25.0
55656.35297999969  0.0  2.5378792619237176  25.0
55661.33932499969  0.0  2.5378792619237176  25.0
55666.325669999685  0.0  2.5378792619237176  25.0
55671.31201499968  0.0  2.5378792619237176  25.0
55676.29835999968  0.0  2.5378792619237176  25.0
55681.28470499968  0.0  2.5378792619237176  25.0
55686.271049999676  0.0  2.5378792619237176  25.0
55691.25739499967  0.0  2.5378792619237176  25.0
55696.24373999967  0.0  2.5378792619237176  25.0
55701.23008499967  0.0  2.5378792619237176  25.0
55706.216429999666  0.0  2.5378792619237176  25.0
55711.20277499966  0.0  2.5378792619237176  25.0
55716.18911999966  0.0  2.5378792619237176  25.0
55721.17546499966  0.0  2.5378792619237176  25.0
55726.161809999656  0.0  2.5378792619237176  25.0
55731.14815499965  0.0  2.5378792619237176  25.0
55736.13449999965  0.0  2.5378792619237176  25.0
55741.12084499965  0.0  2.5378792619237176  25.0
55746.107189999646  0.0  2.5378792619237176  25.0
55751.09353499964  0.0  2.5378792619237176  25.0
55756.07987999964  0.0  2.5378792619237176  25.0
55761.06622499964  0.0  2.5378792619237176  25.0
55766.052569999636  0.0  2.5378792619237176  25.0
55771.03891499963  0.0  2.5378792619237176  25.0
55776.02525999963  0.0  2.5378792619237176  25.0
55781.01160499963  0.0  2.5378792619237176  25.0
55785.997949999626  0.0  2.5378792619237176  25.0
55790.984294999624  0.0  2.5378792619237176  25.0
55795.97063999962  0.0  2.5378792619237176  25.0
55800.95698499962  0.0  2.5378792619237176  25.0
55805.943329999616  0.0  2.5378792619237176  25.0
55810.929674999614  0.0  2.5378792619237176  25.0
55815.91601999961  0.0  2.5378792619237176  25.0
55820.90236499961  0.0  2.5378792619237176  25.0
55825.88870999961  0.0  2.5378792619237176  25.0
55830.875054999604  0.0  2.5378792619237176  25.0
55835.8613999996  0.0  2.5378792619237176  25.0
55840.8477449996  0.0  2.5378792619237176  25.0
55845.8340899996  0.0  2.5378792619237176  25.0
55850.820434999594  0.0  2.5378792619237176  25.0
55855.80677999959  0.0  2.5378792619237176  25.0
55860.79312499959  0.0  2.5378792619237176  25.0
55865.77946999959  0.0  2.5378792619237176  25.0
55870.765814999584  0.0  2.5378792619237176  25.0
55875.75215999958  0.0  2.5378792619237176  25.0
55880.73850499958  0.0  2.5378792619237176  25.0
55885.72484999958  0.0  2.5378792619237176  25.0
55890.711194999574  0.0  2.5378792619237176  25.0
55895.69753999957  0.0  2.5378792619237176  25.0
55900.68388499957  0.0  2.5378792619237176  25.0
55905.67022999957  0.0  2.5378792619237176  25.0
55910.656574999564  0.0  2.5378792619237176  25.0
55915.64291999956  0.0  2.5378792619237176  25.0
55920.62926499956  0.0  2.5378792619237176  25.0
55925.61560999956  0.0  2.5378792619237176  25.0
55930.601954999554  0.0  2.5378792619237176  25.0
55935.58829999955  0.0  2.5378792619237176  25.0
55940.57464499955  0.0  2.5378792619237176  25.0
55945.56098999955  0.0  2.5378792619237176  25.0
55950.547334999545  0.0  2.5378792619237176  25.0
55955.53367999954  0.0  2.5378792619237176  25.0
55960.52002499954  0.0  2.5378792619237176  25.0
55237.5  -2.0283989540968643  2.7210564796695826  25.0
55675.30078125  0.1858277701107216  2.601883187249002  25.0
55945.5  0.07882709662469362  2.449529934897553  25.0
55948.5  7.308636945582973  3.5646929430505123  25.0
55960.5  1.6874693376550276  2.635652379859376  25.0
55998.30078125  8.500074036412984  170.75972189193718  25.0
56007.30078125  34.9044048830074  3.0204619498563847  25.0
56030.30078125  20.597138905533075  2.4378482612800347  25.0
56033.30078125  16.295613773396763  2.575084053655871  25.0
56038.30078125  16.085537625102514  2.5378792619237176  25.0
56041.30078125  12.598592314518603  2.4838879857148046  25.0
56044.30078125  14.78876887358535  2.4618989530230047  25.0
56326.5  -4.100187302606765  2.4878147056876623  25.0
56337.5  -1.9745059769526923  2.4866366148012795  25.0
56393.3984375  0.5984184462508166  2.8257992821498554  25.0
56656.6015625  1.942405808843466  2.489581654780923  25.0
56661.6015625  1.1221326926975737  2.3706047732535107  25.0
