55978.03736395175    5.784621970685898     1.1160311680424146     25    
55978.53736395175    6.634501808646732     1.1129096768666868     25    
55979.03736395175    7.531083211755083     1.1132997615700428     25    
55979.53736395175    8.467741816670092     1.1436713384030874     25    
55980.03736395175    9.446645446377168     1.2111508050161135     25    
55980.53736395175    10.46263100594347     1.2711251990081263     25    
55981.03736395175    11.512104935549118    1.2913564660021644     25    
55981.53736395175    12.596354311857123    1.2894279705909244     25    
55982.03736395175    13.708257940267892    1.287615735561122      25    
55982.53736395175    14.848697727567696    1.2899188577540754     25    
55983.03736395175    16.01461480533135     1.291702047787077      25    
55983.53736395175    17.200457514072127    1.2927606591085203     25    
55984.03736395175    18.408506592970546    1.2931106551518163     25    
55984.53736395175    19.63241332704456     1.293075931046076      25    
55985.03736395175    20.870537606650686    1.292466645458543      25    
55985.53736395175    22.122517932002406    1.2916569118730548     25    
55986.03736395175    23.381650865699143    1.290042963914087      25    
55986.53736395175    24.65075997706572     1.276563237606028      25    
55987.03736395175    25.92254497171829     1.2848613149823542     25    
55987.53736395175    27.19492188180822     1.3578753337505634     25    
55988.03736395175    28.468816817824642    1.4710170667963134     25    
55988.53736395175    29.71239225951213     1.5497363621195908     25    
55989.03736395175    30.93025573888367     1.5747998055215338     25    
55989.53736395175    32.10615172494555     1.5795205924225435     25    
55990.03736395175    33.20596551148869     1.5881865856347768     25    
55990.53736395175    34.241947714545745    1.5964487359891473     25    
55991.03736395175    35.18559428213669     1.6012669169166152     25    
55991.53736395175    36.014122409605086    1.5994231291176149     25    
55992.03736395175    36.74222837457407     1.5943459613539535     25    
55992.53736395175    37.3830750407736      1.597807715698808      25    
55993.03736395175    37.92671464914734     1.6116336538685585     25    
55993.53736395175    38.399087396252604    1.629925191696439      25    
55994.03736395175    38.82428719952777     1.6513997851565443     25    
55994.53736395175    39.19251034668671     1.677070257752292      25    
55995.03736395175    39.535568640689405    1.6903758153654944     25    
55995.53736395175    39.86509140829052     1.6968406822889155     25    
55996.03736395175    40.17098850075114     1.6827339845768146     25    
55996.53736395175    40.45218578185519     1.6043603005859453     25    
55997.03736395175    40.71334028480095     1.4324803311395171     25    
55997.53736395175    40.934812468961496    1.2662412297382926     25    
55998.03736395175    41.10735016103823     1.2244183535881725     25    
55998.53736395175    41.233593079532874    1.2575867760400572     25    
55999.03736395175    41.29321370616273     1.2775729844016523     25    
55999.53736395175    41.282676819283175    1.2751068358450766     25    
56000.03736395175    41.209367520074416    1.2696363869896186     25    
56000.53736395175    41.074703118053264    1.2643043351241825     25    
56001.03736395175    40.87656241632684     1.2573774102249342     25    
56001.53736395175    40.634415182138596    1.2577032922637663     25    
56002.03736395175    40.35058845335132     1.2747837716224253     25    
56002.53736395175    40.02811114522812     1.2965942097432932     25    
56003.03736395175    39.685129813282316    1.3055828626246824     25    
56003.53736395175    39.319139816672944    1.3094313959435375     25    
56004.03736395175    38.93134932271115     1.2883911368694738     25    
56004.53736395175    38.525736826427874    1.205634864054709      25    
56005.03736395175    38.100155840472794    1.0708896706815882     25    
56005.53736395175    37.64866213401033     0.9756154424774042     25    
56006.03736395175    37.17195166586415     0.9683489713199184     25    
56006.53736395175    36.66770670349506     0.992421110473868      25    
56007.03736395175    36.13073938080424     0.9962120326842778     25    
56007.53736395175    35.561793263964695    0.9927340846012053     25    
56008.03736395175    34.965659742758504    0.9868964563170243     25    
56008.53736395175    34.34118800344849     0.9755540691340245     25    
56009.03736395175    33.69159003788049     0.9632763459658037     25    
56009.53736395175    33.02817104657599     0.9643152020962042     25    
56010.03736395175    32.34740707735273     0.983008926590286      25    
56010.53736395175    31.657728636190896    1.0013771244323377     25    
56011.03736395175    30.96554618017384     1.0073712579712584     25    
56011.53736395175    30.268420378763857    1.0061146065211735     25    
56012.03736395175    29.579807790726704    0.9907170539012363     25    
56012.53736395175    28.898205240968977    0.9487404861524386     25    
56013.03736395175    28.229457238792058    0.8993001769476712     25    
56013.53736395175    27.585448784162065    0.8756831506634981     25    
56014.03736395175    26.961490184687616    0.8760616670580218     25    
56014.53736395175    26.369799102343418    0.8798444920707922     25    
56015.03736395175    25.817007935462755    0.8779087493492334     25    
56015.53736395175    25.299929792214304    0.874834578237972      25    
56016.03736395175    24.822681140225562    0.866072592909125      25    
56016.53736395175    24.386987978259288    0.847820281945862      25    
56017.03736395175    23.987568500478062    0.8304160303552334     25    
56017.53736395175    23.620880556954862    0.8256125148774075     25    
56018.03736395175    23.2883938429506      0.8296803128348209     25    
56018.53736395175    22.983899152491485    0.8332118132793616     25    
56019.03736395175    22.70796462451625     0.8340838584520494     25    
56019.53736395175    22.457841008204326    0.8336808026433696     25    
56020.03736395175    22.226924618027546    0.8305475184077526     25    
56020.53736395175    22.01807762326359     0.8247135698408947     25    
56021.03736395175    21.823334895922784    0.817063614134901      25    
56021.53736395175    21.639202635759876    0.8064406742158398     25    
56022.03736395175    21.46637343978995     0.7941591742641313     25    
56022.53736395175    21.295331365805318    0.7877310265945044     25    
56023.03736395175    21.126959866825906    0.7905652894693347     25    
56023.53736395175    20.95893126924877     0.79459098594934       25    
56024.03736395175    20.786843597697032    0.7904481940588612     25    
56024.53736395175    20.6121415262376      0.7801208391414676     25    
56025.03736395175    20.434392985611943    0.7770531650483136     25    
56025.53736395175    20.253457404331147    0.7905410049351437     25    
56026.03736395175    20.069336549643978    0.8094719210449681     25    
56026.53736395175    19.881581779543936    0.8200360799722742     25    
56027.03736395175    19.690018447658364    0.824732263505967      25    
56027.53736395175    19.495577537057763    0.8223541728448062     25    
56028.03736395175    19.298306849428442    0.8102782155763918     25    
56028.53736395175    19.098397755067356    0.7894220587750758     25    
56029.03736395175    18.898715513754084    0.7602173473498726     25    
56029.53736395175    18.698761997028374    0.7132673627506064     25    
56030.03736395175    18.4999622081289      0.6654480226960319     25    
56030.53736395175    18.30498723732232     0.6479099743664894     25    
56031.03736395175    18.11325899635449     0.6581986250497541     25    
56031.53736395175    17.923287655960323    0.6647026745558445     25    
56032.03736395175    17.73664650886379     0.6492687647329217     25    
56032.53736395175    17.550583866219387    0.6273346089779099     25    
56033.03736395175    17.35799161804196     0.6178634309734216     25    
56033.53736395175    17.161259098917235    0.6222167757608253     25    
56034.03736395175    16.95459169222239     0.6314548438481841     25    
56034.53736395175    16.732600150590223    0.642442016412586      25    
56035.03736395175    16.497534827925097    0.6559840462205595     25    
56035.53736395175    16.24762337080513     0.6610307724625653     25    
56036.03736395175    15.97977231283352     0.6551369037753937     25    
56036.53736395175    15.699899025156173    0.6413836921860075     25    
56037.03736395175    15.414736005954138    0.6183138550108258     25    
56037.53736395175    15.121376442320479    0.58192593762458       25    
56038.03736395175    14.828389822515458    0.5515579778391357     25    
56038.53736395175    14.539246548332741    0.5455643427779227     25    
56039.03736395175    14.252873261807707    0.5511375106641266     25    
56039.53736395175    13.974926632864948    0.5472304554676339     25    
56040.03736395175    13.70601233796628     0.5296837647402748     25    
56040.53736395175    13.443443396559333    0.5129407180238216     25    
56041.03736395175    13.186036213604423    0.5097903419684348     25    
56041.53736395175    12.93428008868614     0.5158285864543171     25    
56042.03736395175    12.685062896231685    0.5254228821608794     25    
56042.53736395175    12.437929778276148    0.5417039233258265     25    
56043.03736395175    12.192926015943085    0.5570701394687105     25    
56043.53736395175    11.948639206334665    0.5577437021233976     25    
56044.03736395175    11.704820972338936    0.5447073536542181     25    
56044.53736395175    11.464158176460904    0.5269316738294755     25    
56045.03736395175    11.227445506021649    0.5106386480346029     25    
56045.53736395175    10.994701011015815    0.49147403542222273    25    
56046.03736395175    10.769184703900443    0.4624041447959572     25    
56046.53736395175    10.550448106637596    0.4129535125042719     25    
56047.03736395175    10.339563150843004    0.36094688648023315    25    
56047.53736395175    10.1383502557131      0.3381987907634448     25    
56048.03736395175    9.94622620265848      0.3414072584111268     25    
56048.53736395175    9.762576434101602     0.3448921936362873     25    
56049.03736395175    9.587503408335534     0.33983916899804856    25    
56049.53736395175    9.420679252557742     0.3335167929260134     25    
56050.03736395175    9.261304053554516     0.3276309730491407     25    
56050.53736395175    9.109669734862665     0.3215590017921774     25    
56051.03736395175    8.965060858065412     0.31687234241659923    25    
56051.53736395175    8.827102502652457     0.3150934821530718     25    
56052.03736395175    8.695895510169928     0.31548046435756916    25    
56052.53736395175    8.57053521865585      0.31695213591233984    25    
56053.03736395175    8.451194611132964     0.31579254824936837    25    
56053.53736395175    8.337403563994803     0.3205996731339577     25    
56054.03736395175    8.22851582368329      0.3436502202649181     25    
56054.53736395175    8.124803208733555     0.3803072406238311     25    
56055.03736395175    8.025416810549638     0.408521737174758      25    
56055.53736395175    7.930247128433268     0.4153896480097743     25    
56056.03736395175    7.839151125191755     0.4184443927562318     25    
56056.53736395175    7.751292985822679     0.43936566833382584    25    