56538.25541727263    0.7136330652965356    0.18965959580078667     25    
56538.75541727263    0.8502981766892275    0.18215158477309484     25    
56539.25541727263    1.001491309957318     0.17924102169320105     25    
56539.75541727263    1.168958792332869     0.21720403035844726     25    
56540.25541727263    1.3521378581016459    0.2910088448220149      25    
56540.75541727263    1.552289147878383     0.3478973075673226      25    
56541.25541727263    1.770484578335113     0.3661777648068526      25    
56541.75541727263    2.0062612964331517    0.36369662474368547     25    
56542.25541727263    2.2614433392633178    0.36015307957092696     25    
56542.75541727263    2.5360119101227716    0.3610579068932497      25    
56543.25541727263    2.830469978503244     0.36171899977143623     25    
56543.75541727263    3.14645285755284      0.36202629743435083     25    
56544.25541727263    3.4833422745153437    0.362001950838494       25    
56544.75541727263    3.8425653911314277    0.361668982582492       25    
56545.25541727263    4.224983197313606     0.36098551064709883     25    
56545.75541727263    4.630277158332325     0.3599926067708479      25    
56546.25541727263    5.060338966004614     0.35892658303715286     25    
56546.75541727263    5.515913349941541     0.3571853266269717      25    
56547.25541727263    5.995829734614236     0.3560208571995321      25    
56547.75541727263    6.501225924478624     0.3576037876366653      25    
56548.25541727263    7.035702994923122     0.3619245317308833      25    
56548.75541727263    7.578809518844522     0.36635493512262285     25    
56549.25541727263    8.125194805293702     0.3693394263908631      25    
56549.75541727263    8.67424739508566      0.37181166209623795     25    
56550.25541727263    9.19532910605182      0.3742072917525291      25    
56550.75541727263    9.69379037936234      0.37676337429108625     25    
56551.25541727263    10.156396365825962    0.3788990353358662      25    
56551.75541727263    10.559752722633215    0.3797955121882208      25    
56552.25541727263    10.909974972122864    0.37947342787293387     25    
56552.75541727263    11.212438526011272    0.37957734256161585     25    
56553.25541727263    11.463961779985794    0.38095051294073173     25    
56553.75541727263    11.669924045601002    0.38297464251260127     25    
56554.25541727263    11.847906263325449    0.38546463928119273     25    
56554.75541727263    11.993321151616081    0.38904136228884106     25    
56555.25541727263    12.116247797985949    0.3919455731306744      25    
56555.75541727263    12.22962349158244     0.39504987361158805     25    
56556.25541727263    12.328831280949329    0.39894043016919944     25    
56556.75541727263    12.41350822073446     0.38724631849732943     25    
56557.25541727263    12.48627181547508     0.3389068442252441      25    
56557.75541727263    12.543127600106699    0.2672013200920289      25    
56558.25541727263    12.57651294507803     0.222316976595821       25    
56558.75541727263    12.588867436415173    0.22444353064391961     25    
56559.25541727263    12.57494509944345     0.23825283712461726     25    
56559.75541727263    12.529026151161759    0.2389477003440918      25    
56560.25541727263    12.453599832961467    0.23733187543015205     25    
56560.75541727263    12.351174855300032    0.23532594179353056     25    
56561.25541727263    12.219745924680531    0.23256113550419497     25    
56561.75541727263    12.063454453406951    0.2299257670673227      25    
56562.25541727263    11.8891811911823      0.2296340506695269      25    
56562.75541727263    11.6942009087863      0.23197883172149875     25    
56563.25541727263    11.484953111594402    0.2338368505469138      25    
56563.75541727263    11.265242322407179    0.23177022728791422     25    
56564.25541727263    11.033566037496351    0.22802431059927092     25    
56564.75541727263    10.795259517918595    0.2296689801980314      25    
56565.25541727263    10.549966689406913    0.24004492644549125     25    
56565.75541727263    10.298968505683629    0.25182004128537294     25    
56566.25541727263    10.04502087096616     0.25823650032687906     25    
56566.75541727263    9.786959335336        0.26114449970031445     25    
56567.25541727263    9.527751811946684     0.2621572730333727      25    
56567.75541727263    9.268843291409544     0.26154914826373854     25    
56568.25541727263    9.009578019540328     0.25931514871424943     25    
56568.75541727263    8.751311502422519     0.25640344333823595     25    
56569.25541727263    8.494167742100087     0.25198855913286616     25    
56569.75541727263    8.237754937319032     0.24800889940605994     25    
56570.25541727263    7.981922825447613     0.24741130670793676     25    
56570.75541727263    7.726731943517968     0.24959773973043406     25    
56571.25541727263    7.472047975133321     0.2510745948730608      25    
56571.75541727263    7.21735448427745      0.2509057022509996      25    
56572.25541727263    6.963349193773615     0.24942242355182162     25    
56572.75541727263    6.711432438208684     0.24470820422823664     25    
56573.25541727263    6.460749433606776     0.23475730152223837     25    
56573.75541727263    6.213557720995764     0.22535109804635636     25    
56574.25541727263    5.971605158741009     0.22330915985191055     25    
56574.75541727263    5.734138120274985     0.22639203213851336     25    
56575.25541727263    5.504086579271104     0.22882673420466748     25    
56575.75541727263    5.281960083772488     0.22907139816191588     25    
56576.25541727263    5.0676550131963145    0.22842757308712683     25    
56576.75541727263    4.862400051365575     0.22650882859761812     25    
56577.25541727263    4.6661257259953715    0.2226008679791188      25    
56577.75541727263    4.4783581108785935    0.21953765067483363     25    
56578.25541727263    4.298941380482823     0.22018963114643783     25    
56578.75541727263    4.127927845481225     0.22309057929963794     25    
56579.25541727263    3.9648682294490034    0.22516434701723048     25    
56579.75541727263    3.8099534710979506    0.22606606308680188     25    
56580.25541727263    3.6627358768714746    0.22607108181521296     25    
56580.75541727263    3.5225522284542854    0.22491841176796432     25    
56581.25541727263    3.3897682892186816    0.22315399415965617     25    
56581.75541727263    3.2632238260164925    0.21802249749094985     25    
56582.25541727263    3.1424713243322913    0.20483188330568158     25    
56582.75541727263    3.0276030861113155    0.18598487085925378     25    
56583.25541727263    2.917285319421708     0.17351530022772613     25    
56583.75541727263    2.8116003625275763    0.17283567867372643     25    
56584.25541727263    2.7103220257708096    0.17560773037199606     25    
56584.75541727263    2.6128615118580942    0.173837079559268       25    
56585.25541727263    2.5193721551567863    0.16925173429681864     25    
56585.75541727263    2.429994033790458     0.16599378879684495     25    
56586.25541727263    2.344738361543103     0.1666604106462093      25    
56586.75541727263    2.263622264320031     0.16918828730986277     25    
56587.25541727263    2.18679489574291      0.1711284007995735      25    
56587.75541727263    2.1143652208669117    0.17299458609790214     25    
56588.25541727263    2.046006182021872     0.17377765527070888     25    
56588.75541727263    1.9815846413811327    0.17242193694585312     25    
56589.25541727263    1.9212075509911095    0.1693825424316081      25    
56589.75541727263    1.8638069231067453    0.16240919792465014     25    
56590.25541727263    1.8093338934427605    0.14661010295679347     25    
56590.75541727263    1.7575550142295993    0.12592969883571523     25    
56591.25541727263    1.707415665724858     0.1137266212923522      25    
56591.75541727263    1.6591269942253808    0.11402796563691736     25    
56592.25541727263    1.6124033828157347    0.11672519939208327     25    
56592.75541727263    1.566807224701738     0.11398841407541246     25    
56593.25541727263    1.522531575442235     0.10906300201737883     25    
56593.75541727263    1.4800032968499472    0.10553544403715139     25    
56594.25541727263    1.4391716570338078    0.10477786963717817     25    
56594.75541727263    1.4002149264340116    0.1053806643467433      25    
56595.25541727263    1.3635655046654387    0.10649570797064639     25    
56595.75541727263    1.3291214620711627    0.10867892228257392     25    
56596.25541727263    1.2969749946773481    0.11002450822183242     25    
56596.75541727263    1.2673098034752621    0.10958687339433092     25    
56597.25541727263    1.2400013392883056    0.10771142811858726     25    
56597.75541727263    1.2146578423369714    0.10235796668429865     25    
56598.25541727263    1.1913618551234673    0.08972338931088544     25    
56598.75541727263    1.1698995272437995    0.07438939052537355     25    
56599.25541727263    1.149933638805376     0.06749847571223842     25    
56599.75541727263    1.1316094729937376    0.06996396842805325     25    
56600.25541727263    1.1145458276689282    0.07278134073383752     25    
56600.75541727263    1.09862302599875      0.07114403514500604     25    
56601.25541727263    1.0838481846723897    0.06818716422911066     25    
56601.75541727263    1.0698045202317201    0.0661509525241902      25    
56602.25541727263    1.0565972095124825    0.06525098735871157     25    
56602.75541727263    1.0439828059024152    0.06507319095536672     25    
56603.25541727263    1.0316512516697631    0.06583817258164473     25    
56603.75541727263    1.0197239251937127    0.06760427213009505     25    
56604.25541727263    1.0079635831007918    0.06856268477058429     25    
56604.75541727263    0.9962376072471396    0.06761608523859375     25    
56605.25541727263    0.9846556804800684    0.06580352243264656     25    
56605.75541727263    0.9732918566582566    0.06446710907543433     25    
56606.25541727263    0.9621101007886178    0.063578563226142       25    
56606.75541727263    0.9512014721703752    0.06294586053221346     25    
56607.25541727263    0.9406462281951609    0.06256292696497066     25    
56607.75541727263    0.9304110788554365    0.06243802546577198     25    
56608.25541727263    0.9205716361350115    0.06264560713859842     25    
56608.75541727263    0.9111621706449544    0.06356000519135048     25    
56609.25541727263    0.9021447115008984    0.06454523485506498     25    
56609.75541727263    0.8934907830626874    0.06449847557155433     25    
56610.25541727263    0.8852151449793777    0.0634437045566225      25    
56610.75541727263    0.8772773154680858    0.061929446348313946    25    
56611.25541727263    0.8696540181594129    0.06017110801362778     25    
56611.75541727263    0.862353864457423     0.05805091046778745     25    
56612.25541727263    0.8553266422029067    0.056113867473195536    25    
56612.75541727263    0.8485785618381554    0.05445380190156851     25    
56613.25541727263    0.842089423226041     0.05304375626872817     25    
56613.75541727263    0.8358186180544142    0.05217974790587365     25    
56614.25541727263    0.8297831610935197    0.05209166288414776     25    
56614.75541727263    0.8239405682798329    0.0513852072243165      25    
56615.25541727263    0.8182738657685913    0.048416939944384806    25    
56615.75541727263    0.812786562920107     0.044110949324237834    25    
56616.25541727263    0.8074287476953887    0.04172105763749732     25    
56616.75541727263    0.8022111323400426    0.04160886872577771     25    
56617.25541727263    0.7971075143125222    0.04381111031933411     25    
56617.75541727263    0.7920814869837691    0.04789218750649823     25    