56538.25541727263    0.3797715267925258     0.16485329790301198     25    
56538.75541727263    0.46512360254541196    0.14655156801637537     25    
56539.25541727263    0.5617458611328188     0.13920667875032533     25    
56539.75541727263    0.6716314286707312     0.22323943660901074     25    
56540.25541727263    0.7941380068420717     0.354272263029578       25    
56540.75541727263    0.9307043957101764     0.445708365199613       25    
56541.25541727263    1.082554000072247      0.47415112453368635     25    
56541.75541727263    1.2491585543991612     0.47025329783384734     25    
56542.25541727263    1.432599876975311      0.46479051782964836     25    
56542.75541727263    1.6328565146625709     0.4663306870895962      25    
56543.25541727263    1.8505025188821767     0.46759035149330247     25    
56543.75541727263    2.087404312652369      0.46842120678597193     25    
56544.25541727263    2.342856246107197      0.46887634620181956     25    
56544.75541727263    2.618487173956614      0.4689859164691011      25    
56545.25541727263    2.915279765112109      0.4687118044934182      25    
56545.75541727263    3.232870468071618      0.46812927169860813     25    
56546.25541727263    3.5734148370216237     0.46762321737814605     25    
56546.75541727263    3.937664126948777      0.4692276871037677      25    
56547.25541727263    4.324476623824948      0.4691006309970166      25    
56547.75541727263    4.73518783869753       0.4602626037581671      25    
56548.25541727263    5.173479174556656      0.4411858701251625      25    
56548.75541727263    5.61824008709745       0.42569070422777405     25    
56549.25541727263    6.063969396771043      0.42528583692526906     25    
56549.75541727263    6.51001802667371       0.433139864860219       25    
56550.25541727263    6.924706160557956      0.44012274871942        25    
56550.75541727263    7.313523623496033      0.445753475968701       25    
56551.25541727263    7.662884454655988      0.45083960376426635     25    
56551.75541727263    7.9485620081795005     0.4541549165912504      25    
56552.25541727263    8.176748649921441      0.4557737783596852      25    
56552.75541727263    8.354166131162806      0.45738711543755184     25    
56553.25541727263    8.477628867094914      0.45977526976219224     25    
56553.75541727263    8.552945702219418      0.4623685191747606      25    
56554.25541727263    8.599936198855636      0.46519624683713795     25    
56554.75541727263    8.613377652504719      0.4688745158446055      25    
56555.25541727263    8.60477560124582       0.47166012552062786     25    
56555.75541727263    8.588570034629953      0.47419639259735913     25    
56556.25541727263    8.55950778672426       0.4770789664584629      25    
56556.75541727263    8.51898539084147       0.4654485214200763      25    
56557.25541727263    8.469792773817174      0.42061257968356197     25    
56557.75541727263    8.408196176760965      0.35737374361445373     25    
56558.25541727263    8.328095878434805      0.3196723941478598      25    
56558.75541727263    8.231381222827189      0.3194801257217559      25    
56559.25541727263    8.11409167367548       0.3284288847878575      25    
56559.75541727263    7.971144003237139      0.32659264993778453     25    
56560.25541727263    7.804789537682048      0.32255827330276743     25    
56560.75541727263    7.620733160671673      0.31819893462030857     25    
56561.25541727263    7.416474198889822      0.3131889014459668      25    
56561.75541727263    7.197727623856119      0.30841313972828055     25    
56562.25541727263    6.9748433979932365     0.30614044927239026     25    
56562.75541727263    6.743827781335497      0.30675133454358033     25    
56563.25541727263    6.513891403037083      0.30699697507113016     25    
56563.75541727263    6.291785758905258      0.30516054800192954     25    
56564.25541727263    6.0742393839691005     0.30191375569894113     25    
56564.75541727263    5.863226111599997      0.29512520666426917     25    
56565.25541727263    5.660415520090427      0.2815090555588574      25    
56565.75541727263    5.462439071601744      0.2666642750913698      25    
56566.25541727263    5.265885686468068      0.25961636662642484     25    
56566.75541727263    5.072192245312609      0.2597551867879951      25    
56567.25541727263    4.8777136275649635     0.26029836258751876     25    
56567.75541727263    4.679983528939666      0.25776330149391635     25    
56568.25541727263    4.4806204848718        0.25421704575586157     25    
56568.75541727263    4.28053429062796       0.24983850400068242     25    
56569.25541727263    4.078307076478983      0.24374526708648703     25    
56569.75541727263    3.877487860383555      0.23798795575645323     25    
56570.25541727263    3.6814568748332968     0.2354849423725058      25    
56570.75541727263    3.488717366502328      0.2356721392280501      25    
56571.25541727263    3.3038138940141617     0.23548927597298874     25    
56571.75541727263    3.128418873354749      0.2359001560219164      25    
56572.25541727263    2.961628993164581      0.23456741242224782     25    
56572.75541727263    2.80473237226457       0.22268317827861708     25    
56573.25541727263    2.6581699296458665     0.19323596782661798     25    
56573.75541727263    2.520226845688286      0.1598647813772857      25    
56574.25541727263    2.389833982958909      0.14539338761386672     25    
56574.75541727263    2.2674547702985577     0.14647676418291472     25    
56575.25541727263    2.151188035251791      0.14841153806152887     25    
56575.75541727263    2.040822082085047      0.14732339033735667     25    
56576.25541727263    1.9362239317524088     0.1461834963516663      25    
56576.75541727263    1.8362904246582725     0.14363913596530054     25    
56577.25541727263    1.7412693672592932     0.1391335233954979      25    
56577.75541727263    1.6508605189501862     0.13527547155361774     25    
56578.25541727263    1.5648256844788135     0.13458049880914982     25    
56578.75541727263    1.4832556974962257     0.13586247132671672     25    
56579.25541727263    1.4056926960007865     0.13695588199689346     25    
56579.75541727263    1.3320833638124798     0.1378668374736186      25    
56580.25541727263    1.2624603870995432     0.13826519920343228     25    
56580.75541727263    1.1966972563293885     0.13737137790064036     25    
56581.25541727263    1.1347756399828839     0.13593796199470734     25    
56581.75541727263    1.0769417938349182     0.1306675766315859      25    
56582.25541727263    1.0232831655215806     0.11565790260428878     25    
56582.75541727263    0.9737801447799004     0.09187413193826498     25    
56583.25541727263    0.9286963645655824     0.07342041344940153     25    
56583.75541727263    0.8882269336589284     0.07100953932754082     25    
56584.25541727263    0.8519252038534488     0.07458809032981803     25    
56584.75541727263    0.8195094312821373     0.0735520425922583      25    
56585.25541727263    0.7912367390467316     0.07053540931005878     25    
56585.75541727263    0.765665931746075      0.06852263941486142     25    
56586.25541727263    0.7425025553247521     0.06938989254558375     25    
56586.75541727263    0.7216502442159826     0.07154010485567444     25    
56587.25541727263    0.7015793451435355     0.07271607532863851     25    
56587.75541727263    0.682473256097848      0.07312596045935628     25    
56588.25541727263    0.6640569899189854     0.07266817864894139     25    
56588.75541727263    0.6457249347781291     0.07042647896474859     25    
56589.25541727263    0.6276639207557063     0.06640779770512319     25    
56589.75541727263    0.610419445564201      0.06333916493830447     25    
56590.25541727263    0.5939991214512176     0.0627510740035135      25    
56590.75541727263    0.5785389522050104     0.06344521286444268     25    
56591.25541727263    0.5646132697198359     0.06461568307058094     25    
56591.75541727263    0.5521939707110641     0.06695612053054077     25    
56592.25541727263    0.5411363811097777     0.06825599211979873     25    
56592.75541727263    0.5315887233021078     0.06610816523379165     25    
56593.25541727263    0.5234750109693347     0.061367778646861264    25    
56593.75541727263    0.515706810068191      0.05715195335225343     25    
56594.25541727263    0.5083808892692112     0.05449900957638715     25    
56594.75541727263    0.5010952807580478     0.05273461761917315     25    
56595.25541727263    0.4928072185856589     0.05210005957108345     25    
56595.75541727263    0.48373822166635844    0.052932783965951434    25    
56596.25541727263    0.4737754416000999     0.05373081235771312     25    
56596.75541727263    0.4624833342452103     0.05350288582066811     25    
56597.25541727263    0.450183174823776      0.05275747344597527     25    
56597.75541727263    0.4381276968703363     0.051458638737460954    25    
56598.25541727263    0.426062384980621      0.04890997461724506     25    
56598.75541727263    0.4146511652354269     0.04640755260598924     25    
56599.25541727263    0.4050524640178178     0.04623579788899272     25    
56599.75541727263    0.39691669367351945    0.048225847664144096    25    
56600.25541727263    0.39058948695152107    0.0499538909921805      25    
56600.75541727263    0.38663607755288715    0.04988977877797196     25    
56601.25541727263    0.38453624285203275    0.049254347814512       25    
56601.75541727263    0.38308188736560644    0.04985763720282878     25    
56602.25541727263    0.38263446370544674    0.05221215425299484     25    
56602.75541727263    0.3823443745889062     0.054678786481112227    25    
56603.25541727263    0.3811535723909562     0.05617589938266737     25    
56603.75541727263    0.3794635534419774     0.05721323568304633     25    
56604.25541727263    0.3766080588510165     0.056821955507571305    25    
56604.75541727263    0.3720790519302499     0.05352453647949041     25    
56605.25541727263    0.3663759367651472     0.04868385036327452     25    
56605.75541727263    0.3601267831395319     0.04583719567871262     25    
56606.25541727263    0.35307866734825766    0.044934428470969956    25    
56606.75541727263    0.3458410750822873     0.04630686570652531     25    
56607.25541727263    0.3389592279139241     0.051075789924912615    25    
56607.75541727263    0.3322058991931589     0.058033266842907764    25    
56608.25541727263    0.326142707587583      0.06355202309072909     25    
56608.75541727263    0.32097440021566076    0.06737621626726385     25    
56609.25541727263    0.316502521782244      0.07010643417368877     25    
56609.75541727263    0.3126523487570391     0.07117925506054681     25    
56610.25541727263    0.30947612133783603    0.07063643106683169     25    
56610.75541727263    0.30681473798178677    0.06902764656035405     25    
56611.25541727263    0.30457909719505294    0.06649386134654839     25    
56611.75541727263    0.3028021632665645     0.06285923472163962     25    
56612.25541727263    0.301291725017752      0.058905007047030875    25    
56612.75541727263    0.30007155590213264    0.05453112888199189     25    
56613.25541727263    0.2990643301837406     0.04987465483907479     25    
56613.75541727263    0.298114600025636      0.0456402032962635      25    
56614.25541727263    0.2972874976406757     0.04175336059030021     25    
56614.75541727263    0.2964203948517605     0.03838197688755129     25    
56615.25541727263    0.29544831610799854    0.035019657263752835    25    
56615.75541727263    0.29438469517307814    0.03246305953135388     25    
56616.25541727263    0.2930384697228548     0.034268398609093795    25    
56616.75541727263    0.2914506460272369     0.03880848012773774     25    
56617.25541727263    0.2895209212617376     0.047364237090453724    25    
56617.75541727263    0.2871099315513809     0.05962037054099935     25    