#Date  :
#Flux  :
#Fluxerr  :
#ZP  :
#end  :
@INSTRUMENT  PS
@BAND  PS_r
@MAGSYS  AB
54742.1477625  0.0  1.0264734511208822  25.0
54747.134107499995  0.0  1.0264734511208822  25.0
54752.12045249999  0.0  1.0264734511208822  25.0
54757.10679749999  0.0  1.0264734511208822  25.0
54762.09314249999  0.0  1.0264734511208822  25.0
54767.079487499985  0.0  1.0264734511208822  25.0
54772.06583249998  0.0  1.0264734511208822  25.0
54777.05217749998  0.0  1.0264734511208822  25.0
54782.03852249998  0.0  1.0264734511208822  25.0
54787.024867499975  0.0  1.0264734511208822  25.0
54792.01121249997  0.0  1.0264734511208822  25.0
54796.99755749997  0.0  1.0264734511208822  25.0
54801.98390249997  0.0  1.0264734511208822  25.0
54806.970247499965  0.0  1.0264734511208822  25.0
54811.95659249996  0.0  1.0264734511208822  25.0
54816.94293749996  0.0  1.0264734511208822  25.0
54821.92928249996  0.0  1.0264734511208822  25.0
54826.915627499955  0.0  1.0264734511208822  25.0
54831.90197249995  0.0  1.0264734511208822  25.0
54836.88831749995  0.0  1.0264734511208822  25.0
54841.87466249995  0.0  1.0264734511208822  25.0
54846.861007499945  0.0  1.0264734511208822  25.0
54851.84735249994  0.0  1.0264734511208822  25.0
54856.83369749994  0.0  1.0264734511208822  25.0
54861.82004249994  0.0  1.0264734511208822  25.0
54866.806387499935  0.0  1.0264734511208822  25.0
54871.79273249993  0.0  1.0264734511208822  25.0
54876.77907749993  0.0  1.0264734511208822  25.0
54881.76542249993  0.0  1.0264734511208822  25.0
54886.751767499925  0.0  1.0264734511208822  25.0
54891.73811249992  0.0  1.0264734511208822  25.0
54896.72445749992  0.0  1.0264734511208822  25.0
54901.71080249992  0.0  1.0264734511208822  25.0
54906.697147499915  0.0  1.0264734511208822  25.0
54911.68349249991  0.0  1.0264734511208822  25.0
54916.66983749991  0.0  1.0264734511208822  25.0
54921.65618249991  0.0  1.0264734511208822  25.0
54926.642527499906  0.0  1.0264734511208822  25.0
54931.6288724999  0.0  1.0264734511208822  25.0
54936.6152174999  0.0  1.0264734511208822  25.0
54941.6015624999  0.0  1.0264734511208822  25.0
54946.587907499896  0.0  1.0264734511208822  25.0
54951.57425249989  0.0  1.0264734511208822  25.0
54956.56059749989  0.0  1.0264734511208822  25.0
54961.54694249989  0.0  1.0264734511208822  25.0
54966.533287499886  0.0  1.0264734511208822  25.0
54971.51963249988  0.0  1.0264734511208822  25.0
54976.50597749988  0.0  1.0264734511208822  25.0
54981.49232249988  0.0  1.0264734511208822  25.0
54986.478667499876  0.0  1.0264734511208822  25.0
54991.46501249987  0.0  1.0264734511208822  25.0
54996.45135749987  0.0  1.0264734511208822  25.0
55001.43770249987  0.0  1.0264734511208822  25.0
55006.424047499866  0.0  1.0264734511208822  25.0
55011.41039249986  0.0  1.0264734511208822  25.0
55016.39673749986  0.0  1.0264734511208822  25.0
55021.38308249986  0.0  1.0264734511208822  25.0
55026.369427499856  0.0  1.0264734511208822  25.0
55031.35577249985  0.0  1.0264734511208822  25.0
55036.34211749985  0.0  1.0264734511208822  25.0
55041.32846249985  0.0  1.0264734511208822  25.0
55046.314807499846  0.0  1.0264734511208822  25.0
55051.301152499844  0.0  1.0264734511208822  25.0
55056.28749749984  0.0  1.0264734511208822  25.0
55061.27384249984  0.0  1.0264734511208822  25.0
55066.260187499836  0.0  1.0264734511208822  25.0
55071.246532499834  0.0  1.0264734511208822  25.0
55076.23287749983  0.0  1.0264734511208822  25.0
55081.21922249983  0.0  1.0264734511208822  25.0
55086.20556749983  0.0  1.0264734511208822  25.0
55091.191912499824  0.0  1.0264734511208822  25.0
55096.17825749982  0.0  1.0264734511208822  25.0
55101.16460249982  0.0  1.0264734511208822  25.0
55106.15094749982  0.0  1.0264734511208822  25.0
55111.137292499814  0.0  1.0264734511208822  25.0
55116.12363749981  0.0  1.0264734511208822  25.0
55121.10998249981  0.0  1.0264734511208822  25.0
55126.09632749981  0.0  1.0264734511208822  25.0
55131.082672499804  0.0  1.0264734511208822  25.0
55136.0690174998  0.0  1.0264734511208822  25.0
55141.0553624998  0.0  1.0264734511208822  25.0
55146.0417074998  0.0  1.0264734511208822  25.0
55151.028052499794  0.0  1.0264734511208822  25.0
55156.01439749979  0.0  1.0264734511208822  25.0
55161.00074249979  0.0  1.0264734511208822  25.0
55165.98708749979  0.0  1.0264734511208822  25.0
55170.973432499784  0.0  1.0264734511208822  25.0
55175.95977749978  0.0  1.0264734511208822  25.0
55180.94612249978  0.0  1.0264734511208822  25.0
55185.93246749978  0.0  1.0264734511208822  25.0
55190.918812499775  0.0  1.0264734511208822  25.0
55195.90515749977  0.0  1.0264734511208822  25.0
55200.89150249977  0.0  1.0264734511208822  25.0
55205.87784749977  0.0  1.0264734511208822  25.0
55210.864192499765  0.0  1.0264734511208822  25.0
55215.85053749976  0.0  1.0264734511208822  25.0
55220.83688249976  0.0  1.0264734511208822  25.0
55225.82322749976  0.0  1.0264734511208822  25.0
55230.809572499755  0.0  1.0264734511208822  25.0
55235.79591749975  0.0  1.0264734511208822  25.0
55240.78226249975  0.0  1.0264734511208822  25.0
55245.76860749975  0.0  1.0264734511208822  25.0
55250.754952499745  0.0  1.0264734511208822  25.0
55255.74129749974  0.0  1.0264734511208822  25.0
55260.72764249974  0.0  1.0264734511208822  25.0
55265.71398749974  0.0  1.0264734511208822  25.0
55270.700332499735  0.0  1.0264734511208822  25.0
55275.68667749973  0.0  1.0264734511208822  25.0
55280.67302249973  0.0  1.0264734511208822  25.0
55285.65936749973  0.0  1.0264734511208822  25.0
55290.645712499725  0.0  1.0264734511208822  25.0
55295.63205749972  0.0  1.0264734511208822  25.0
55300.61840249972  0.0  1.0264734511208822  25.0
55305.60474749972  0.0  1.0264734511208822  25.0
55310.591092499715  0.0  1.0264734511208822  25.0
55315.57743749971  0.0  1.0264734511208822  25.0
55320.56378249971  0.0  1.0264734511208822  25.0
55325.55012749971  0.0  1.0264734511208822  25.0
55330.536472499705  0.0  1.0264734511208822  25.0
55335.5228174997  0.0  1.0264734511208822  25.0
55340.5091624997  0.0  1.0264734511208822  25.0
55345.4955074997  0.0  1.0264734511208822  25.0
55350.481852499695  0.0  1.0264734511208822  25.0
55355.46819749969  0.0  1.0264734511208822  25.0
55360.45454249969  0.0  1.0264734511208822  25.0
55365.44088749969  0.0  1.0264734511208822  25.0
55370.427232499685  0.0  1.0264734511208822  25.0
55375.41357749968  0.0  1.0264734511208822  25.0
55380.39992249968  0.0  1.0264734511208822  25.0
55385.38626749968  0.0  1.0264734511208822  25.0
55390.372612499676  0.0  1.0264734511208822  25.0
55395.35895749967  0.0  1.0264734511208822  25.0
55400.34530249967  0.0  1.0264734511208822  25.0
54941.6015625  0.14891183726153331  0.8071198085601808  25.0
54950.6015625  -1.5378745065341393  1.0631384892144216  25.0
54951.6015625  -0.6065146881153866  0.8632187397782692  25.0
54953.6015625  -3.028657148189223  1.0892788504009194  25.0
54973.5  -1.060397191916727  0.850197484245783  25.0
54993.5  -0.3357124693726195  1.0913348233741904  25.0
54996.5  -1.323171265693679  3.514750222028004  25.0
54999.5  -2.6932385092864894  1.5155523541927345  25.0
55002.3984375  -0.3219080393941843  1.1849308921925297  25.0
55011.3984375  0.31094280351918735  0.693061720078002  25.0
55014.30078125  -0.711467673400134  1.4233269340232424  25.0
55029.30078125  -1.2875342140867752  1.9526932904222394  25.0
55089.30078125  -0.3211247949219078  0.8823099707406066  25.0
55296.6015625  -5.1657036155657945  11.16124049915084  25.0
55302.6015625  2.825702364353927  2.5660611750976443  25.0
55305.6015625  0.35823036864129343  1.6000435065505154  25.0
55326.6015625  -0.40767185022663244  1.1852246292939788  25.0
55329.5  -2.336868179954325  1.0243685530868487  25.0
55332.3984375  -0.24074570522121455  0.7689372532670696  25.0
55335.3984375  0.8130919338685065  1.0019485506239183  25.0
55338.3984375  -1.8163131896513103  2.491066899897142  25.0
55347.5  0.07832312256294958  1.0590265432678796  25.0
55350.5  0.08282670241668437  0.9980323982888636  25.0
55353.3984375  -0.2826485725536749  0.5137017937429962  25.0
55362.3984375  0.5809617544475688  1.0007736955865583  25.0
55365.30078125  0.32513886740481535  0.8150499633518157  25.0
55368.3984375  0.6136616684610724  1.2174350592787644  25.0
55377.5  -0.35431421630623866  1.2719674548680815  25.0
55389.30078125  -0.0631480147580306  0.5846821131711363  25.0
55407.3984375  -1.6960871355651002  1.5699868996605262  25.0
55413.30078125  0.1206176062960209  0.7921404301759489  25.0
55416.30078125  3.3818944062638456  1.1400909806351056  25.0
55422.30078125  7.384989188610079  2.6883432021571254  25.0
55425.30078125  13.078003374338472  1.771766921826899  25.0
55428.30078125  18.034878397724352  1.6571214991944767  25.0
55437.30078125  24.026792585970483  1.6089527227680231  25.0
55440.30078125  24.644664564026023  0.834532874905564  25.0
55443.30078125  21.96278245767954  1.5506020249651764  25.0
55446.30078125  20.454082973257297  0.9034571746762149  25.0
55449.19921875  18.424632611552113  1.0836003688256062  25.0
55452.30078125  17.96379887433236  1.39963413303299  25.0
55602.6015625  1.2007913885126724  0.65576032940502  25.0
55677.6015625  0.44389628266799797  0.8825057643520938  25.0
55701.6015625  -0.38554556152304215  2.0192679734866066  25.0
55710.5  0.3504959607769276  0.7410346095245317  25.0
55722.3984375  0.08341412409983713  2.6911825363132187  25.0
55737.3984375  1.0015568700325073  1.5661686908154335  25.0
55740.3984375  -0.35852408240063344  5.426127979268026  25.0
55743.30078125  -0.6445014031127922  0.9421292606822624  25.0
55746.30078125  0.5288768723702788  0.5300517274076388  25.0
55752.30078125  0.35646810942736246  1.5143775925238108  25.0
55761.30078125  -0.6853273122136362  0.8043784178940496  25.0
55764.30078125  2.206460297860158  2.3955127082270575  25.0
55767.30078125  -0.6230604153915165  0.8755545776178952  25.0
55770.30078125  0.15410074143969177  0.6805300419426705  25.0
55773.30078125  1.3763330126341489  1.1551681157724263  25.0
55776.30078125  -0.3377684656879996  0.5964305701763005  25.0
55779.30078125  -1.0386625137782204  0.8282670124957892  25.0
55791.30078125  -1.2186098209476879  0.7038311623415117  25.0
55794.30078125  1.0532502115710412  0.8680160100492349  25.0
55797.30078125  0.7565034719374818  0.5372966045590684  25.0
55800.30078125  -6.392537235038129  3.5357013522468153  25.0
55803.30078125  1.7860608825182707  1.0528585309796301  25.0
55806.30078125  0.9849132926348521  1.5529517350398965  25.0
56059.3984375  0.521436201607362  1.4299843836559918  25.0
56062.6015625  1.047963410587139  0.7189083441630506  25.0
56065.5  0.36488784161615195  0.6379418036015682  25.0
56088.30078125  1.0954467693207324  1.083404575214119  25.0
56091.30078125  -0.6519420738757089  0.9290101550282509  25.0
56094.3984375  -0.42108469298209317  0.8705615137354423  25.0
56416.6015625  -0.4863865775191384  0.8080009264960918  25.0
56420.6015625  0.030056498932734314  0.6978589903489677  25.0
56424.6015625  0.3498106364525039  0.7978189117512621  25.0
56427.5  -0.10926075985594032  1.0694043516241964  25.0
56443.5  -3.6338991778299428  1.174846820937662  25.0
56450.5  -0.028490036248054233  1.4800132460757924  25.0
56460.5  -1.4465301109321216  0.9301850100656109  25.0
56472.3984375  -0.7941964965176566  1.4230331969217933  25.0
56475.3984375  0.4177559681657184  0.4857012531947147  25.0
56478.30078125  0.024965494478083133  0.7915530493414872  25.0
56479.3984375  0.20804579120771097  0.5539402753251601  25.0
56486.30078125  0.19003147179277183  0.5197718158570656  25.0
56489.30078125  0.17818510631080942  1.070970793884531  25.0
56501.3984375  -1.4523064426289602  1.439676867687885  25.0
56508.30078125  0.2028568870295525  0.6787677593866304  25.0
56512.30078125  0.17280038517905458  0.8169101427135994  25.0
56518.30078125  -0.6163050689530234  0.8062385972558334  25.0
56537.30078125  2.2793007499658637  1.0285783491549159  25.0
