#Date  :
#Flux  :
#Fluxerr  :
#ZP  :
#end  :
@INSTRUMENT  SDSS
@BAND  SDSS_z
@MAGSYS  AB
54149.020544  0.0  11.673979081602923  25.0
54154.006889  0.0  11.673979081602923  25.0
54158.993233999994  0.0  11.673979081602923  25.0
54163.97957899999  0.0  11.673979081602923  25.0
54168.96592399999  0.0  11.673979081602923  25.0
54173.95226899999  0.0  11.673979081602923  25.0
54178.938613999984  0.0  11.673979081602923  25.0
54183.92495899998  0.0  11.673979081602923  25.0
54188.91130399998  0.0  11.673979081602923  25.0
54193.89764899998  0.0  11.673979081602923  25.0
54198.883993999974  0.0  11.673979081602923  25.0
54203.87033899997  0.0  11.673979081602923  25.0
54208.85668399997  0.0  11.673979081602923  25.0
54213.84302899997  0.0  11.673979081602923  25.0
54218.829373999964  0.0  11.673979081602923  25.0
54223.81571899996  0.0  11.673979081602923  25.0
54228.80206399996  0.0  11.673979081602923  25.0
54233.78840899996  0.0  11.673979081602923  25.0
54238.774753999955  0.0  11.673979081602923  25.0
54243.76109899995  0.0  11.673979081602923  25.0
54248.74744399995  0.0  11.673979081602923  25.0
54253.73378899995  0.0  11.673979081602923  25.0
54258.720133999945  0.0  11.673979081602923  25.0
54263.70647899994  0.0  11.673979081602923  25.0
54268.69282399994  0.0  11.673979081602923  25.0
54273.67916899994  0.0  11.673979081602923  25.0
54278.665513999935  0.0  11.673979081602923  25.0
54283.65185899993  0.0  11.673979081602923  25.0
54288.63820399993  0.0  11.673979081602923  25.0
54293.62454899993  0.0  11.673979081602923  25.0
54298.610893999925  0.0  11.673979081602923  25.0
54303.59723899992  0.0  11.673979081602923  25.0
54308.58358399992  0.0  11.673979081602923  25.0
54313.56992899992  0.0  11.673979081602923  25.0
54318.556273999915  0.0  11.673979081602923  25.0
54323.54261899991  0.0  11.673979081602923  25.0
54328.52896399991  0.0  11.673979081602923  25.0
54333.51530899991  0.0  11.673979081602923  25.0
54338.501653999905  0.0  11.673979081602923  25.0
54343.4879989999  0.0  11.673979081602923  25.0
54348.4743439999  0.0  11.673979081602923  25.0
54353.4606889999  0.0  11.673979081602923  25.0
54358.447033999895  0.0  11.673979081602923  25.0
54363.43337899989  0.0  11.673979081602923  25.0
54368.41972399989  0.0  11.673979081602923  25.0
54373.40606899989  0.0  11.673979081602923  25.0
54378.392413999885  0.0  11.673979081602923  25.0
54348.474344  22.2803576905344  11.99480531060265  25.0
54358.431399  -1.4564145578591972  10.640509058825069  25.0
54365.464688  6.899811750487799  8.551725525337469  25.0
54381.485513  -14.192806283749734  12.295153269666228  25.0
54386.477875  9.55379553421322  9.493725942400504  25.0
54388.482475  3.6069059447544047  11.353152852603193  25.0
54392.480213  5.695689478242005  13.316336330482386  25.0
54393.486073  2.611935069456521  11.200248437079917  25.0
54396.349882  23.503593014720607  15.500685123672033  25.0
54406.390485  23.45171473088235  9.53468248227281  25.0
54409.395364  15.137537136804255  12.123135802202544  25.0
54412.416549  -0.16101381041799187  13.570266877690683  25.0
54416.389791  21.17726154997363  10.517639439208152  25.0
54421.395157  -8.955830052077554  12.854892647921075  25.0
54423.372119  14.039901868226458  10.479413335327333  25.0
54433.394834  4.379619330345243  18.348529862793036  25.0
