54393.79438076154    1.4172224100585742    0.907992494766778      25    
54394.29438076154    1.6971976324239164    0.896715698284607      25    
54394.79438076154    2.0074313375743404    0.9183908254578461     25    
54395.29438076154    2.3505933346348837    1.1100899660220502     25    
54395.79438076154    2.7260168142118166    1.3875996171182226     25    
54396.29438076154    3.1368903529736847    1.5450559921701903     25    
54396.79438076154    3.5829480073558955    1.5679222513287554     25    
54397.29438076154    4.066145223018748     1.5551605804683502     25    
54397.79438076154    4.588194084391495     1.5624428372357557     25    
54398.29438076154    5.149013058283363     1.567835799008461      25    
54398.79438076154    5.751724212703499     1.5690817898592166     25    
54399.29438076154    6.3956093452031615    1.5662128375042643     25    
54399.79438076154    7.083507559676808     1.5600678773945154     25    
54400.29438076154    7.815903251163057     1.549684149265348      25    
54400.79438076154    8.593862765470446     1.5375062913577513     25    
54401.29438076154    9.421080028846296     1.5267317565470413     25    
54401.79438076154    10.296567754123163    1.516730563588154      25    
54402.29438076154    11.21663632986046     1.514395096781359      25    
54402.79438076154    12.196676055044836    1.5188899548661776     25    
54403.29438076154    13.185692569882434    1.534848204428365      25    
54403.79438076154    14.161548547452302    1.5721956192904751     25    
54404.29438076154    15.113932300645015    1.6193607455515695     25    
54404.79438076154    15.96256864193601     1.6511941701441613     25    
54405.29438076154    16.72530917972079     1.6717172876480817     25    
54405.79438076154    17.336043588441406    1.6772063410546523     25    
54406.29438076154    17.76225036129964     1.653243755158697      25    
54406.79438076154    18.03500453690686     1.6279554389113864     25    
54407.29438076154    18.161998235425997    1.6407481103068178     25    
54407.79438076154    18.144876474939235    1.6788197090305264     25    
54408.29438076154    18.05083570554451     1.72746573034869       25    
54408.79438076154    17.869672280194145    1.7978944730708146     25    
54409.29438076154    17.646899025337753    1.843143165910172      25    
54409.79438076154    17.413468391160404    1.8333330502240217     25    
54410.29438076154    17.163033946009072    1.7827339586961863     25    
54410.79438076154    16.92302395310678     1.6722151220423893     25    
54411.29438076154    16.688364386372285    1.4769535579588362     25    
54411.79438076154    16.46797247337699     1.3452091909506882     25    
54412.29438076154    16.262623181969143    1.3865588545089051     25    
54412.79438076154    16.07579721641454     1.4664281081713206     25    
54413.29438076154    15.917463285021032    1.4725554069531077     25    
54413.79438076154    15.782329774874253    1.4471257377759283     25    
54414.29438076154    15.652801327584202    1.4207240413482576     25    
54414.79438076154    15.53572532497304     1.3851640707275588     25    
54415.29438076154    15.402061538116541    1.3744080836508659     25    
54415.79438076154    15.24181230884422     1.4304334969489323     25    
54416.29438076154    15.049570997258433    1.5023560193171221     25    
54416.79438076154    14.794733037824134    1.5186237092513073     25    
54417.29438076154    14.482811339289906    1.493583654938004      25    
54417.79438076154    14.122424087865573    1.45898383496439       25    
54418.29438076154    13.70603765635409     1.4086460128974416     25    
54418.79438076154    13.256975445047921    1.368723693563409      25    
54419.29438076154    12.793151269664094    1.3846566598649204     25    
54419.79438076154    12.312920660406485    1.4305014118624981     25    
54420.29438076154    11.84779667653601     1.4483374592959495     25    
54420.79438076154    11.392996068559556    1.440777588531303      25    
54421.29438076154    10.964341146634244    1.415980493004263      25    
54421.79438076154    10.56795230767042     1.3600506428840238     25    
54422.29438076154    10.20491151702999     1.2976106571507282     25    
54422.79438076154    9.88435216689484      1.284378751528626      25    
54423.29438076154    9.604061955481962     1.309469456742756      25    
54423.79438076154    9.37466063786435      1.3230139131481344     25    
54424.29438076154    9.19863558891123      1.3117237289188048     25    
54424.79438076154    9.0715124597042       1.3043306285892884     25    
54425.29438076154    8.994300790641663     1.317425525286627      25    
54425.79438076154    8.963476019999284     1.345193764316484      25    
54426.29438076154    8.96515255148414      1.3982060659023134     25    
54426.79438076154    9.002654532811398     1.4808762449350341     25    
54427.29438076154    9.062662152266666     1.535482400429848      25    
54427.79438076154    9.142400410223289     1.5397875695763317     25    
54428.29438076154    9.239039076528917     1.5178997149550006     25    
54428.79438076154    9.344454729770796     1.473733536829262      25    
54429.29438076154    9.460651895760652     1.406452985580206      25    
54429.79438076154    9.581758639481516     1.3899756311263514     25    
54430.29438076154    9.708664015050324     1.4483751692392803     25    
54430.79438076154    9.837193332323968     1.5110037465574517     25    
54431.29438076154    9.965022372671488     1.5427141290445991     25    
54431.79438076154    10.091616908091513    1.5579003382498122     25    
54432.29438076154    10.211545388354535    1.5416399309683189     25    
54432.79438076154    10.32617543997468     1.491867680116853      25    
54433.29438076154    10.429798703611729    1.4371339294024998     25    
54433.79438076154    10.522212253471897    1.3780602190468998     25    
54434.29438076154    10.60068982494586     1.328190165541667      25    
54434.79438076154    10.660544450537605    1.3251067198553108     25    
54435.29438076154    10.703128352072007    1.3530614158555323     25    
54435.79438076154    10.726777577240627    1.3479163282469957     25    
54436.29438076154    10.730617136797594    1.2944725643163575     25    
54436.79438076154    10.718233298370345    1.2505959809535698     25    
54437.29438076154    10.690717705911819    1.2626302455738818     25    
54437.79438076154    10.648759803255803    1.2940681627852928     25    
54438.29438076154    10.596258344864795    1.3036238819277224     25    
54438.79438076154    10.532612877701387    1.2998875130210288     25    
54439.29438076154    10.456453754880533    1.2683414155420496     25    
54439.79438076154    10.369723534125582    1.1707037336703043     25    
54440.29438076154    10.266834144336729    1.0873087607863094     25    
54440.79438076154    10.14327094501088     1.1427225508466587     25    
54441.29438076154    9.999525302841544     1.2683178985186483     25    
54441.79438076154    9.827155868210088     1.3375095342803505     25    
54442.29438076154    9.626243712272894     1.3582372507579128     25    
54442.79438076154    9.39810041818161      1.358319456346288      25    
54443.29438076154    9.139361958546294     1.3311403014528418     25    
54443.79438076154    8.856662292678326     1.2973458037311074     25    
54444.29438076154    8.56027550953187      1.3083126591075172     25    
54444.79438076154    8.247625206423198     1.3532120816976116     25    
54445.29438076154    7.9324394733581345    1.3921503437707572     25    
54445.79438076154    7.614255819043312     1.4276278650354781     25    
54446.29438076154    7.2992248943293       1.4430271548305218     25    
54446.79438076154    6.993959749895092     1.4182054442661984     25    
54447.29438076154    6.696958791854467     1.359465263748723      25    
54447.79438076154    6.413878129373003     1.2527651265592186     25    
54448.29438076154    6.1434714091113385    1.063344019795167      25    
54448.79438076154    5.890488818956401     0.903938341358132      25    
54449.29438076154    5.65658850195548      0.9022142172158655     25    
54449.79438076154    5.4416975523067155    0.9560358505189601     25    
54450.29438076154    5.248361705985009     0.9479061320816119     25    
54450.79438076154    5.075835074885456     0.9088911363272986     25    
54451.29438076154    4.91986715640436      0.8937042458170316     25    
54451.79438076154    4.781188275042817     0.9127667902776654     25    
54452.29438076154    4.656453702339143     0.9451825377612738     25    
54452.79438076154    4.543547533559298     0.992494892741873      25    
54453.29438076154    4.442337872017271     1.0401467604947432     25    
54453.79438076154    4.348744284654533     1.0390689338037098     25    
54454.29438076154    4.263665136052455     0.9914196172281488     25    
54454.79438076154    4.183892237393114     0.9266976342124587     25    
54455.29438076154    4.109198868274596     0.8479036775960986     25    
54455.79438076154    4.038124608314814     0.754075837536645      25    
54456.29438076154    3.9681227515673156    0.6503620593006956     25    
54456.79438076154    3.899798864463695     0.5299909203214636     25    
54457.29438076154    3.8307391158803115    0.4450721086922577     25    
54457.79438076154    3.7607362677357776    0.43662901124014114    25    
54458.29438076154    3.690398384828063     0.4477544425870167     25    
54458.79438076154    3.6197268657375155    0.4412638210864958     25    
54459.29438076154    3.5489212063546787    0.43431238876578687    25    
54459.79438076154    3.478573887094563     0.4246428284630509     25    
54460.29438076154    3.4085353947952926    0.4121697557458215     25    
54460.79438076154    3.3394462163948573    0.40025908044384073    25    
54461.29438076154    3.2712978901344965    0.38992818939599433    25    
54461.79438076154    3.204433148553518     0.38049272047325194    25    
54462.29438076154    3.1392650004650218    0.36882253515287755    25    
54462.79438076154    3.0757317312816514    0.35789142773937516    25    
54463.29438076154    3.0144930338795803    0.3658920335382709     25    
54463.79438076154    2.9554142360491618    0.3908410113201357     25    
54464.29438076154    2.8990383608278356    0.43163624719580856    25    
54464.79438076154    2.8455369709487686    0.4626256823003955     25    
54465.29438076154    2.79505687343909      0.5254727802647923     25    
54465.79438076154    2.7481562440731913    0.6570255250526629     25    