54333.235113356255    5.312075072199796     1.342998957926599      25    
54333.735113356255    6.2514423574683295    1.3105057005911505     25    
54334.235113356255    7.264273133367835     1.3148339078682252     25    
54334.735113356255    8.34913289741974      1.5169369134728348     25    
54335.235113356255    9.506341561534196     1.8249632354111573     25    
54335.735113356255    10.734133789593832    1.9917241509956025     25    
54336.235113356255    12.032723228303155    2.0027218870459733     25    
54336.735113356255    13.400874988271834    1.9796869773944148     25    
54337.235113356255    14.837861005278961    1.9841867353783211     25    
54337.735113356255    16.343500385076208    1.9888386033748884     25    
54338.235113356255    17.91619776406586     1.9931156197073725     25    
54338.735113356255    19.55632765007158     1.997105462146468      25    
54339.235113356255    21.26217637626811     2.000998611298516      25    
54339.735113356255    23.03379965486227     2.0046833611311556     25    
54340.235113356255    24.870188044197953    2.0087462479357834     25    
54340.735113356255    26.77278865929392     2.0221941287643697     25    
54341.235113356255    28.73851953738614     2.0340275151723737     25    
54341.735113356255    30.760628519655402    1.9947887273695841     25    
54342.235113356255    32.85327055047432     1.8918889526954923     25    
54342.735113356255    34.923430494915095    1.8168220259616594     25    
54343.235113356255    36.97262619925412     1.8232961838923474     25    
54343.735113356255    38.93890184731869     1.8567957436906737     25    
54344.235113356255    40.73278360958052     1.8744215451212418     25    
54344.735113356255    42.37103078358255     1.888941107262436      25    
54345.235113356255    43.7381731882561      1.8992184822982903     25    
54345.735113356255    44.82624281762754     1.9038324081774223     25    
54346.235113356255    45.676916672232075    1.9087431251162432     25    
54346.735113356255    46.27912354700986     1.9172406837253468     25    
54347.235113356255    46.675248150342775    1.926972511820744      25    
54347.735113356255    46.9403581065072      1.9379023962022013     25    
54348.235113356255    47.05786968638378     1.9499209581089905     25    
54348.735113356255    47.11427288893247     1.9566685042024345     25    
54349.235113356255    47.11813652550008     1.972012969603835      25    
54349.735113356255    47.061947958827034    1.945877150317538      25    
54350.235113356255    46.95859607442231     1.8015574949453932     25    
54350.735113356255    46.79240823344797     1.5961831738225376     25    
54351.235113356255    46.53312481088842     1.5037555510447487     25    
54351.735113356255    46.187491096327946    1.5224788373006393     25    
54352.235113356255    45.72680899465378     1.539823031412663      25    
54352.735113356255    45.13866678118819     1.5323984020302843     25    
54353.235113356255    44.44416666483549     1.5221702934057224     25    
54353.735113356255    43.64771258182104     1.5108857228495443     25    
54354.235113356255    42.757260736264975    1.4991058978429084     25    
54354.735113356255    41.819713353050915    1.4941376627862748     25    
54355.235113356255    40.82498493979629     1.4970528809909787     25    
54355.735113356255    39.81538047347094     1.4963515698279963     25    
54356.235113356255    38.803664503750184    1.5019445731412928     25    
54356.735113356255    37.78835295398966     1.4839478264598054     25    
54357.235113356255    36.78247661930664     1.3773770962113017     25    
54357.735113356255    35.781098761567435    1.1967930355231648     25    
54358.235113356255    34.775499832926045    1.0854936141064186     25    
54358.735113356255    33.76718204139071     1.0832980213576509     25    
54359.235113356255    32.74958692263985     1.0972253146003643     25    
54359.735113356255    31.718348688402276    1.0873358600153924     25    
54360.235113356255    30.67648477535322     1.0748655556812594     25    
54360.735113356255    29.624262390123437    1.058372663857584      25    
54361.235113356255    28.561786612308925    1.0381887839569537     25    
54361.735113356255    27.498286929214075    1.025031608646703      25    
54362.235113356255    26.432495024752182    1.0226298408947663     25    
54362.735113356255    25.371037856262962    1.0210794364826874     25    
54363.235113356255    24.317228454640706    1.0234307220171202     25    
54363.735113356255    23.272482477093405    1.0170864634030095     25    
54364.235113356255    22.24520886926912     0.9543166447062076     25    
54364.735113356255    21.23340841980355     0.8255997221861388     25    
54365.235113356255    20.24685517285107     0.7255960284231947     25    
54365.735113356255    19.28508560919754     0.7103187666718546     25    
54366.235113356255    18.353864138977283    0.7204027378480844     25    
54366.735113356255    17.45955468740326     0.7145331238702458     25    
54367.235113356255    16.600447129220296    0.7079709068433669     25    
54367.735113356255    15.780475726566788    0.6966458593730974     25    
54368.235113356255    14.999554184696441    0.6795358073847483     25    
54368.735113356255    14.255286022389605    0.6657526895694722     25    
54369.235113356255    13.547620451865761    0.6599102230099184     25    
54369.735113356255    12.875489355513098    0.6570071588663781     25    
54370.235113356255    12.237430364180282    0.6537157339100319     25    
54370.735113356255    11.63366534225239     0.6507486589383055     25    
54371.235113356255    11.062093839227028    0.6467817691946666     25    
54371.735113356255    10.523109605300135    0.6467774700358113     25    
54372.235113356255    10.015015514534836    0.6254834395457248     25    
54372.735113356255    9.53742434756836      0.5469801196845128     25    
54373.235113356255    9.089682144699635     0.44191354931878885    25    
54373.735113356255    8.670453751975815     0.3976330517703733     25    
54374.235113356255    8.279959864978503     0.408483935203068      25    
54374.735113356255    7.914315643151729     0.41310642598336017    25    
54375.235113356255    7.5746044099236585    0.40458069536042307    25    
54375.735113356255    7.256038119793833     0.39789488863259476    25    
54376.235113356255    6.956460611146294     0.39936352557033816    25    
54376.735113356255    6.674952256640485     0.40406891786787436    25    
54377.235113356255    6.405775972819975     0.40608020138324363    25    
54377.735113356255    6.150051676939856     0.4065853285323917     25    
54378.235113356255    5.905650935647202     0.4030827646189601     25    
54378.735113356255    5.671351635464316     0.39401266905415533    25    
54379.235113356255    5.449727726390838     0.38211038381080037    25    
54379.735113356255    5.242058082073101     0.3676442748011765     25    
54380.235113356255    5.048472257032898     0.35202818314848194    25    
54380.735113356255    4.872099920364901     0.3457549076210708     25    
54381.235113356255    4.712824202909501     0.34975079739629467    25    
54381.735113356255    4.568893863222732     0.3512643224777955     25    
54382.235113356255    4.442137533100134     0.3443367018140604     25    
54382.735113356255    4.327259436849721     0.336605270643527      25    
54383.235113356255    4.2192082830638995    0.3349810881618755     25    
54383.735113356255    4.118569219002853     0.33695802852406237    25    
54384.235113356255    4.016628943192954     0.33975280233149396    25    
54384.735113356255    3.9140568530084545    0.3442542470718905     25    
54385.235113356255    3.8089336379684617    0.3461813994858433     25    
54385.735113356255    3.6981447464651946    0.3464056072545434     25    
54386.235113356255    3.586009567352383     0.3399087930185593     25    
54386.735113356255    3.4770211869794365    0.31060634841927226    25    
54387.235113356255    3.3702900156682793    0.25720893681300494    25    
54387.735113356255    3.2729271792061327    0.220306135760549      25    
54388.235113356255    3.184894061851993     0.22019233669166324    25    
54388.735113356255    3.1075480679492977    0.22670801506967825    25    
54389.235113356255    3.0438225851969065    0.22169855612684755    25    
54389.735113356255    2.9905876309677653    0.21572547294338545    25    
54390.235113356255    2.94340140035573      0.21565528649405782    25    
54390.735113356255    2.9033397482290733    0.2204070181500575     25    
54391.235113356255    2.8642621417556606    0.2262532627508717     25    
54391.735113356255    2.825925658000692     0.23431152291663293    25    
54392.235113356255    2.78658126675366      0.23978203779206803    25    
54392.735113356255    2.743270845419339     0.2372614442381609     25    
54393.235113356255    2.6976398086933377    0.2300777719162793     25    
54393.735113356255    2.6514680937622574    0.22327849779881556    25    
54394.235113356255    2.604266716627164     0.21612434364717026    25    
54394.735113356255    2.558563457091846     0.20982065567273797    25    
54395.235113356255    2.5146933260385342    0.20482917544038828    25    
54395.735113356255    2.4733123316453924    0.2012930495775734     25    
54396.235113356255    2.435906828126074     0.2004191646531656     25    
54396.735113356255    2.401920784566402     0.20141777490508214    25    
54397.235113356255    2.3709260932742535    0.20066831989677159    25    
54397.735113356255    2.3430614447857248    0.19799669804106582    25    
54398.235113356255    2.3176627103832366    0.19503670299370024    25    
54398.735113356255    2.294611242542353     0.19211979094127396    25    
54399.235113356255    2.2736578680097974    0.18944328328227794    25    
54399.735113356255    2.2542613432380496    0.18791232593292653    25    
54400.235113356255    2.2365303844942477    0.1872946695336902     25    
54400.735113356255    2.219741073062252     0.18695019899902754    25    
54401.235113356255    2.2040078926830144    0.18626597671223094    25    
54401.735113356255    2.188778765940556     0.18757933755021008    25    
54402.235113356255    2.1738197187655324    0.19287904279255122    25    
54402.735113356255    2.158997605528747     0.20010962272406532    25    
54403.235113356255    2.143695188931229     0.2050189426898158     25    
54403.735113356255    2.1280554517759303    0.20804325503411333    25    
54404.235113356255    2.1113636293695413    0.22362171356559335    25    