#Date  :
#Flux  :
#Fluxerr  :
#ZP  :
#end  :
@INSTRUMENT  PS
@BAND  PS_r
@MAGSYS  AB
54751.0462  0.0  1.4034524352465194  25.0
54756.032544999995  0.0  1.4034524352465194  25.0
54761.01888999999  0.0  1.4034524352465194  25.0
54766.00523499999  0.0  1.4034524352465194  25.0
54770.99157999999  0.0  1.4034524352465194  25.0
54775.977924999985  0.0  1.4034524352465194  25.0
54780.96426999998  0.0  1.4034524352465194  25.0
54785.95061499998  0.0  1.4034524352465194  25.0
54790.93695999998  0.0  1.4034524352465194  25.0
54795.923304999975  0.0  1.4034524352465194  25.0
54800.90964999997  0.0  1.4034524352465194  25.0
54805.89599499997  0.0  1.4034524352465194  25.0
54810.88233999997  0.0  1.4034524352465194  25.0
54815.868684999965  0.0  1.4034524352465194  25.0
54820.85502999996  0.0  1.4034524352465194  25.0
54825.84137499996  0.0  1.4034524352465194  25.0
54830.82771999996  0.0  1.4034524352465194  25.0
54835.814064999955  0.0  1.4034524352465194  25.0
54840.80040999995  0.0  1.4034524352465194  25.0
54845.78675499995  0.0  1.4034524352465194  25.0
54850.77309999995  0.0  1.4034524352465194  25.0
54855.759444999945  0.0  1.4034524352465194  25.0
54860.74578999994  0.0  1.4034524352465194  25.0
54865.73213499994  0.0  1.4034524352465194  25.0
54870.71847999994  0.0  1.4034524352465194  25.0
54875.704824999935  0.0  1.4034524352465194  25.0
54880.69116999993  0.0  1.4034524352465194  25.0
54885.67751499993  0.0  1.4034524352465194  25.0
54890.66385999993  0.0  1.4034524352465194  25.0
54895.650204999925  0.0  1.4034524352465194  25.0
54900.63654999992  0.0  1.4034524352465194  25.0
54905.62289499992  0.0  1.4034524352465194  25.0
54910.60923999992  0.0  1.4034524352465194  25.0
54915.595584999915  0.0  1.4034524352465194  25.0
54920.58192999991  0.0  1.4034524352465194  25.0
54925.56827499991  0.0  1.4034524352465194  25.0
54930.55461999991  0.0  1.4034524352465194  25.0
54935.540964999906  0.0  1.4034524352465194  25.0
54940.5273099999  0.0  1.4034524352465194  25.0
54945.5136549999  0.0  1.4034524352465194  25.0
54950.4999999999  0.0  1.4034524352465194  25.0
54955.486344999896  0.0  1.4034524352465194  25.0
54960.47268999989  0.0  1.4034524352465194  25.0
54965.45903499989  0.0  1.4034524352465194  25.0
54970.44537999989  0.0  1.4034524352465194  25.0
54975.431724999886  0.0  1.4034524352465194  25.0
54980.41806999988  0.0  1.4034524352465194  25.0
54985.40441499988  0.0  1.4034524352465194  25.0
54990.39075999988  0.0  1.4034524352465194  25.0
54995.377104999876  0.0  1.4034524352465194  25.0
55000.36344999987  0.0  1.4034524352465194  25.0
55005.34979499987  0.0  1.4034524352465194  25.0
55010.33613999987  0.0  1.4034524352465194  25.0
55015.322484999866  0.0  1.4034524352465194  25.0
55020.30882999986  0.0  1.4034524352465194  25.0
55025.29517499986  0.0  1.4034524352465194  25.0
55030.28151999986  0.0  1.4034524352465194  25.0
55035.267864999856  0.0  1.4034524352465194  25.0
55040.25420999985  0.0  1.4034524352465194  25.0
55045.24055499985  0.0  1.4034524352465194  25.0
55050.22689999985  0.0  1.4034524352465194  25.0
55055.213244999846  0.0  1.4034524352465194  25.0
55060.199589999844  0.0  1.4034524352465194  25.0
55065.18593499984  0.0  1.4034524352465194  25.0
55070.17227999984  0.0  1.4034524352465194  25.0
55075.158624999836  0.0  1.4034524352465194  25.0
55080.144969999834  0.0  1.4034524352465194  25.0
55085.13131499983  0.0  1.4034524352465194  25.0
55090.11765999983  0.0  1.4034524352465194  25.0
55095.10400499983  0.0  1.4034524352465194  25.0
55100.090349999824  0.0  1.4034524352465194  25.0
55105.07669499982  0.0  1.4034524352465194  25.0
55110.06303999982  0.0  1.4034524352465194  25.0
55115.04938499982  0.0  1.4034524352465194  25.0
55120.035729999814  0.0  1.4034524352465194  25.0
55125.02207499981  0.0  1.4034524352465194  25.0
55130.00841999981  0.0  1.4034524352465194  25.0
55134.99476499981  0.0  1.4034524352465194  25.0
55139.981109999804  0.0  1.4034524352465194  25.0
55144.9674549998  0.0  1.4034524352465194  25.0
55149.9537999998  0.0  1.4034524352465194  25.0
55154.9401449998  0.0  1.4034524352465194  25.0
55159.926489999794  0.0  1.4034524352465194  25.0
55164.91283499979  0.0  1.4034524352465194  25.0
55169.89917999979  0.0  1.4034524352465194  25.0
55174.88552499979  0.0  1.4034524352465194  25.0
55179.871869999784  0.0  1.4034524352465194  25.0
55184.85821499978  0.0  1.4034524352465194  25.0
55189.84455999978  0.0  1.4034524352465194  25.0
55194.83090499978  0.0  1.4034524352465194  25.0
55199.817249999775  0.0  1.4034524352465194  25.0
55204.80359499977  0.0  1.4034524352465194  25.0
55209.78993999977  0.0  1.4034524352465194  25.0
55214.77628499977  0.0  1.4034524352465194  25.0
55219.762629999765  0.0  1.4034524352465194  25.0
55224.74897499976  0.0  1.4034524352465194  25.0
55229.73531999976  0.0  1.4034524352465194  25.0
55234.72166499976  0.0  1.4034524352465194  25.0
55239.708009999755  0.0  1.4034524352465194  25.0
55244.69435499975  0.0  1.4034524352465194  25.0
55249.68069999975  0.0  1.4034524352465194  25.0
55254.66704499975  0.0  1.4034524352465194  25.0
55259.653389999745  0.0  1.4034524352465194  25.0
55264.63973499974  0.0  1.4034524352465194  25.0
55269.62607999974  0.0  1.4034524352465194  25.0
55274.61242499974  0.0  1.4034524352465194  25.0
55279.598769999735  0.0  1.4034524352465194  25.0
55284.58511499973  0.0  1.4034524352465194  25.0
55289.57145999973  0.0  1.4034524352465194  25.0
55294.55780499973  0.0  1.4034524352465194  25.0
55299.544149999725  0.0  1.4034524352465194  25.0
55304.53049499972  0.0  1.4034524352465194  25.0
55309.51683999972  0.0  1.4034524352465194  25.0
55314.50318499972  0.0  1.4034524352465194  25.0
55319.489529999715  0.0  1.4034524352465194  25.0
55324.47587499971  0.0  1.4034524352465194  25.0
55329.46221999971  0.0  1.4034524352465194  25.0
55334.44856499971  0.0  1.4034524352465194  25.0
55339.434909999705  0.0  1.4034524352465194  25.0
55344.4212549997  0.0  1.4034524352465194  25.0
55349.4075999997  0.0  1.4034524352465194  25.0
55354.3939449997  0.0  1.4034524352465194  25.0
55359.380289999695  0.0  1.4034524352465194  25.0
55364.36663499969  0.0  1.4034524352465194  25.0
55369.35297999969  0.0  1.4034524352465194  25.0
55374.33932499969  0.0  1.4034524352465194  25.0
55379.325669999685  0.0  1.4034524352465194  25.0
55384.31201499968  0.0  1.4034524352465194  25.0
55389.29835999968  0.0  1.4034524352465194  25.0
55394.28470499968  0.0  1.4034524352465194  25.0
55399.271049999676  0.0  1.4034524352465194  25.0
55404.25739499967  0.0  1.4034524352465194  25.0
55409.24373999967  0.0  1.4034524352465194  25.0
55414.23008499967  0.0  1.4034524352465194  25.0
55419.216429999666  0.0  1.4034524352465194  25.0
55424.20277499966  0.0  1.4034524352465194  25.0
55429.18911999966  0.0  1.4034524352465194  25.0
55434.17546499966  0.0  1.4034524352465194  25.0
55439.161809999656  0.0  1.4034524352465194  25.0
55444.14815499965  0.0  1.4034524352465194  25.0
55449.13449999965  0.0  1.4034524352465194  25.0
55454.12084499965  0.0  1.4034524352465194  25.0
55459.107189999646  0.0  1.4034524352465194  25.0
55464.09353499964  0.0  1.4034524352465194  25.0
55469.07987999964  0.0  1.4034524352465194  25.0
55474.06622499964  0.0  1.4034524352465194  25.0
55479.052569999636  0.0  1.4034524352465194  25.0
55484.03891499963  0.0  1.4034524352465194  25.0
55489.02525999963  0.0  1.4034524352465194  25.0
55494.01160499963  0.0  1.4034524352465194  25.0
55498.997949999626  0.0  1.4034524352465194  25.0
55503.984294999624  0.0  1.4034524352465194  25.0
55508.97063999962  0.0  1.4034524352465194  25.0
55513.95698499962  0.0  1.4034524352465194  25.0
55518.943329999616  0.0  1.4034524352465194  25.0
55523.929674999614  0.0  1.4034524352465194  25.0
55528.91601999961  0.0  1.4034524352465194  25.0
55533.90236499961  0.0  1.4034524352465194  25.0
55538.88870999961  0.0  1.4034524352465194  25.0
55543.875054999604  0.0  1.4034524352465194  25.0
55548.8613999996  0.0  1.4034524352465194  25.0
55553.8477449996  0.0  1.4034524352465194  25.0
55558.8340899996  0.0  1.4034524352465194  25.0
55563.820434999594  0.0  1.4034524352465194  25.0
55568.80677999959  0.0  1.4034524352465194  25.0
55573.79312499959  0.0  1.4034524352465194  25.0
55578.77946999959  0.0  1.4034524352465194  25.0
55583.765814999584  0.0  1.4034524352465194  25.0
55588.75215999958  0.0  1.4034524352465194  25.0
55593.73850499958  0.0  1.4034524352465194  25.0
55598.72484999958  0.0  1.4034524352465194  25.0
55603.711194999574  0.0  1.4034524352465194  25.0
55608.69753999957  0.0  1.4034524352465194  25.0
55613.68388499957  0.0  1.4034524352465194  25.0
55618.67022999957  0.0  1.4034524352465194  25.0
55623.656574999564  0.0  1.4034524352465194  25.0
55628.64291999956  0.0  1.4034524352465194  25.0
55633.62926499956  0.0  1.4034524352465194  25.0
55638.61560999956  0.0  1.4034524352465194  25.0
55643.601954999554  0.0  1.4034524352465194  25.0
55648.58829999955  0.0  1.4034524352465194  25.0
55653.57464499955  0.0  1.4034524352465194  25.0
55658.56098999955  0.0  1.4034524352465194  25.0
55663.547334999545  0.0  1.4034524352465194  25.0
55668.53367999954  0.0  1.4034524352465194  25.0
55673.52002499954  0.0  1.4034524352465194  25.0
55678.50636999954  0.0  1.4034524352465194  25.0
55683.492714999535  0.0  1.4034524352465194  25.0
55688.47905999953  0.0  1.4034524352465194  25.0
55693.46540499953  0.0  1.4034524352465194  25.0
55698.45174999953  0.0  1.4034524352465194  25.0
55703.438094999525  0.0  1.4034524352465194  25.0
55708.42443999952  0.0  1.4034524352465194  25.0
55713.41078499952  0.0  1.4034524352465194  25.0
55718.39712999952  0.0  1.4034524352465194  25.0
55723.383474999515  0.0  1.4034524352465194  25.0
55728.36981999951  0.0  1.4034524352465194  25.0
55733.35616499951  0.0  1.4034524352465194  25.0
55738.34250999951  0.0  1.4034524352465194  25.0
55743.328854999505  0.0  1.4034524352465194  25.0
55748.3151999995  0.0  1.4034524352465194  25.0
55753.3015449995  0.0  1.4034524352465194  25.0
55758.2878899995  0.0  1.4034524352465194  25.0
55763.274234999495  0.0  1.4034524352465194  25.0
55768.26057999949  0.0  1.4034524352465194  25.0
55773.24692499949  0.0  1.4034524352465194  25.0
55778.23326999949  0.0  1.4034524352465194  25.0
55783.219614999485  0.0  1.4034524352465194  25.0
55788.20595999948  0.0  1.4034524352465194  25.0
55793.19230499948  0.0  1.4034524352465194  25.0
55798.17864999948  0.0  1.4034524352465194  25.0
55803.164994999475  0.0  1.4034524352465194  25.0
55808.15133999947  0.0  1.4034524352465194  25.0
55813.13768499947  0.0  1.4034524352465194  25.0
55818.12402999947  0.0  1.4034524352465194  25.0
55823.110374999465  0.0  1.4034524352465194  25.0
55828.09671999946  0.0  1.4034524352465194  25.0
55833.08306499946  0.0  1.4034524352465194  25.0
55838.06940999946  0.0  1.4034524352465194  25.0
55843.055754999456  0.0  1.4034524352465194  25.0
55848.04209999945  0.0  1.4034524352465194  25.0
55853.02844499945  0.0  1.4034524352465194  25.0
55858.01478999945  0.0  1.4034524352465194  25.0
55863.001134999446  0.0  1.4034524352465194  25.0
55867.98747999944  0.0  1.4034524352465194  25.0
55872.97382499944  0.0  1.4034524352465194  25.0
55877.96016999944  0.0  1.4034524352465194  25.0
55882.946514999436  0.0  1.4034524352465194  25.0
55887.93285999943  0.0  1.4034524352465194  25.0
55892.91920499943  0.0  1.4034524352465194  25.0
55897.90554999943  0.0  1.4034524352465194  25.0
55902.891894999426  0.0  1.4034524352465194  25.0
55907.87823999942  0.0  1.4034524352465194  25.0
55912.86458499942  0.0  1.4034524352465194  25.0
55917.85092999942  0.0  1.4034524352465194  25.0
55922.837274999416  0.0  1.4034524352465194  25.0
55927.82361999941  0.0  1.4034524352465194  25.0
55932.80996499941  0.0  1.4034524352465194  25.0
55937.79630999941  0.0  1.4034524352465194  25.0
55942.782654999406  0.0  1.4034524352465194  25.0
55947.7689999994  0.0  1.4034524352465194  25.0
55952.7553449994  0.0  1.4034524352465194  25.0
55957.7416899994  0.0  1.4034524352465194  25.0
55962.728034999396  0.0  1.4034524352465194  25.0
55967.714379999394  0.0  1.4034524352465194  25.0
55972.70072499939  0.0  1.4034524352465194  25.0
55977.68706999939  0.0  1.4034524352465194  25.0
55982.673414999386  0.0  1.4034524352465194  25.0
55987.659759999384  0.0  1.4034524352465194  25.0
55992.64610499938  0.0  1.4034524352465194  25.0
55997.63244999938  0.0  1.4034524352465194  25.0
56002.61879499938  0.0  1.4034524352465194  25.0
56007.605139999374  0.0  1.4034524352465194  25.0
56012.59148499937  0.0  1.4034524352465194  25.0
56017.57782999937  0.0  1.4034524352465194  25.0
56022.56417499937  0.0  1.4034524352465194  25.0
56027.550519999364  0.0  1.4034524352465194  25.0
56032.53686499936  0.0  1.4034524352465194  25.0
56037.52320999936  0.0  1.4034524352465194  25.0
56042.50955499936  0.0  1.4034524352465194  25.0
56047.495899999354  0.0  1.4034524352465194  25.0
56052.48224499935  0.0  1.4034524352465194  25.0
56057.46858999935  0.0  1.4034524352465194  25.0
56062.45493499935  0.0  1.4034524352465194  25.0
56067.441279999344  0.0  1.4034524352465194  25.0
56072.42762499934  0.0  1.4034524352465194  25.0
56077.41396999934  0.0  1.4034524352465194  25.0
56082.40031499934  0.0  1.4034524352465194  25.0
56087.386659999334  0.0  1.4034524352465194  25.0
56092.37300499933  0.0  1.4034524352465194  25.0
56097.35934999933  0.0  1.4034524352465194  25.0
56102.34569499933  0.0  1.4034524352465194  25.0
56107.332039999324  0.0  1.4034524352465194  25.0
56112.31838499932  0.0  1.4034524352465194  25.0
56117.30472999932  0.0  1.4034524352465194  25.0
56122.29107499932  0.0  1.4034524352465194  25.0
56127.277419999315  0.0  1.4034524352465194  25.0
56132.26376499931  0.0  1.4034524352465194  25.0
56137.25010999931  0.0  1.4034524352465194  25.0
56142.23645499931  0.0  1.4034524352465194  25.0
56147.222799999305  0.0  1.4034524352465194  25.0
56152.2091449993  0.0  1.4034524352465194  25.0
56157.1954899993  0.0  1.4034524352465194  25.0
56162.1818349993  0.0  1.4034524352465194  25.0
56167.168179999295  0.0  1.4034524352465194  25.0
56172.15452499929  0.0  1.4034524352465194  25.0
56177.14086999929  0.0  1.4034524352465194  25.0
56182.12721499929  0.0  1.4034524352465194  25.0
56187.113559999285  0.0  1.4034524352465194  25.0
56192.09990499928  0.0  1.4034524352465194  25.0
56197.08624999928  0.0  1.4034524352465194  25.0
56202.07259499928  0.0  1.4034524352465194  25.0
56207.058939999275  0.0  1.4034524352465194  25.0
56212.04528499927  0.0  1.4034524352465194  25.0
56217.03162999927  0.0  1.4034524352465194  25.0
56222.01797499927  0.0  1.4034524352465194  25.0
56227.004319999265  0.0  1.4034524352465194  25.0
56231.99066499926  0.0  1.4034524352465194  25.0
56236.97700999926  0.0  1.4034524352465194  25.0
56241.96335499926  0.0  1.4034524352465194  25.0
56246.949699999255  0.0  1.4034524352465194  25.0
56251.93604499925  0.0  1.4034524352465194  25.0
56256.92238999925  0.0  1.4034524352465194  25.0
56261.90873499925  0.0  1.4034524352465194  25.0
56266.895079999245  0.0  1.4034524352465194  25.0
56271.88142499924  0.0  1.4034524352465194  25.0
56276.86776999924  0.0  1.4034524352465194  25.0
56281.85411499924  0.0  1.4034524352465194  25.0
56286.840459999235  0.0  1.4034524352465194  25.0
56291.82680499923  0.0  1.4034524352465194  25.0
56296.81314999923  0.0  1.4034524352465194  25.0
56301.79949499923  0.0  1.4034524352465194  25.0
56306.785839999226  0.0  1.4034524352465194  25.0
56311.77218499922  0.0  1.4034524352465194  25.0
56316.75852999922  0.0  1.4034524352465194  25.0
56321.74487499922  0.0  1.4034524352465194  25.0
56326.731219999216  0.0  1.4034524352465194  25.0
56331.71756499921  0.0  1.4034524352465194  25.0
54950.5  0.12120503381470095  1.3974803099381938  25.0
54973.5  0.8852470616497885  1.267170184597116  25.0
54983.3984375  0.5888919559234219  1.2750024892672254  25.0
54993.3984375  2.265496226618992  1.623834157662293  25.0
54999.3984375  -1.3535214229482442  1.3846548480171947  25.0
55002.3984375  0.24338910571316558  1.4099140912677817  25.0
55014.30078125  1.1839519241350935  1.7536547522904344  25.0
55029.30078125  -4.819319413998536  1.8059352879265569  25.0
55221.69921875  -5.256068949741939  1.8431388751622317  25.0
55230.69921875  0.5512968748332091  1.6735692829806446  25.0
55233.6015625  -0.3570555369460425  2.2176211872939877  25.0
55236.6015625  -0.264242619231543  1.234959847980767  25.0
55239.6015625  1.1577136194586337  1.2273233369221448  25.0
55242.6015625  -0.08263089129861527  1.210581722666091  25.0
55251.6015625  0.1638911339483832  1.3245419143425263  25.0
55266.6015625  -0.2632635811477793  1.67317769575767  25.0
55269.6015625  1.7818510864502033  1.6938354623487786  25.0
55272.6015625  0.07313421254926385  1.2749046391457  25.0
55275.6015625  1.3629201698786881  1.6977515213153966  25.0
55281.5  0.05981928410612861  1.943098749880308  25.0
55305.5  3.4368185758130103  1.704506914438108  25.0
55326.5  -0.747790002647243  1.3412834352301435  25.0
55329.5  -0.8990514916282237  1.4311592386933518  25.0
55332.3984375  0.9466327938517789  1.192567403251152  25.0
55338.3984375  5.596284858915639  2.526116477301148  25.0
55347.3984375  0.7138173367906359  1.5543223836887439  25.0
55350.30078125  0.4529034423754675  1.2718696047465563  25.0
55353.3984375  2.047170570544926  1.4048230838953668  25.0
55359.30078125  0.4474208477800782  2.5639073520028477  25.0
55362.30078125  -1.8542019144745359  1.1791545604956912  25.0
55365.30078125  -0.08380574050044806  1.7171364893791832  25.0
55368.3984375  -1.5960294107254986  1.2748066956557382  25.0
55377.3984375  -1.0702854695601074  1.1568325015227228  25.0
55389.30078125  -0.04787500722960434  1.1415594794054784  25.0
55596.69921875  1.3539131035396552  1.211854521193413  25.0
55602.6015625  2.844891632174663  1.1731824351873654  25.0
55605.69921875  -0.08096652889042791  2.1209900840765044  25.0
55629.6015625  0.48619078390765114  1.3350175728203686  25.0
55635.6015625  0.08439316218360081  1.2908629855873681  25.0
55650.6015625  0.5225131131547602  1.414613511417222  25.0
55653.6015625  -1.1737699093902638  1.4034524352465194  25.0
55662.5  6.8484754783916495  3.224856538901808  25.0
55665.3984375  1.2173371157888024  1.528182022502246  25.0
55674.3984375  1.220078413086497  1.5234826023528059  25.0
55677.3984375  0.00548261866693938  1.3314931010767248  25.0
55710.30078125  0.20657722241101087  1.4035503787364814  25.0
55719.3984375  -0.16046450065521028  1.2216448553468315  25.0
55722.30078125  -0.0014685584933472366  2.4474016566402055  25.0
55737.30078125  2.0428627376184605  1.753850452533485  25.0
55740.30078125  1.7869420938226181  1.5672456023628316  25.0
55743.30078125  1.0101724425170022  1.5804626515068052  25.0
55746.30078125  -0.39337788953526076  1.1466504867778933  25.0
55752.30078125  -0.7090200665196701  1.907657585253328  25.0
55761.30078125  -0.812308666054121  1.7808720250243304  25.0
55970.69921875  -0.0692180602142091  1.6142396171203617  25.0
55977.6015625  4.484194325460378  2.0362053813541476  25.0
55981.6015625  0.06177736027365598  1.199910177208325  25.0
55984.6015625  -0.6919847618463856  1.2760794941830602  25.0
56000.6015625  -0.7929236979903346  1.2289877226724413  25.0
56006.6015625  0.2573893526451972  1.272848666172429  25.0
56014.6015625  0.9481013859905882  1.6874716564490417  25.0
56029.6015625  -0.7763779240299864  1.3161221354695185  25.0
56032.6015625  -2.022890482088649  1.199029059272414  25.0
56036.5  -0.19032518555211186  3.427713659352452  25.0
56040.5  -0.9913749486561142  1.3245419143425263  25.0
56046.5  -2.381218747535686  1.4370335138801522  25.0
56059.30078125  0.23017207991130126  2.3054411111523616  25.0
56062.5  0.15654833664910098  1.2439670076882365  25.0
56065.3984375  -1.2866530961508642  1.2175329094002896  25.0
56088.30078125  0.5464016610722815  1.4309634450818647  25.0
56091.30078125  0.6175778207961271  1.4371313640016776  25.0
56094.30078125  -0.6282493195696749  1.1241326341934375  25.0
56384.5  25.32744478529003  1.8731952953153477  25.0
56387.6015625  23.47392894208741  1.9091260840237008  25.0
56390.6015625  18.52410360913631  1.6455688358007996  25.0
56395.5  14.42819611915456  1.3668364155821795  25.0
56401.5  9.40043876651472  1.6077779610990994  25.0
56416.5  4.605203553992537  1.7002971183700406  25.0
56420.3984375  2.0559819366409084  1.2352534917137796  25.0
56424.5  3.386691676534811  1.3218006170448315  25.0
56427.3984375  2.831772433152215  1.339912786581296  25.0
56443.3984375  3.08299384353549  1.3297307718364664  25.0
56450.3984375  2.2840001701153043  1.4034524352465194  25.0
56460.30078125  2.689028526481549  1.2613938529002775  25.0
56475.30078125  0.8098611058578755  1.118258359006637  25.0
56478.30078125  1.270694749709196  1.247687366411804  25.0
56486.30078125  2.2986857180296503  1.322192204267806  25.0
56489.30078125  2.2065581479816836  1.3917039782413552  25.0
56508.30078125  0.645774154955896  1.3507801256505494  25.0
