56348.79777996189    3.660644138118253     0.6731285982962382     25    
56349.29777996189    4.25961856227647      0.6656319166490751     25    
56349.79777996189    4.902680530617051     0.6647243562974986     25    
56350.29777996189    5.5890894677999965    0.7140546306050753     25    
56350.79777996189    6.319088774522946     0.8151877056097924     25    
56351.29777996189    7.0920434118323845    0.8956787663772211     25    
56351.79777996189    7.907630954628174     0.9182169362767338     25    
56352.29777996189    8.765906798073738     0.9130317637450737     25    
56352.79777996189    9.666069155724937     0.910906768634261      25    
56353.29777996189    10.608302327902983    0.9135013909908929     25    
56353.79777996189    11.592106362229032    0.9157407677308241     25    
56354.29777996189    12.616992086112326    0.9175042039376523     25    
56354.79777996189    13.683137316924608    0.9188638790431198     25    
56355.29777996189    14.789738157494009    0.9199224642668552     25    
56355.79777996189    15.93686070738885     0.9205642104891097     25    
56356.29777996189    17.124169650993256    0.9211083232734858     25    
56356.79777996189    18.351747818944247    0.9230460543011049     25    
56357.29777996189    19.620326988270804    0.9269933595864253     25    
56357.79777996189    20.92336500604975     0.9245571987576147     25    
56358.29777996189    22.27140852642589     0.906432526067398      25    
56358.79777996189    23.645204866431737    0.8833675700521271     25    
56359.29777996189    25.003891943664705    0.8760274467731961     25    
56359.79777996189    26.36486120972317     0.8851948834149119     25    
56360.29777996189    27.676143347676863    0.8972185371970759     25    
56360.79777996189    28.911638454367104    0.9048715761554149     25    
56361.29777996189    30.077023821700184    0.9116346519779184     25    
56361.79777996189    31.116211382061483    0.9162252032012772     25    
56362.29777996189    32.02299073054765     0.9175130405517687     25    
56362.79777996189    32.81756834078022     0.9186880460555606     25    
56363.29777996189    33.50252996188712     0.9227460435016781     25    
56363.79777996189    34.07739893072344     0.9284804704445759     25    
56364.29777996189    34.589194343060065    0.9350821087739787     25    
56364.79777996189    35.03501479479787     0.9438900716803429     25    
56365.29777996189    35.43165144644045     0.9518350592490129     25    
56365.79777996189    35.816285845707334    0.9551420921488696     25    
56366.29777996189    36.179983860902134    0.9552016529256846     25    
56366.79777996189    36.517184057389144    0.9484999129329919     25    
56367.29777996189    36.83440403497856     0.9278446097511086     25    
56367.79777996189    37.1200578732392      0.9024609664510717     25    
56368.29777996189    37.35027344017369     0.8922146815892161     25    
56368.79777996189    37.53263719410238     0.8981031911810923     25    
56369.29777996189    37.64809039161975     0.905386427071477      25    
56369.79777996189    37.68142038201769     0.905449765032495      25    
56370.29777996189    37.64092062250242     0.9030285709752909     25    
56370.79777996189    37.529222155500115    0.8999988085379167     25    
56371.29777996189    37.34112874421447     0.8955472512863112     25    
56371.79777996189    37.09171752853462     0.8919254696889071     25    
56372.29777996189    36.79229162421926     0.8924613869841941     25    
56372.79777996189    36.438864402896016    0.8957952593567932     25    
56373.29777996189    36.050082700777864    0.897096168281779      25    
56373.79777996189    35.62771941797714     0.9030585917244941     25    
56374.29777996189    35.1719979342047      0.8983539920280813     25    
56374.79777996189    34.68879299018425     0.8527551217281638     25    
56375.29777996189    34.17675929696692     0.7612713524318652     25    
56375.79777996189    33.63376954251177     0.6838252722165716     25    
56376.29777996189    33.05939515796462     0.6690465273088997     25    
56376.79777996189    32.453688828424035    0.6823411439345979     25    
56377.29777996189    31.814700962480302    0.684170145060179      25    
56377.79777996189    31.139978805863755    0.679368099108722      25    
56378.29777996189    30.442299923253174    0.67303806434721       25    
56378.79777996189    29.723817625530884    0.6645402513193656     25    
56379.29777996189    28.987280247561316    0.6548744426656903     25    
56379.79777996189    28.257025292622473    0.649208060745753      25    
56380.29777996189    27.527032723771395    0.6491041828510745     25    
56380.79777996189    26.81308414689433     0.6497069392319186     25    
56381.29777996189    26.131452622561643    0.6485400455724094     25    
56381.79777996189    25.476009375788703    0.6463520370680869     25    
56382.29777996189    24.856391030500312    0.635473984124751      25    
56382.79777996189    24.275150409275287    0.6075119087021463     25    
56383.29777996189    23.728689171271363    0.576881137267796      25    
56383.79777996189    23.215422400958058    0.5652778376917682     25    
56384.29777996189    22.736012725411666    0.5693696019312734     25    
56384.79777996189    22.287910893462715    0.5735933544443068     25    
56385.29777996189    21.871350249290323    0.5726543725634066     25    
56385.79777996189    21.484952197360258    0.5702338624501182     25    
56386.29777996189    21.125124930964542    0.5656914038787524     25    
56386.79777996189    20.79342694673856     0.5580287908571249     25    
56387.29777996189    20.485026346569683    0.5522105968936272     25    
56387.79777996189    20.198049855623907    0.5526322395252563     25    
56388.29777996189    19.93254805832236     0.5561996695422808     25    
56388.79777996189    19.682928579485438    0.5580061613159304     25    
56389.29777996189    19.45064471598961     0.5582291141590784     25    
56389.79777996189    19.231904395974652    0.5569559570526889     25    
56390.29777996189    19.023579590527582    0.5552161047278846     25    
56390.79777996189    18.826720301596243    0.5522598626311855     25    
56391.29777996189    18.635698778291964    0.5386111618074152     25    
56391.79777996189    18.451239077379924    0.5039645804117519     25    
56392.29777996189    18.2706888970007      0.46509815534393145    25    
56392.79777996189    18.08980836379341     0.4490202421128912     25    
56393.29777996189    17.91012532722474     0.45214478290871135    25    
56393.79777996189    17.727551120310437    0.4550826884725075     25    
56394.29777996189    17.54135876488542     0.4495479239132873     25    
56394.79777996189    17.351206322209336    0.4432042787606998     25    
56395.29777996189    17.154519304913645    0.4424278095004455     25    
56395.79777996189    16.952175520504003    0.4473664640913168     25    
56396.29777996189    16.74188295634409     0.4521334280623942     25    
56396.79777996189    16.521893902917384    0.4540665381025105     25    
56397.29777996189    16.29329100843572     0.4543646796242126     25    
56397.79777996189    16.056594660164       0.4502311347934113     25    
56398.29777996189    15.810395709457563    0.4352613749333339     25    
56398.79777996189    15.559086160819811    0.42958572222539065    25    
56399.29777996189    15.305512519512709    0.45805720363336755    25    
56399.79777996189    15.048764702634587    0.5047127266638625     25    
56400.29777996189    14.794582635706838    0.5330801378268432     25    
56400.79777996189    14.543299360993576    0.5376808124185537     25    
56401.29777996189    14.29510553155844     0.5334320931248001     25    
56401.79777996189    14.052170542173615    0.5289800627530663     25    
56402.29777996189    13.81414187084988     0.5213574208564606     25    
56402.79777996189    13.577267539463412    0.5157430803078173     25    
56403.29777996189    13.341487934926679    0.5149583550439851     25    
56403.79777996189    13.105635405807973    0.5163351712785552     25    
56404.29777996189    12.865941431873708    0.5180863165059886     25    
56404.79777996189    12.62310773946163     0.5211683166420807     25    
56405.29777996189    12.376872624155384    0.5221290564914219     25    
56405.79777996189    12.125620196896595    0.5253858173626885     25    
56406.29777996189    11.871147201894718    0.5237347258634228     25    
56406.79777996189    11.61816127083889     0.486550243053772      25    
56407.29777996189    11.36522561986866     0.3841133634899202     25    
56407.79777996189    11.116152043350173    0.25281179703483825    25    
56408.29777996189    10.874202441828809    0.1946192481233792     25    
56408.79777996189    10.63817321981237     0.21367436309007543    25    
56409.29777996189    10.411169429902523    0.22591310686434102    25    
56409.79777996189    10.194051541918673    0.22012684679430217    25    
56410.29777996189    9.98527870187989      0.21405926612493648    25    
56410.79777996189    9.783998262357247     0.2111201507517051     25    
56411.29777996189    9.59057842910374      0.21048047013431806    25    
56411.79777996189    9.403274572437017     0.2112073593442293     25    
56412.29777996189    9.221815756045915     0.214321784091684      25    
56412.79777996189    9.04606893281516      0.21767848452098676    25    
56413.29777996189    8.874958068103327     0.21708943073090872    25    
56413.79777996189    8.708597565684542     0.21272761206770108    25    
56414.29777996189    8.547432566872699     0.20762039875741795    25    
56414.79777996189    8.391517022136043     0.2013740982747679     25    
56415.29777996189    8.240926290715624     0.19562961754755284    25    
56415.79777996189    8.096206646584562     0.19932351160471168    25    
56416.29777996189    7.957307067420278     0.21505074464368285    25    
56416.79777996189    7.824279048649478     0.22943813696525006    25    
56417.29777996189    7.69739008174928      0.2335813399168174     25    
56417.79777996189    7.576474069951688     0.232391318956482      25    
56418.29777996189    7.460723305355223     0.23066083856019137    25    
56418.79777996189    7.350309500534287     0.2287485422939124     25    
56419.29777996189    7.24472069933505      0.22635143018790282    25    
56419.79777996189    7.143311191194731     0.22406329819827434    25    
56420.29777996189    7.046330381786577     0.2216629547249853     25    
56420.79777996189    6.952878026768716     0.21976806415676733    25    
56421.29777996189    6.862936687477883     0.21864644569981442    25    
56421.79777996189    6.7762281494989445    0.21806608074454523    25    
56422.29777996189    6.6919659111051875    0.21795257927609277    25    
56422.79777996189    6.610438216911654     0.21841051420001417    25    
56423.29777996189    6.530841226378342     0.2189196147293511     25    
56423.79777996189    6.452928975282834     0.21882655149019317    25    
56424.29777996189    6.376654202203019     0.21878980844860108    25    
56424.79777996189    6.30112671930872      0.21993238095752826    25    
56425.29777996189    6.226605642008631     0.22095077203563748    25    
56425.79777996189    6.152423066058959     0.22595464738330617    25    
56426.29777996189    6.078121840491419     0.23543427621982793    25    