#Date  :
#Flux  :
#Fluxerr  :
#ZP  :
#end  :
@INSTRUMENT  PS
@BAND  PS_z
@MAGSYS  AB
54892.1477625  0.0  2.0871879174298322  25.0
54897.134107499995  0.0  2.0871879174298322  25.0
54902.12045249999  0.0  2.0871879174298322  25.0
54907.10679749999  0.0  2.0871879174298322  25.0
54912.09314249999  0.0  2.0871879174298322  25.0
54917.079487499985  0.0  2.0871879174298322  25.0
54922.06583249998  0.0  2.0871879174298322  25.0
54927.05217749998  0.0  2.0871879174298322  25.0
54932.03852249998  0.0  2.0871879174298322  25.0
54937.024867499975  0.0  2.0871879174298322  25.0
54942.01121249997  0.0  2.0871879174298322  25.0
54946.99755749997  0.0  2.0871879174298322  25.0
54951.98390249997  0.0  2.0871879174298322  25.0
54956.970247499965  0.0  2.0871879174298322  25.0
54961.95659249996  0.0  2.0871879174298322  25.0
54966.94293749996  0.0  2.0871879174298322  25.0
54971.92928249996  0.0  2.0871879174298322  25.0
54976.915627499955  0.0  2.0871879174298322  25.0
54981.90197249995  0.0  2.0871879174298322  25.0
54986.88831749995  0.0  2.0871879174298322  25.0
54991.87466249995  0.0  2.0871879174298322  25.0
54996.861007499945  0.0  2.0871879174298322  25.0
55001.84735249994  0.0  2.0871879174298322  25.0
55006.83369749994  0.0  2.0871879174298322  25.0
55011.82004249994  0.0  2.0871879174298322  25.0
55016.806387499935  0.0  2.0871879174298322  25.0
55021.79273249993  0.0  2.0871879174298322  25.0
55026.77907749993  0.0  2.0871879174298322  25.0
55031.76542249993  0.0  2.0871879174298322  25.0
55036.751767499925  0.0  2.0871879174298322  25.0
55041.73811249992  0.0  2.0871879174298322  25.0
55046.72445749992  0.0  2.0871879174298322  25.0
55051.71080249992  0.0  2.0871879174298322  25.0
55056.697147499915  0.0  2.0871879174298322  25.0
55061.68349249991  0.0  2.0871879174298322  25.0
55066.66983749991  0.0  2.0871879174298322  25.0
55071.65618249991  0.0  2.0871879174298322  25.0
55076.642527499906  0.0  2.0871879174298322  25.0
55081.6288724999  0.0  2.0871879174298322  25.0
55086.6152174999  0.0  2.0871879174298322  25.0
55091.6015624999  0.0  2.0871879174298322  25.0
55096.587907499896  0.0  2.0871879174298322  25.0
55101.57425249989  0.0  2.0871879174298322  25.0
55106.56059749989  0.0  2.0871879174298322  25.0
55111.54694249989  0.0  2.0871879174298322  25.0
55116.533287499886  0.0  2.0871879174298322  25.0
55121.51963249988  0.0  2.0871879174298322  25.0
55126.50597749988  0.0  2.0871879174298322  25.0
55131.49232249988  0.0  2.0871879174298322  25.0
55136.478667499876  0.0  2.0871879174298322  25.0
55141.46501249987  0.0  2.0871879174298322  25.0
55146.45135749987  0.0  2.0871879174298322  25.0
55151.43770249987  0.0  2.0871879174298322  25.0
55156.424047499866  0.0  2.0871879174298322  25.0
55161.41039249986  0.0  2.0871879174298322  25.0
55166.39673749986  0.0  2.0871879174298322  25.0
55171.38308249986  0.0  2.0871879174298322  25.0
55091.6015625  -0.9553185427241465  2.084045785710191  25.0
55094.6015625  -9.521371179703047  7.931530066819826  25.0
55097.6015625  -10.438394184414323  2.6795854706899718  25.0
55103.5  -2.1777216528028176  1.6515060799783727  25.0
55172.30078125  -3.6589613515269903  2.179096347135664  25.0
55181.30078125  5.604063934237921  1.8811792962335643  25.0
55184.30078125  7.3883265308535755  2.8703743152834544  25.0
55187.30078125  31.493205843922716  2.3621279077274884  25.0
55199.19921875  78.06795472207678  2.306059856905197  25.0
55200.30078125  71.50631617318918  2.015408833433222  25.0
55202.30078125  65.29149315194479  1.7261326915821493  25.0
55205.30078125  60.07057338419628  2.775520031740927  25.0
55211.19921875  45.55609663175361  3.4996923376475064  25.0
55214.19921875  39.124657742959414  1.76197307046569  25.0
55406.6015625  -1.0605812663485243  2.08492941075956  25.0
55407.6015625  -3.1122233153632632  2.296829739629219  25.0
55424.6015625  1.027588508716178  1.7794513537387475  25.0
55427.6015625  -0.023369906081547837  1.6632891207490417  25.0
55439.6015625  -0.38432693738661594  1.6784109456984107  25.0
55442.6015625  -0.5598958180892567  1.6522915660862691  25.0
55445.6015625  -1.5843421482637794  1.7816115341794905  25.0
55448.6015625  -0.5260192481194849  1.727605524856469  25.0
55451.6015625  0.36557209872218477  2.580508965207432  25.0
55454.6015625  1.0878789687665384  1.814997128509813  25.0
55457.6015625  -1.8474007715612373  2.253722958739441  25.0
55466.5  -1.6797856400312572  2.3901128636678974  25.0
55472.6015625  -3.55517155482096  2.5160944221585315  25.0
55475.6015625  1.6969693191918396  2.1203770465891525  25.0
55478.6015625  1.8207905099536745  2.0463396432103265  25.0
55481.6015625  5.659248360010843  3.082667199919005  25.0
55484.6015625  0.2055176923788328  2.061657746042641  25.0
55487.30078125  -0.45689146066910863  2.678308915298598  25.0
55499.5  1.7354609477996004  1.7147422065773723  25.0
55502.3984375  0.11125253512273112  1.6008384802579385  25.0
55508.5  -1.6294126444232981  1.7635440426814826  25.0
55511.5  -0.3259021707195584  1.7851465962411361  25.0
55535.30078125  -1.2068887293634105  1.8961044687238746  25.0
55568.30078125  -1.1584796363132484  1.8570238191792197  25.0
55586.30078125  -0.11439470195888299  3.6589613515269903  25.0
55589.30078125  1.846909889565816  2.2778784357937853  25.0
55799.6015625  2.015703437545697  2.5014636664926404  25.0
55808.6015625  -0.21730085020453696  1.8094983511784266  25.0
55811.5  -1.4697510747779223  1.6397228519196476  25.0
55823.6015625  -0.8151972978510983  1.787012172569404  25.0
55827.6015625  0.011193988375234236  3.2505771228495166  25.0
55832.5  -1.0359349072987587  6.989172981316249  25.0
55835.5  6.1413753879546675  2.7768947260737735  25.0
55838.5  -3.7102179721843185  18.09792955290902  25.0
55842.5  4.434390465378954  3.7520480103946667  25.0
55851.6015625  -0.519145776455252  2.2534283546269656  25.0
55854.6015625  -2.4215345554404233  3.2362409712961004  25.0
55857.5  4.588062188409466  2.5267973727088293  25.0
55862.3984375  -0.2377249639032829  2.3702779347830947  25.0
55870.30078125  -4.582072716370715  5.739963144459012  25.0
55878.5  -0.4071076732860999  1.8952208436745053  25.0
55880.3984375  -1.787110498798933  2.400128654339828  25.0
55889.30078125  -1.3769587390906368  1.5553752410444717  25.0
55891.3984375  0.18735201511733787  1.6553355588644374  25.0
55894.30078125  3.5713730954145877  3.045255848819672  25.0
55897.19921875  -0.5680457983228492  2.0879734035377284  25.0
55905.19921875  -8.991031336592007  5.847484093821579  25.0
55910.3984375  -0.258541844066984  2.736930076903637  25.0
55919.30078125  4.878124190944547  3.242230817910964  25.0
55921.30078125  4.368895832109683  2.4225165067193215  25.0
56144.6015625  0.44559930189386077  2.162796293024451  25.0
56155.6015625  0.7754291606739778  1.9356761875520068  25.0
56157.6015625  1.3286478786259757  2.2992845241824367  25.0
56160.6015625  0.9094624668127035  1.7499935645240188  25.0
56163.6015625  2.1539591060904772  1.90170157228479  25.0
56165.6015625  1.718670011692966  1.8202996279582535  25.0
56170.6015625  0.22250507024546223  2.0303341932115884  25.0
56196.6015625  -2.724852432020493  1.8249145929522144  25.0
56205.6015625  0.26924488826130966  1.7994827477945525  25.0
56208.6015625  -0.6773344660042939  1.9109316895607682  25.0
56211.5  0.4277281819228269  1.9932172589366741  25.0
56214.5  0.18018393934062976  2.336008715403403  25.0
56216.6015625  0.34799555945261906  2.4764243771008703  25.0
56219.5  0.3292407207881879  1.6950054166340427  25.0
56222.5  1.812640482898068  1.8347339184531428  25.0
56224.5  -5.562233896027573  3.082372783094586  25.0
56226.5  -0.6936345201155072  2.0949450141434345  25.0
56232.5  -1.9455936519944081  2.1193950953102543  25.0
56234.3984375  0.04045546678528843  1.798402657574181  25.0
56237.5  -0.06971694300056072  2.277191088627362  25.0
56251.3984375  -0.009230130444669471  3.7655005368987133  25.0
56262.30078125  -7.833042769562236  4.076673649133858  25.0
56270.30078125  3.706977514235148  2.059497565601898  25.0
56273.3984375  1.4166286905042702  2.6326493982021857  25.0
56275.30078125  4.314987961728134  5.723564951406327  25.0
56289.30078125  1.760107306849366  1.748815148074118  25.0
56292.30078125  -0.7227977988617889  1.9122082449521418  25.0
56294.30078125  1.377253343203112  4.377143998106762  25.0
56300.19921875  0.38216668671285203  1.9852636970520696  25.0
56303.30078125  0.9865438629696981  2.35908391494932  25.0
56308.30078125  -0.6521971313150791  2.0871879174298322  25.0
56315.30078125  -0.1231338670064188  2.566958299761912  25.0
56327.19921875  2.391291280117798  3.4604154102199054  25.0
56335.19921875  0.007560851752384898  2.0331817208187544  25.0
56498.6015625  -0.32766963151736017  1.8651738462348262  25.0
56506.6015625  -0.23654664109741036  1.7009952632489063  25.0
56511.6015625  -0.299684675576951  1.7840665060207648  25.0
56517.6015625  1.0680439462377078  1.7109127276913076  25.0
56519.6015625  -0.33601603009994085  1.7079668738546123  25.0
56521.6015625  -0.9718149683623337  1.7730687640699359  25.0
56525.6015625  -1.7021734924107508  1.746458502462373  25.0
56536.6015625  -0.1226429030724731  1.6055517714814287  25.0
56544.5  2.299480802065383  2.0975962638676546  25.0
56549.6015625  -1.331790010345617  1.5968125362008718  25.0
56554.5  -0.2765111498015048  2.1341239899176188  25.0
56562.6015625  -4.864966081264919  2.2274073012443534  25.0
56568.6015625  5.192144830786858  3.7901468959484794  25.0
56573.5  3.283569786837835  2.693234275076965  25.0
56589.5  0.09446155219408278  1.5996602510960942  25.0
56592.5  -0.7476405762605427  2.08640224403388  25.0
56595.5  -1.4885059134423535  2.0376987341592985  25.0
56600.3984375  -2.0610685378176905  2.8452368869502114  25.0
56608.3984375  5.509504442095925  2.2781730399062607  25.0
56618.5  -1.3452424432056358  2.2892687335105064  25.0
56621.3984375  0.6344241971075323  1.9458882561068833  25.0
56624.30078125  1.7461640856379543  2.04143007410389  25.0
56629.30078125  1.594554216818656  1.8482845838986628  25.0
56632.19921875  3.5114757529942877  2.012070236542578  25.0
56643.30078125  1.064312606293116  2.057435336814572  25.0
56648.3984375  0.9672980486658177  2.511970339159992  25.0
56651.3984375  4.346507792442132  2.373321927561263  25.0
56662.30078125  1.5530185954327267  1.7326134201924341  25.0
56673.19921875  0.3939498445385562  3.4792682005377533  25.0
