#Date  :
#Flux  :
#Fluxerr  :
#ZP  :
#end  :
@INSTRUMENT  UVOT
@BAND  UVOT_uvw1
@MAGSYS AB
56395.943  0.0  12.888313160287343  25.0
56400.929345  0.0  12.888313160287343  25.0
56405.915689999994  0.0  12.888313160287343  25.0
56410.90203499999  0.0  12.888313160287343  25.0
56415.88837999999  0.0  12.888313160287343  25.0
56420.87472499999  0.0  12.888313160287343  25.0
56425.861069999984  0.0  12.888313160287343  25.0
56430.84741499998  0.0  12.888313160287343  25.0
56435.83375999998  0.0  12.888313160287343  25.0
56440.82010499998  0.0  12.888313160287343  25.0
56445.806449999975  0.0  12.888313160287343  25.0
56450.79279499997  0.0  12.888313160287343  25.0
56455.77913999997  0.0  12.888313160287343  25.0
56460.76548499997  0.0  12.888313160287343  25.0
56465.751829999965  0.0  12.888313160287343  25.0
56470.73817499996  0.0  12.888313160287343  25.0
56475.72451999996  0.0  12.888313160287343  25.0
56480.71086499996  0.0  12.888313160287343  25.0
56485.697209999955  0.0  12.888313160287343  25.0
56490.68355499995  0.0  12.888313160287343  25.0
56495.66989999995  0.0  12.888313160287343  25.0
56500.65624499995  0.0  12.888313160287343  25.0
56505.642589999945  0.0  12.888313160287343  25.0
56510.62893499994  0.0  12.888313160287343  25.0
56515.61527999994  0.0  12.888313160287343  25.0
56520.60162499994  0.0  12.888313160287343  25.0
56525.587969999935  0.0  12.888313160287343  25.0
56530.57431499993  0.0  12.888313160287343  25.0
56535.56065999993  0.0  12.888313160287343  25.0
56540.54700499993  0.0  12.888313160287343  25.0
56545.533349999925  0.0  12.888313160287343  25.0
56550.51969499992  0.0  12.888313160287343  25.0
56555.50603999992  0.0  12.888313160287343  25.0
56560.49238499992  0.0  12.888313160287343  25.0
56565.478729999915  0.0  12.888313160287343  25.0
56570.46507499991  0.0  12.888313160287343  25.0
56595.3968  156.23791871858532  14.466473955424568  25.0
56602.7963  119.94022043042915  12.888313160287343  25.0
56610.7721  77.32987896172405  11.04712556596058  25.0
56613.0743  58.128922620887806  10.258045168391966  25.0
56616.0146  31.037162304365435  12.888313160287343  25.0
