#Date  :
#Flux  :
#Fluxerr  :
#ZP  :
#end  :
@INSTRUMENT  PS
@BAND  PS_z
@MAGSYS  AB
54961.1477625  0.0  1.5240026187426825  25.0
54966.134107499995  0.0  1.5240026187426825  25.0
54971.12045249999  0.0  1.5240026187426825  25.0
54976.10679749999  0.0  1.5240026187426825  25.0
54981.09314249999  0.0  1.5240026187426825  25.0
54986.079487499985  0.0  1.5240026187426825  25.0
54991.06583249998  0.0  1.5240026187426825  25.0
54996.05217749998  0.0  1.5240026187426825  25.0
55001.03852249998  0.0  1.5240026187426825  25.0
55006.024867499975  0.0  1.5240026187426825  25.0
55011.01121249997  0.0  1.5240026187426825  25.0
55015.99755749997  0.0  1.5240026187426825  25.0
55020.98390249997  0.0  1.5240026187426825  25.0
55025.970247499965  0.0  1.5240026187426825  25.0
55030.95659249996  0.0  1.5240026187426825  25.0
55035.94293749996  0.0  1.5240026187426825  25.0
55040.92928249996  0.0  1.5240026187426825  25.0
55045.915627499955  0.0  1.5240026187426825  25.0
55050.90197249995  0.0  1.5240026187426825  25.0
55055.88831749995  0.0  1.5240026187426825  25.0
55060.87466249995  0.0  1.5240026187426825  25.0
55065.861007499945  0.0  1.5240026187426825  25.0
55070.84735249994  0.0  1.5240026187426825  25.0
55075.83369749994  0.0  1.5240026187426825  25.0
55080.82004249994  0.0  1.5240026187426825  25.0
55085.806387499935  0.0  1.5240026187426825  25.0
55090.79273249993  0.0  1.5240026187426825  25.0
55095.77907749993  0.0  1.5240026187426825  25.0
55100.76542249993  0.0  1.5240026187426825  25.0
55105.751767499925  0.0  1.5240026187426825  25.0
55110.73811249992  0.0  1.5240026187426825  25.0
55115.72445749992  0.0  1.5240026187426825  25.0
55120.71080249992  0.0  1.5240026187426825  25.0
55125.697147499915  0.0  1.5240026187426825  25.0
55130.68349249991  0.0  1.5240026187426825  25.0
55135.66983749991  0.0  1.5240026187426825  25.0
55140.65618249991  0.0  1.5240026187426825  25.0
55145.642527499906  0.0  1.5240026187426825  25.0
55150.6288724999  0.0  1.5240026187426825  25.0
55155.6152174999  0.0  1.5240026187426825  25.0
55160.6015624999  0.0  1.5240026187426825  25.0
55165.587907499896  0.0  1.5240026187426825  25.0
55170.57425249989  0.0  1.5240026187426825  25.0
55175.56059749989  0.0  1.5240026187426825  25.0
55180.54694249989  0.0  1.5240026187426825  25.0
55185.533287499886  0.0  1.5240026187426825  25.0
55190.51963249988  0.0  1.5240026187426825  25.0
55195.50597749988  0.0  1.5240026187426825  25.0
55200.49232249988  0.0  1.5240026187426825  25.0
55205.478667499876  0.0  1.5240026187426825  25.0
55210.46501249987  0.0  1.5240026187426825  25.0
55215.45135749987  0.0  1.5240026187426825  25.0
55220.43770249987  0.0  1.5240026187426825  25.0
55225.424047499866  0.0  1.5240026187426825  25.0
55230.41039249986  0.0  1.5240026187426825  25.0
55235.39673749986  0.0  1.5240026187426825  25.0
55240.38308249986  0.0  1.5240026187426825  25.0
55245.369427499856  0.0  1.5240026187426825  25.0
55250.35577249985  0.0  1.5240026187426825  25.0
55255.34211749985  0.0  1.5240026187426825  25.0
55260.32846249985  0.0  1.5240026187426825  25.0
55265.314807499846  0.0  1.5240026187426825  25.0
55270.301152499844  0.0  1.5240026187426825  25.0
55275.28749749984  0.0  1.5240026187426825  25.0
55280.27384249984  0.0  1.5240026187426825  25.0
55285.260187499836  0.0  1.5240026187426825  25.0
55290.246532499834  0.0  1.5240026187426825  25.0
55295.23287749983  0.0  1.5240026187426825  25.0
55300.21922249983  0.0  1.5240026187426825  25.0
55305.20556749983  0.0  1.5240026187426825  25.0
55310.191912499824  0.0  1.5240026187426825  25.0
55315.17825749982  0.0  1.5240026187426825  25.0
55320.16460249982  0.0  1.5240026187426825  25.0
55325.15094749982  0.0  1.5240026187426825  25.0
55330.137292499814  0.0  1.5240026187426825  25.0
55335.12363749981  0.0  1.5240026187426825  25.0
55340.10998249981  0.0  1.5240026187426825  25.0
55345.09632749981  0.0  1.5240026187426825  25.0
55350.082672499804  0.0  1.5240026187426825  25.0
55355.0690174998  0.0  1.5240026187426825  25.0
55360.0553624998  0.0  1.5240026187426825  25.0
55365.0417074998  0.0  1.5240026187426825  25.0
55370.028052499794  0.0  1.5240026187426825  25.0
55375.01439749979  0.0  1.5240026187426825  25.0
55380.00074249979  0.0  1.5240026187426825  25.0
55384.98708749979  0.0  1.5240026187426825  25.0
55389.973432499784  0.0  1.5240026187426825  25.0
55394.95977749978  0.0  1.5240026187426825  25.0
55399.94612249978  0.0  1.5240026187426825  25.0
55404.93246749978  0.0  1.5240026187426825  25.0
55409.918812499775  0.0  1.5240026187426825  25.0
55414.90515749977  0.0  1.5240026187426825  25.0
55419.89150249977  0.0  1.5240026187426825  25.0
55424.87784749977  0.0  1.5240026187426825  25.0
55429.864192499765  0.0  1.5240026187426825  25.0
55434.85053749976  0.0  1.5240026187426825  25.0
55439.83688249976  0.0  1.5240026187426825  25.0
55444.82322749976  0.0  1.5240026187426825  25.0
55449.809572499755  0.0  1.5240026187426825  25.0
55454.79591749975  0.0  1.5240026187426825  25.0
55459.78226249975  0.0  1.5240026187426825  25.0
55464.76860749975  0.0  1.5240026187426825  25.0
55469.754952499745  0.0  1.5240026187426825  25.0
55474.74129749974  0.0  1.5240026187426825  25.0
55479.72764249974  0.0  1.5240026187426825  25.0
55484.71398749974  0.0  1.5240026187426825  25.0
55489.700332499735  0.0  1.5240026187426825  25.0
55494.68667749973  0.0  1.5240026187426825  25.0
55499.67302249973  0.0  1.5240026187426825  25.0
55504.65936749973  0.0  1.5240026187426825  25.0
55509.645712499725  0.0  1.5240026187426825  25.0
55514.63205749972  0.0  1.5240026187426825  25.0
55519.61840249972  0.0  1.5240026187426825  25.0
55524.60474749972  0.0  1.5240026187426825  25.0
55529.591092499715  0.0  1.5240026187426825  25.0
55534.57743749971  0.0  1.5240026187426825  25.0
55539.56378249971  0.0  1.5240026187426825  25.0
55544.55012749971  0.0  1.5240026187426825  25.0
55549.536472499705  0.0  1.5240026187426825  25.0
55554.5228174997  0.0  1.5240026187426825  25.0
55559.5091624997  0.0  1.5240026187426825  25.0
55564.4955074997  0.0  1.5240026187426825  25.0
55569.481852499695  0.0  1.5240026187426825  25.0
55574.46819749969  0.0  1.5240026187426825  25.0
55579.45454249969  0.0  1.5240026187426825  25.0
55584.44088749969  0.0  1.5240026187426825  25.0
55589.427232499685  0.0  1.5240026187426825  25.0
55594.41357749968  0.0  1.5240026187426825  25.0
55599.39992249968  0.0  1.5240026187426825  25.0
55604.38626749968  0.0  1.5240026187426825  25.0
55609.372612499676  0.0  1.5240026187426825  25.0
55614.35895749967  0.0  1.5240026187426825  25.0
55619.34530249967  0.0  1.5240026187426825  25.0
55624.33164749967  0.0  1.5240026187426825  25.0
55629.317992499666  0.0  1.5240026187426825  25.0
55634.30433749966  0.0  1.5240026187426825  25.0
55639.29068249966  0.0  1.5240026187426825  25.0
55644.27702749966  0.0  1.5240026187426825  25.0
55649.263372499656  0.0  1.5240026187426825  25.0
55654.24971749965  0.0  1.5240026187426825  25.0
55659.23606249965  0.0  1.5240026187426825  25.0
55664.22240749965  0.0  1.5240026187426825  25.0
55669.208752499646  0.0  1.5240026187426825  25.0
55674.19509749964  0.0  1.5240026187426825  25.0
55679.18144249964  0.0  1.5240026187426825  25.0
55684.16778749964  0.0  1.5240026187426825  25.0
55689.154132499636  0.0  1.5240026187426825  25.0
55694.14047749963  0.0  1.5240026187426825  25.0
55699.12682249963  0.0  1.5240026187426825  25.0
55704.11316749963  0.0  1.5240026187426825  25.0
55709.099512499626  0.0  1.5240026187426825  25.0
55714.085857499624  0.0  1.5240026187426825  25.0
55719.07220249962  0.0  1.5240026187426825  25.0
55724.05854749962  0.0  1.5240026187426825  25.0
55729.044892499616  0.0  1.5240026187426825  25.0
55734.031237499614  0.0  1.5240026187426825  25.0
55739.01758249961  0.0  1.5240026187426825  25.0
55744.00392749961  0.0  1.5240026187426825  25.0
55748.99027249961  0.0  1.5240026187426825  25.0
55753.976617499604  0.0  1.5240026187426825  25.0
55758.9629624996  0.0  1.5240026187426825  25.0
55763.9493074996  0.0  1.5240026187426825  25.0
55768.9356524996  0.0  1.5240026187426825  25.0
55773.921997499594  0.0  1.5240026187426825  25.0
55778.90834249959  0.0  1.5240026187426825  25.0
55783.89468749959  0.0  1.5240026187426825  25.0
55788.88103249959  0.0  1.5240026187426825  25.0
55793.867377499584  0.0  1.5240026187426825  25.0
55798.85372249958  0.0  1.5240026187426825  25.0
55803.84006749958  0.0  1.5240026187426825  25.0
55808.82641249958  0.0  1.5240026187426825  25.0
55813.812757499574  0.0  1.5240026187426825  25.0
55818.79910249957  0.0  1.5240026187426825  25.0
55823.78544749957  0.0  1.5240026187426825  25.0
55828.77179249957  0.0  1.5240026187426825  25.0
55833.758137499564  0.0  1.5240026187426825  25.0
55838.74448249956  0.0  1.5240026187426825  25.0
55843.73082749956  0.0  1.5240026187426825  25.0
55848.71717249956  0.0  1.5240026187426825  25.0
55853.703517499554  0.0  1.5240026187426825  25.0
55858.68986249955  0.0  1.5240026187426825  25.0
55863.67620749955  0.0  1.5240026187426825  25.0
55868.66255249955  0.0  1.5240026187426825  25.0
55873.648897499545  0.0  1.5240026187426825  25.0
55878.63524249954  0.0  1.5240026187426825  25.0
55883.62158749954  0.0  1.5240026187426825  25.0
55888.60793249954  0.0  1.5240026187426825  25.0
55893.594277499535  0.0  1.5240026187426825  25.0
55898.58062249953  0.0  1.5240026187426825  25.0
55903.56696749953  0.0  1.5240026187426825  25.0
55908.55331249953  0.0  1.5240026187426825  25.0
55913.539657499525  0.0  1.5240026187426825  25.0
55918.52600249952  0.0  1.5240026187426825  25.0
55923.51234749952  0.0  1.5240026187426825  25.0
55928.49869249952  0.0  1.5240026187426825  25.0
55933.485037499515  0.0  1.5240026187426825  25.0
55938.47138249951  0.0  1.5240026187426825  25.0
55943.45772749951  0.0  1.5240026187426825  25.0
55948.44407249951  0.0  1.5240026187426825  25.0
55953.430417499505  0.0  1.5240026187426825  25.0
55958.4167624995  0.0  1.5240026187426825  25.0
55963.4031074995  0.0  1.5240026187426825  25.0
55968.3894524995  0.0  1.5240026187426825  25.0
55973.375797499495  0.0  1.5240026187426825  25.0
55978.36214249949  0.0  1.5240026187426825  25.0
55983.34848749949  0.0  1.5240026187426825  25.0
55988.33483249949  0.0  1.5240026187426825  25.0
55993.321177499485  0.0  1.5240026187426825  25.0
55998.30752249948  0.0  1.5240026187426825  25.0
56003.29386749948  0.0  1.5240026187426825  25.0
56008.28021249948  0.0  1.5240026187426825  25.0
56013.266557499475  0.0  1.5240026187426825  25.0
56018.25290249947  0.0  1.5240026187426825  25.0
56023.23924749947  0.0  1.5240026187426825  25.0
56028.22559249947  0.0  1.5240026187426825  25.0
56033.211937499465  0.0  1.5240026187426825  25.0
56038.19828249946  0.0  1.5240026187426825  25.0
56043.18462749946  0.0  1.5240026187426825  25.0
56048.17097249946  0.0  1.5240026187426825  25.0
56053.157317499456  0.0  1.5240026187426825  25.0
56058.14366249945  0.0  1.5240026187426825  25.0
56063.13000749945  0.0  1.5240026187426825  25.0
56068.11635249945  0.0  1.5240026187426825  25.0
56073.102697499446  0.0  1.5240026187426825  25.0
56078.08904249944  0.0  1.5240026187426825  25.0
56083.07538749944  0.0  1.5240026187426825  25.0
56088.06173249944  0.0  1.5240026187426825  25.0
56093.048077499436  0.0  1.5240026187426825  25.0
56098.03442249943  0.0  1.5240026187426825  25.0
56103.02076749943  0.0  1.5240026187426825  25.0
56108.00711249943  0.0  1.5240026187426825  25.0
56112.993457499426  0.0  1.5240026187426825  25.0
56117.97980249942  0.0  1.5240026187426825  25.0
56122.96614749942  0.0  1.5240026187426825  25.0
56127.95249249942  0.0  1.5240026187426825  25.0
56132.938837499416  0.0  1.5240026187426825  25.0
56137.92518249941  0.0  1.5240026187426825  25.0
56142.91152749941  0.0  1.5240026187426825  25.0
56147.89787249941  0.0  1.5240026187426825  25.0
56152.884217499406  0.0  1.5240026187426825  25.0
56157.8705624994  0.0  1.5240026187426825  25.0
56162.8569074994  0.0  1.5240026187426825  25.0
56167.8432524994  0.0  1.5240026187426825  25.0
56172.829597499396  0.0  1.5240026187426825  25.0
56177.815942499394  0.0  1.5240026187426825  25.0
56182.80228749939  0.0  1.5240026187426825  25.0
56187.78863249939  0.0  1.5240026187426825  25.0
56192.774977499386  0.0  1.5240026187426825  25.0
56197.761322499384  0.0  1.5240026187426825  25.0
56202.74766749938  0.0  1.5240026187426825  25.0
56207.73401249938  0.0  1.5240026187426825  25.0
56212.72035749938  0.0  1.5240026187426825  25.0
56217.706702499374  0.0  1.5240026187426825  25.0
56222.69304749937  0.0  1.5240026187426825  25.0
56227.67939249937  0.0  1.5240026187426825  25.0
56232.66573749937  0.0  1.5240026187426825  25.0
56237.652082499364  0.0  1.5240026187426825  25.0
56242.63842749936  0.0  1.5240026187426825  25.0
56247.62477249936  0.0  1.5240026187426825  25.0
56252.61111749936  0.0  1.5240026187426825  25.0
56257.597462499354  0.0  1.5240026187426825  25.0
56262.58380749935  0.0  1.5240026187426825  25.0
56267.57015249935  0.0  1.5240026187426825  25.0
56272.55649749935  0.0  1.5240026187426825  25.0
56277.542842499344  0.0  1.5240026187426825  25.0
56282.52918749934  0.0  1.5240026187426825  25.0
56287.51553249934  0.0  1.5240026187426825  25.0
56292.50187749934  0.0  1.5240026187426825  25.0
56297.488222499334  0.0  1.5240026187426825  25.0
56302.47456749933  0.0  1.5240026187426825  25.0
56307.46091249933  0.0  1.5240026187426825  25.0
56312.44725749933  0.0  1.5240026187426825  25.0
56317.433602499324  0.0  1.5240026187426825  25.0
56322.41994749932  0.0  1.5240026187426825  25.0
56327.40629249932  0.0  1.5240026187426825  25.0
56332.39263749932  0.0  1.5240026187426825  25.0
55160.6015625  -4.730343801011313  1.688623014253287  25.0
55163.5  -2.358789310836845  1.7265254346360976  25.0
55172.5  -3.983488851324709  1.665744092590316  25.0
55181.5  -1.496361336385485  1.2268218908337143  25.0
55190.5  0.6689881142437274  1.1382518707304694  25.0
55193.5  1.7671772436846012  1.3208905946243172  25.0
55200.3984375  -0.008739166510723756  1.4629757420551623  25.0
55202.5  -1.3609532890918987  1.279060462769941  25.0
55205.5  -1.048209017352905  1.3632117957621708  25.0
55208.5  0.7822044933967378  1.0760957407078133  25.0
55211.3984375  -0.7284929945421634  1.468965495025998  25.0
55214.3984375  -0.14670015924682012  1.0672584601298114  25.0
55214.3984375  0.8554563638456538  1.1583814037277471  25.0
55220.3984375  1.4444172749177053  1.6561210449723336  25.0
55223.30078125  -6.262152585938335  4.667205626065731  25.0
55223.30078125  -3.2110054040213845  5.751844324171155  25.0
55232.30078125  0.11743868303154782  1.5403517423246322  25.0
55235.5  -0.08474045342590378  1.3513304287619725  25.0
55238.3984375  -1.9142702864514116  0.9055347553411377  25.0
55241.30078125  -1.3595785947590522  1.1082048732907903  25.0
55244.30078125  -0.8483865206544468  2.333652069791658  25.0
55247.30078125  1.1881338906989793  1.6604415931418757  25.0
55250.3984375  2.608199317035366  1.8201031627872513  25.0
55259.3984375  0.597405495418119  1.8040977127885134  25.0
55268.30078125  1.7330061632463825  1.4970486835519083  25.0
55475.6015625  1.828253189842858  1.7178845255850699  25.0
55478.6015625  1.329335225792399  1.0946542078452703  25.0
55481.6015625  -1.6761524390281384  2.1639747094743518  25.0
55484.6015625  0.5563608496716391  0.9716185968353597  25.0
55487.6015625  0.14110317274093967  2.3170574115679696  25.0
55502.6015625  -2.4899750425463902  1.3445550960392125  25.0
55508.6015625  0.24675870965228683  1.0862096703212167  25.0
55511.6015625  -0.2856430813139958  1.116845782341818  25.0
55517.6015625  0.7579508305789062  1.6766435083116158  25.0
55547.5  0.015219896584196526  1.2362483796366663  25.0
55562.5  0.6608380871881208  1.1495440295057173  25.0
55565.6015625  0.1297127930856942  1.9877184816052877  25.0
55577.5  -2.4130901115603978  2.191566922360813  25.0
55583.3984375  -1.6143891457034585  1.7899580264060992  25.0
55586.3984375  -0.23232434892437653  1.7954568037374856  25.0
55589.5  0.157894155669588  1.5096173040745018  25.0
55592.3984375  -0.5338746710626163  1.4060238788954456  25.0
55595.30078125  0.6347188012200075  1.004218611413758  25.0
55613.3984375  0.9237986183661198  1.5755047740417496  25.0
55631.19921875  -0.05430066025751073  1.057242763101909  25.0
55646.3984375  0.17910381400374778  1.0255264672169082  25.0
55649.30078125  49.885321482365356  21.11942229315218  25.0
55652.30078125  1.0395680146578492  1.3097948073760435  25.0
55673.30078125  -0.0015710861615533195  1.4133883261991276  25.0
55878.6015625  1.1342259266734027  1.1112488660689588  25.0
55883.6015625  2.5096136935482467  3.0827655261485343  25.0
55891.5  0.06755670403230028  1.4715185121647172  25.0
55894.5  -0.05813018596558941  0.7835791877295845  25.0
55897.6015625  0.450705336171299  1.3718527048131985  25.0
55899.6015625  0.20306288441460776  1.1741904821995113  25.0
55901.6015625  0.7585399919818425  0.8164737595984437  25.0
55910.6015625  -0.11979531693778936  1.184893526393837  25.0
55913.5  -0.9059274983950859  1.991155217437404  25.0
55929.3984375  -2.7951584954547273  1.5226769938805724  25.0
55931.6015625  0.009721095110209155  1.4144684164194992  25.0
55940.5  0.35958232234034215  1.6740903975288686  25.0
55946.6015625  1.800955581068872  2.2248543777496623  25.0
55951.6015625  -0.7075778817929612  1.9524673109466975  25.0
55954.3984375  -3.910236746765723  2.0608722599347447  25.0
55957.3984375  1.3115623384068662  1.1905886752521972  25.0
55959.5  -0.07089525995368148  2.597005297201591  25.0
55961.30078125  1.1206753548719108  1.4335178591964055  25.0
55967.5  0.6823423145182452  1.5413335999595026  25.0
55969.5  -0.5705988154615683  1.2233850613575696  25.0
55972.30078125  -1.2348736853038196  1.2303567656073036  25.0
55983.30078125  0.15475197712793262  1.6074175350977526  25.0
55997.30078125  -0.8969919852315831  1.6635837248615168  25.0
55999.30078125  5.2707975737357575  3.4130862201020586  25.0
56002.30078125  -1.9050399818873773  2.2760128594655176  25.0
56005.30078125  1.2134675969151683  1.0109938504924898  25.0
56016.30078125  0.4790830819876704  2.450992531943208  25.0
56047.30078125  -3.2488094981746656  1.6642710720279403  25.0
56049.30078125  -0.5421228838817099  2.6374608283671486  25.0
56055.30078125  -0.42733543886887876  1.363408167289145  25.0
56056.30078125  -0.17998754440264866  4.4551090193131255  25.0
56232.6015625  -1.4705365608858185  1.2731688487405783  25.0
56234.6015625  0.26875391262186044  1.4887022849693277  25.0
56243.6015625  -0.2621749982480886  1.8250129191817437  25.0
56253.6015625  -2.2641314924653195  1.8255038011771647  25.0
56255.6015625  1.2522538296354042  1.0902355207342553  25.0
56259.6015625  -1.018554762967174  1.6669223217521605  25.0
56270.5  4.582170855312188  3.3328628795134785  25.0
56273.6015625  -3.34356564277572  2.372339976282365  25.0
56285.6015625  2.1771326318659234  2.5475161139310574  25.0
56289.5  -0.07393924102634632  1.5253282436047926  25.0
56300.6015625  -1.6811603343641037  1.4725986023850886  25.0
56303.5  1.468965495025998  1.3200068759309198  25.0
56308.6015625  -0.07884888036580345  1.3585967371241818  25.0
56313.3984375  1.2023718096668945  1.0008800145231145  25.0
56315.3984375  2.382453905895768  1.207772448056808  25.0
56324.5  -1.0463433473806092  1.30910746020962  25.0
56327.30078125  -1.5844402872052523  2.9333158377699786  25.0
56333.3984375  -0.5588156810468712  1.288290580045919  25.0
56335.5  -0.9120154839514226  1.3667466705357603  25.0
56338.3984375  -0.03505485765913382  1.398168455952314  25.0
56351.5  53.103493651147055  1.9052364470583796  25.0
56353.30078125  65.71175556372552  4.445682811442258  25.0
56356.3984375  93.70173681725991  1.3008592942125405  25.0
56359.3984375  98.3917234133352  2.2361465365249105  25.0
56370.30078125  57.674275145182804  1.6355006299796349  25.0
56383.3984375  38.79325677149746  1.908182300895075  25.0
56386.30078125  44.49757750054839  1.9621883102180966  25.0
56389.30078125  52.620584133704234  1.5961251890344483  25.0
56392.19921875  59.146089572476384  1.5601866712094348  25.0
56394.30078125  57.30399017663525  1.8118549967901718  25.0
56397.30078125  53.16496608612038  1.473482321078486  25.0
56404.30078125  40.02950477655802  2.4909569938252885  25.0
56421.30078125  20.015047554255652  1.8369924251234149  25.0
56613.6015625  0.9079895398943558  1.6327512413139416  25.0
56624.6015625  1.7265254346360976  1.461993790776264  25.0
56627.6015625  -0.021504240498815833  1.5853240995426778  25.0
56629.6015625  0.05223861290548908  0.935974495834765  25.0
56632.6015625  0.10192420867225904  1.0986801519023373  25.0
56639.5  -14.620723019294424  8.460101910679903  25.0
56643.5  -3.7229831515219423  2.133338503809722  25.0
56648.5  -0.01413977417369043  1.7489134743036474  25.0
56651.5  -1.0438884691833632  1.1667278023103278  25.0
56659.6015625  -3.810669171999705  2.45884795488634  25.0
56662.5  0.8519213954280362  1.0798270806524048  25.0
56667.6015625  -0.6740941016991515  1.70433386013955  25.0
56676.6015625  -2.749302513187313  1.471223908052242  25.0
56678.3984375  0.39424440182901727  0.9510962271401057  25.0
56681.5  0.5235644167442528  1.6987367565786342  25.0
