#Date  :
#Flux  :
#Fluxerr  :
#ZP  :
#end  :
@INSTRUMENT  PS
@BAND  PS_r
@MAGSYS  AB
54977.1477625  0.0  1.4342921698982392  25.0
54982.134107499995  0.0  1.4342921698982392  25.0
54987.12045249999  0.0  1.4342921698982392  25.0
54992.10679749999  0.0  1.4342921698982392  25.0
54997.09314249999  0.0  1.4342921698982392  25.0
55002.079487499985  0.0  1.4342921698982392  25.0
55007.06583249998  0.0  1.4342921698982392  25.0
55012.05217749998  0.0  1.4342921698982392  25.0
55017.03852249998  0.0  1.4342921698982392  25.0
55022.024867499975  0.0  1.4342921698982392  25.0
55027.01121249997  0.0  1.4342921698982392  25.0
55031.99755749997  0.0  1.4342921698982392  25.0
55036.98390249997  0.0  1.4342921698982392  25.0
55041.970247499965  0.0  1.4342921698982392  25.0
55046.95659249996  0.0  1.4342921698982392  25.0
55051.94293749996  0.0  1.4342921698982392  25.0
55056.92928249996  0.0  1.4342921698982392  25.0
55061.915627499955  0.0  1.4342921698982392  25.0
55066.90197249995  0.0  1.4342921698982392  25.0
55071.88831749995  0.0  1.4342921698982392  25.0
55076.87466249995  0.0  1.4342921698982392  25.0
55081.861007499945  0.0  1.4342921698982392  25.0
55086.84735249994  0.0  1.4342921698982392  25.0
55091.83369749994  0.0  1.4342921698982392  25.0
55096.82004249994  0.0  1.4342921698982392  25.0
55101.806387499935  0.0  1.4342921698982392  25.0
55106.79273249993  0.0  1.4342921698982392  25.0
55111.77907749993  0.0  1.4342921698982392  25.0
55116.76542249993  0.0  1.4342921698982392  25.0
55121.751767499925  0.0  1.4342921698982392  25.0
55126.73811249992  0.0  1.4342921698982392  25.0
55131.72445749992  0.0  1.4342921698982392  25.0
55136.71080249992  0.0  1.4342921698982392  25.0
55141.697147499915  0.0  1.4342921698982392  25.0
55146.68349249991  0.0  1.4342921698982392  25.0
55151.66983749991  0.0  1.4342921698982392  25.0
55156.65618249991  0.0  1.4342921698982392  25.0
55161.642527499906  0.0  1.4342921698982392  25.0
55166.6288724999  0.0  1.4342921698982392  25.0
55171.6152174999  0.0  1.4342921698982392  25.0
55176.6015624999  0.0  1.4342921698982392  25.0
55181.587907499896  0.0  1.4342921698982392  25.0
55186.57425249989  0.0  1.4342921698982392  25.0
55191.56059749989  0.0  1.4342921698982392  25.0
55196.54694249989  0.0  1.4342921698982392  25.0
55201.533287499886  0.0  1.4342921698982392  25.0
55206.51963249988  0.0  1.4342921698982392  25.0
55211.50597749988  0.0  1.4342921698982392  25.0
55216.49232249988  0.0  1.4342921698982392  25.0
55221.478667499876  0.0  1.4342921698982392  25.0
55226.46501249987  0.0  1.4342921698982392  25.0
55231.45135749987  0.0  1.4342921698982392  25.0
55236.43770249987  0.0  1.4342921698982392  25.0
55241.424047499866  0.0  1.4342921698982392  25.0
55246.41039249986  0.0  1.4342921698982392  25.0
55251.39673749986  0.0  1.4342921698982392  25.0
55256.38308249986  0.0  1.4342921698982392  25.0
55261.369427499856  0.0  1.4342921698982392  25.0
55266.35577249985  0.0  1.4342921698982392  25.0
55271.34211749985  0.0  1.4342921698982392  25.0
55276.32846249985  0.0  1.4342921698982392  25.0
55281.314807499846  0.0  1.4342921698982392  25.0
55286.301152499844  0.0  1.4342921698982392  25.0
55291.28749749984  0.0  1.4342921698982392  25.0
55296.27384249984  0.0  1.4342921698982392  25.0
55301.260187499836  0.0  1.4342921698982392  25.0
55306.246532499834  0.0  1.4342921698982392  25.0
55311.23287749983  0.0  1.4342921698982392  25.0
55316.21922249983  0.0  1.4342921698982392  25.0
55321.20556749983  0.0  1.4342921698982392  25.0
55326.191912499824  0.0  1.4342921698982392  25.0
55331.17825749982  0.0  1.4342921698982392  25.0
55336.16460249982  0.0  1.4342921698982392  25.0
55341.15094749982  0.0  1.4342921698982392  25.0
55346.137292499814  0.0  1.4342921698982392  25.0
55351.12363749981  0.0  1.4342921698982392  25.0
55356.10998249981  0.0  1.4342921698982392  25.0
55361.09632749981  0.0  1.4342921698982392  25.0
55366.082672499804  0.0  1.4342921698982392  25.0
55371.0690174998  0.0  1.4342921698982392  25.0
55376.0553624998  0.0  1.4342921698982392  25.0
55381.0417074998  0.0  1.4342921698982392  25.0
55386.028052499794  0.0  1.4342921698982392  25.0
55391.01439749979  0.0  1.4342921698982392  25.0
55396.00074249979  0.0  1.4342921698982392  25.0
55400.98708749979  0.0  1.4342921698982392  25.0
55405.973432499784  0.0  1.4342921698982392  25.0
55410.95977749978  0.0  1.4342921698982392  25.0
55415.94612249978  0.0  1.4342921698982392  25.0
55420.93246749978  0.0  1.4342921698982392  25.0
55425.918812499775  0.0  1.4342921698982392  25.0
55430.90515749977  0.0  1.4342921698982392  25.0
55435.89150249977  0.0  1.4342921698982392  25.0
55440.87784749977  0.0  1.4342921698982392  25.0
55445.864192499765  0.0  1.4342921698982392  25.0
55450.85053749976  0.0  1.4342921698982392  25.0
55455.83688249976  0.0  1.4342921698982392  25.0
55460.82322749976  0.0  1.4342921698982392  25.0
55465.809572499755  0.0  1.4342921698982392  25.0
55470.79591749975  0.0  1.4342921698982392  25.0
55475.78226249975  0.0  1.4342921698982392  25.0
55480.76860749975  0.0  1.4342921698982392  25.0
55485.754952499745  0.0  1.4342921698982392  25.0
55490.74129749974  0.0  1.4342921698982392  25.0
55495.72764249974  0.0  1.4342921698982392  25.0
55500.71398749974  0.0  1.4342921698982392  25.0
55505.700332499735  0.0  1.4342921698982392  25.0
55510.68667749973  0.0  1.4342921698982392  25.0
55515.67302249973  0.0  1.4342921698982392  25.0
55520.65936749973  0.0  1.4342921698982392  25.0
55525.645712499725  0.0  1.4342921698982392  25.0
55530.63205749972  0.0  1.4342921698982392  25.0
55535.61840249972  0.0  1.4342921698982392  25.0
55540.60474749972  0.0  1.4342921698982392  25.0
55545.591092499715  0.0  1.4342921698982392  25.0
55550.57743749971  0.0  1.4342921698982392  25.0
55555.56378249971  0.0  1.4342921698982392  25.0
55560.55012749971  0.0  1.4342921698982392  25.0
55565.536472499705  0.0  1.4342921698982392  25.0
55570.5228174997  0.0  1.4342921698982392  25.0
55575.5091624997  0.0  1.4342921698982392  25.0
55580.4955074997  0.0  1.4342921698982392  25.0
55585.481852499695  0.0  1.4342921698982392  25.0
55590.46819749969  0.0  1.4342921698982392  25.0
55595.45454249969  0.0  1.4342921698982392  25.0
55600.44088749969  0.0  1.4342921698982392  25.0
55605.427232499685  0.0  1.4342921698982392  25.0
55610.41357749968  0.0  1.4342921698982392  25.0
55615.39992249968  0.0  1.4342921698982392  25.0
55620.38626749968  0.0  1.4342921698982392  25.0
55625.372612499676  0.0  1.4342921698982392  25.0
55630.35895749967  0.0  1.4342921698982392  25.0
55635.34530249967  0.0  1.4342921698982392  25.0
55640.33164749967  0.0  1.4342921698982392  25.0
55645.317992499666  0.0  1.4342921698982392  25.0
55650.30433749966  0.0  1.4342921698982392  25.0
55655.29068249966  0.0  1.4342921698982392  25.0
55660.27702749966  0.0  1.4342921698982392  25.0
55665.263372499656  0.0  1.4342921698982392  25.0
55670.24971749965  0.0  1.4342921698982392  25.0
55675.23606249965  0.0  1.4342921698982392  25.0
55680.22240749965  0.0  1.4342921698982392  25.0
55685.208752499646  0.0  1.4342921698982392  25.0
55690.19509749964  0.0  1.4342921698982392  25.0
55695.18144249964  0.0  1.4342921698982392  25.0
55700.16778749964  0.0  1.4342921698982392  25.0
55705.154132499636  0.0  1.4342921698982392  25.0
55710.14047749963  0.0  1.4342921698982392  25.0
55715.12682249963  0.0  1.4342921698982392  25.0
55720.11316749963  0.0  1.4342921698982392  25.0
55725.099512499626  0.0  1.4342921698982392  25.0
55730.085857499624  0.0  1.4342921698982392  25.0
55735.07220249962  0.0  1.4342921698982392  25.0
55740.05854749962  0.0  1.4342921698982392  25.0
55745.044892499616  0.0  1.4342921698982392  25.0
55750.031237499614  0.0  1.4342921698982392  25.0
55755.01758249961  0.0  1.4342921698982392  25.0
55760.00392749961  0.0  1.4342921698982392  25.0
55764.99027249961  0.0  1.4342921698982392  25.0
55769.976617499604  0.0  1.4342921698982392  25.0
55774.9629624996  0.0  1.4342921698982392  25.0
55779.9493074996  0.0  1.4342921698982392  25.0
55784.9356524996  0.0  1.4342921698982392  25.0
55789.921997499594  0.0  1.4342921698982392  25.0
55794.90834249959  0.0  1.4342921698982392  25.0
55799.89468749959  0.0  1.4342921698982392  25.0
55804.88103249959  0.0  1.4342921698982392  25.0
55809.867377499584  0.0  1.4342921698982392  25.0
55814.85372249958  0.0  1.4342921698982392  25.0
55819.84006749958  0.0  1.4342921698982392  25.0
55824.82641249958  0.0  1.4342921698982392  25.0
55829.812757499574  0.0  1.4342921698982392  25.0
55834.79910249957  0.0  1.4342921698982392  25.0
55839.78544749957  0.0  1.4342921698982392  25.0
55844.77179249957  0.0  1.4342921698982392  25.0
55849.758137499564  0.0  1.4342921698982392  25.0
55854.74448249956  0.0  1.4342921698982392  25.0
55859.73082749956  0.0  1.4342921698982392  25.0
55864.71717249956  0.0  1.4342921698982392  25.0
55869.703517499554  0.0  1.4342921698982392  25.0
55874.68986249955  0.0  1.4342921698982392  25.0
55879.67620749955  0.0  1.4342921698982392  25.0
55884.66255249955  0.0  1.4342921698982392  25.0
55889.648897499545  0.0  1.4342921698982392  25.0
55894.63524249954  0.0  1.4342921698982392  25.0
55899.62158749954  0.0  1.4342921698982392  25.0
55904.60793249954  0.0  1.4342921698982392  25.0
55909.594277499535  0.0  1.4342921698982392  25.0
55914.58062249953  0.0  1.4342921698982392  25.0
55919.56696749953  0.0  1.4342921698982392  25.0
55924.55331249953  0.0  1.4342921698982392  25.0
55176.6015625  -1.240050855353182  1.426949349256848  25.0
55179.6015625  -2.0465830963420277  1.3658573541563066  25.0
55188.6015625  -0.33336278264000846  1.3559690765129262  25.0
55206.6015625  0.3864267028010622  1.1791545604956912  25.0
55212.5  0.28783747673183335  1.2682471895129506  25.0
55215.6015625  -0.4991140959501754  1.417844339427853  25.0
55217.5  0.3179918637170204  1.1746510273261748  25.0
55221.5  -0.96591991179404  1.5596091846726459  25.0
55230.3984375  -3.504274283444852  5.587767416657979  25.0
55233.5  -1.3359966342462413  2.0434502118213587  25.0
55236.5  4.609511573655876  1.5042934279005065  25.0
55239.5  2.3341268826566304  1.4072706440916123  25.0
55242.3984375  -2.954152310333221  1.4452574057732361  25.0
55248.3984375  -1.4588660421401842  1.4675794647462046  25.0
55275.3984375  -1.1497834646669989  1.3739833959278653  25.0
55290.3984375  0.5109604497610832  250.7460903463846  25.0
55302.3984375  2.6282301751140205  3.0356084282918583  25.0
55305.30078125  1.0155571869908664  1.6601565335936204  25.0
55545.5  -1.0658797865121161  1.2614917963902392  25.0
55563.6015625  -1.5899593419272111  1.3993404892999775  25.0
55566.6015625  3.1172602464935464  1.5485460519919054  25.0
55572.6015625  -0.6310885603573315  1.5655813099809717  25.0
55587.6015625  1.5862389832036436  1.4894120863746731  25.0
55590.5  0.6285430566711241  1.2081341624698456  25.0
55593.5  -0.32034157379174055  1.269226157570387  25.0
55596.3984375  0.8612606169265236  1.3298287153264283  25.0
55602.3984375  -1.9396721282581897  1.6961851724234986  25.0
55614.3984375  -7.876662893902647  11.40365035670126  25.0
55629.30078125  1.5547139709117184  1.2543448160445534  25.0
55632.30078125  0.15547140175959367  1.3504863885491003  25.0
55635.30078125  0.016643663471682696  1.3828926121453728  25.0
55644.3984375  0.48433060454586735  92.79273127177618  25.0
55650.3984375  -1.4386978062620122  1.3384441944424867  25.0
55653.3984375  -0.9943120395652961  1.4113826834065908  25.0
55662.30078125  -4.106383428564902  1.4312571821833138  25.0
55674.30078125  1.0504109707833844  1.2377011452784616  25.0
55677.30078125  -0.46964500994730296  1.419019194465213  25.0
55680.30078125  -0.4589735111737552  2.6844271431905073  25.0
55941.6015625  5.9407109376311515  1.7302556884016314  25.0
55947.6015625  33.59376628374139  1.5523642608369983  25.0
55948.3984375  39.363732494048286  1.9291963764119109  25.0
55952.6015625  55.73952846867332  1.5823229242370254  25.0
55955.6015625  61.37585680919135  1.7064650372898538  25.0
55970.5  44.22240782448231  1.541496921767745  25.0
55973.5  36.392739879021555  1.4904889979220712  25.0
55984.30078125  24.046568767783498  1.5110488210232178  25.0
56000.5  8.806749960478296  1.4535792411562822  25.0
56006.3984375  7.236860537465549  1.3590040175436333  25.0
56014.30078125  7.050158023910243  1.2415193541235545  25.0
56029.3984375  5.514535190592426  1.3836758799597586  25.0
56032.3984375  5.46695388836887  1.297912022443092  25.0
56040.30078125  5.2928807630177666  1.600239206793566  25.0
56043.30078125  2.3374556541572233  1.2373094646870506  25.0
56325.6015625  1.090747349171292  1.4373271576131648  25.0
56328.5  -0.5790036782800414  1.3673258529266794  25.0
56331.6015625  -0.3319921339911612  1.4653276981614465  25.0
56336.5  2.128626688503563  1.2731423099054415  25.0
56354.5  -1.0889851132994701  1.4832440740864237  25.0
56357.3984375  0.08439316218360081  1.5177062706559672  25.0
56360.30078125  -0.28186532808139847  1.492447120773817  25.0
56384.30078125  -0.5545277028438401  1.4794258652413308  25.0
56387.3984375  -0.46964500994730296  1.298009965933054  25.0
56391.30078125  0.4378262605539286  1.4246975826720898  25.0
56395.30078125  0.43234361927432097  1.2623729143261502  25.0
56416.30078125  -1.4534812976663203  1.3969907792252574  25.0
56625.6015625  0.6225709313627983  1.2019662435500327  25.0
56636.6015625  -0.5300517274076388  1.3047652656873288  25.0
56656.6015625  0.544835218811947  1.545608867714287  25.0
56682.6015625  -0.7325169805299986  1.658002523761951  25.0
56709.3984375  -0.6915931746234111  1.6591774721677477  25.0
