#Date  :
#Flux  :
#Fluxerr  :
#ZP  :
#end  :
@INSTRUMENT  PS
@BAND  PS_i
@MAGSYS  AB
54873.0462  0.0  0.8357832106715277  25.0
54878.032544999995  0.0  0.8357832106715277  25.0
54883.01888999999  0.0  0.8357832106715277  25.0
54888.00523499999  0.0  0.8357832106715277  25.0
54892.99157999999  0.0  0.8357832106715277  25.0
54897.977924999985  0.0  0.8357832106715277  25.0
54902.96426999998  0.0  0.8357832106715277  25.0
54907.95061499998  0.0  0.8357832106715277  25.0
54912.93695999998  0.0  0.8357832106715277  25.0
54917.923304999975  0.0  0.8357832106715277  25.0
54922.90964999997  0.0  0.8357832106715277  25.0
54927.89599499997  0.0  0.8357832106715277  25.0
54932.88233999997  0.0  0.8357832106715277  25.0
54937.868684999965  0.0  0.8357832106715277  25.0
54942.85502999996  0.0  0.8357832106715277  25.0
54947.84137499996  0.0  0.8357832106715277  25.0
54952.82771999996  0.0  0.8357832106715277  25.0
54957.814064999955  0.0  0.8357832106715277  25.0
54962.80040999995  0.0  0.8357832106715277  25.0
54967.78675499995  0.0  0.8357832106715277  25.0
54972.77309999995  0.0  0.8357832106715277  25.0
54977.759444999945  0.0  0.8357832106715277  25.0
54982.74578999994  0.0  0.8357832106715277  25.0
54987.73213499994  0.0  0.8357832106715277  25.0
54992.71847999994  0.0  0.8357832106715277  25.0
54997.704824999935  0.0  0.8357832106715277  25.0
55002.69116999993  0.0  0.8357832106715277  25.0
55007.67751499993  0.0  0.8357832106715277  25.0
55012.66385999993  0.0  0.8357832106715277  25.0
55017.650204999925  0.0  0.8357832106715277  25.0
55022.63654999992  0.0  0.8357832106715277  25.0
55027.62289499992  0.0  0.8357832106715277  25.0
55032.60923999992  0.0  0.8357832106715277  25.0
55037.595584999915  0.0  0.8357832106715277  25.0
55042.58192999991  0.0  0.8357832106715277  25.0
55047.56827499991  0.0  0.8357832106715277  25.0
55052.55461999991  0.0  0.8357832106715277  25.0
55057.540964999906  0.0  0.8357832106715277  25.0
55062.5273099999  0.0  0.8357832106715277  25.0
55067.5136549999  0.0  0.8357832106715277  25.0
55072.4999999999  0.0  0.8357832106715277  25.0
55077.486344999896  0.0  0.8357832106715277  25.0
55082.47268999989  0.0  0.8357832106715277  25.0
55087.45903499989  0.0  0.8357832106715277  25.0
55092.44537999989  0.0  0.8357832106715277  25.0
55097.431724999886  0.0  0.8357832106715277  25.0
55102.41806999988  0.0  0.8357832106715277  25.0
55107.40441499988  0.0  0.8357832106715277  25.0
55112.39075999988  0.0  0.8357832106715277  25.0
55117.377104999876  0.0  0.8357832106715277  25.0
55122.36344999987  0.0  0.8357832106715277  25.0
55127.34979499987  0.0  0.8357832106715277  25.0
55132.33613999987  0.0  0.8357832106715277  25.0
55137.322484999866  0.0  0.8357832106715277  25.0
55142.30882999986  0.0  0.8357832106715277  25.0
55147.29517499986  0.0  0.8357832106715277  25.0
55152.28151999986  0.0  0.8357832106715277  25.0
55157.267864999856  0.0  0.8357832106715277  25.0
55162.25420999985  0.0  0.8357832106715277  25.0
55167.24055499985  0.0  0.8357832106715277  25.0
55172.22689999985  0.0  0.8357832106715277  25.0
55177.213244999846  0.0  0.8357832106715277  25.0
55182.199589999844  0.0  0.8357832106715277  25.0
55187.18593499984  0.0  0.8357832106715277  25.0
55192.17227999984  0.0  0.8357832106715277  25.0
55197.158624999836  0.0  0.8357832106715277  25.0
55202.144969999834  0.0  0.8357832106715277  25.0
55207.13131499983  0.0  0.8357832106715277  25.0
55212.11765999983  0.0  0.8357832106715277  25.0
55217.10400499983  0.0  0.8357832106715277  25.0
55222.090349999824  0.0  0.8357832106715277  25.0
55227.07669499982  0.0  0.8357832106715277  25.0
55232.06303999982  0.0  0.8357832106715277  25.0
55237.04938499982  0.0  0.8357832106715277  25.0
55242.035729999814  0.0  0.8357832106715277  25.0
55247.02207499981  0.0  0.8357832106715277  25.0
55252.00841999981  0.0  0.8357832106715277  25.0
55256.99476499981  0.0  0.8357832106715277  25.0
55261.981109999804  0.0  0.8357832106715277  25.0
55266.9674549998  0.0  0.8357832106715277  25.0
55271.9537999998  0.0  0.8357832106715277  25.0
55276.9401449998  0.0  0.8357832106715277  25.0
55281.926489999794  0.0  0.8357832106715277  25.0
55286.91283499979  0.0  0.8357832106715277  25.0
55291.89917999979  0.0  0.8357832106715277  25.0
55296.88552499979  0.0  0.8357832106715277  25.0
55301.871869999784  0.0  0.8357832106715277  25.0
55306.85821499978  0.0  0.8357832106715277  25.0
55311.84455999978  0.0  0.8357832106715277  25.0
55316.83090499978  0.0  0.8357832106715277  25.0
55321.817249999775  0.0  0.8357832106715277  25.0
55326.80359499977  0.0  0.8357832106715277  25.0
55331.78993999977  0.0  0.8357832106715277  25.0
55336.77628499977  0.0  0.8357832106715277  25.0
55341.762629999765  0.0  0.8357832106715277  25.0
55346.74897499976  0.0  0.8357832106715277  25.0
55351.73531999976  0.0  0.8357832106715277  25.0
55356.72166499976  0.0  0.8357832106715277  25.0
55361.708009999755  0.0  0.8357832106715277  25.0
55366.69435499975  0.0  0.8357832106715277  25.0
55371.68069999975  0.0  0.8357832106715277  25.0
55376.66704499975  0.0  0.8357832106715277  25.0
55381.653389999745  0.0  0.8357832106715277  25.0
55386.63973499974  0.0  0.8357832106715277  25.0
55391.62607999974  0.0  0.8357832106715277  25.0
55396.61242499974  0.0  0.8357832106715277  25.0
55401.598769999735  0.0  0.8357832106715277  25.0
55406.58511499973  0.0  0.8357832106715277  25.0
55411.57145999973  0.0  0.8357832106715277  25.0
55416.55780499973  0.0  0.8357832106715277  25.0
55421.544149999725  0.0  0.8357832106715277  25.0
55426.53049499972  0.0  0.8357832106715277  25.0
55431.51683999972  0.0  0.8357832106715277  25.0
55436.50318499972  0.0  0.8357832106715277  25.0
55441.489529999715  0.0  0.8357832106715277  25.0
55446.47587499971  0.0  0.8357832106715277  25.0
55451.46221999971  0.0  0.8357832106715277  25.0
55456.44856499971  0.0  0.8357832106715277  25.0
55461.434909999705  0.0  0.8357832106715277  25.0
55466.4212549997  0.0  0.8357832106715277  25.0
55471.4075999997  0.0  0.8357832106715277  25.0
55476.3939449997  0.0  0.8357832106715277  25.0
55481.380289999695  0.0  0.8357832106715277  25.0
55072.5  2.24289107085191  1.3985674501993615  25.0
55075.5  2.7423585423260777  2.103201172111194  25.0
55087.5  -4.125121188041894  1.7070042639819483  25.0
55090.3984375  -0.013056045209320565  0.948575676754371  25.0
55093.5  2.436081312186774  1.910109229841071  25.0
55096.5  -0.32080566807626365  1.167681670753893  25.0
55183.19921875  0.005006453283151584  0.8375501597647882  25.0
55411.6015625  -2.470733885725621  1.176320192563341  25.0
55414.6015625  0.02738824632437287  0.643083856142349  25.0
55417.6015625  0.5055536346630739  0.6648766183682159  25.0
55423.6015625  0.3477031007341359  0.6079404894159733  25.0
55426.6015625  -1.4562889418698068  0.759115744499196  25.0
55438.6015625  -0.00893308329481181  0.8242978543290205  25.0
55441.5  -0.011190895789218792  0.5351015377699153  25.0
55444.5  -0.2862513233885402  0.7321202000128965  25.0
55447.5  1.038397336534043  0.8146775589082011  25.0
55453.5  -0.09129415051381969  0.6322856102623821  25.0
55456.5  -0.41013651126386763  0.5033939574016334  25.0
55465.5  -0.7849333385263482  1.760111972026074  25.0
55468.3984375  6.452729575905019  2.3749241277763917  25.0
55477.30078125  0.399829105380508  0.7320219945663123  25.0
55480.3984375  -1.3341707030877399  0.9351269604254349  25.0
55483.30078125  -0.3527095423150179  0.6402370216092897  25.0
55498.30078125  1.1533493862601698  0.7516551731488956  25.0
55501.3984375  3.988179918387653  1.0091439093397188  25.0
55504.3984375  7.282819304746742  0.8807431432846557  25.0
55507.30078125  10.158584844067912  1.0944499909396552  25.0
55510.30078125  15.232282270573117  0.6180515780243214  25.0
55534.30078125  13.572790344633919  0.8345071015748744  25.0
55765.6015625  0.9185369804600008  1.0193531565855727  25.0
55768.6015625  0.20516641426943957  0.5960624517143647  25.0
55774.6015625  0.9581958785570335  0.644065489326485  25.0
55783.6015625  0.34947007323193563  0.47855804336769586  25.0
55792.6015625  -0.1655074576610588  1.0689268728250205  25.0
55801.6015625  0.35909032184367656  0.8084931434636324  25.0
55804.6015625  0.8120271352683104  0.6417095415991115  25.0
55810.6015625  0.04122961475673645  0.7499863358840624  25.0
55822.5  -0.005104619234575849  0.5958661344393531  25.0
55825.30078125  0.5931174585437997  1.1658165162140484  25.0
55829.3984375  -0.20497009699442806  0.5201803014511576  25.0
55834.5  -0.19750950223958838  0.7747241380895726  25.0
55837.30078125  2.2569287390058803  3.0595319897465396  25.0
55850.3984375  -0.8932101796203774  0.8339180561316829  25.0
55853.3984375  0.3101056042383417  0.5547346695434202  25.0
55859.3984375  0.36743441454968573  0.4649130097637482  25.0
55861.30078125  0.5027068001300147  0.8163463961730343  25.0
55879.30078125  -1.1272373163205005  1.0067879148032668  25.0
55888.19921875  0.9475939967611565  1.1342070944832723  25.0
55890.19921875  0.16776527015546575  0.49230123560914923  25.0
55893.19921875  -0.9067571013958978  1.0745223364445546  25.0
56136.6015625  -0.3152102278612687  0.6259048307337234  25.0
56148.5  0.23756112850480104  0.7120943868802901  25.0
56151.6015625  -1.3449689957767852  0.5428566318418115  25.0
56154.6015625  0.6041120216987781  1.9803958696756654  25.0
56156.6015625  -1.0618589828338216  1.1927138552537637  25.0
56166.5  1.3403552121504656  1.0047264429884106  25.0
56204.5  0.28389535225662743  0.8419676261160964  25.0
56207.5  0.9856823566580971  0.8660182242409095  25.0
56210.5  1.5472885989177048  0.8054499916555616  25.0
56213.30078125  0.08599319791361161  1.7359631684546768  25.0
56215.3984375  -1.8121397010122442  1.2407169396749627  25.0
56221.30078125  0.7146466986917537  1.2150957097319006  25.0
56233.3984375  -0.7972041043961368  0.6930502069318198  25.0
56236.3984375  -0.38265010337642164  0.8269482779689112  25.0
56239.30078125  -0.6261993534553191  1.0334890301861275  25.0
56242.30078125  -3.1366902022973218  1.567412570687817  25.0
56247.19921875  -0.5955716117177574  0.8357832106715277  25.0
56263.30078125  2.7616970577598297  2.1478665820027265  25.0
56274.19921875  0.9173589831917748  1.6428039277634954  25.0
56284.19921875  1.2586812341836342  1.075405810991185  25.0
56481.6015625  0.027780907204502523  0.639746228421761  25.0
56484.5  -0.5518878818194395  0.9838172021182524  25.0
56487.6015625  0.22794087989306014  0.4866076133521093  25.0
56491.6015625  0.06233525189222599  0.5981239235292208  25.0
56505.5  1.4108381692600716  1.3771673693325959  25.0
56508.6015625  -0.6902034192078391  0.8248868061540551  25.0
56513.6015625  -0.4551946025145015  0.543445583666846  25.0
56516.6015625  -0.04407642295968901  0.5793742663023462  25.0
56520.6015625  1.1437291844575075  0.9660491312664354  25.0
56532.5  0.12349251821849562  0.7534221690512346  25.0
56538.5  -0.6597720415543673  0.5139958860065887  25.0
56543.6015625  0.8608154887895553  0.9609445076435085  25.0
56550.5  -0.6810740105927054  1.0881673700485024  25.0
56558.5  -0.9248195077329967  1.172000931658617  25.0
56567.30078125  -1.8019306410027043  2.0329145322765996  25.0
56569.30078125  -0.18739842533350984  0.9377774776834825  25.0
56575.30078125  0.5641586008801496  0.8522750788085345  25.0
56588.3984375  0.23118034897614237  0.6547655765689462  25.0
56626.30078125  -0.42005123578812587  1.7257539212088229  25.0
