54042.50525408417    42.650110605916765    42.65011060591794     25    
54043.00525408417    51.38025722762551     51.38025722762649     25    
54043.50525408417    60.94134332158136     60.941343321582174    25    
54044.00525408417    71.33935094881753     71.33935094881822     25    
54044.50525408417    82.57735235855124     82.57735235855185     25    
54045.00525408417    94.66263729212088     94.6626372921214      25    
54045.50525408417    107.59708809892119    97.3673503072641      25    
54046.00525408417    121.3890666396304     98.46506295911801     25    
54046.50525408417    136.03950092478556    99.20011844997343     25    
54047.00525408417    151.5575893734404     99.30589486667056     25    
54047.50525408417    167.9435412182388     98.81557740399944     25    
54048.00525408417    185.20715587564558    97.65388537877685     25    
54048.50525408417    203.3481593613758     95.83401313606565     25    
54049.00525408417    222.38808791012664    93.89322942367775     25    
54049.50525408417    242.32434963650275    91.76096682929332     25    
54050.00525408417    263.111965503526      86.19467110730584     25    
54050.50525408417    284.80115618076667    75.91709953097303     25    
54051.00525408417    306.52136804435696    70.17581280165928     25    
54051.50525408417    328.3372699932929     71.68299908146255     25    
54052.00525408417    349.13112979479445    73.51507093948902     25    
54052.50525408417    368.8698647301867     74.8518210378247      25    
54053.00525408417    386.61845931196024    75.16786027665438     25    
54053.50525408417    402.12940199723164    73.53875463139474     25    
54054.00525408417    415.25665944063996    72.62189199820732     25    
54054.50525408417    425.8583755906241     73.59110081968693     25    
54055.00525408417    434.0055086571719     75.5862260959795      25    
54055.50525408417    439.68089080236524    79.31054416323735     25    
54056.00525408417    442.9433779938498     81.77860344640067     25    
54056.50525408417    443.66903336305467    81.17112573014398     25    
54057.00525408417    442.31474921392027    77.10928737394019     25    
54057.50525408417    439.18772631546466    64.4985452038222      25    
54058.00525408417    434.68234420840923    47.30700073360303     25    
54058.50525408417    429.5093967462652     43.07370109944854     25    
54059.00525408417    423.821847768765      46.53198105520765     25    
54059.50525408417    418.52204508125845    47.081435859002546    25    
54060.00525408417    413.3827796732713     47.17880930249679     25    
54060.50525408417    408.44207221644155    46.51590589767958     25    
54061.00525408417    403.5724327382467     45.52304123704101     25    
54061.50525408417    398.17817930979794    46.663771331683286    25    
54062.00525408417    392.2799469481167     49.21666929660824     25    
54062.50525408417    385.260983506466      49.59506490576207     25    
54063.00525408417    377.17047270054917    48.14738862644779     25    
54063.50525408417    368.2741376906501     48.47000746703123     25    
54064.00525408417    358.5299221865943     50.61362464339883     25    
54064.50525408417    348.7665829364428     52.58017674434686     25    
54065.00525408417    338.9610720959181     54.360817917413556    25    
54065.50525408417    329.85753775441464    55.28461804661564     25    
54066.00525408417    321.55225747604413    55.17962940016287     25    
54066.50525408417    314.22273191031474    54.532881805844674    25    
54067.00525408417    307.9721283882163     53.03475440834728     25    
54067.50525408417    302.65159121611384    52.46559305463383     25    
54068.00525408417    298.24682357527064    54.19091527982375     25    
54068.50525408417    294.67707909760645    55.62200518728997     25    
54069.00525408417    291.90708190504114    55.71080986411501     25    
54069.50525408417    289.88915250214586    54.60511388971487     25    
54070.00525408417    288.58342177431757    50.937931981256945    25    
54070.50525408417    287.96264939412043    47.266250047359335    25    
54071.00525408417    287.9901252007138     47.79182399157017     25    
54071.50525408417    288.641483423081      49.517404735909565    25    
54072.00525408417    289.88698664096376    49.46784858739702     25    
54072.50525408417    291.66955592486465    48.532266085898065    25    
54073.00525408417    293.8755865150375     46.21798803832041     25    
54073.50525408417    296.45775403066114    43.318281107090705    25    
54074.00525408417    299.19620790080063    43.315657461792895    25    
54074.50525408417    302.08227172016393    45.1767542313344      25    
54075.00525408417    304.87557095013153    46.595340323443736    25    
54075.50525408417    307.5847253666344     47.77128747782544     25    
54076.00525408417    309.9904421639829     47.74308572803241     25    
54076.50525408417    312.10443101281504    46.584985331122354    25    
54077.00525408417    313.73861651978496    43.76525543203374     25    
54077.50525408417    314.9029793910411     38.74868812097638     25    
54078.00525408417    315.40760316573414    35.8476365649312      25    
54078.50525408417    315.2494360956383     36.29833162723854     25    
54079.00525408417    314.33463489076587    36.03771147322951     25    
54079.50525408417    312.6453568087736     34.10473205987568     25    
54080.00525408417    310.19136210588937    33.105887124089854    25    
54080.50525408417    306.9702438890882     34.142970566695375    25    
54081.00525408417    302.98506750597477    34.83405331160792     25    
54081.50525408417    298.19953875113464    34.42747214452055     25    
54082.00525408417    292.75373068320295    33.28431751673709     25    
54082.50525408417    286.6352285702728     29.11728425002237     25    
54083.00525408417    280.1023165419454     28.908107361655926    25    
54083.50525408417    273.2876269959358     40.200541633886836    25    
54084.00525408417    266.36398553545473    49.63756268247419     25    
54084.50525408417    259.57884346215843    51.65827923442031     25    
54085.00525408417    252.90772467729764    51.27345904066237     25    
54085.50525408417    246.5042108748742     50.68280998332898     25    
54086.00525408417    240.22232727936463    50.10151553781246     25    
54086.50525408417    233.87471132359937    51.98559078503203     25    
54087.00525408417    227.42384073633625    54.89475283351078     25    
54087.50525408417    220.597513091381      56.68372534772162     25    
54088.00525408417    213.44190074307156    57.715505792803974    25    
54088.50525408417    205.87481300551966    57.15600068294995     25    
54089.00525408417    197.9516021642334     55.35160204841945     25    
54089.50525408417    190.02721958380408    54.68617917295959     25    
54090.00525408417    182.08748404884483    55.00743168175461     25    
54090.50525408417    174.53211218188693    56.273080382576076    25    
54091.00525408417    167.34757705670634    58.474485573918436    25    
54091.50525408417    160.7364834733269     59.7963197396736      25    
54092.00525408417    154.7297190543453     59.865076184133116    25    
54092.50525408417    149.14438312958464    62.36866868709156     25    
54093.00525408417    143.98726846237085    68.00056157507747     25    
54093.50525408417    139.08048340903443    72.88391219522586     25    
54094.00525408417    134.3985613300896     77.14445293076729     25    
54094.50525408417    129.85029452368738    78.04391380891161     25    
54095.00525408417    125.38341000208293    73.48368321198954     25    
54095.50525408417    121.04322121556402    67.05861453911739     25    
54096.00525408417    116.83065078475302    60.22397176671024     25    
54096.50525408417    112.77582826678065    52.73288179532855     25    
54097.00525408417    108.89855816310079    44.29876818558274     25    
54097.50525408417    105.20695691485399    36.965673917080636    25    
54098.00525408417    101.72344653890327    36.37952147570895     25    
54098.50525408417    98.43218851035894     38.834816238966056    25    
54099.00525408417    95.32438257919229     39.6548152521274      25    
54099.50525408417    92.39369194973656     40.19982099242226     25    
54100.00525408417    89.62379667182817     40.42218425562013     25    
54100.50525408417    87.01205194753898     40.27622423902505     25    
54101.00525408417    84.54026627877693     39.552944067095254    25    
54101.50525408417    82.20746495182186     38.210950541076414    25    
54102.00525408417    79.99402757896081     35.6336243205355      25    
54102.50525408417    77.90016714150764     31.91061222552795     25    
54103.00525408417    75.90531675130218     28.03457566035902     25    
54103.50525408417    74.01039469551861     24.485828509332794    25    
54104.00525408417    72.19436997472339     33.790489224948786    25    
54104.50525408417    70.45838379277723     48.411468424093385    25    
54105.00525408417    68.78142342814675     68.78142342814748     25    