#Date  :
#Flux  :
#Fluxerr  :
#ZP  :
#end  :
@INSTRUMENT  SDSS
@BAND  SDSS_u
@MAGSYS  AB
53416.988905  0.0  5.916974033131766  25.0
53421.975249999996  0.0  5.916974033131766  25.0
53426.96159499999  0.0  5.916974033131766  25.0
53431.94793999999  0.0  5.916974033131766  25.0
53436.93428499999  0.0  5.916974033131766  25.0
53441.920629999986  0.0  5.916974033131766  25.0
53446.90697499998  0.0  5.916974033131766  25.0
53451.89331999998  0.0  5.916974033131766  25.0
53456.87966499998  0.0  5.916974033131766  25.0
53461.866009999976  0.0  5.916974033131766  25.0
53466.85235499997  0.0  5.916974033131766  25.0
53471.83869999997  0.0  5.916974033131766  25.0
53476.82504499997  0.0  5.916974033131766  25.0
53481.811389999966  0.0  5.916974033131766  25.0
53486.797734999964  0.0  5.916974033131766  25.0
53491.78407999996  0.0  5.916974033131766  25.0
53496.77042499996  0.0  5.916974033131766  25.0
53501.756769999956  0.0  5.916974033131766  25.0
53506.743114999954  0.0  5.916974033131766  25.0
53511.72945999995  0.0  5.916974033131766  25.0
53516.71580499995  0.0  5.916974033131766  25.0
53521.70214999995  0.0  5.916974033131766  25.0
53526.688494999944  0.0  5.916974033131766  25.0
53531.67483999994  0.0  5.916974033131766  25.0
53536.66118499994  0.0  5.916974033131766  25.0
53541.64752999994  0.0  5.916974033131766  25.0
53546.633874999934  0.0  5.916974033131766  25.0
53551.62021999993  0.0  5.916974033131766  25.0
53556.60656499993  0.0  5.916974033131766  25.0
53561.59290999993  0.0  5.916974033131766  25.0
53566.579254999924  0.0  5.916974033131766  25.0
53571.56559999992  0.0  5.916974033131766  25.0
53576.55194499992  0.0  5.916974033131766  25.0
53581.53828999992  0.0  5.916974033131766  25.0
53586.524634999914  0.0  5.916974033131766  25.0
53591.51097999991  0.0  5.916974033131766  25.0
53596.49732499991  0.0  5.916974033131766  25.0
53601.48366999991  0.0  5.916974033131766  25.0
53606.470014999904  0.0  5.916974033131766  25.0
53611.4563599999  0.0  5.916974033131766  25.0
53616.4427049999  0.0  5.916974033131766  25.0
53621.4290499999  0.0  5.916974033131766  25.0
53626.415394999894  0.0  5.916974033131766  25.0
53631.40173999989  0.0  5.916974033131766  25.0
53636.38808499989  0.0  5.916974033131766  25.0
53641.37442999989  0.0  5.916974033131766  25.0
53646.360774999885  0.0  5.916974033131766  25.0
53651.34711999988  0.0  5.916974033131766  25.0
53656.33346499988  0.0  5.916974033131766  25.0
53661.31980999988  0.0  5.916974033131766  25.0
53616.442705  -2.2398375238840007  4.225211608724999  25.0
53622.456417  3.819747887172965  3.4422471809003805  25.0
53626.420108  1.2390412070324601  6.316845151627911  25.0
53627.413751  4.83760164334497  4.200044894973494  25.0
53628.404837  0.628888213634846  4.745323692922782  25.0
53634.406781  6.624438319701869  10.178537561720052  25.0
53635.413709  6.2077893920380545  6.873309155688981  25.0
53639.452661  2.6525716294086927  4.6754161547241555  25.0
53640.412529  1.417165614362561  4.8711572616803105  25.0
53643.455198  4.479675047768001  5.254250571008785  25.0
53644.399857  6.042807601889295  3.9120258375951518  25.0
53646.474162  -3.204561551025049  4.144118864414592  25.0
53657.293509  26.159400793926125  27.954626374866855  25.0
53657.41159  3.3443766274223026  6.90127217096843  25.0
53657.457869  -1.195418903196517  5.089268780860026  25.0
53663.396299  -13.562062410533585  10.782538691756185  25.0
53664.410761  -5.656917991032875  9.848573981422533  25.0
53666.466503  -2.6735438908682805  7.30393959099252  25.0
53668.38631  8.430849106754383  7.038290945837739  25.0
53668.463871  5.1647689221145425  8.128848541736316  25.0
53669.369962  5.712844021591777  5.578621548250413  25.0
53669.473569  6.722308873179946  8.190367175351106  25.0
53670.390987  4.214026402613219  9.457091767510224  25.0
53670.469913  8.595830896903141  8.788775702331352  25.0
53671.454694  -1.886664640904538  5.573028945194523  25.0
53673.359138  1.4389767662805324  3.7414514443905027  25.0
53674.354485  4.907509181543596  5.760381147566843  25.0
53675.355936  7.87718140422126  4.488063952351836  25.0
53676.443929  -2.395591518990541  5.128417002251257  25.0
53679.41577  -0.8654553228989988  5.573028945194523  25.0
53680.363633  -0.29417092073982126  4.2028411965014385  25.0
53681.407242  3.9343962498187124  4.890731372375926  25.0
53683.42231  22.194245227300016  7.896755514916875  25.0
53684.368861  -4.283933940811846  10.511297443545514  25.0
53686.363093  15.290176754803637  9.062813252069969  25.0
53687.310124  23.995063411296638  14.417730678084776  25.0
53687.420607  5.26263947559262  20.510871707477083  25.0
53693.365321  2.5306528827902874  12.211448772536118  25.0
53696.372976  19.283295336709198  6.565715987615022  25.0
53697.364053  14.94902796839434  6.3224377546838015  25.0
53699.386058  8.648960625934098  5.561843739082743  25.0
53700.36286  10.494519634377845  5.9645111591068325  25.0
53704.348264  9.448702862926389  5.8694369071567  25.0
53705.34955  3.7246736352228322  5.861048002572865  25.0
