54386.11826486173    9.576615226482451     1.7801338570063923     25    
54386.61826486173    11.268280933234859    1.7771030263954988     25    
54387.11826486173    13.087358449301695    1.784619990415127      25    
54387.61826486173    15.029157905911378    1.8466473018503144     25    
54388.11826486173    17.094549994079344    1.9453306498996117     25    
54388.61826486173    19.277594602809756    2.002053196814546      25    
54389.11826486173    21.57918863520685     2.008778402856099      25    
54389.61826486173    23.994589798321464    2.0064385105619187     25    
54390.11826486173    26.52227314707567     2.012032564375822      25    
54390.61826486173    29.16055618319853     2.016906470173791      25    
54391.11826486173    31.90480230407718     2.02076415314706       25    
54391.61826486173    34.75585486599675     2.02375141522851       25    
54392.11826486173    37.70777488060293     2.0261695260017967     25    
54392.61826486173    40.76148434044713     2.0278022567474583     25    
54393.11826486173    43.91219110594461     2.0298745719095264     25    
54393.61826486173    47.162676217437756    2.025561085914815      25    
54394.11826486173    50.502501296602034    2.0300300371736233     25    
54394.61826486173    53.931481780788715    2.076084752498005      25    
54395.11826486173    57.44252152878621     2.1505928613074694     25    
54395.61826486173    60.906778169559       2.19914861254926       25    
54396.11826486173    64.35376538285368     2.2172878717221116     25    
54396.61826486173    67.63806025913554     2.2290054689278143     25    
54397.11826486173    70.71370047338905     2.243705919925206      25    
54397.61826486173    73.5415026653121      2.255446373527356      25    
54398.11826486173    75.97993414254806     2.2605646866709703     25    
54398.61826486173    78.06792367885524     2.260501398810173      25    
54399.11826486173    79.84942628834919     2.2654299044008823     25    
54399.61826486173    81.29931617743357     2.276082426157278      25    
54400.11826486173    82.53675131038466     2.2891132316502625     25    
54400.61826486173    83.59361525305631     2.3068302365076887     25    
54401.11826486173    84.504141345335       2.322608368446859      25    
54401.61826486173    85.37573641472132     2.3368206680991173     25    
54402.11826486173    86.17982385468146     2.3444505534557822     25    
54402.61826486173    86.90961809171438     2.259086745894654      25    
54403.11826486173    87.57927517171353     2.0273237565266435     25    
54403.61826486173    88.12121715386039     1.8224500612114605     25    
54404.11826486173    88.51893322075209     1.7989761202965722     25    
54404.61826486173    88.75303421681878     1.8437561686819242     25    
54405.11826486173    88.76310920747409     1.84868109937055       25    
54405.61826486173    88.56678837467433     1.8432790777760655     25    
54406.11826486173    88.18275083571231     1.8367656999373356     25    
54406.61826486173    87.59812592387411     1.8276611209625166     25    
54407.11826486173    86.87602746807019     1.8232714629503675     25    
54407.61826486173    86.03037081109564     1.831649098018653      25    
54408.11826486173    85.08266490133357     1.84178188185242       25    
54408.61826486173    84.08781762558036     1.836962188484196      25    
54409.11826486173    83.03221794363982     1.823547103270679      25    
54409.61826486173    81.93272257186116     1.826733278541394      25    
54410.11826486173    80.79260503299935     1.8512053068833294     25    
54410.61826486173    79.59492305187294     1.872012351953594      25    
54411.11826486173    78.33662273426698     1.8781403631060383     25    
54411.61826486173    77.01299853066622     1.8775926030864525     25    
54412.11826486173    75.60973591837767     1.8734853105100064     25    
54412.61826486173    74.1319027423499      1.8651070724124708     25    
54413.11826486173    72.59072967954532     1.8536762219682752     25    
54413.61826486173    70.98053949746013     1.8372576952546542     25    
54414.11826486173    69.33008758038424     1.8255746416235892     25    
54414.61826486173    67.64449229555032     1.8265647930789057     25    
54415.11826486173    65.93542122301339     1.8306283521282256     25    
54415.61826486173    64.22555250572448     1.8382686269154593     25    
54416.11826486173    62.51122108513611     1.8431673635512593     25    
54416.61826486173    60.820463094032675    1.7690155100182372     25    
54417.11826486173    59.148667952808196    1.575684825856861      25    
54417.61826486173    57.51773818971857     1.4066302109691067     25    
54418.11826486173    55.932043333870524    1.3818765719989694     25    
54418.61826486173    54.40083939865698     1.4101936969448654     25    
54419.11826486173    52.945186122759246    1.40987777514441       25    
54419.61826486173    51.559337993923926    1.404532866391918      25    
54420.11826486173    50.247432209488785    1.3945782959205364     25    
54420.61826486173    49.012413556733655    1.37782071103534       25    
54421.11826486173    47.837510914838134    1.3658634863884138     25    
54421.61826486173    46.72045496462658     1.366627612329918      25    
54422.11826486173    45.654407944862555    1.3710438587158291     25    
54422.61826486173    44.6261646167304      1.3709385590302814     25    
54423.11826486173    43.638664596840144    1.3685343962187917     25    
54423.61826486173    42.683121487641145    1.3642070709154035     25    
54424.11826486173    41.759570468935934    1.3631527058398878     25    
54424.61826486173    40.86934465721785     1.3353197684504643     25    
54425.11826486173    40.01243443741397     1.2431741670034002     25    
54425.61826486173    39.189067954300555    1.1372797571136184     25    
54426.11826486173    38.40101008177727     1.1034197977027265     25    
54426.61826486173    37.64679344578805     1.1163297296242976     25    
54427.11826486173    36.919252498967694    1.1166953333077405     25    
54427.61826486173    36.221462617310806    1.1032567134902607     25    
54428.11826486173    35.53694828285317     1.095139744018505      25    
54428.61826486173    34.86361997893742     1.10101010064502       25    
54429.11826486173    34.194013155222905    1.1102394921810739     25    
54429.61826486173    33.51352630384472     1.114070924386865      25    
54430.11826486173    32.826353106335816    1.1146605130798026     25    
54430.61826486173    32.12921014111809     1.1078870061491957     25    
54431.11826486173    31.419211610799778    1.0948604312147145     25    
54431.61826486173    30.71467949860555     1.068653540960499      25    
54432.11826486173    30.01730772893203     1.0137141781560923     25    
54432.61826486173    29.335658721507837    0.9563419777223413     25    
54433.11826486173    28.685077767175898    0.9406111916415284     25    
54433.61826486173    28.061378834392347    0.95067695385745       25    
54434.11826486173    27.470214927399898    0.9483902876177706     25    
54434.61826486173    26.914153810526265    0.9326560735287525     25    
54435.11826486173    26.37539224706566     0.9205530440779771     25    
54435.61826486173    25.852652400189754    0.9187226830196172     25    
54436.11826486173    25.33718851183734     0.921135255708842      25    
54436.61826486173    24.8146149393551      0.925669502953464      25    
54437.11826486173    24.288469110681064    0.9317576278355671     25    
54437.61826486173    23.750475437000457    0.93321126229627       25    
54438.11826486173    23.19910461404447     0.9359966127151955     25    
54438.61826486173    22.647206298418595    0.9027739870004728     25    
54439.11826486173    22.095353541796488    0.7832480671955002     25    
54439.61826486173    21.5502167884353      0.6352206090590322     25    
54440.11826486173    21.02170752132421     0.585526076346582      25    
54440.61826486173    20.507777393708544    0.6051414264221281     25    
54441.11826486173    20.0166621804705      0.607460175468844      25    
54441.61826486173    19.548516390502492    0.5948921891033236     25    
54442.11826486173    19.09894481561358     0.5858437849524972     25    
54442.61826486173    18.668018348330552    0.5848993760015736     25    
54443.11826486173    18.2532346567644      0.588097591798291      25    
54443.61826486173    17.851233648814546    0.5952975512850172     25    
54444.11826486173    17.462679962292476    0.6047949966850369     25    
54444.61826486173    17.084578851525162    0.60552717778047       25    
54445.11826486173    16.716895916361594    0.5972439124955048     25    
54445.61826486173    16.361259983318075    0.5869063319532521     25    
54446.11826486173    16.0176136499893      0.5818072190592224     25    
54446.61826486173    15.686954444735836    0.5676487351792875     25    
54447.11826486173    15.370616799746868    0.5180732319282156     25    
54447.61826486173    15.068287135097414    0.44122254907998626    25    
54448.11826486173    14.780920734209626    0.39807378887776745    25    
54448.61826486173    14.508692029082829    0.4008068931248791     25    
54449.11826486173    14.249836151354843    0.4067097811227866     25    
54449.61826486173    14.004356828848298    0.4027385280583965     25    
54450.11826486173    13.771184154619489    0.39802490444741206    25    
54450.61826486173    13.549090646307768    0.39345124156951017    25    
54451.11826486173    13.33814597594073     0.3889578582787836     25    
54451.61826486173    13.136414516490538    0.3860921756711068     25    
54452.11826486173    12.944292526124455    0.38482505771246517    25    
54452.61826486173    12.759929971286386    0.38460394804243586    25    
54453.11826486173    12.583225337060444    0.3803147243222326     25    
54453.61826486173    12.413166041239352    0.3847848246182861     25    
54454.11826486173    12.248545940638467    0.4172733322607373     25    
54454.61826486173    12.089418697909611    0.4610425080469132     25    
54455.11826486173    11.933855868748322    0.4831993187094491     25    
54455.61826486173    11.782255355250895    0.485613221367298      25    
54456.11826486173    11.632756653279767    0.4971048707424082     25    