54386.11826486173    7.321173421940303     2.1141495428806767    25    
54386.61826486173    8.578055553622484     2.1122253205428785    25    
54387.11826486173    9.920238848624473     2.1615557994773957    25    
54387.61826486173    11.34118007849246     2.454614863211183     25    
54388.11826486173    12.842094017136837    2.8697167347273806    25    
54388.61826486173    14.414693118534483    3.093809480838863     25    
54389.11826486173    16.06022872727478     3.1250853809791534    25    
54389.61826486173    17.772084473545956    3.1207743270579917    25    
54390.11826486173    19.548132778835686    3.1434444185421935    25    
54390.61826486173    21.386026248985168    3.1610842584648546    25    
54391.11826486173    23.279295971616882    3.172216502555051     25    
54391.61826486173    25.22911858367107     3.1775122283275437    25    
54392.11826486173    27.227208105415848    3.1789952572269984    25    
54392.61826486173    29.274850885828215    3.1751912334266317    25    
54393.11826486173    31.365360412206137    3.1733156202902757    25    
54393.61826486173    33.50087967910421     3.168188533020935     25    
54394.11826486173    35.67040998165131     3.1769070565303417    25    
54394.61826486173    37.87188702352356     3.2366567261999766    25    
54395.11826486173    40.09866026076056     3.3336043617972773    25    
54395.61826486173    42.22146088047269     3.423445780442159     25    
54396.11826486173    44.269730191079276    3.5073929386027385    25    
54396.61826486173    46.09832578314675     3.5784233346613012    25    
54397.11826486173    47.66010319390429     3.629671333876883     25    
54397.61826486173    48.9185111680933      3.666604363922878     25    
54398.11826486173    49.73007872626533     3.681654455255035     25    
54398.61826486173    50.13675475476468     3.6809231049969946    25    
54399.11826486173    50.22275938535859     3.7373107463517865    25    
54399.61826486173    49.953043173920115    3.8611110269414075    25    
54400.11826486173    49.495438225879006    3.9933865204995755    25    
54400.61826486173    48.89445870124667     4.141418433881535     25    
54401.11826486173    48.201753057135974    4.253414812065938     25    
54401.61826486173    47.56813926149923     4.2341519477463665    25    
54402.11826486173    46.95666150215685     4.10937291833359      25    
54402.61826486173    46.40300693893982     3.8705646559059352    25    
54403.11826486173    45.915551012831614    3.432792718948062     25    
54403.61826486173    45.4558599823464      3.054686559251971     25    
54404.11826486173    45.01661190656947     3.0041017600594766    25    
54404.61826486173    44.58678960474601     3.0845429696040645    25    
54405.11826486173    44.138833337044034    3.0887043604308637    25    
54405.61826486173    43.678780907863334    3.0740602595861093    25    
54406.11826486173    43.18935403347007     3.069631150123637     25    
54406.61826486173    42.67159129184088     3.067959148338434     25    
54407.11826486173    42.12029493328641     3.1059391152280917    25    
54407.61826486173    41.533788075884225    3.236079059186265     25    
54408.11826486173    40.909763738513504    3.3669169375253154    25    
54408.61826486173    40.24196716438069     3.393720155086729     25    
54409.11826486173    39.53204480823439     3.3480070736884544    25    
54409.61826486173    38.779198825641934    3.2108740493326615    25    
54410.11826486173    37.98273985807247     2.9266680498270974    25    
54410.61826486173    37.14615973693519     2.6942685060499687    25    
54411.11826486173    36.26956918118487     2.6924071458232572    25    
54411.61826486173    35.355342014461456    2.765787552367729     25    
54412.11826486173    34.40304765827043     2.761735758870381     25    
54412.61826486173    33.415636150225836    2.724971591801923     25    
54413.11826486173    32.42336104751318     2.678024891641862     25    
54413.61826486173    31.417171856373493    2.6049130448331432    25    
54414.11826486173    30.44215443985065     2.584606357165245     25    
54414.61826486173    29.507112249413566    2.690133554439729     25    
54415.11826486173    28.629858684890266    2.8175186265370105    25    
54415.61826486173    27.850274315086505    2.8512796310269466    25    
54416.11826486173    27.158803206953216    2.835457092220843     25    
54416.61826486173    26.57418274210032     2.856836137771894     25    
54417.11826486173    26.097858239493277    2.919221027475678     25    
54417.61826486173    25.720286235574104    2.988685102682171     25    
54418.11826486173    25.440731732136285    3.069897260465656     25    
54418.61826486173    25.25545392761802     3.1347924527788957    25    
54419.11826486173    25.160660316067545    3.139135246872207     25    
54419.61826486173    25.155049717734514    3.096854514866978     25    
54420.11826486173    25.21670358259564     3.0025669240521173    25    
54420.61826486173    25.352063410465096    2.8286749198844747    25    
54421.11826486173    25.528622162850123    2.69336987539716      25    
54421.61826486173    25.7410504940887      2.6816305910223726    25    
54422.11826486173    25.975506703948195    2.7178141963953077    25    
54422.61826486173    26.203129733853476    2.743636732528588     25    
54423.11826486173    26.431394360249993    2.7726770334654978    25    
54423.61826486173    26.64990610954892     2.772206535864385     25    
54424.11826486173    26.85568384339849     2.737197196421334     25    
54424.61826486173    27.067467803864652    2.7011957281052346    25    
54425.11826486173    27.287481158695424    2.671684160151239     25    
54425.61826486173    27.52329564191791     2.6541899864942553    25    
54426.11826486173    27.791782485274883    2.678655707454377     25    
54426.61826486173    28.08701892776098     2.726813336197532     25    
54427.11826486173    28.403589085368296    2.7171591449302737    25    
54427.61826486173    28.747777813114226    2.6358735808238754    25    
54428.11826486173    29.083924340480173    2.574904977556351     25    
54428.61826486173    29.407846236229314    2.5882931607599993    25    
54429.11826486173    29.703433085279755    2.617444954779906     25    
54429.61826486173    29.940741080843175    2.6151506824190465    25    
54430.11826486173    30.127454640735706    2.5948880567826986    25    
54430.61826486173    30.250215146284223    2.5460652964116686    25    
54431.11826486173    30.305670514198017    2.460782276214606     25    
54431.61826486173    30.317581133625268    2.3772558010930402    25    
54432.11826486173    30.28786867400434     2.3018789551506047    25    
54432.61826486173    30.227560430770808    2.250566845493722     25    
54433.11826486173    30.156098085859085    2.2660982149487685    25    
54433.61826486173    30.068236146083677    2.328169326214695     25    
54434.11826486173    29.971527128816724    2.3744357178798166    25    
54434.61826486173    29.86906411144179     2.3912839579039717    25    
54435.11826486173    29.739174111426983    2.4867066745499304    25    
54435.61826486173    29.58030768748978     2.7329928900431115    25    
54436.11826486173    29.381854631418992    2.979329147606298     25    
54436.61826486173    29.12563255856264     3.127449338212687     25    
54437.11826486173    28.816731051619726    3.210312944671361     25    
54437.61826486173    28.448568206279916    3.1367651080849877    25    
54438.11826486173    28.01752273614801     2.874721279165675     25    
54438.61826486173    27.549399382593723    2.559524217986683     25    
54439.11826486173    27.045681934922197    2.201341403343112     25    
54439.61826486173    26.51969615449387     1.8460549621379794    25    
54440.11826486173    25.991372401553733    1.709514775133844     25    
54440.61826486173    25.456741858617576    1.7520886855455213    25    
54441.11826486173    24.93324118605417     1.771310843713966     25    
54441.61826486173    24.42077506680383     1.7724373184463174    25    
54442.11826486173    23.912875508056366    1.8033193335569437    25    
54442.61826486173    23.409834272547844    1.8822237978676442    25    
54443.11826486173    22.90788306298486     1.9742775869001123    25    
54443.61826486173    22.401728638965388    2.065452790043606     25    
54444.11826486173    21.892794512846322    2.148126814395557     25    
54444.61826486173    21.378406570095137    2.1422327923162316    25    
54445.11826486173    20.85749837859604     2.042613919590584     25    
54445.61826486173    20.338745319942277    1.9105528359437396    25    
54446.11826486173    19.822356161092593    1.7526768522489076    25    
54446.61826486173    19.313259600334174    1.574262321671681     25    
54447.11826486173    18.817993862473035    1.3985512981572181    25    
54447.61826486173    18.335491068457298    1.2236793880573136    25    
54448.11826486173    17.872792494545042    1.1196159112036916    25    
54448.61826486173    17.429497749196145    1.1143643441000344    25    
54449.11826486173    17.00481828342233     1.1207383462810243    25    
54449.61826486173    16.599037355458595    1.1109872546048478    25    
54450.11826486173    16.211394266616047    1.1005102202478951    25    
54450.61826486173    15.841224204162874    1.084643469647351     25    
54451.11826486173    15.488564902939485    1.0655940765741274    25    
54451.61826486173    15.152368014282464    1.0483987869665332    25    
54452.11826486173    14.832848154289865    1.0324892009563522    25    
54452.61826486173    14.529003332300304    1.0197179185056695    25    
54453.11826486173    14.240778567150114    1.0073816857490958    25    
54453.61826486173    13.967625437481088    1.0042004009229586    25    
54454.11826486173    13.708890688003159    1.012228119210701     25    
54454.61826486173    13.464603382770763    1.0377640446130143    25    
54455.11826486173    13.233719063331954    1.10825821436782      25    
54455.61826486173    13.01645323614782     1.1983838376456353    25    
54456.11826486173    12.811798239619403    1.410499153464726     25    