#Date  :
#Flux  :
#Fluxerr  :
#ZP  :
#end  :
@INSTRUMENT  SDSS
@BAND  SDSS_r
@MAGSYS  AB
54146.70654  0.0  2.5699383411937697  25.0
54151.692885  0.0  2.5699383411937697  25.0
54156.679229999994  0.0  2.5699383411937697  25.0
54161.66557499999  0.0  2.5699383411937697  25.0
54166.65191999999  0.0  2.5699383411937697  25.0
54171.63826499999  0.0  2.5699383411937697  25.0
54176.624609999984  0.0  2.5699383411937697  25.0
54181.61095499998  0.0  2.5699383411937697  25.0
54186.59729999998  0.0  2.5699383411937697  25.0
54191.58364499998  0.0  2.5699383411937697  25.0
54196.569989999974  0.0  2.5699383411937697  25.0
54201.55633499997  0.0  2.5699383411937697  25.0
54206.54267999997  0.0  2.5699383411937697  25.0
54211.52902499997  0.0  2.5699383411937697  25.0
54216.515369999965  0.0  2.5699383411937697  25.0
54221.50171499996  0.0  2.5699383411937697  25.0
54226.48805999996  0.0  2.5699383411937697  25.0
54231.47440499996  0.0  2.5699383411937697  25.0
54236.460749999955  0.0  2.5699383411937697  25.0
54241.44709499995  0.0  2.5699383411937697  25.0
54246.43343999995  0.0  2.5699383411937697  25.0
54251.41978499995  0.0  2.5699383411937697  25.0
54256.406129999945  0.0  2.5699383411937697  25.0
54261.39247499994  0.0  2.5699383411937697  25.0
54266.37881999994  0.0  2.5699383411937697  25.0
54271.36516499994  0.0  2.5699383411937697  25.0
54276.351509999935  0.0  2.5699383411937697  25.0
54281.33785499993  0.0  2.5699383411937697  25.0
54286.32419999993  0.0  2.5699383411937697  25.0
54291.31054499993  0.0  2.5699383411937697  25.0
54296.296889999925  0.0  2.5699383411937697  25.0
54301.28323499992  0.0  2.5699383411937697  25.0
54306.26957999992  0.0  2.5699383411937697  25.0
54311.25592499992  0.0  2.5699383411937697  25.0
54316.242269999915  0.0  2.5699383411937697  25.0
54321.22861499991  0.0  2.5699383411937697  25.0
54326.21495999991  0.0  2.5699383411937697  25.0
54331.20130499991  0.0  2.5699383411937697  25.0
54336.187649999905  0.0  2.5699383411937697  25.0
54341.1739949999  0.0  2.5699383411937697  25.0
54346.1603399999  0.0  2.5699383411937697  25.0
54351.1466849999  0.0  2.5699383411937697  25.0
54356.133029999895  0.0  2.5699383411937697  25.0
54361.11937499989  0.0  2.5699383411937697  25.0
54366.10571999989  0.0  2.5699383411937697  25.0
54371.09206499989  0.0  2.5699383411937697  25.0
54376.078409999885  0.0  2.5699383411937697  25.0
54381.06475499988  0.0  2.5699383411937697  25.0
54346.16034  -3.2000515930140647  2.3029924565875275  25.0
54356.200958  0.5556103324296757  2.2510328559793096  25.0
54358.145809  -14.966564323340695  2.5699383411937697  25.0
54366.137969  -1.4812609951168196  4.816572500825294  25.0
54381.189054  -7.2248587512379405  2.648290119888702  25.0
54382.186281  -16.42638167376206  3.1065792956236193  25.0
54383.192145  -0.7854422166014763  2.228489537196908  25.0
54386.188713  -2.5330992592810646  1.9725403934601302  25.0
54388.192623  -2.8619018112780426  2.5644399707590373  25.0
54393.178039  -5.399399766906893  2.478115554933744  25.0
54396.108017  -8.643438323398815  6.004220514727421  25.0
54403.105317  23.83268664934616  2.3623748572826337  25.0
54406.098762  40.55048195614902  2.6499396310191212  25.0
54412.101233  59.162465877717075  2.460795688064338  25.0
54415.138331  57.34800363425549  2.453097969455713  25.0
54416.096565  60.31712366901081  2.6328946826714517  25.0
54421.101867  52.17953542560735  4.604885239088109  25.0
54423.093619  39.423316017028945  3.4337323364901784  25.0
54431.104942  16.07998433637394  8.14033742862083  25.0
