54394.75988279077    -1.0088027753595559    1.0088027754091196     25    
54395.25988279077    -0.7422527999451338    0.7422528000124964     25    
54395.75988279077    -0.3540308621724542    0.35403086231368486    25    
54396.25988279077    0.18270056348067984    0.18270056375435167    25    
54396.75988279077    0.8660296872230374     0.8660296872807722     25    
54397.25988279077    1.7313990651533886     1.731399065182267      25    
54397.75988279077    2.7729075785679056     2.7729075785859374     25    
54398.25988279077    4.025371410813986      4.025371410826407      25    
54398.75988279077    5.48813151760314       5.48813151761225       25    
54399.25988279077    7.186188807089787      6.11340572200768       25    
54399.75988279077    9.1332302100697        6.11415576323438       25    
54400.25988279077    11.3382291815324       6.10659198895717       25    
54400.75988279077    13.829732361708594     6.089705725910438      25    
54401.25988279077    16.60474521884984      6.06469908861972       25    
54401.75988279077    19.702307458963134     6.031230025097513      25    
54402.25988279077    23.121994256595816     5.9789482887538865     25    
54402.75988279077    26.85900569931009      5.994596126132394      25    
54403.25988279077    30.98932769132997      6.133644289702818      25    
54403.75988279077    35.27535824101535      6.276229163824736      25    
54404.25988279077    39.61966826271584      6.334904004291389      25    
54404.75988279077    43.91421953033762      6.36154548218259       25    
54405.25988279077    47.8169080238397       6.394540013620844      25    
54405.75988279077    51.37702854466265      6.424529792056454      25    
54406.25988279077    54.22333512764107      6.431473453995215      25    
54406.75988279077    56.33693510864016      6.407636175821913      25    
54407.25988279077    57.86245465711291      6.4040402433778025     25    
54407.75988279077    58.74806444031396      6.4407197170206425     25    
54408.25988279077    59.219624894915334     6.495797367839857      25    
54408.75988279077    59.43902381557775      6.574429686116216      25    
54409.25988279077    59.437602215527285     6.651471641814238      25    
54409.75988279077    59.49628901395778      6.713514541659305      25    
54410.25988279077    59.56365585692942      6.748932809170536      25    
54410.75988279077    59.69242475249801      6.255448394129463      25    
54411.25988279077    59.89706497758239      4.8229897097198275     25    
54411.75988279077    60.10516726308531      3.3991746347631513     25    
54412.25988279077    60.31073928775782      3.305968935321159      25    
54412.75988279077    60.47702203113047      3.65536101118978       25    
54413.25988279077    60.5734112779045       3.6615744283156983     25    
54413.75988279077    60.5815441520063       3.619842223443321      25    
54414.25988279077    60.41056639111139      3.569327771867058      25    
54414.75988279077    60.074901101762485     3.504566707758166      25    
54415.25988279077    59.44794082116287      3.5065079850832217     25    
54415.75988279077    58.540360197998965     3.6054463333399114     25    
54416.25988279077    57.264376540514796     3.67152428889184       25    
54416.75988279077    55.538652246987056     3.60173695222089       25    
54417.25988279077    53.47271386481473      3.5565300793514716     25    
54417.75988279077    51.109549594483354     3.7402164459952694     25    
54418.25988279077    48.500850740623356     4.012127493728711      25    
54418.75988279077    45.90268471791136      4.140558686632368      25    
54419.25988279077    43.272966013264885     4.165921864831396      25    
54419.75988279077    40.87879229673865      4.169019351970323      25    
54420.25988279077    38.73699477072844      4.155014195799833      25    
54420.75988279077    36.88379401595279      4.125204919460272      25    
54421.25988279077    35.37516509387325      4.06768976102467       25    
54421.75988279077    34.15454618748045      4.019506230280866      25    
54422.25988279077    33.18501600890413      4.05102129695947       25    
54422.75988279077    32.465922042576906     4.123438754373292      25    
54423.25988279077    31.940658624963007     4.151547525574188      25    
54423.75988279077    31.618891821470886     4.145781293102412      25    
54424.25988279077    31.441025207453997     4.0906365107229        25    
54424.75988279077    31.411181819780712     3.950171210770333      25    
54425.25988279077    31.482562318327446     3.8411707313617875     25    
54425.75988279077    31.637312241086054     3.8666224201930413     25    
54426.25988279077    31.855098076970535     3.9336032558635528     25    
54426.75988279077    32.089583302637976     3.954118830961816      25    
54427.25988279077    32.34604524245946      3.9527975768752643     25    
54427.75988279077    32.57728092491733      3.9218164412545096     25    
54428.25988279077    32.79002042018994      3.8547442686367317     25    
54428.75988279077    32.951221356857225     3.8280263962727914     25    
54429.25988279077    33.06154514527894      3.873971864808563      25    
54429.75988279077    33.09752174973713      3.9246633757229947     25    
54430.25988279077    33.03897133024734      3.943470789661693      25    
54430.75988279077    32.89427145735934      3.9472076071969635     25    
54431.25988279077    32.65668036902626      3.9152107406955494     25    
54431.75988279077    32.331989943146226     3.8677560632670365     25    
54432.25988279077    31.95357006251303      3.960206917840806      25    
54432.75988279077    31.516066124688624     4.201183580882953      25    
54433.25988279077    31.051848442290943     4.361132053700785      25    
54433.75988279077    30.56794291797364      4.382237126852939      25    
54434.25988279077    30.06475147785593      4.3558652804503035     25    
54434.75988279077    29.5531158168373       4.302662712152108      25    
54435.25988279077    29.020064798966157     4.243621363130425      25    
54435.75988279077    28.447906653684328     4.269421885189259      25    
54436.25988279077    27.838633963080536     4.352064488086935      25    
54436.75988279077    27.168092499231555     4.405121528294147      25    
54437.25988279077    26.43821561159018      4.4327998914387186     25    
54437.75988279077    25.63883832733849      4.424251569254316      25    
54438.25988279077    24.765270372659174     4.360207255103424      25    
54438.75988279077    23.822170037179564     4.281160473760665      25    
54439.25988279077    22.810490417763113     4.214988831389977      25    
54439.75988279077    21.73117096840198      4.160023948204215      25    
54440.25988279077    20.585764634016453     4.154847915764247      25    
54440.75988279077    19.374768275011643     4.188197647884347      25    
54441.25988279077    18.113773825857955     4.164071003605489      25    
54441.75988279077    16.797361290703968     4.059789138672607      25    
54442.25988279077    15.458465242972352     3.9957708561538294     25    
54442.75988279077    14.099904454500232     4.031780821038288      25    
54443.25988279077    12.741574817614222     4.098397592698775      25    
54443.75988279077    11.401272309575507     4.1688182861517555     25    
54444.25988279077    10.08522247057914      4.229348525953545      25    
54444.75988279077    8.8299735407333        4.223006789043162      25    
54445.25988279077    7.6300279452667406     4.157279605655242      25    
54445.75988279077    6.540358825129647      3.822800263989835      25    
54446.25988279077    5.554133001362266      2.9819216692180097     25    
54446.75988279077    4.718814294142518      2.130952373413421      25    
54447.25988279077    4.054802103312604      2.0110444399359992     25    
54447.75988279077    3.5572981960861396     2.167521178181478      25    
54448.25988279077    3.25027297284834       2.1284989604982725     25    
54448.75988279077    3.1070607480870445     2.0663046025703773     25    
54449.25988279077    3.062038200564256      2.037638972025084      25    
54449.75988279077    3.126060970077385      2.0367703691642047     25    
54450.25988279077    3.2171753360893436     2.056979176807083      25    
54450.75988279077    3.3377192602205774     2.1094738412558125     25    
54451.25988279077    3.4476091268272824     2.1385307404171603     25    
54451.75988279077    3.5201206090514945     2.1080708969137656     25    
54452.25988279077    3.5703722600537957     2.0546733926174623     25    
54452.75988279077    3.5988217591435445     2.026297221339209      25    
54453.25988279077    3.607526414569171      1.9885344821609832     25    
54453.75988279077    3.606447755147963      1.8127460372619963     25    
54454.25988279077    3.594056693254001      1.4533393217517232     25    
54454.75988279077    3.5780295751899085     1.1890196397095696     25    
54455.25988279077    3.559136489507818      1.2053986110332044     25    
54455.75988279077    3.5380277655026764     1.262659150642454      25    
54456.25988279077    3.5154759182261475     1.2436717123648418     25    
54456.75988279077    3.4917063472931407     1.211381791493052      25    
54457.25988279077    3.467578404044504      1.1757299975486217     25    
54457.75988279077    3.443058245778137      1.1359504777868685     25    
54458.25988279077    3.4193257040469196     1.1091306394090221     25    
54458.75988279077    3.3961812828721474     1.094704479681034      25    
54459.25988279077    3.374814860039154      1.0888196994481967     25    
54459.75988279077    3.355172500380929      1.0644683038382012     25    
54460.25988279077    3.338143012274835      1.118355253641066      25    
54460.75988279077    3.324128940110259      1.3429015241674904     25    
54461.25988279077    3.3134903443792276     1.5659064056217227     25    
54461.75988279077    3.3071476438658878     1.6339906384036502     25    
54462.25988279077    3.305026264934877      1.6295950292358654     25    
54462.75988279077    3.308325653453578      1.6867871888053825     25    