#Date  :
#Flux  :
#Fluxerr  :
#ZP  :
#end  :
@INSTRUMENT  SDSS
@BAND  SDSS_u
@MAGSYS  AB
54146.777265  0.0  5.925362937715602  25.0
54151.763609999995  0.0  5.925362937715602  25.0
54156.74995499999  0.0  5.925362937715602  25.0
54161.73629999999  0.0  5.925362937715602  25.0
54166.72264499999  0.0  5.925362937715602  25.0
54171.708989999985  0.0  5.925362937715602  25.0
54176.69533499998  0.0  5.925362937715602  25.0
54181.68167999998  0.0  5.925362937715602  25.0
54186.66802499998  0.0  5.925362937715602  25.0
54191.654369999975  0.0  5.925362937715602  25.0
54196.64071499997  0.0  5.925362937715602  25.0
54201.62705999997  0.0  5.925362937715602  25.0
54206.61340499997  0.0  5.925362937715602  25.0
54211.599749999965  0.0  5.925362937715602  25.0
54216.58609499996  0.0  5.925362937715602  25.0
54221.57243999996  0.0  5.925362937715602  25.0
54226.55878499996  0.0  5.925362937715602  25.0
54231.545129999955  0.0  5.925362937715602  25.0
54236.53147499995  0.0  5.925362937715602  25.0
54241.51781999995  0.0  5.925362937715602  25.0
54246.50416499995  0.0  5.925362937715602  25.0
54251.490509999945  0.0  5.925362937715602  25.0
54256.47685499994  0.0  5.925362937715602  25.0
54261.46319999994  0.0  5.925362937715602  25.0
54266.44954499994  0.0  5.925362937715602  25.0
54271.435889999935  0.0  5.925362937715602  25.0
54276.42223499993  0.0  5.925362937715602  25.0
54281.40857999993  0.0  5.925362937715602  25.0
54286.39492499993  0.0  5.925362937715602  25.0
54291.381269999925  0.0  5.925362937715602  25.0
54296.36761499992  0.0  5.925362937715602  25.0
54301.35395999992  0.0  5.925362937715602  25.0
54306.34030499992  0.0  5.925362937715602  25.0
54311.326649999915  0.0  5.925362937715602  25.0
54316.31299499991  0.0  5.925362937715602  25.0
54321.29933999991  0.0  5.925362937715602  25.0
54326.28568499991  0.0  5.925362937715602  25.0
54331.272029999905  0.0  5.925362937715602  25.0
54336.2583749999  0.0  5.925362937715602  25.0
54341.2447199999  0.0  5.925362937715602  25.0
54346.2310649999  0.0  5.925362937715602  25.0
54351.217409999896  0.0  5.925362937715602  25.0
54346.231065  -3.084320585323411  5.925362937715602  25.0
54356.272106  6.330826659267636  4.706175471531552  25.0
54358.217027  19.406332603938782  6.2581228195410645  25.0
54359.18315  -11.07055774913453  8.822331320666693  25.0
54365.24997  -0.9608092050019258  5.589806754362193  25.0
54373.323591  39.95914883433504  13.072709643143197  25.0
54382.25824  30.983020929631365  6.767049697627067  25.0
54386.260766  27.44290319525291  5.1479911129468725  25.0
54388.264721  24.257915754923477  5.259843174064675  25.0
54393.250237  10.70144594744578  4.913101784599486  25.0
54403.177661  2.169370725379785  7.018716835142123  25.0
54406.17114  1.4208008063488897  4.093785436911581  25.0
54412.173228  -3.0759316807395765  6.006455682026009  25.0
54416.169004  2.992042634901224  3.9679518681540533  25.0
54420.196805  0.7116587388620201  5.47795469324439  25.0
54421.174308  -4.7565088990345625  7.124976293204036  25.0
54425.166519  10.427408397707163  16.64917929738494  25.0
54431.177337  28.214682416965747  16.945587259347118  25.0
54433.172555  2.0376649234135717  5.010972338077564  25.0
