#Date  :
#Flux  :
#Fluxerr  :
#ZP  :
#end  :
@INSTRUMENT  PS
@BAND  PS_i
@MAGSYS  AB
54728.9446375  0.0  0.7515079117880978  25.0
54733.930982499995  0.0  0.7515079117880978  25.0
54738.91732749999  0.0  0.7515079117880978  25.0
54743.90367249999  0.0  0.7515079117880978  25.0
54748.89001749999  0.0  0.7515079117880978  25.0
54753.876362499985  0.0  0.7515079117880978  25.0
54758.86270749998  0.0  0.7515079117880978  25.0
54763.84905249998  0.0  0.7515079117880978  25.0
54768.83539749998  0.0  0.7515079117880978  25.0
54773.821742499975  0.0  0.7515079117880978  25.0
54778.80808749997  0.0  0.7515079117880978  25.0
54783.79443249997  0.0  0.7515079117880978  25.0
54788.78077749997  0.0  0.7515079117880978  25.0
54793.767122499965  0.0  0.7515079117880978  25.0
54798.75346749996  0.0  0.7515079117880978  25.0
54803.73981249996  0.0  0.7515079117880978  25.0
54808.72615749996  0.0  0.7515079117880978  25.0
54813.712502499955  0.0  0.7515079117880978  25.0
54818.69884749995  0.0  0.7515079117880978  25.0
54823.68519249995  0.0  0.7515079117880978  25.0
54828.67153749995  0.0  0.7515079117880978  25.0
54833.657882499945  0.0  0.7515079117880978  25.0
54838.64422749994  0.0  0.7515079117880978  25.0
54843.63057249994  0.0  0.7515079117880978  25.0
54848.61691749994  0.0  0.7515079117880978  25.0
54853.603262499935  0.0  0.7515079117880978  25.0
54858.58960749993  0.0  0.7515079117880978  25.0
54863.57595249993  0.0  0.7515079117880978  25.0
54868.56229749993  0.0  0.7515079117880978  25.0
54873.548642499925  0.0  0.7515079117880978  25.0
54878.53498749992  0.0  0.7515079117880978  25.0
54883.52133249992  0.0  0.7515079117880978  25.0
54888.50767749992  0.0  0.7515079117880978  25.0
54893.494022499915  0.0  0.7515079117880978  25.0
54898.48036749991  0.0  0.7515079117880978  25.0
54903.46671249991  0.0  0.7515079117880978  25.0
54908.45305749991  0.0  0.7515079117880978  25.0
54913.439402499906  0.0  0.7515079117880978  25.0
54918.4257474999  0.0  0.7515079117880978  25.0
54923.4120924999  0.0  0.7515079117880978  25.0
54928.3984374999  0.0  0.7515079117880978  25.0
54933.384782499896  0.0  0.7515079117880978  25.0
54938.37112749989  0.0  0.7515079117880978  25.0
54943.35747249989  0.0  0.7515079117880978  25.0
54948.34381749989  0.0  0.7515079117880978  25.0
54953.330162499886  0.0  0.7515079117880978  25.0
54958.31650749988  0.0  0.7515079117880978  25.0
54963.30285249988  0.0  0.7515079117880978  25.0
54968.28919749988  0.0  0.7515079117880978  25.0
54973.275542499876  0.0  0.7515079117880978  25.0
54978.26188749987  0.0  0.7515079117880978  25.0
54983.24823249987  0.0  0.7515079117880978  25.0
54988.23457749987  0.0  0.7515079117880978  25.0
54993.220922499866  0.0  0.7515079117880978  25.0
54998.20726749986  0.0  0.7515079117880978  25.0
55003.19361249986  0.0  0.7515079117880978  25.0
55008.17995749986  0.0  0.7515079117880978  25.0
55013.166302499856  0.0  0.7515079117880978  25.0
55018.15264749985  0.0  0.7515079117880978  25.0
55023.13899249985  0.0  0.7515079117880978  25.0
55028.12533749985  0.0  0.7515079117880978  25.0
55033.111682499846  0.0  0.7515079117880978  25.0
55038.098027499844  0.0  0.7515079117880978  25.0
55043.08437249984  0.0  0.7515079117880978  25.0
55048.07071749984  0.0  0.7515079117880978  25.0
55053.057062499836  0.0  0.7515079117880978  25.0
55058.043407499834  0.0  0.7515079117880978  25.0
55063.02975249983  0.0  0.7515079117880978  25.0
55068.01609749983  0.0  0.7515079117880978  25.0
55073.00244249983  0.0  0.7515079117880978  25.0
55077.988787499824  0.0  0.7515079117880978  25.0
55082.97513249982  0.0  0.7515079117880978  25.0
55087.96147749982  0.0  0.7515079117880978  25.0
55092.94782249982  0.0  0.7515079117880978  25.0
55097.934167499814  0.0  0.7515079117880978  25.0
55102.92051249981  0.0  0.7515079117880978  25.0
55107.90685749981  0.0  0.7515079117880978  25.0
55112.89320249981  0.0  0.7515079117880978  25.0
55117.879547499804  0.0  0.7515079117880978  25.0
55122.8658924998  0.0  0.7515079117880978  25.0
55127.8522374998  0.0  0.7515079117880978  25.0
55132.8385824998  0.0  0.7515079117880978  25.0
55137.824927499794  0.0  0.7515079117880978  25.0
55142.81127249979  0.0  0.7515079117880978  25.0
55147.79761749979  0.0  0.7515079117880978  25.0
55152.78396249979  0.0  0.7515079117880978  25.0
55157.770307499784  0.0  0.7515079117880978  25.0
55162.75665249978  0.0  0.7515079117880978  25.0
55167.74299749978  0.0  0.7515079117880978  25.0
55172.72934249978  0.0  0.7515079117880978  25.0
55177.715687499775  0.0  0.7515079117880978  25.0
55182.70203249977  0.0  0.7515079117880978  25.0
55187.68837749977  0.0  0.7515079117880978  25.0
55192.67472249977  0.0  0.7515079117880978  25.0
55197.661067499765  0.0  0.7515079117880978  25.0
55202.64741249976  0.0  0.7515079117880978  25.0
55207.63375749976  0.0  0.7515079117880978  25.0
55212.62010249976  0.0  0.7515079117880978  25.0
55217.606447499755  0.0  0.7515079117880978  25.0
55222.59279249975  0.0  0.7515079117880978  25.0
55227.57913749975  0.0  0.7515079117880978  25.0
55232.56548249975  0.0  0.7515079117880978  25.0
55237.551827499745  0.0  0.7515079117880978  25.0
55242.53817249974  0.0  0.7515079117880978  25.0
55247.52451749974  0.0  0.7515079117880978  25.0
55252.51086249974  0.0  0.7515079117880978  25.0
55257.497207499735  0.0  0.7515079117880978  25.0
55262.48355249973  0.0  0.7515079117880978  25.0
55267.46989749973  0.0  0.7515079117880978  25.0
55272.45624249973  0.0  0.7515079117880978  25.0
55277.442587499725  0.0  0.7515079117880978  25.0
55282.42893249972  0.0  0.7515079117880978  25.0
55287.41527749972  0.0  0.7515079117880978  25.0
55292.40162249972  0.0  0.7515079117880978  25.0
55297.387967499715  0.0  0.7515079117880978  25.0
55302.37431249971  0.0  0.7515079117880978  25.0
54928.3984375  -5.47617648743482  12.07134459116703  25.0
55180.6015625  1.0578341510325364  0.6400407043342783  25.0
55183.6015625  -0.09895108009707532  0.9045974241344573  25.0
55204.5  0.21557200219484424  0.5292115514287854  25.0
55207.6015625  0.12663381696180248  0.3478994180091474  25.0
55210.6015625  0.35889398116412585  1.0558707910461074  25.0
55219.5  0.13173844058472942  0.4308494816680927  25.0
55222.5  -0.0876620176250404  0.609413009405795  25.0
55231.5  0.122412691290045  0.8060390370987531  25.0
55234.5  0.12133286436159439  0.6037193871487551  25.0
55237.5  0.09080332221948206  0.46530564431377125  25.0
55240.5  0.8065297834772035  0.4987801737753137  25.0
55243.3984375  -0.6318929289032806  0.9325746486139714  25.0
55246.3984375  0.03848097396799184  0.7149411746042709  25.0
55249.5  -1.0154265302308718  0.43683757983765  25.0
55252.5  0.15559272143453098  1.1314584653967972  25.0
55258.5  0.7596065844958033  1.8599465617765885  25.0
55264.5  -1.190848700713919  1.307076953154856  25.0
55276.5  -0.8566925451598427  0.9023396350445896  25.0
55288.3984375  -1.7974148755866548  2.1254849147609036  25.0
55330.30078125  11.628028166781373  0.7522441717830086  25.0
55339.30078125  20.541084846855107  4.250969829521807  25.0
55348.30078125  11.912610138005217  0.8706321014853861  25.0
55561.6015625  0.09983456634597519  0.5677907045132549  25.0
55570.6015625  -0.4144558189776701  1.045465226525242  25.0
55576.6015625  1.4743514418250627  0.8786816714697996  25.0
55585.3984375  -0.3361195389450445  1.017880730213908  25.0
55588.6015625  -0.21851697196086997  0.6423966988707303  25.0
55594.5  0.3349415416768185  0.6106891653115267  25.0
55615.5  -1.5615225843466871  2.1919431336873814  25.0
55633.3984375  0.24757403507110423  0.4540166052462755  25.0
55636.3984375  1.2253049569777545  1.4616880882143295  25.0
55645.5  -1.0090457975112914  0.6347397634363398  25.0
55651.5  -0.19672416292592465  0.5437401063884418  25.0
55663.30078125  -0.6554527338405649  0.7147448573292594  25.0
55666.30078125  -1.6567434840890387  0.9955970811823553  25.0
55672.30078125  0.16668544322701515  0.7138613359735507  25.0
55675.30078125  0.09639876828561184  0.5828100526604401  25.0
55681.30078125  0.04819938414280592  0.5778036344840972  25.0
55693.30078125  9.238771473656787  21.976366529644487  25.0
55705.30078125  0.08304822814758589  0.4867058187986935  25.0
55711.30078125  -0.05222418083728226  0.581828419476304  25.0
55720.30078125  2.7580650477448816  3.302688675489032  25.0
55723.30078125  1.2921558104542552  1.0197457911355958  25.0
55945.6015625  0.09031249392514445  0.5100692596518879  25.0
55948.6015625  -0.4381137357433817  0.8624843260543884  25.0
55950.6015625  0.13664672352810564  0.5414822704894956  25.0
55956.6015625  -0.5995963967099641  0.6846079555883049  25.0
55960.6015625  0.011681724814948264  0.6036212285112493  25.0
55968.5  0.0777472755473778  0.6839207983166862  25.0
55971.5  -0.0004908287514575283  0.5894853549106944  25.0
55979.6015625  0.05114435975996645  1.030936718374664  25.0
55985.6015625  -0.4722754224765429  0.750771651793187  25.0
55998.5  -1.4731734445568367  1.7983965555798693  25.0
56007.3984375  0.6752822296981598  0.7662818867460577  25.0
56015.30078125  0.32139466671037664  0.5204748241727533  25.0
56019.30078125  0.1877910832880721  0.8126160870933449  25.0
56027.3984375  -1.198309318873298  1.1345016172048679  25.0
56030.30078125  0.1762075214989807  0.2882146599704299  25.0
56033.30078125  0.27064297660724207  0.635034239348857  25.0
56038.30078125  0.02081113928121675  0.42515585941105277  25.0
56041.30078125  0.6079404894159733  0.44380735800042165  25.0
56044.30078125  0.7479248640692061  0.9311021286241496  25.0
56048.3984375  0.6518205833983812  0.8976276459716857  25.0
56057.3984375  0.525088607799073  1.5445399698312299  25.0
56063.30078125  -0.7497900186090509  0.6331690848090124  25.0
56066.30078125  -2.9314256527949154  1.2466069260160926  25.0
56068.30078125  -0.13939536431685023  0.6030322298771363  25.0
56323.5  1.2882291840995541  0.9516188285624417  25.0
56326.5  -0.8213528143493771  0.7290770482048258  25.0
56332.6015625  0.8628769606044114  0.643476490692372  25.0
56337.6015625  -0.3556545120810436  0.6243341989154744  25.0
56352.3984375  1.734392443018271  1.7646275502058095  25.0
56355.3984375  0.6606555161009976  0.7142540173326521  25.0
56358.5  -0.40719151809330273  0.9327709658889829  25.0
56369.3984375  -1.4030831219972537  1.3677433911867882  25.0
56385.3984375  -0.1420458464680891  0.9487719940293825  25.0
56388.3984375  -0.28114672317015243  0.7881728544185088  25.0
56391.3984375  0.42014944123471004  0.9802832103135745  25.0
56393.30078125  1.1308695135717628  0.7036521355367752  25.0
56396.30078125  0.9011616377763636  1.161693478966179  25.0
56399.3984375  0.34230397779415245  0.7583304285900716  25.0
56403.30078125  -0.017473504246710264  0.889479870540688  25.0
56411.30078125  -0.733298150472044  3.79381177340272  25.0
56414.30078125  -1.3841371474953676  0.8092785061818354  25.0
56417.30078125  -0.64701048249705  0.6101001666774137  25.0
56420.30078125  -0.6865712687656554  0.47237358111404865  25.0
56422.30078125  -0.11063280052367247  0.462655173864802  25.0
56428.30078125  0.15009543985704177  0.9526986203840835  25.0
56444.30078125  -0.8418695142876691  0.6259048307337234  25.0
