#Date  :
#Flux  :
#Fluxerr  :
#ZP  :
#end  :
@INSTRUMENT  PS
@BAND  PS_g
@MAGSYS  AB
54812.1477625  0.0  1.1310915985705237  25.0
54817.134107499995  0.0  1.1310915985705237  25.0
54822.12045249999  0.0  1.1310915985705237  25.0
54827.10679749999  0.0  1.1310915985705237  25.0
54832.09314249999  0.0  1.1310915985705237  25.0
54837.079487499985  0.0  1.1310915985705237  25.0
54842.06583249998  0.0  1.1310915985705237  25.0
54847.05217749998  0.0  1.1310915985705237  25.0
54852.03852249998  0.0  1.1310915985705237  25.0
54857.024867499975  0.0  1.1310915985705237  25.0
54862.01121249997  0.0  1.1310915985705237  25.0
54866.99755749997  0.0  1.1310915985705237  25.0
54871.98390249997  0.0  1.1310915985705237  25.0
54876.970247499965  0.0  1.1310915985705237  25.0
54881.95659249996  0.0  1.1310915985705237  25.0
54886.94293749996  0.0  1.1310915985705237  25.0
54891.92928249996  0.0  1.1310915985705237  25.0
54896.915627499955  0.0  1.1310915985705237  25.0
54901.90197249995  0.0  1.1310915985705237  25.0
54906.88831749995  0.0  1.1310915985705237  25.0
54911.87466249995  0.0  1.1310915985705237  25.0
54916.861007499945  0.0  1.1310915985705237  25.0
54921.84735249994  0.0  1.1310915985705237  25.0
54926.83369749994  0.0  1.1310915985705237  25.0
54931.82004249994  0.0  1.1310915985705237  25.0
54936.806387499935  0.0  1.1310915985705237  25.0
54941.79273249993  0.0  1.1310915985705237  25.0
54946.77907749993  0.0  1.1310915985705237  25.0
54951.76542249993  0.0  1.1310915985705237  25.0
54956.751767499925  0.0  1.1310915985705237  25.0
54961.73811249992  0.0  1.1310915985705237  25.0
54966.72445749992  0.0  1.1310915985705237  25.0
54971.71080249992  0.0  1.1310915985705237  25.0
54976.697147499915  0.0  1.1310915985705237  25.0
54981.68349249991  0.0  1.1310915985705237  25.0
54986.66983749991  0.0  1.1310915985705237  25.0
54991.65618249991  0.0  1.1310915985705237  25.0
54996.642527499906  0.0  1.1310915985705237  25.0
55001.6288724999  0.0  1.1310915985705237  25.0
55006.6152174999  0.0  1.1310915985705237  25.0
55011.6015624999  0.0  1.1310915985705237  25.0
55016.587907499896  0.0  1.1310915985705237  25.0
55021.57425249989  0.0  1.1310915985705237  25.0
55026.56059749989  0.0  1.1310915985705237  25.0
55031.54694249989  0.0  1.1310915985705237  25.0
55036.533287499886  0.0  1.1310915985705237  25.0
55041.51963249988  0.0  1.1310915985705237  25.0
55046.50597749988  0.0  1.1310915985705237  25.0
55051.49232249988  0.0  1.1310915985705237  25.0
55056.478667499876  0.0  1.1310915985705237  25.0
55061.46501249987  0.0  1.1310915985705237  25.0
55066.45135749987  0.0  1.1310915985705237  25.0
55071.43770249987  0.0  1.1310915985705237  25.0
55076.424047499866  0.0  1.1310915985705237  25.0
55081.41039249986  0.0  1.1310915985705237  25.0
55086.39673749986  0.0  1.1310915985705237  25.0
55091.38308249986  0.0  1.1310915985705237  25.0
55096.369427499856  0.0  1.1310915985705237  25.0
55101.35577249985  0.0  1.1310915985705237  25.0
55106.34211749985  0.0  1.1310915985705237  25.0
55111.32846249985  0.0  1.1310915985705237  25.0
55116.314807499846  0.0  1.1310915985705237  25.0
55121.301152499844  0.0  1.1310915985705237  25.0
55126.28749749984  0.0  1.1310915985705237  25.0
55131.27384249984  0.0  1.1310915985705237  25.0
55136.260187499836  0.0  1.1310915985705237  25.0
55141.246532499834  0.0  1.1310915985705237  25.0
55146.23287749983  0.0  1.1310915985705237  25.0
55151.21922249983  0.0  1.1310915985705237  25.0
55156.20556749983  0.0  1.1310915985705237  25.0
55161.191912499824  0.0  1.1310915985705237  25.0
55166.17825749982  0.0  1.1310915985705237  25.0
55171.16460249982  0.0  1.1310915985705237  25.0
55176.15094749982  0.0  1.1310915985705237  25.0
55181.137292499814  0.0  1.1310915985705237  25.0
55186.12363749981  0.0  1.1310915985705237  25.0
55191.10998249981  0.0  1.1310915985705237  25.0
55196.09632749981  0.0  1.1310915985705237  25.0
55201.082672499804  0.0  1.1310915985705237  25.0
55206.0690174998  0.0  1.1310915985705237  25.0
55211.0553624998  0.0  1.1310915985705237  25.0
55216.0417074998  0.0  1.1310915985705237  25.0
55221.028052499794  0.0  1.1310915985705237  25.0
55226.01439749979  0.0  1.1310915985705237  25.0
55231.00074249979  0.0  1.1310915985705237  25.0
55235.98708749979  0.0  1.1310915985705237  25.0
55240.973432499784  0.0  1.1310915985705237  25.0
55245.95977749978  0.0  1.1310915985705237  25.0
55250.94612249978  0.0  1.1310915985705237  25.0
55255.93246749978  0.0  1.1310915985705237  25.0
55260.918812499775  0.0  1.1310915985705237  25.0
55265.90515749977  0.0  1.1310915985705237  25.0
55270.89150249977  0.0  1.1310915985705237  25.0
55275.87784749977  0.0  1.1310915985705237  25.0
55280.864192499765  0.0  1.1310915985705237  25.0
55285.85053749976  0.0  1.1310915985705237  25.0
55290.83688249976  0.0  1.1310915985705237  25.0
55295.82322749976  0.0  1.1310915985705237  25.0
55300.809572499755  0.0  1.1310915985705237  25.0
55305.79591749975  0.0  1.1310915985705237  25.0
55310.78226249975  0.0  1.1310915985705237  25.0
55315.76860749975  0.0  1.1310915985705237  25.0
55320.754952499745  0.0  1.1310915985705237  25.0
55325.74129749974  0.0  1.1310915985705237  25.0
55330.72764249974  0.0  1.1310915985705237  25.0
55335.71398749974  0.0  1.1310915985705237  25.0
55340.700332499735  0.0  1.1310915985705237  25.0
55345.68667749973  0.0  1.1310915985705237  25.0
55350.67302249973  0.0  1.1310915985705237  25.0
55355.65936749973  0.0  1.1310915985705237  25.0
55360.645712499725  0.0  1.1310915985705237  25.0
55365.63205749972  0.0  1.1310915985705237  25.0
55370.61840249972  0.0  1.1310915985705237  25.0
55375.60474749972  0.0  1.1310915985705237  25.0
55380.591092499715  0.0  1.1310915985705237  25.0
55385.57743749971  0.0  1.1310915985705237  25.0
55390.56378249971  0.0  1.1310915985705237  25.0
55395.55012749971  0.0  1.1310915985705237  25.0
55400.536472499705  0.0  1.1310915985705237  25.0
55405.5228174997  0.0  1.1310915985705237  25.0
55410.5091624997  0.0  1.1310915985705237  25.0
55415.4955074997  0.0  1.1310915985705237  25.0
55420.481852499695  0.0  1.1310915985705237  25.0
55425.46819749969  0.0  1.1310915985705237  25.0
55430.45454249969  0.0  1.1310915985705237  25.0
55435.44088749969  0.0  1.1310915985705237  25.0
55440.427232499685  0.0  1.1310915985705237  25.0
55445.41357749968  0.0  1.1310915985705237  25.0
55450.39992249968  0.0  1.1310915985705237  25.0
55455.38626749968  0.0  1.1310915985705237  25.0
55460.372612499676  0.0  1.1310915985705237  25.0
55465.35895749967  0.0  1.1310915985705237  25.0
55470.34530249967  0.0  1.1310915985705237  25.0
55475.33164749967  0.0  1.1310915985705237  25.0
55480.317992499666  0.0  1.1310915985705237  25.0
55485.30433749966  0.0  1.1310915985705237  25.0
55490.29068249966  0.0  1.1310915985705237  25.0
55495.27702749966  0.0  1.1310915985705237  25.0
55500.263372499656  0.0  1.1310915985705237  25.0
55505.24971749965  0.0  1.1310915985705237  25.0
55510.23606249965  0.0  1.1310915985705237  25.0
55515.22240749965  0.0  1.1310915985705237  25.0
55520.208752499646  0.0  1.1310915985705237  25.0
55525.19509749964  0.0  1.1310915985705237  25.0
55530.18144249964  0.0  1.1310915985705237  25.0
55535.16778749964  0.0  1.1310915985705237  25.0
55540.154132499636  0.0  1.1310915985705237  25.0
55545.14047749963  0.0  1.1310915985705237  25.0
55550.12682249963  0.0  1.1310915985705237  25.0
55555.11316749963  0.0  1.1310915985705237  25.0
55560.099512499626  0.0  1.1310915985705237  25.0
55565.085857499624  0.0  1.1310915985705237  25.0
55570.07220249962  0.0  1.1310915985705237  25.0
55575.05854749962  0.0  1.1310915985705237  25.0
55580.044892499616  0.0  1.1310915985705237  25.0
55585.031237499614  0.0  1.1310915985705237  25.0
55590.01758249961  0.0  1.1310915985705237  25.0
55595.00392749961  0.0  1.1310915985705237  25.0
55599.99027249961  0.0  1.1310915985705237  25.0
55604.976617499604  0.0  1.1310915985705237  25.0
55609.9629624996  0.0  1.1310915985705237  25.0
55614.9493074996  0.0  1.1310915985705237  25.0
55619.9356524996  0.0  1.1310915985705237  25.0
55624.921997499594  0.0  1.1310915985705237  25.0
55629.90834249959  0.0  1.1310915985705237  25.0
55634.89468749959  0.0  1.1310915985705237  25.0
55639.88103249959  0.0  1.1310915985705237  25.0
55644.867377499584  0.0  1.1310915985705237  25.0
55649.85372249958  0.0  1.1310915985705237  25.0
55654.84006749958  0.0  1.1310915985705237  25.0
55659.82641249958  0.0  1.1310915985705237  25.0
55664.812757499574  0.0  1.1310915985705237  25.0
55669.79910249957  0.0  1.1310915985705237  25.0
55674.78544749957  0.0  1.1310915985705237  25.0
55679.77179249957  0.0  1.1310915985705237  25.0
55684.758137499564  0.0  1.1310915985705237  25.0
55689.74448249956  0.0  1.1310915985705237  25.0
55694.73082749956  0.0  1.1310915985705237  25.0
55699.71717249956  0.0  1.1310915985705237  25.0
55704.703517499554  0.0  1.1310915985705237  25.0
55709.68986249955  0.0  1.1310915985705237  25.0
55714.67620749955  0.0  1.1310915985705237  25.0
55719.66255249955  0.0  1.1310915985705237  25.0
55724.648897499545  0.0  1.1310915985705237  25.0
55729.63524249954  0.0  1.1310915985705237  25.0
55734.62158749954  0.0  1.1310915985705237  25.0
55739.60793249954  0.0  1.1310915985705237  25.0
55744.594277499535  0.0  1.1310915985705237  25.0
55749.58062249953  0.0  1.1310915985705237  25.0
55754.56696749953  0.0  1.1310915985705237  25.0
55759.55331249953  0.0  1.1310915985705237  25.0
55764.539657499525  0.0  1.1310915985705237  25.0
55769.52600249952  0.0  1.1310915985705237  25.0
55774.51234749952  0.0  1.1310915985705237  25.0
55779.49869249952  0.0  1.1310915985705237  25.0
55784.485037499515  0.0  1.1310915985705237  25.0
55011.6015625  -1.970037119628055  1.505922600720128  25.0
55014.6015625  0.1991633077624448  1.5576130979380478  25.0
55029.6015625  -0.527402849393117  0.9408266621023166  25.0
55038.6015625  -9.117820250220213  8.095109030255887  25.0
55074.3984375  -1.7218828004581896  2.4611465204784406  25.0
55086.3984375  -0.6576788467868551  1.1662851387348376  25.0
55089.3984375  0.26795064379672556  0.816449627189039  25.0
55092.3984375  0.14887257041382085  1.0988975744885858  25.0
55095.3984375  0.2855473900414161  0.8820374627158919  25.0
55098.30078125  0.45561608070759263  0.9112321614151853  25.0
55389.5  0.31974109151160474  0.6852737654356015  25.0
55398.5  -1.894151021831603  3.4262689005185143  25.0
55410.5  0.3654326757521043  1.2491699166904358  25.0
55413.5  -1.010613801074523  0.9345278499590851  25.0
55416.5  -0.4871102844485488  0.7057699819158428  25.0
55422.5  -1.07770148999243  1.0403083237710131  25.0
55425.3984375  0.06708764124297396  1.088299532240508  25.0
55428.5  1.979235330494438  1.0023153115430408  25.0
55440.5  -0.1597705714213764  0.8177493412115093  25.0
55443.5  0.4560159780452964  0.8063514089381578  25.0
55446.5  0.3188412509893717  1.0229115500326411  25.0
55449.3984375  1.432236128980779  1.2075775423735313  25.0
55452.3984375  0.5971899883653234  0.9813191757157366  25.0
55455.3984375  0.12797642083967595  1.1768831809829157  25.0
55458.30078125  -3.6963191722004503  4.306506825214739  25.0
55467.30078125  -0.4125239960244331  1.4404345965029024  25.0
55473.30078125  -3.072234085527362  1.4792274987561482  25.0
55479.19921875  0.5360012619278771  1.1060962033165838  25.0
55482.19921875  1.0072144830043088  1.3357538880445927  25.0
55500.19921875  0.2763490838251673  0.8384455063606027  25.0
55503.30078125  -0.7060699049191207  1.0835003827885987  25.0
55512.30078125  -3.4748599549945647  3.455263269149492  25.0
55530.19921875  -3.424869164486685  1.8596574450330696  25.0
55536.30078125  -4.00826159817777  1.5129212808792742  25.0
55743.6015625  -0.8389454257076653  1.1334911732964783  25.0
55764.6015625  -0.10298102558573612  1.5181203276688873  25.0
55767.6015625  -0.19186465692508797  0.975320334250716  25.0
55770.5  -0.6902728158814296  0.9062330632944241  25.0
55773.6015625  1.1278922291691615  0.8878364508619266  25.0
55776.6015625  0.16756912968706275  0.8414450224429789  25.0
55779.6015625  1.2030783635998328  0.7362643469626735  25.0
55782.3984375  -3.4434658209379005  2.959454836206422  25.0
55791.6015625  -6.162564812809011  3.90148119032185  25.0
55794.5  -2.492040830537908  0.9669218227098748  25.0
55797.5  5.974099319010604  0.6571789274397923  25.0
55800.30078125  19.19086461089847  2.4082563312474097  25.0
55803.5  56.02337667185183  1.1478885263023402  25.0
55806.3984375  85.4330588068567  1.7277817152637174  25.0
55809.30078125  114.10168483506162  2.083016222267981  25.0
55812.3984375  127.16886983407454  2.5229351405973754  25.0
55821.30078125  106.4784798356608  1.4556318395340377  25.0
55824.30078125  86.46887262399746  1.571510531596847  25.0
55828.30078125  72.72130149367642  1.551914131801372  25.0
55830.30078125  55.03815778196948  1.5268187145380734  25.0
55833.30078125  46.02642074138552  1.3203567916944714  25.0
55836.19921875  34.56743251628487  1.350651160397517  25.0
55839.3984375  24.878116444445727  2.5158365337787365  25.0
55852.30078125  10.2942034165062  0.8206488352845267  25.0
55855.19921875  9.923671549111576  0.9395269480798463  25.0
55858.19921875  9.735906304728548  1.1238929697425257  25.0
55860.19921875  8.450643507938363  1.128692023844569  25.0
55863.30078125  8.0251214658655  1.0645039243495453  25.0
56147.5  0.4292209494218236  1.036709057031947  25.0
56150.5  1.3763464236673717  0.8813375946999773  25.0
56153.6015625  -0.17376799133333473  1.1248928084366512  25.0
56155.5  -0.7698581547513735  0.7145683431194548  25.0
56161.30078125  0.1338753356452036  1.9246454345533668  25.0
56164.3984375  -0.5866919204516713  1.664893329791164  25.0
56176.3984375  0.1323756133602152  1.4118399345098964  25.0
56206.19921875  0.2735496117615089  0.8615412462356505  25.0
56209.19921875  1.980635066526267  0.7479622022393029  25.0
56214.19921875  -10.338994969524736  3.7120160485290503  25.0
56217.30078125  -0.23005762974064556  0.7924540229542917  25.0
56220.30078125  -1.8915515937866625  1.3664482494352082  25.0
56475.5  -1.095098263730802  1.028310545491106  25.0
56480.5  -0.09118320193404743  1.2036782096063885  25.0
56486.6015625  -0.5652958396117305  0.7719578064740503  25.0
56489.5  -0.27384955860225324  0.8198489452592531  25.0
56501.3984375  -1.6936880358028876  1.2005788622143851  25.0
56507.6015625  0.4265214040176582  0.9106322200587637  25.0
56512.5  -0.6460809658446517  0.9688214780887667  25.0
56518.5  -0.2887468071177113  0.9107322420681226  25.0
56531.5  1.6538952948555163  1.8847527669465023  25.0
56534.5  2.026626692957377  1.1769832029922747  25.0
56539.3984375  1.3552503611805746  0.9291288545006202  25.0
56545.30078125  0.3754308481561601  1.3494513730345399  25.0
56548.30078125  -0.021196094925047575  2.003230887054252  25.0
56563.30078125  -1.959239128711125  1.724582345862355  25.0
56571.19921875  0.7155681818135803  1.0294103108447243  25.0
56574.19921875  -1.093598505689614  2.029726135699246  25.0
56590.30078125  -0.6568790044365146  0.6490804342520949  25.0
56593.30078125  0.3510353227462425  0.9268293017840245  25.0
56601.19921875  0.08908358596757036  2.823579751660568  25.0
56628.30078125  0.5281027174090316  6.716462863172189  25.0
