#Date  :
#Flux  :
#Fluxerr  :
#ZP  :
#end  :
@INSTRUMENT  PS
@BAND  PS_r
@MAGSYS  AB
54815.1477625  0.0  0.9607309609316633  25.0
54820.134107499995  0.0  0.9607309609316633  25.0
54825.12045249999  0.0  0.9607309609316633  25.0
54830.10679749999  0.0  0.9607309609316633  25.0
54835.09314249999  0.0  0.9607309609316633  25.0
54840.079487499985  0.0  0.9607309609316633  25.0
54845.06583249998  0.0  0.9607309609316633  25.0
54850.05217749998  0.0  0.9607309609316633  25.0
54855.03852249998  0.0  0.9607309609316633  25.0
54860.024867499975  0.0  0.9607309609316633  25.0
54865.01121249997  0.0  0.9607309609316633  25.0
54869.99755749997  0.0  0.9607309609316633  25.0
54874.98390249997  0.0  0.9607309609316633  25.0
54879.970247499965  0.0  0.9607309609316633  25.0
54884.95659249996  0.0  0.9607309609316633  25.0
54889.94293749996  0.0  0.9607309609316633  25.0
54894.92928249996  0.0  0.9607309609316633  25.0
54899.915627499955  0.0  0.9607309609316633  25.0
54904.90197249995  0.0  0.9607309609316633  25.0
54909.88831749995  0.0  0.9607309609316633  25.0
54914.87466249995  0.0  0.9607309609316633  25.0
54919.861007499945  0.0  0.9607309609316633  25.0
54924.84735249994  0.0  0.9607309609316633  25.0
54929.83369749994  0.0  0.9607309609316633  25.0
54934.82004249994  0.0  0.9607309609316633  25.0
54939.806387499935  0.0  0.9607309609316633  25.0
54944.79273249993  0.0  0.9607309609316633  25.0
54949.77907749993  0.0  0.9607309609316633  25.0
54954.76542249993  0.0  0.9607309609316633  25.0
54959.751767499925  0.0  0.9607309609316633  25.0
54964.73811249992  0.0  0.9607309609316633  25.0
54969.72445749992  0.0  0.9607309609316633  25.0
54974.71080249992  0.0  0.9607309609316633  25.0
54979.697147499915  0.0  0.9607309609316633  25.0
54984.68349249991  0.0  0.9607309609316633  25.0
54989.66983749991  0.0  0.9607309609316633  25.0
54994.65618249991  0.0  0.9607309609316633  25.0
54999.642527499906  0.0  0.9607309609316633  25.0
55004.6288724999  0.0  0.9607309609316633  25.0
55009.6152174999  0.0  0.9607309609316633  25.0
55014.6015624999  0.0  0.9607309609316633  25.0
55019.587907499896  0.0  0.9607309609316633  25.0
55024.57425249989  0.0  0.9607309609316633  25.0
55029.56059749989  0.0  0.9607309609316633  25.0
55034.54694249989  0.0  0.9607309609316633  25.0
55039.533287499886  0.0  0.9607309609316633  25.0
55044.51963249988  0.0  0.9607309609316633  25.0
55049.50597749988  0.0  0.9607309609316633  25.0
55054.49232249988  0.0  0.9607309609316633  25.0
55059.478667499876  0.0  0.9607309609316633  25.0
55064.46501249987  0.0  0.9607309609316633  25.0
55069.45135749987  0.0  0.9607309609316633  25.0
55074.43770249987  0.0  0.9607309609316633  25.0
55079.424047499866  0.0  0.9607309609316633  25.0
55084.41039249986  0.0  0.9607309609316633  25.0
55089.39673749986  0.0  0.9607309609316633  25.0
55094.38308249986  0.0  0.9607309609316633  25.0
55099.369427499856  0.0  0.9607309609316633  25.0
55104.35577249985  0.0  0.9607309609316633  25.0
55109.34211749985  0.0  0.9607309609316633  25.0
55114.32846249985  0.0  0.9607309609316633  25.0
55119.314807499846  0.0  0.9607309609316633  25.0
55124.301152499844  0.0  0.9607309609316633  25.0
55129.28749749984  0.0  0.9607309609316633  25.0
55134.27384249984  0.0  0.9607309609316633  25.0
55139.260187499836  0.0  0.9607309609316633  25.0
55144.246532499834  0.0  0.9607309609316633  25.0
55149.23287749983  0.0  0.9607309609316633  25.0
55154.21922249983  0.0  0.9607309609316633  25.0
55159.20556749983  0.0  0.9607309609316633  25.0
55164.191912499824  0.0  0.9607309609316633  25.0
55169.17825749982  0.0  0.9607309609316633  25.0
55174.16460249982  0.0  0.9607309609316633  25.0
55179.15094749982  0.0  0.9607309609316633  25.0
55184.137292499814  0.0  0.9607309609316633  25.0
55189.12363749981  0.0  0.9607309609316633  25.0
55194.10998249981  0.0  0.9607309609316633  25.0
55199.09632749981  0.0  0.9607309609316633  25.0
55204.082672499804  0.0  0.9607309609316633  25.0
55209.0690174998  0.0  0.9607309609316633  25.0
55214.0553624998  0.0  0.9607309609316633  25.0
55219.0417074998  0.0  0.9607309609316633  25.0
55224.028052499794  0.0  0.9607309609316633  25.0
55229.01439749979  0.0  0.9607309609316633  25.0
55234.00074249979  0.0  0.9607309609316633  25.0
55238.98708749979  0.0  0.9607309609316633  25.0
55243.973432499784  0.0  0.9607309609316633  25.0
55248.95977749978  0.0  0.9607309609316633  25.0
55253.94612249978  0.0  0.9607309609316633  25.0
55258.93246749978  0.0  0.9607309609316633  25.0
55263.918812499775  0.0  0.9607309609316633  25.0
55268.90515749977  0.0  0.9607309609316633  25.0
55273.89150249977  0.0  0.9607309609316633  25.0
55278.87784749977  0.0  0.9607309609316633  25.0
55283.864192499765  0.0  0.9607309609316633  25.0
55288.85053749976  0.0  0.9607309609316633  25.0
55293.83688249976  0.0  0.9607309609316633  25.0
55298.82322749976  0.0  0.9607309609316633  25.0
55303.809572499755  0.0  0.9607309609316633  25.0
55308.79591749975  0.0  0.9607309609316633  25.0
55313.78226249975  0.0  0.9607309609316633  25.0
55318.76860749975  0.0  0.9607309609316633  25.0
55323.754952499745  0.0  0.9607309609316633  25.0
55328.74129749974  0.0  0.9607309609316633  25.0
55333.72764249974  0.0  0.9607309609316633  25.0
55338.71398749974  0.0  0.9607309609316633  25.0
55343.700332499735  0.0  0.9607309609316633  25.0
55348.68667749973  0.0  0.9607309609316633  25.0
55353.67302249973  0.0  0.9607309609316633  25.0
55358.65936749973  0.0  0.9607309609316633  25.0
55363.645712499725  0.0  0.9607309609316633  25.0
55368.63205749972  0.0  0.9607309609316633  25.0
55373.61840249972  0.0  0.9607309609316633  25.0
55378.60474749972  0.0  0.9607309609316633  25.0
55383.591092499715  0.0  0.9607309609316633  25.0
55388.57743749971  0.0  0.9607309609316633  25.0
55393.56378249971  0.0  0.9607309609316633  25.0
55398.55012749971  0.0  0.9607309609316633  25.0
55403.536472499705  0.0  0.9607309609316633  25.0
55408.5228174997  0.0  0.9607309609316633  25.0
55413.5091624997  0.0  0.9607309609316633  25.0
55418.4955074997  0.0  0.9607309609316633  25.0
55423.481852499695  0.0  0.9607309609316633  25.0
55428.46819749969  0.0  0.9607309609316633  25.0
55433.45454249969  0.0  0.9607309609316633  25.0
55438.44088749969  0.0  0.9607309609316633  25.0
55443.427232499685  0.0  0.9607309609316633  25.0
55448.41357749968  0.0  0.9607309609316633  25.0
55453.39992249968  0.0  0.9607309609316633  25.0
55458.38626749968  0.0  0.9607309609316633  25.0
55463.372612499676  0.0  0.9607309609316633  25.0
55468.35895749967  0.0  0.9607309609316633  25.0
55473.34530249967  0.0  0.9607309609316633  25.0
55478.33164749967  0.0  0.9607309609316633  25.0
55483.317992499666  0.0  0.9607309609316633  25.0
55488.30433749966  0.0  0.9607309609316633  25.0
55493.29068249966  0.0  0.9607309609316633  25.0
55498.27702749966  0.0  0.9607309609316633  25.0
55503.263372499656  0.0  0.9607309609316633  25.0
55508.24971749965  0.0  0.9607309609316633  25.0
55513.23606249965  0.0  0.9607309609316633  25.0
55518.22240749965  0.0  0.9607309609316633  25.0
55523.208752499646  0.0  0.9607309609316633  25.0
55528.19509749964  0.0  0.9607309609316633  25.0
55533.18144249964  0.0  0.9607309609316633  25.0
55538.16778749964  0.0  0.9607309609316633  25.0
55543.154132499636  0.0  0.9607309609316633  25.0
55548.14047749963  0.0  0.9607309609316633  25.0
55553.12682249963  0.0  0.9607309609316633  25.0
55558.11316749963  0.0  0.9607309609316633  25.0
55563.099512499626  0.0  0.9607309609316633  25.0
55568.085857499624  0.0  0.9607309609316633  25.0
55573.07220249962  0.0  0.9607309609316633  25.0
55578.05854749962  0.0  0.9607309609316633  25.0
55583.044892499616  0.0  0.9607309609316633  25.0
55588.031237499614  0.0  0.9607309609316633  25.0
55593.01758249961  0.0  0.9607309609316633  25.0
55598.00392749961  0.0  0.9607309609316633  25.0
55602.99027249961  0.0  0.9607309609316633  25.0
55607.976617499604  0.0  0.9607309609316633  25.0
55612.9629624996  0.0  0.9607309609316633  25.0
55617.9493074996  0.0  0.9607309609316633  25.0
55622.9356524996  0.0  0.9607309609316633  25.0
55627.921997499594  0.0  0.9607309609316633  25.0
55632.90834249959  0.0  0.9607309609316633  25.0
55637.89468749959  0.0  0.9607309609316633  25.0
55642.88103249959  0.0  0.9607309609316633  25.0
55647.867377499584  0.0  0.9607309609316633  25.0
55652.85372249958  0.0  0.9607309609316633  25.0
55657.84006749958  0.0  0.9607309609316633  25.0
55662.82641249958  0.0  0.9607309609316633  25.0
55667.812757499574  0.0  0.9607309609316633  25.0
55672.79910249957  0.0  0.9607309609316633  25.0
55677.78544749957  0.0  0.9607309609316633  25.0
55682.77179249957  0.0  0.9607309609316633  25.0
55687.758137499564  0.0  0.9607309609316633  25.0
55692.74448249956  0.0  0.9607309609316633  25.0
55697.73082749956  0.0  0.9607309609316633  25.0
55702.71717249956  0.0  0.9607309609316633  25.0
55707.703517499554  0.0  0.9607309609316633  25.0
55712.68986249955  0.0  0.9607309609316633  25.0
55717.67620749955  0.0  0.9607309609316633  25.0
55722.66255249955  0.0  0.9607309609316633  25.0
55727.648897499545  0.0  0.9607309609316633  25.0
55732.63524249954  0.0  0.9607309609316633  25.0
55737.62158749954  0.0  0.9607309609316633  25.0
55742.60793249954  0.0  0.9607309609316633  25.0
55747.594277499535  0.0  0.9607309609316633  25.0
55752.58062249953  0.0  0.9607309609316633  25.0
55757.56696749953  0.0  0.9607309609316633  25.0
55762.55331249953  0.0  0.9607309609316633  25.0
55767.539657499525  0.0  0.9607309609316633  25.0
55772.52600249952  0.0  0.9607309609316633  25.0
55777.51234749952  0.0  0.9607309609316633  25.0
55782.49869249952  0.0  0.9607309609316633  25.0
55787.485037499515  0.0  0.9607309609316633  25.0
55792.47138249951  0.0  0.9607309609316633  25.0
55797.45772749951  0.0  0.9607309609316633  25.0
55802.44407249951  0.0  0.9607309609316633  25.0
55807.430417499505  0.0  0.9607309609316633  25.0
55812.4167624995  0.0  0.9607309609316633  25.0
55817.4031074995  0.0  0.9607309609316633  25.0
55822.3894524995  0.0  0.9607309609316633  25.0
55827.375797499495  0.0  0.9607309609316633  25.0
55832.36214249949  0.0  0.9607309609316633  25.0
55837.34848749949  0.0  0.9607309609316633  25.0
55842.33483249949  0.0  0.9607309609316633  25.0
55847.321177499485  0.0  0.9607309609316633  25.0
55852.30752249948  0.0  0.9607309609316633  25.0
55857.29386749948  0.0  0.9607309609316633  25.0
55862.28021249948  0.0  0.9607309609316633  25.0
55867.266557499475  0.0  0.9607309609316633  25.0
55872.25290249947  0.0  0.9607309609316633  25.0
55877.23924749947  0.0  0.9607309609316633  25.0
55882.22559249947  0.0  0.9607309609316633  25.0
55887.211937499465  0.0  0.9607309609316633  25.0
55892.19828249946  0.0  0.9607309609316633  25.0
55897.18462749946  0.0  0.9607309609316633  25.0
55902.17097249946  0.0  0.9607309609316633  25.0
55907.157317499456  0.0  0.9607309609316633  25.0
55912.14366249945  0.0  0.9607309609316633  25.0
55917.13000749945  0.0  0.9607309609316633  25.0
55922.11635249945  0.0  0.9607309609316633  25.0
55927.102697499446  0.0  0.9607309609316633  25.0
55932.08904249944  0.0  0.9607309609316633  25.0
55937.07538749944  0.0  0.9607309609316633  25.0
55942.06173249944  0.0  0.9607309609316633  25.0
55947.048077499436  0.0  0.9607309609316633  25.0
55952.03442249943  0.0  0.9607309609316633  25.0
55957.02076749943  0.0  0.9607309609316633  25.0
55962.00711249943  0.0  0.9607309609316633  25.0
55966.993457499426  0.0  0.9607309609316633  25.0
55971.97980249942  0.0  0.9607309609316633  25.0
55976.96614749942  0.0  0.9607309609316633  25.0
55981.95249249942  0.0  0.9607309609316633  25.0
55986.938837499416  0.0  0.9607309609316633  25.0
55991.92518249941  0.0  0.9607309609316633  25.0
55996.91152749941  0.0  0.9607309609316633  25.0
56001.89787249941  0.0  0.9607309609316633  25.0
56006.884217499406  0.0  0.9607309609316633  25.0
56011.8705624994  0.0  0.9607309609316633  25.0
56016.8569074994  0.0  0.9607309609316633  25.0
56021.8432524994  0.0  0.9607309609316633  25.0
56026.829597499396  0.0  0.9607309609316633  25.0
56031.815942499394  0.0  0.9607309609316633  25.0
56036.80228749939  0.0  0.9607309609316633  25.0
56041.78863249939  0.0  0.9607309609316633  25.0
56046.774977499386  0.0  0.9607309609316633  25.0
56051.761322499384  0.0  0.9607309609316633  25.0
56056.74766749938  0.0  0.9607309609316633  25.0
56061.73401249938  0.0  0.9607309609316633  25.0
56066.72035749938  0.0  0.9607309609316633  25.0
56071.706702499374  0.0  0.9607309609316633  25.0
56076.69304749937  0.0  0.9607309609316633  25.0
56081.67939249937  0.0  0.9607309609316633  25.0
56086.66573749937  0.0  0.9607309609316633  25.0
56091.652082499364  0.0  0.9607309609316633  25.0
56096.63842749936  0.0  0.9607309609316633  25.0
56101.62477249936  0.0  0.9607309609316633  25.0
56106.61111749936  0.0  0.9607309609316633  25.0
56111.597462499354  0.0  0.9607309609316633  25.0
56116.58380749935  0.0  0.9607309609316633  25.0
56121.57015249935  0.0  0.9607309609316633  25.0
56126.55649749935  0.0  0.9607309609316633  25.0
56131.542842499344  0.0  0.9607309609316633  25.0
56136.52918749934  0.0  0.9607309609316633  25.0
56141.51553249934  0.0  0.9607309609316633  25.0
55014.6015625  -1.0073332017293457  1.342066703044529  25.0
55029.6015625  -0.42411968069701866  0.9043383859805624  25.0
55074.5  3.2391504995931797  2.4415274748218416  25.0
55083.5  -1.5739031453640175  1.3088773050023073  25.0
55086.3984375  0.37154531459101053  1.0406205432615294  25.0
55089.3984375  0.878687555507001  1.4476071158479564  25.0
55092.3984375  1.1308879339477123  1.0736141476922638  25.0
55095.3984375  0.4890299780110894  1.1888470445275845  25.0
55098.3984375  -0.6359837274340407  0.6448929903357667  25.0
55389.5  -1.1420490101184149  0.8086862508205154  25.0
55398.5  -3.0156359860251736  2.4062820104379123  25.0
55410.5  1.304177884852867  2.2371041922161727  25.0
55413.3984375  -0.444483710186678  0.8282670124957892  25.0
55416.5  -0.3632234792079646  0.5475765161096416  25.0
55422.5  -0.38074826790996735  1.0211377250762175  25.0
55425.3984375  0.008713447407011368  0.8246445972621835  25.0
55428.5  0.8887716267618687  0.6894392581601781  25.0
55437.5  0.1851362813739534  2.3586028580928318  25.0
55440.5  0.6970757692188003  0.9029676439632784  25.0
55443.5  0.09428145733356315  0.6504735284211179  25.0
55446.5  1.8064249120079299  1.3814240200065637  25.0
55449.3984375  0.09388984093295222  0.5265271622955586  25.0
55452.3984375  0.04562321730273695  0.7416220370432118  25.0
55458.30078125  -0.2576830664045372  2.4478912807215782  25.0
55467.3984375  0.019482876540584664  1.2820516194913858  25.0
55473.30078125  0.9682696218687602  0.7085305358067338  25.0
55482.30078125  0.06520399940235617  0.9615142287460489  25.0
55500.19921875  0.25944534896057736  0.7105865087800047  25.0
55503.30078125  -0.48668031462058753  0.850197484245783  25.0
55530.19921875  8.923549392942387  3.33245283131007  25.0
55536.19921875  0.8342391378041148  1.0308302091081107  25.0
55743.6015625  1.03513794866614  0.6192421598622053  25.0
55764.6015625  1.9991976810983965  1.4823629561505127  25.0
55767.6015625  0.28764165977823697  1.0177111034540993  25.0
55770.5  -0.4111963686544944  0.8981703736923128  25.0
55773.6015625  0.5595208134105114  0.9735564228526623  25.0
55779.6015625  -1.2479810101448168  0.8875967717245087  25.0
55782.3984375  -1.1639794818684086  1.5878055188324147  25.0
55794.5  -1.007920675932244  1.176021675975022  25.0
55797.5  -0.8045743048739734  0.5451289092291778  25.0
55800.30078125  0.06902224909614  1.6843387719283727  25.0
55803.5  -1.8548872387989594  0.9185344031819721  25.0
55806.3984375  -0.7272301795460965  0.9607309609316633  25.0
55821.30078125  1.065683992900629  1.0566768331931593  25.0
55824.30078125  -1.9857849317113723  0.8558758724526596  25.0
55829.30078125  0.5362196930116702  0.6055356266895138  25.0
55833.30078125  -0.12091132005536093  3.041874197333197  25.0
55836.19921875  0.0842952595423299  1.3459828553795838  25.0
55839.3984375  3.164939398838627  3.15338673544495  25.0
55852.30078125  -0.28118000375697483  0.6335361672377953  25.0
55855.19921875  -0.6916910714291546  0.6380397470915301  25.0
55863.30078125  -0.3665522040243393  0.6414663687136484  25.0
56147.5  0.19384972732208294  0.9196113147293702  25.0
56153.6015625  0.9684654154802474  1.1785671796612294  25.0
56154.5  1.5120278824490907  1.1646648061928324  25.0
56161.3984375  7.759471314004961  2.0461915091190535  25.0
56164.3984375  11.171618587612466  1.1825812754862461  25.0
56176.3984375  17.662157574516925  0.9985219290018  25.0
56206.19921875  3.901470335140987  0.947905592379101  25.0
56209.19921875  4.922608060217205  0.6934533539851948  25.0
56213.30078125  2.7675474601625676  1.7077378358171758  25.0
56217.30078125  2.616873398700267  0.9177511353675865  25.0
56220.30078125  0.735062484216206  1.5495250200493416  25.0
56242.30078125  1.1868890150442755  1.4230331969217933  25.0
56285.19921875  1.9811833616834573  2.3804353863528633  25.0
56486.6015625  -0.16212886306339763  0.6503756316153744  25.0
56489.5  0.437630420258223  0.7301673171394968  25.0
56501.3984375  1.5430633640280795  0.8366866980003604  25.0
56507.6015625  -0.32944663030495375  0.7160691500596124  25.0
56508.5  -1.4114805335281162  0.7070619903521428  25.0
56512.6015625  -0.15057619966972066  0.7311463318811513  25.0
56518.5  0.7739303638337408  0.6401936168705447  25.0
56531.5  2.0668492757101617  1.4704187055338611  25.0
56534.5  0.37183902835035054  1.0788030985546406  25.0
56538.30078125  0.3170128256332567  0.6686836414475443  25.0
56545.30078125  0.08106443153169882  0.716754474384036  25.0
56571.19921875  -0.7273280763518402  0.8313020468949329  25.0
56593.30078125  0.8680160100492349  0.8416798552512499  25.0
56596.30078125  0.22302509956561542  1.116300329523328  25.0
56597.30078125  0.22752865607724107  0.7938048159262454  25.0
56626.19921875  4.2860369986329205  3.1449671433088153  25.0
