#Date  :
#Mag  :
#Magerr  :
#end  :
@INSTRUMENT  SWOPE
@BAND  SWOPE_u
@MAGSYS AB
54609.816199999994  0.0  6.896656333659719  25.0
54614.80254499999  0.0  6.896656333659719  25.0
54619.78888999999  0.0  6.896656333659719  25.0
54624.77523499999  0.0  6.896656333659719  25.0
54629.761579999984  0.0  6.896656333659719  25.0
54634.74792499998  0.0  6.896656333659719  25.0
54639.73426999998  0.0  6.896656333659719  25.0
54644.72061499998  0.0  6.896656333659719  25.0
54649.706959999974  0.0  6.896656333659719  25.0
54654.69330499997  0.0  6.896656333659719  25.0
54659.67964999997  0.0  6.896656333659719  25.0
54664.66599499997  0.0  6.896656333659719  25.0
54669.652339999964  0.0  6.896656333659719  25.0
54674.63868499996  0.0  6.896656333659719  25.0
54679.62502999996  0.0  6.896656333659719  25.0
54684.61137499996  0.0  6.896656333659719  25.0
54689.597719999954  0.0  6.896656333659719  25.0
54694.58406499995  0.0  6.896656333659719  25.0
54699.57040999995  0.0  6.896656333659719  25.0
54704.55675499995  0.0  6.896656333659719  25.0
54709.543099999944  0.0  6.896656333659719  25.0
54714.52944499994  0.0  6.896656333659719  25.0
54719.51578999994  0.0  6.896656333659719  25.0
54724.50213499994  0.0  6.896656333659719  25.0
54729.488479999934  0.0  6.896656333659719  25.0
54734.47482499993  0.0  6.896656333659719  25.0
54739.46116999993  0.0  6.896656333659719  25.0
54744.44751499993  0.0  6.896656333659719  25.0
54749.433859999925  0.0  6.896656333659719  25.0
54754.42020499992  0.0  6.896656333659719  25.0
54759.40654999992  0.0  6.896656333659719  25.0
54764.39289499992  0.0  6.896656333659719  25.0
54769.379239999915  0.0  6.896656333659719  25.0
54774.36558499991  0.0  6.896656333659719  25.0
54779.35192999991  0.0  6.896656333659719  25.0
54784.33827499991  0.0  6.896656333659719  25.0
54809.27  1069.3131705902777  14.773107398060235  25.0
54810.35  1134.239887689191  12.536082514907385  25.0
54813.22  1158.5236823816108  19.20671539871375  25.0
54814.29  1038.2571151581824  15.300322278772693  25.0
54818.24  781.0969032624345  12.23008618232408  25.0
54821.29  576.3747090580927  8.493771603558045  25.0
54830.21  157.1465735416592  6.223705751616412  25.0
54831.24  143.98091063133208  5.437064095324776  25.0
54834.25  94.25511247441737  5.208730006129694  25.0
54838.27  66.23764999842035  5.002584675787289  25.0
54839.22  64.55128856231741  6.896656333659719  25.0
54840.21  76.6134317236858  10.443409591956502  25.0
54855.33  38.53939706615917  4.259531576520795  25.0
54856.23  32.953755565918286  4.674135701573985  25.0
54858.26  37.282490511775485  4.6013513288808925  25.0
