#Date  :
#Flux  :
#Fluxerr  :
#ZP  :
#end  :
@INSTRUMENT  PS
@BAND  PS_g
@MAGSYS  AB
54780.0462  0.0  1.9410423695976136  25.0
54785.032544999995  0.0  1.9410423695976136  25.0
54790.01888999999  0.0  1.9410423695976136  25.0
54795.00523499999  0.0  1.9410423695976136  25.0
54799.99157999999  0.0  1.9410423695976136  25.0
54804.977924999985  0.0  1.9410423695976136  25.0
54809.96426999998  0.0  1.9410423695976136  25.0
54814.95061499998  0.0  1.9410423695976136  25.0
54819.93695999998  0.0  1.9410423695976136  25.0
54824.923304999975  0.0  1.9410423695976136  25.0
54829.90964999997  0.0  1.9410423695976136  25.0
54834.89599499997  0.0  1.9410423695976136  25.0
54839.88233999997  0.0  1.9410423695976136  25.0
54844.868684999965  0.0  1.9410423695976136  25.0
54849.85502999996  0.0  1.9410423695976136  25.0
54854.84137499996  0.0  1.9410423695976136  25.0
54859.82771999996  0.0  1.9410423695976136  25.0
54864.814064999955  0.0  1.9410423695976136  25.0
54869.80040999995  0.0  1.9410423695976136  25.0
54874.78675499995  0.0  1.9410423695976136  25.0
54879.77309999995  0.0  1.9410423695976136  25.0
54884.759444999945  0.0  1.9410423695976136  25.0
54889.74578999994  0.0  1.9410423695976136  25.0
54894.73213499994  0.0  1.9410423695976136  25.0
54899.71847999994  0.0  1.9410423695976136  25.0
54904.704824999935  0.0  1.9410423695976136  25.0
54909.69116999993  0.0  1.9410423695976136  25.0
54914.67751499993  0.0  1.9410423695976136  25.0
54919.66385999993  0.0  1.9410423695976136  25.0
54924.650204999925  0.0  1.9410423695976136  25.0
54929.63654999992  0.0  1.9410423695976136  25.0
54934.62289499992  0.0  1.9410423695976136  25.0
54939.60923999992  0.0  1.9410423695976136  25.0
54944.595584999915  0.0  1.9410423695976136  25.0
54949.58192999991  0.0  1.9410423695976136  25.0
54954.56827499991  0.0  1.9410423695976136  25.0
54959.55461999991  0.0  1.9410423695976136  25.0
54964.540964999906  0.0  1.9410423695976136  25.0
54969.5273099999  0.0  1.9410423695976136  25.0
54974.5136549999  0.0  1.9410423695976136  25.0
54979.4999999999  0.0  1.9410423695976136  25.0
54984.486344999896  0.0  1.9410423695976136  25.0
54989.47268999989  0.0  1.9410423695976136  25.0
54994.45903499989  0.0  1.9410423695976136  25.0
54999.44537999989  0.0  1.9410423695976136  25.0
55004.431724999886  0.0  1.9410423695976136  25.0
55009.41806999988  0.0  1.9410423695976136  25.0
55014.40441499988  0.0  1.9410423695976136  25.0
55019.39075999988  0.0  1.9410423695976136  25.0
55024.377104999876  0.0  1.9410423695976136  25.0
55029.36344999987  0.0  1.9410423695976136  25.0
55034.34979499987  0.0  1.9410423695976136  25.0
55039.33613999987  0.0  1.9410423695976136  25.0
55044.322484999866  0.0  1.9410423695976136  25.0
55049.30882999986  0.0  1.9410423695976136  25.0
55054.29517499986  0.0  1.9410423695976136  25.0
55059.28151999986  0.0  1.9410423695976136  25.0
55064.267864999856  0.0  1.9410423695976136  25.0
55069.25420999985  0.0  1.9410423695976136  25.0
55074.24055499985  0.0  1.9410423695976136  25.0
55079.22689999985  0.0  1.9410423695976136  25.0
55084.213244999846  0.0  1.9410423695976136  25.0
55089.199589999844  0.0  1.9410423695976136  25.0
55094.18593499984  0.0  1.9410423695976136  25.0
55099.17227999984  0.0  1.9410423695976136  25.0
55104.158624999836  0.0  1.9410423695976136  25.0
55109.144969999834  0.0  1.9410423695976136  25.0
55114.13131499983  0.0  1.9410423695976136  25.0
55119.11765999983  0.0  1.9410423695976136  25.0
55124.10400499983  0.0  1.9410423695976136  25.0
55129.090349999824  0.0  1.9410423695976136  25.0
55134.07669499982  0.0  1.9410423695976136  25.0
55139.06303999982  0.0  1.9410423695976136  25.0
55144.04938499982  0.0  1.9410423695976136  25.0
55149.035729999814  0.0  1.9410423695976136  25.0
55154.02207499981  0.0  1.9410423695976136  25.0
55159.00841999981  0.0  1.9410423695976136  25.0
55163.99476499981  0.0  1.9410423695976136  25.0
55168.981109999804  0.0  1.9410423695976136  25.0
55173.9674549998  0.0  1.9410423695976136  25.0
55178.9537999998  0.0  1.9410423695976136  25.0
55183.9401449998  0.0  1.9410423695976136  25.0
55188.926489999794  0.0  1.9410423695976136  25.0
55193.91283499979  0.0  1.9410423695976136  25.0
55198.89917999979  0.0  1.9410423695976136  25.0
55203.88552499979  0.0  1.9410423695976136  25.0
55208.871869999784  0.0  1.9410423695976136  25.0
55213.85821499978  0.0  1.9410423695976136  25.0
55218.84455999978  0.0  1.9410423695976136  25.0
55223.83090499978  0.0  1.9410423695976136  25.0
55228.817249999775  0.0  1.9410423695976136  25.0
55233.80359499977  0.0  1.9410423695976136  25.0
55238.78993999977  0.0  1.9410423695976136  25.0
55243.77628499977  0.0  1.9410423695976136  25.0
55248.762629999765  0.0  1.9410423695976136  25.0
55253.74897499976  0.0  1.9410423695976136  25.0
55258.73531999976  0.0  1.9410423695976136  25.0
55263.72166499976  0.0  1.9410423695976136  25.0
55268.708009999755  0.0  1.9410423695976136  25.0
55273.69435499975  0.0  1.9410423695976136  25.0
55278.68069999975  0.0  1.9410423695976136  25.0
55283.66704499975  0.0  1.9410423695976136  25.0
55288.653389999745  0.0  1.9410423695976136  25.0
55293.63973499974  0.0  1.9410423695976136  25.0
55298.62607999974  0.0  1.9410423695976136  25.0
55303.61242499974  0.0  1.9410423695976136  25.0
55308.598769999735  0.0  1.9410423695976136  25.0
55313.58511499973  0.0  1.9410423695976136  25.0
55318.57145999973  0.0  1.9410423695976136  25.0
55323.55780499973  0.0  1.9410423695976136  25.0
55328.544149999725  0.0  1.9410423695976136  25.0
55333.53049499972  0.0  1.9410423695976136  25.0
55338.51683999972  0.0  1.9410423695976136  25.0
55343.50318499972  0.0  1.9410423695976136  25.0
55348.489529999715  0.0  1.9410423695976136  25.0
55353.47587499971  0.0  1.9410423695976136  25.0
55358.46221999971  0.0  1.9410423695976136  25.0
55363.44856499971  0.0  1.9410423695976136  25.0
55368.434909999705  0.0  1.9410423695976136  25.0
55373.4212549997  0.0  1.9410423695976136  25.0
55378.4075999997  0.0  1.9410423695976136  25.0
55383.3939449997  0.0  1.9410423695976136  25.0
55388.380289999695  0.0  1.9410423695976136  25.0
55393.36663499969  0.0  1.9410423695976136  25.0
55398.35297999969  0.0  1.9410423695976136  25.0
55403.33932499969  0.0  1.9410423695976136  25.0
55408.325669999685  0.0  1.9410423695976136  25.0
55413.31201499968  0.0  1.9410423695976136  25.0
55418.29835999968  0.0  1.9410423695976136  25.0
55423.28470499968  0.0  1.9410423695976136  25.0
55428.271049999676  0.0  1.9410423695976136  25.0
55433.25739499967  0.0  1.9410423695976136  25.0
55438.24373999967  0.0  1.9410423695976136  25.0
55443.23008499967  0.0  1.9410423695976136  25.0
55448.216429999666  0.0  1.9410423695976136  25.0
55453.20277499966  0.0  1.9410423695976136  25.0
55458.18911999966  0.0  1.9410423695976136  25.0
55463.17546499966  0.0  1.9410423695976136  25.0
55468.161809999656  0.0  1.9410423695976136  25.0
55473.14815499965  0.0  1.9410423695976136  25.0
55478.13449999965  0.0  1.9410423695976136  25.0
55483.12084499965  0.0  1.9410423695976136  25.0
55488.107189999646  0.0  1.9410423695976136  25.0
55493.09353499964  0.0  1.9410423695976136  25.0
55498.07987999964  0.0  1.9410423695976136  25.0
55503.06622499964  0.0  1.9410423695976136  25.0
55508.052569999636  0.0  1.9410423695976136  25.0
55513.03891499963  0.0  1.9410423695976136  25.0
55518.02525999963  0.0  1.9410423695976136  25.0
55523.01160499963  0.0  1.9410423695976136  25.0
55527.997949999626  0.0  1.9410423695976136  25.0
55532.984294999624  0.0  1.9410423695976136  25.0
55537.97063999962  0.0  1.9410423695976136  25.0
55542.95698499962  0.0  1.9410423695976136  25.0
55547.943329999616  0.0  1.9410423695976136  25.0
55552.929674999614  0.0  1.9410423695976136  25.0
55557.91601999961  0.0  1.9410423695976136  25.0
55562.90236499961  0.0  1.9410423695976136  25.0
55567.88870999961  0.0  1.9410423695976136  25.0
54979.5  -2.546930887856922  2.221790705536986  25.0
54982.3984375  -3.246701837608012  2.1561028480007742  25.0
54996.3984375  -4.712231946724079  1.8555581635970748  25.0
54999.3984375  -1.9305443493588943  1.9950325148819947  25.0
55002.3984375  3.5355486190601493  2.0310257543718504  25.0
55029.30078125  1.0221116600073674  3.297792584169242  25.0
55230.69921875  1.4211381673856383  2.6815059723307075  25.0
55233.6015625  -1.3532506837923237  2.567726884315642  25.0
55236.6015625  0.07438629803969744  1.9969320749110209  25.0
55239.6015625  -0.4469176461634736  1.6987869652332759  25.0
55242.6015625  -2.513536885712275  1.906448866139587  25.0
55251.6015625  0.8602415322131802  1.8481595861002251  25.0
55266.6015625  2.582524230009074  2.1475043877910815  25.0
55269.6015625  -6.953218868669238  2.8193805435650803  25.0
55272.6015625  -0.37933010941090345  1.7362800581141855  25.0
55275.5  0.17176836162001685  1.9846344213027687  25.0
55281.3984375  1.7739731950138131  2.811182171392823  25.0
55290.6015625  5.040771351764363  4.332701721782058  25.0
55296.6015625  -3.537348443129414  4.448480487185375  25.0
55305.3984375  2.310674324957605  2.7837872014129283  25.0
55326.5  1.6115031258632042  1.8505591608261798  25.0
55329.5  1.9978319869456531  2.370263414369303  25.0
55332.30078125  -0.5115057860209999  1.719383299072742  25.0
55338.30078125  0.95242454304452  3.9157787120180845  25.0
55347.3984375  0.6422816550868679  2.0485226454694474  25.0
55350.30078125  1.051206336697302  1.6217011754237125  25.0
55353.3984375  -0.3247401657948994  1.9182466957506423  25.0
55359.30078125  9.625826791511505  2.989349307571764  25.0
55362.30078125  -0.7080695346324385  1.6539952215150093  25.0
55365.30078125  -3.4175703229495964  2.1699001643003486  25.0
55368.3984375  -0.287447045420308  1.973636386367121  25.0
55377.3984375  -0.2225590063969703  1.9228458011838336  25.0
55389.30078125  0.8547425147453563  1.6326992103593603  25.0
55596.69921875  232.66724458386247  4.24151864499471  25.0
55602.6015625  169.70773726491365  2.7933853096170154  25.0
55605.6015625  129.3968651460872  3.3041913229719664  25.0
55629.6015625  17.877306550694293  1.853658603568049  25.0
55635.6015625  18.949609617327454  3.1072274863230924  25.0
55650.6015625  10.739021983046193  1.9625384247719804  25.0
55653.5  11.129549861524398  2.0061304764771353  25.0
55662.5  10.55065641590728  2.202694225088574  25.0
55665.3984375  9.519246236974572  1.9745362984017534  25.0
55674.3984375  9.138216730740693  1.747677990387537  25.0
55677.3984375  10.243212596604463  1.7568763919536519  25.0
55710.30078125  7.184676472816379  1.7694740162401148  25.0
55719.3984375  4.515668198112641  2.100613040025071  25.0
55722.30078125  6.6563733776640985  3.426868841874936  25.0
55737.30078125  3.3091903257428616  2.3446680777589415  25.0
55740.30078125  6.32363514592779  2.093014418509503  25.0
55743.30078125  4.506769767224736  1.8823531922205476  25.0
55746.30078125  4.500170793703562  1.6228011314770627  25.0
55752.30078125  3.206009566025472  2.484842297059776  25.0
55761.30078125  4.541263534723002  2.008330007184372  25.0
55970.69921875  -0.16906885197205113  2.25058541154871  25.0
55981.6015625  2.682105913687129  1.858957577017155  25.0
55984.6015625  -0.18686557072306004  1.5857078405839908  25.0
56000.5  0.3825295264871986  1.67699113008043  25.0
56006.6015625  -0.33643802107152876  1.7203831377668675  25.0
56014.6015625  1.3489514536874772  2.0057305791394318  25.0
56029.5  0.3980266686841453  1.9349436014730999  25.0
56032.6015625  -0.24985397820497232  1.7007866426215266  25.0
56040.5  0.8900360769190293  1.858957577017155  25.0
56046.5  2.2888782991050274  2.1120109722984224  25.0
56059.30078125  10.210019401277462  3.510053209109281  25.0
56062.5  0.6709763867641656  1.7735732976761094  25.0
56065.3984375  -0.23165731444132664  1.6795905581253707  25.0
56067.5  -0.0672876018305591  1.710684912203556  25.0
56088.30078125  -2.471944702095102  1.6811903381759177  25.0
56091.30078125  -2.7500934192898026  1.865856330516808  25.0
56094.30078125  -1.0928986376736993  1.6556949282250493  25.0
56105.30078125  -6.140868522916194  2.525734612661034  25.0
56384.5  -3.7434105639851785  2.425253207648078  25.0
56390.5  4.112142607310537  2.271281481347937  25.0
56395.5  3.0999288354857355  2.383060891974752  25.0
56401.5  1.2831635741419065  1.7416791489225165  25.0
56416.5  -0.43991896600432756  1.7694740162401148  25.0
56424.5  0.25465307998194864  1.5700107735556588  25.0
56427.3984375  2.2794800442199263  1.9410423695976136  25.0
56443.3984375  1.7146840762803257  1.6898887250451038  25.0
56451.30078125  0.299844768712852  1.9358433228080003  25.0
56460.30078125  1.5629120713871538  1.5902070193576894  25.0
56475.30078125  -0.9752203122413571  1.561112438017621  25.0
56478.30078125  -0.5755939588565306  1.7671743681736531  25.0
56480.30078125  -0.7043702458840136  1.6711921419343954  25.0
56486.30078125  0.7181677052083868  1.8335622844255113  25.0
56489.30078125  -0.2405556738168311  1.811466287894723  25.0
56511.30078125  -0.23695633556536566  1.6340989463911895  25.0
