#Date  :
#Flux  :
#Fluxerr  :
#ZP  :
#end  :
@INSTRUMENT  SDSS
@BAND  SDSS_z
@MAGSYS  AB
53789.777505  0.0  11.516979012092415  25.0
53794.763849999996  0.0  11.516979012092415  25.0
53799.75019499999  0.0  11.516979012092415  25.0
53804.73653999999  0.0  11.516979012092415  25.0
53809.72288499999  0.0  11.516979012092415  25.0
53814.709229999986  0.0  11.516979012092415  25.0
53819.69557499998  0.0  11.516979012092415  25.0
53824.68191999998  0.0  11.516979012092415  25.0
53829.66826499998  0.0  11.516979012092415  25.0
53834.654609999976  0.0  11.516979012092415  25.0
53839.64095499997  0.0  11.516979012092415  25.0
53844.62729999997  0.0  11.516979012092415  25.0
53849.61364499997  0.0  11.516979012092415  25.0
53854.599989999966  0.0  11.516979012092415  25.0
53859.58633499996  0.0  11.516979012092415  25.0
53864.57267999996  0.0  11.516979012092415  25.0
53869.55902499996  0.0  11.516979012092415  25.0
53874.545369999956  0.0  11.516979012092415  25.0
53879.531714999954  0.0  11.516979012092415  25.0
53884.51805999995  0.0  11.516979012092415  25.0
53889.50440499995  0.0  11.516979012092415  25.0
53894.490749999946  0.0  11.516979012092415  25.0
53899.477094999944  0.0  11.516979012092415  25.0
53904.46343999994  0.0  11.516979012092415  25.0
53909.44978499994  0.0  11.516979012092415  25.0
53914.43612999994  0.0  11.516979012092415  25.0
53919.422474999934  0.0  11.516979012092415  25.0
53924.40881999993  0.0  11.516979012092415  25.0
53929.39516499993  0.0  11.516979012092415  25.0
53934.38150999993  0.0  11.516979012092415  25.0
53939.367854999924  0.0  11.516979012092415  25.0
53944.35419999992  0.0  11.516979012092415  25.0
53949.34054499992  0.0  11.516979012092415  25.0
53954.32688999992  0.0  11.516979012092415  25.0
53959.313234999914  0.0  11.516979012092415  25.0
53964.29957999991  0.0  11.516979012092415  25.0
53989.231305  33.939319374184144  11.361344160577652  25.0
53995.220317  28.56036047095464  10.25005671204242  25.0
53997.198609  33.28401473622725  12.262388037768382  25.0
54000.20629  6.203550572658598  13.299953714533466  25.0
54007.182813  15.915711394378066  10.80706565430578  25.0
54009.179759  36.56053792601172  10.651430802791017  25.0
54011.244181  20.751313535301648  10.042543576689402  25.0
54019.193795  41.311496551199205  9.264369319115591  25.0
54025.242222  20.84414835901221  13.354562434363206  25.0
54029.171965  11.230283232986276  11.516979012092415  25.0
54031.15887  10.875326554092956  10.034352268714942  25.0
54036.163229  21.10353977820348  12.718370848346723  25.0
54039.161299  -6.277272344428749  13.215310198797365  25.0
54048.15504  14.19553671974122  10.635048186842095  25.0
54052.158499  13.362753742337667  15.055624057059644  25.0
54055.154636  26.583524813118007  12.639188204593594  25.0
54058.152694  -21.272826809675678  15.230371960514816  25.0
54060.174164  0.6602194227415709  10.924474401939724  25.0
54063.142891  18.80178223737989  16.644737804105112  25.0
