#Date  :
#Flux  :
#Fluxerr  :
#ZP  :
#end  :
@INSTRUMENT  PS
@BAND  PS_z
@MAGSYS  AB
54758.0462  0.0  1.4419133272497227  25.0
54763.032544999995  0.0  1.4419133272497227  25.0
54768.01888999999  0.0  1.4419133272497227  25.0
54773.00523499999  0.0  1.4419133272497227  25.0
54777.99157999999  0.0  1.4419133272497227  25.0
54782.977924999985  0.0  1.4419133272497227  25.0
54787.96426999998  0.0  1.4419133272497227  25.0
54792.95061499998  0.0  1.4419133272497227  25.0
54797.93695999998  0.0  1.4419133272497227  25.0
54802.923304999975  0.0  1.4419133272497227  25.0
54807.90964999997  0.0  1.4419133272497227  25.0
54812.89599499997  0.0  1.4419133272497227  25.0
54817.88233999997  0.0  1.4419133272497227  25.0
54822.868684999965  0.0  1.4419133272497227  25.0
54827.85502999996  0.0  1.4419133272497227  25.0
54832.84137499996  0.0  1.4419133272497227  25.0
54837.82771999996  0.0  1.4419133272497227  25.0
54842.814064999955  0.0  1.4419133272497227  25.0
54847.80040999995  0.0  1.4419133272497227  25.0
54852.78675499995  0.0  1.4419133272497227  25.0
54857.77309999995  0.0  1.4419133272497227  25.0
54862.759444999945  0.0  1.4419133272497227  25.0
54867.74578999994  0.0  1.4419133272497227  25.0
54872.73213499994  0.0  1.4419133272497227  25.0
54877.71847999994  0.0  1.4419133272497227  25.0
54882.704824999935  0.0  1.4419133272497227  25.0
54887.69116999993  0.0  1.4419133272497227  25.0
54892.67751499993  0.0  1.4419133272497227  25.0
54897.66385999993  0.0  1.4419133272497227  25.0
54902.650204999925  0.0  1.4419133272497227  25.0
54907.63654999992  0.0  1.4419133272497227  25.0
54912.62289499992  0.0  1.4419133272497227  25.0
54917.60923999992  0.0  1.4419133272497227  25.0
54922.595584999915  0.0  1.4419133272497227  25.0
54927.58192999991  0.0  1.4419133272497227  25.0
54932.56827499991  0.0  1.4419133272497227  25.0
54937.55461999991  0.0  1.4419133272497227  25.0
54942.540964999906  0.0  1.4419133272497227  25.0
54947.5273099999  0.0  1.4419133272497227  25.0
54952.5136549999  0.0  1.4419133272497227  25.0
54957.4999999999  0.0  1.4419133272497227  25.0
54962.486344999896  0.0  1.4419133272497227  25.0
54967.47268999989  0.0  1.4419133272497227  25.0
54972.45903499989  0.0  1.4419133272497227  25.0
54977.44537999989  0.0  1.4419133272497227  25.0
54982.431724999886  0.0  1.4419133272497227  25.0
54987.41806999988  0.0  1.4419133272497227  25.0
54992.40441499988  0.0  1.4419133272497227  25.0
54997.39075999988  0.0  1.4419133272497227  25.0
55002.377104999876  0.0  1.4419133272497227  25.0
55007.36344999987  0.0  1.4419133272497227  25.0
55012.34979499987  0.0  1.4419133272497227  25.0
55017.33613999987  0.0  1.4419133272497227  25.0
55022.322484999866  0.0  1.4419133272497227  25.0
55027.30882999986  0.0  1.4419133272497227  25.0
55032.29517499986  0.0  1.4419133272497227  25.0
55037.28151999986  0.0  1.4419133272497227  25.0
55042.267864999856  0.0  1.4419133272497227  25.0
55047.25420999985  0.0  1.4419133272497227  25.0
55052.24055499985  0.0  1.4419133272497227  25.0
55057.22689999985  0.0  1.4419133272497227  25.0
55062.213244999846  0.0  1.4419133272497227  25.0
55067.199589999844  0.0  1.4419133272497227  25.0
55072.18593499984  0.0  1.4419133272497227  25.0
55077.17227999984  0.0  1.4419133272497227  25.0
55082.158624999836  0.0  1.4419133272497227  25.0
55087.144969999834  0.0  1.4419133272497227  25.0
55092.13131499983  0.0  1.4419133272497227  25.0
55097.11765999983  0.0  1.4419133272497227  25.0
55102.10400499983  0.0  1.4419133272497227  25.0
55107.090349999824  0.0  1.4419133272497227  25.0
55112.07669499982  0.0  1.4419133272497227  25.0
55117.06303999982  0.0  1.4419133272497227  25.0
55122.04938499982  0.0  1.4419133272497227  25.0
55127.035729999814  0.0  1.4419133272497227  25.0
55132.02207499981  0.0  1.4419133272497227  25.0
55137.00841999981  0.0  1.4419133272497227  25.0
55141.99476499981  0.0  1.4419133272497227  25.0
55146.981109999804  0.0  1.4419133272497227  25.0
55151.9674549998  0.0  1.4419133272497227  25.0
55156.9537999998  0.0  1.4419133272497227  25.0
55161.9401449998  0.0  1.4419133272497227  25.0
55166.926489999794  0.0  1.4419133272497227  25.0
55171.91283499979  0.0  1.4419133272497227  25.0
55176.89917999979  0.0  1.4419133272497227  25.0
55181.88552499979  0.0  1.4419133272497227  25.0
55186.871869999784  0.0  1.4419133272497227  25.0
55191.85821499978  0.0  1.4419133272497227  25.0
55196.84455999978  0.0  1.4419133272497227  25.0
55201.83090499978  0.0  1.4419133272497227  25.0
55206.817249999775  0.0  1.4419133272497227  25.0
55211.80359499977  0.0  1.4419133272497227  25.0
55216.78993999977  0.0  1.4419133272497227  25.0
55221.77628499977  0.0  1.4419133272497227  25.0
55226.762629999765  0.0  1.4419133272497227  25.0
55231.74897499976  0.0  1.4419133272497227  25.0
55236.73531999976  0.0  1.4419133272497227  25.0
55241.72166499976  0.0  1.4419133272497227  25.0
55246.708009999755  0.0  1.4419133272497227  25.0
55251.69435499975  0.0  1.4419133272497227  25.0
55256.68069999975  0.0  1.4419133272497227  25.0
55261.66704499975  0.0  1.4419133272497227  25.0
55266.653389999745  0.0  1.4419133272497227  25.0
55271.63973499974  0.0  1.4419133272497227  25.0
55276.62607999974  0.0  1.4419133272497227  25.0
55281.61242499974  0.0  1.4419133272497227  25.0
55286.598769999735  0.0  1.4419133272497227  25.0
54957.5  -1.2504862986045815  3.386083402728604  25.0
54986.3984375  -4.234076899397018  4.038575138156158  25.0
54989.30078125  3.3168572422266847  1.833359224120296  25.0
54995.3984375  -1.1952037338901864  3.2084522932386372  25.0
54998.3984375  -0.6924561973096346  2.880684522779804  25.0
55004.3984375  9.871330150082315  5.357698108105624  25.0
55010.30078125  0.3718564323944885  3.287105036187537  25.0
55013.30078125  -0.9517835743065289  1.5015655096043963  25.0
55016.30078125  -1.3982665948937871  3.3242217831743948  25.0
55034.30078125  0.30086297497181647  2.6436469528649584  25.0
55214.6015625  -3.011084768381453  1.752350210135764  25.0
55220.69921875  0.4244878176176845  1.9721057746604977  25.0
55223.69921875  0.26050572321377385  1.6560229060308607  25.0
55235.6015625  -0.6641766372567502  0.9251733126989663  25.0
55238.6015625  -1.2459694725520936  1.425367832140799  25.0
55241.5  -1.0367203934066551  1.0995638705957345  25.0
55247.6015625  -0.12647242878055176  1.7584381956921007  25.0
55250.6015625  0.6823423145182452  1.3577129247867563  25.0
55268.6015625  1.9914498215498793  1.8296278841757045  25.0
55274.6015625  -0.2903563491264789  5.344442234060636  25.0
55280.3984375  2.7418398332981293  1.1430633008954325  25.0
55298.6015625  -0.4342089105331117  2.0013672859922806  25.0
55304.3984375  2.1814529927474093  1.6123271042041887  25.0
55322.5  7.772653608706234  2.110066839092803  25.0
55325.3984375  13.297378576557168  1.3806900790352283  25.0
55331.5  13.380252792293856  1.8727346650654826  25.0
55334.3984375  11.602667389459489  0.9005268600051725  25.0
55337.5  10.013808415143222  2.158279466971963  25.0
55340.3984375  8.246434706287618  3.333942782445794  25.0
55352.3984375  6.045441201479825  1.9383274372762271  25.0
55355.3984375  5.820284623989066  1.4069075975888428  25.0
55361.30078125  5.032581400082956  1.6148800276988797  25.0
55364.30078125  4.187337292080234  1.1588723793671964  25.0
55367.30078125  5.892456451039624  1.4078895488677412  25.0
55376.3984375  5.486134263861421  0.9792775546074889  25.0
55379.30078125  -0.7449893733583366  1.5797269959817624  25.0
55388.30078125  3.220235334009306  0.8824594621511928  25.0
55406.30078125  -0.7080688574324104  1.3279605314595524  25.0
55409.30078125  3.718662416064344  1.8025267405727208  25.0
55595.6015625  2.0444738795940025  0.7605038477176254  25.0
55613.5  -0.09946938900253047  1.6970676454213687  25.0
55631.6015625  0.6718356886729077  1.3997395218121347  25.0
55634.6015625  0.503434883746975  1.6588704336380269  25.0
55646.6015625  -0.10074589757189004  2.6551355768112086  25.0
55649.6015625  -0.940295044004307  1.2507809027170567  25.0
55664.5  0.5013728422477051  1.1535699735627842  25.0
55673.3984375  0.7795532904945317  1.205710406557538  25.0
55676.5  -1.2023718096668945  1.8981665102231444  25.0
55703.30078125  2.5896407562538806  1.7393887529151941  25.0
55718.30078125  -1.116944014927319  1.3101876440740197  25.0
55739.30078125  -0.40769683468903617  1.1891157483338497  25.0
55742.30078125  -0.6583832558128887  0.6703628085765739  25.0
55745.30078125  -0.1816568311424669  0.999996295829717  25.0
55748.30078125  -0.44275168064266646  1.3927678175624008  25.0
55751.30078125  -0.41358840189638474  2.1113433944841766  25.0
55754.30078125  -0.3222690399494608  1.1299054721478887  25.0
55967.6015625  1.3490720157357285  1.6626017735826184  25.0
55969.69921875  -0.26286234541451187  1.3003683185730912  25.0
55972.6015625  -3.137164278525504  2.9034653055013018  25.0
55983.6015625  1.684400605025218  0.9580679313898397  25.0
55988.6015625  -0.2894726070220745  1.498914353524204  25.0
55997.6015625  -0.41034803759124233  0.9685746040571913  25.0
55999.5  -0.3504503908278512  0.9872312101361215  25.0
56002.6015625  1.8916857816128596  0.9617992713344313  25.0
56013.6015625  0.06745850656330973  1.6492475733081007  25.0
56016.5  -1.5592047199305363  1.0858168336232406  25.0
56018.5  0.47319146795830774  1.15749768503435  25.0
56026.5  1.4291974046708917  2.052525767708136  25.0
56028.5  0.6175350284153969  1.0979928047359138  25.0
56031.5  -0.7052212830032302  0.5267065952859081  25.0
56037.5  -0.010015673616895376  1.0744265359065195  25.0
56042.5  -1.0439867017688642  1.381966634426602  25.0
56045.5  -1.4999944437445756  2.8843177237829227  25.0
56049.5  -1.4238949988664793  1.8342430364577216  25.0
56056.5  -2.851226733565075  1.480748629440695  25.0
56058.30078125  1.283871892934904  2.3308043548964354  25.0
56061.5  -0.8476009409025224  1.388938338676336  25.0
56064.3984375  -1.5220878792996502  1.5589102094620892  25.0
56067.3984375  -0.5359367593839003  1.558222862295666  25.0
56072.30078125  0.2505882353603655  2.042510164324262  25.0
56085.3984375  -3.1958837663600717  1.674974209866294  25.0
56090.30078125  -0.045266917434882654  1.0097173887451443  25.0
56093.30078125  -0.19795685013716952  1.4584588223586463  25.0
56108.30078125  0.3246256621501989  1.1797874921163987  25.0
56383.6015625  0.27896598117673693  1.1933380639178905  25.0
56386.6015625  -1.3785298049504573  1.2162169855808616  25.0
56389.5  -0.739294177677962  1.3265858371267059  25.0
56392.5  -0.40082331620278916  1.5753083088707474  25.0
56397.3984375  1.421440120669233  2.0628359752044854  25.0
56400.6015625  -0.4717185878619741  3.313126089570149  25.0
56402.6015625  1.4532546491397351  1.1525880222838858  25.0
56404.5  2.3765621982223775  1.0443794448228123  25.0
56410.3984375  -0.8410219797067365  1.549483627015109  25.0
56412.5  0.3759805388040353  1.2718923869932328  25.0
56415.5  -1.2163152181663626  1.2427291082469512  25.0
56421.5  0.21975565816876202  1.1160602962339217  25.0
56429.30078125  1.2078705869982809  1.5979909526507723  25.0
56437.3984375  -0.22093398097463454  7.084616473083726  25.0
56442.5  2.5286631363251533  1.3675322502876845  25.0
56451.3984375  0.6506260186332443  1.8315917867335014  25.0
56453.30078125  12.754175789743144  6.420439835826976  25.0
56456.30078125  -2.0290576378202148  1.2746417756589261  25.0
56459.30078125  -0.757263483412483  1.0310252445482946  25.0
56463.30078125  -0.2819117647804112  1.1446343667552532  25.0
56466.30078125  -3.9499069791114403  2.4430387827705475  25.0
56469.30078125  -0.6936345201155072  1.6275470680950304  25.0
56471.30078125  0.49302644366512444  0.9874275816630955  25.0
56474.30078125  -0.039866308308728046  1.549090883961161  25.0
56477.30078125  1.1270578508966944  0.6622127815209674  25.0
56480.30078125  -0.6605435298976597  1.6801783830852053  25.0
56482.30078125  1.8529978751221527  0.9665125625579214  25.0
56485.30078125  0.3818721060113839  1.2255453354423407  25.0
56488.30078125  0.1038880644080419  1.0899410102658085  25.0
56490.30078125  -0.7494080604693515  0.8476991734880235  25.0
56492.30078125  -1.8096948163494289  1.0280794843556273  25.0
56511.30078125  -0.443930003448539  0.5756066639755195  25.0
