#Date  :
#Flux  :
#Fluxerr  :
#ZP  :
#end  :
@INSTRUMENT  PS
@BAND  PS_g
@MAGSYS  AB
54962.1477625  0.0  1.0392585217471413  25.0
54967.134107499995  0.0  1.0392585217471413  25.0
54972.12045249999  0.0  1.0392585217471413  25.0
54977.10679749999  0.0  1.0392585217471413  25.0
54982.09314249999  0.0  1.0392585217471413  25.0
54987.079487499985  0.0  1.0392585217471413  25.0
54992.06583249998  0.0  1.0392585217471413  25.0
54997.05217749998  0.0  1.0392585217471413  25.0
55002.03852249998  0.0  1.0392585217471413  25.0
55007.024867499975  0.0  1.0392585217471413  25.0
55012.01121249997  0.0  1.0392585217471413  25.0
55016.99755749997  0.0  1.0392585217471413  25.0
55021.98390249997  0.0  1.0392585217471413  25.0
55026.970247499965  0.0  1.0392585217471413  25.0
55031.95659249996  0.0  1.0392585217471413  25.0
55036.94293749996  0.0  1.0392585217471413  25.0
55041.92928249996  0.0  1.0392585217471413  25.0
55046.915627499955  0.0  1.0392585217471413  25.0
55051.90197249995  0.0  1.0392585217471413  25.0
55056.88831749995  0.0  1.0392585217471413  25.0
55061.87466249995  0.0  1.0392585217471413  25.0
55066.861007499945  0.0  1.0392585217471413  25.0
55071.84735249994  0.0  1.0392585217471413  25.0
55076.83369749994  0.0  1.0392585217471413  25.0
55081.82004249994  0.0  1.0392585217471413  25.0
55086.806387499935  0.0  1.0392585217471413  25.0
55091.79273249993  0.0  1.0392585217471413  25.0
55096.77907749993  0.0  1.0392585217471413  25.0
55101.76542249993  0.0  1.0392585217471413  25.0
55106.751767499925  0.0  1.0392585217471413  25.0
55111.73811249992  0.0  1.0392585217471413  25.0
55116.72445749992  0.0  1.0392585217471413  25.0
55121.71080249992  0.0  1.0392585217471413  25.0
55126.697147499915  0.0  1.0392585217471413  25.0
55131.68349249991  0.0  1.0392585217471413  25.0
55136.66983749991  0.0  1.0392585217471413  25.0
55141.65618249991  0.0  1.0392585217471413  25.0
55146.642527499906  0.0  1.0392585217471413  25.0
55151.6288724999  0.0  1.0392585217471413  25.0
55156.6152174999  0.0  1.0392585217471413  25.0
55161.6015624999  0.0  1.0392585217471413  25.0
55166.587907499896  0.0  1.0392585217471413  25.0
55171.57425249989  0.0  1.0392585217471413  25.0
55176.56059749989  0.0  1.0392585217471413  25.0
55181.54694249989  0.0  1.0392585217471413  25.0
55186.533287499886  0.0  1.0392585217471413  25.0
55191.51963249988  0.0  1.0392585217471413  25.0
55196.50597749988  0.0  1.0392585217471413  25.0
55201.49232249988  0.0  1.0392585217471413  25.0
55206.478667499876  0.0  1.0392585217471413  25.0
55211.46501249987  0.0  1.0392585217471413  25.0
55216.45135749987  0.0  1.0392585217471413  25.0
55221.43770249987  0.0  1.0392585217471413  25.0
55226.424047499866  0.0  1.0392585217471413  25.0
55231.41039249986  0.0  1.0392585217471413  25.0
55236.39673749986  0.0  1.0392585217471413  25.0
55241.38308249986  0.0  1.0392585217471413  25.0
55246.369427499856  0.0  1.0392585217471413  25.0
55251.35577249985  0.0  1.0392585217471413  25.0
55256.34211749985  0.0  1.0392585217471413  25.0
55261.32846249985  0.0  1.0392585217471413  25.0
55266.314807499846  0.0  1.0392585217471413  25.0
55271.301152499844  0.0  1.0392585217471413  25.0
55276.28749749984  0.0  1.0392585217471413  25.0
55281.27384249984  0.0  1.0392585217471413  25.0
55286.260187499836  0.0  1.0392585217471413  25.0
55291.246532499834  0.0  1.0392585217471413  25.0
55296.23287749983  0.0  1.0392585217471413  25.0
55301.21922249983  0.0  1.0392585217471413  25.0
55306.20556749983  0.0  1.0392585217471413  25.0
55311.191912499824  0.0  1.0392585217471413  25.0
55316.17825749982  0.0  1.0392585217471413  25.0
55321.16460249982  0.0  1.0392585217471413  25.0
55326.15094749982  0.0  1.0392585217471413  25.0
55331.137292499814  0.0  1.0392585217471413  25.0
55336.12363749981  0.0  1.0392585217471413  25.0
55341.10998249981  0.0  1.0392585217471413  25.0
55346.09632749981  0.0  1.0392585217471413  25.0
55351.082672499804  0.0  1.0392585217471413  25.0
55356.0690174998  0.0  1.0392585217471413  25.0
55361.0553624998  0.0  1.0392585217471413  25.0
55366.0417074998  0.0  1.0392585217471413  25.0
55371.028052499794  0.0  1.0392585217471413  25.0
55376.01439749979  0.0  1.0392585217471413  25.0
55381.00074249979  0.0  1.0392585217471413  25.0
55385.98708749979  0.0  1.0392585217471413  25.0
55390.973432499784  0.0  1.0392585217471413  25.0
55395.95977749978  0.0  1.0392585217471413  25.0
55400.94612249978  0.0  1.0392585217471413  25.0
55405.93246749978  0.0  1.0392585217471413  25.0
55410.918812499775  0.0  1.0392585217471413  25.0
55415.90515749977  0.0  1.0392585217471413  25.0
55420.89150249977  0.0  1.0392585217471413  25.0
55425.87784749977  0.0  1.0392585217471413  25.0
55430.864192499765  0.0  1.0392585217471413  25.0
55435.85053749976  0.0  1.0392585217471413  25.0
55440.83688249976  0.0  1.0392585217471413  25.0
55445.82322749976  0.0  1.0392585217471413  25.0
55450.809572499755  0.0  1.0392585217471413  25.0
55455.79591749975  0.0  1.0392585217471413  25.0
55460.78226249975  0.0  1.0392585217471413  25.0
55465.76860749975  0.0  1.0392585217471413  25.0
55470.754952499745  0.0  1.0392585217471413  25.0
55475.74129749974  0.0  1.0392585217471413  25.0
55480.72764249974  0.0  1.0392585217471413  25.0
55485.71398749974  0.0  1.0392585217471413  25.0
55490.700332499735  0.0  1.0392585217471413  25.0
55495.68667749973  0.0  1.0392585217471413  25.0
55500.67302249973  0.0  1.0392585217471413  25.0
55505.65936749973  0.0  1.0392585217471413  25.0
55510.645712499725  0.0  1.0392585217471413  25.0
55515.63205749972  0.0  1.0392585217471413  25.0
55520.61840249972  0.0  1.0392585217471413  25.0
55525.60474749972  0.0  1.0392585217471413  25.0
55530.591092499715  0.0  1.0392585217471413  25.0
55535.57743749971  0.0  1.0392585217471413  25.0
55540.56378249971  0.0  1.0392585217471413  25.0
55545.55012749971  0.0  1.0392585217471413  25.0
55550.536472499705  0.0  1.0392585217471413  25.0
55555.5228174997  0.0  1.0392585217471413  25.0
55560.5091624997  0.0  1.0392585217471413  25.0
55565.4955074997  0.0  1.0392585217471413  25.0
55570.481852499695  0.0  1.0392585217471413  25.0
55575.46819749969  0.0  1.0392585217471413  25.0
55580.45454249969  0.0  1.0392585217471413  25.0
55585.44088749969  0.0  1.0392585217471413  25.0
55590.427232499685  0.0  1.0392585217471413  25.0
55595.41357749968  0.0  1.0392585217471413  25.0
55600.39992249968  0.0  1.0392585217471413  25.0
55605.38626749968  0.0  1.0392585217471413  25.0
55610.372612499676  0.0  1.0392585217471413  25.0
55615.35895749967  0.0  1.0392585217471413  25.0
55620.34530249967  0.0  1.0392585217471413  25.0
55625.33164749967  0.0  1.0392585217471413  25.0
55630.317992499666  0.0  1.0392585217471413  25.0
55635.30433749966  0.0  1.0392585217471413  25.0
55640.29068249966  0.0  1.0392585217471413  25.0
55645.27702749966  0.0  1.0392585217471413  25.0
55650.263372499656  0.0  1.0392585217471413  25.0
55655.24971749965  0.0  1.0392585217471413  25.0
55660.23606249965  0.0  1.0392585217471413  25.0
55665.22240749965  0.0  1.0392585217471413  25.0
55670.208752499646  0.0  1.0392585217471413  25.0
55675.19509749964  0.0  1.0392585217471413  25.0
55680.18144249964  0.0  1.0392585217471413  25.0
55685.16778749964  0.0  1.0392585217471413  25.0
55690.154132499636  0.0  1.0392585217471413  25.0
55695.14047749963  0.0  1.0392585217471413  25.0
55700.12682249963  0.0  1.0392585217471413  25.0
55705.11316749963  0.0  1.0392585217471413  25.0
55710.099512499626  0.0  1.0392585217471413  25.0
55715.085857499624  0.0  1.0392585217471413  25.0
55720.07220249962  0.0  1.0392585217471413  25.0
55725.05854749962  0.0  1.0392585217471413  25.0
55730.044892499616  0.0  1.0392585217471413  25.0
55735.031237499614  0.0  1.0392585217471413  25.0
55740.01758249961  0.0  1.0392585217471413  25.0
55745.00392749961  0.0  1.0392585217471413  25.0
55749.99027249961  0.0  1.0392585217471413  25.0
55754.976617499604  0.0  1.0392585217471413  25.0
55759.9629624996  0.0  1.0392585217471413  25.0
55764.9493074996  0.0  1.0392585217471413  25.0
55769.9356524996  0.0  1.0392585217471413  25.0
55774.921997499594  0.0  1.0392585217471413  25.0
55779.90834249959  0.0  1.0392585217471413  25.0
55784.89468749959  0.0  1.0392585217471413  25.0
55789.88103249959  0.0  1.0392585217471413  25.0
55794.867377499584  0.0  1.0392585217471413  25.0
55799.85372249958  0.0  1.0392585217471413  25.0
55804.84006749958  0.0  1.0392585217471413  25.0
55809.82641249958  0.0  1.0392585217471413  25.0
55814.812757499574  0.0  1.0392585217471413  25.0
55819.79910249957  0.0  1.0392585217471413  25.0
55824.78544749957  0.0  1.0392585217471413  25.0
55829.77179249957  0.0  1.0392585217471413  25.0
55834.758137499564  0.0  1.0392585217471413  25.0
55839.74448249956  0.0  1.0392585217471413  25.0
55844.73082749956  0.0  1.0392585217471413  25.0
55849.71717249956  0.0  1.0392585217471413  25.0
55854.703517499554  0.0  1.0392585217471413  25.0
55859.68986249955  0.0  1.0392585217471413  25.0
55864.67620749955  0.0  1.0392585217471413  25.0
55869.66255249955  0.0  1.0392585217471413  25.0
55874.648897499545  0.0  1.0392585217471413  25.0
55879.63524249954  0.0  1.0392585217471413  25.0
55884.62158749954  0.0  1.0392585217471413  25.0
55889.60793249954  0.0  1.0392585217471413  25.0
55894.594277499535  0.0  1.0392585217471413  25.0
55899.58062249953  0.0  1.0392585217471413  25.0
55904.56696749953  0.0  1.0392585217471413  25.0
55909.55331249953  0.0  1.0392585217471413  25.0
55914.539657499525  0.0  1.0392585217471413  25.0
55919.52600249952  0.0  1.0392585217471413  25.0
55924.51234749952  0.0  1.0392585217471413  25.0
55929.49869249952  0.0  1.0392585217471413  25.0
55934.485037499515  0.0  1.0392585217471413  25.0
55939.47138249951  0.0  1.0392585217471413  25.0
55944.45772749951  0.0  1.0392585217471413  25.0
55949.44407249951  0.0  1.0392585217471413  25.0
55954.430417499505  0.0  1.0392585217471413  25.0
55959.4167624995  0.0  1.0392585217471413  25.0
55964.4031074995  0.0  1.0392585217471413  25.0
55969.3894524995  0.0  1.0392585217471413  25.0
55974.375797499495  0.0  1.0392585217471413  25.0
55979.36214249949  0.0  1.0392585217471413  25.0
55984.34848749949  0.0  1.0392585217471413  25.0
55989.33483249949  0.0  1.0392585217471413  25.0
55994.321177499485  0.0  1.0392585217471413  25.0
55161.6015625  -0.6513799869686907  1.377446284370856  25.0
55176.6015625  0.6444812811439705  1.054805698786234  25.0
55179.6015625  -0.2352566526927921  0.7038703265369509  25.0
55188.6015625  -0.15357170977510443  0.9691214487669775  25.0
55191.5  0.09938169329363727  0.6808745609963289  25.0
55206.6015625  0.69667165003402  0.7986528607630972  25.0
55212.5  -0.571494725095469  0.5824927123561837  25.0
55215.6015625  0.053290181918600785  0.670176544413825  25.0
55217.5  -0.7732575681714535  0.5402004700233647  25.0
55221.5  -1.6482963507281994  1.4025416062842888  25.0
55230.3984375  -3.767106149866782  4.578856554263405  25.0
55233.5  1.3063593360263133  1.038708639070332  25.0
55236.5  0.8028520688585848  0.7007708837950817  25.0
55239.5  1.223874550758285  0.9714210014835732  25.0
55242.3984375  0.3273396891897059  0.8033519882056475  25.0
55248.3984375  -1.065503667693805  1.1063961739947947  25.0
55275.3984375  -0.41262397035885906  0.8526429106976126  25.0
55290.3984375  -3.8802852965254258  3.1528192154164985  25.0
55302.3984375  -6.163664387462897  3.280295502371913  25.0
55305.30078125  -1.8316625336967536  1.5328176513529599  25.0
55320.30078125  -0.22705816133320225  1.4992237958893269  25.0
55545.5  -0.5323019255045192  0.608487898629316  25.0
55560.6015625  0.33553818054929574  1.2316731209427045  25.0
55563.6015625  -0.8781382252986151  1.1563869645026743  25.0
55566.6015625  1.1353908286753702  1.2649670057281268  25.0
55572.5  -2.001831151022423  1.303459841953296  25.0
55587.6015625  2.789986086896667  1.1524877270853975  25.0
55590.5  0.30974294294501536  0.7015707738203552  25.0
55593.5  -0.27894860721997383  0.6886731311807486  25.0
55596.3984375  -0.4552161356949559  0.7710579421143509  25.0
55602.3984375  2.8281790477934914  2.7363958389499894  25.0
55614.30078125  0.9623227172766834  1.370247560192992  25.0
55629.30078125  0.030494382924930584  0.7181677052083868  25.0
55632.30078125  1.197379397463157  0.9491251516337988  25.0
55635.30078125  -3.6124345555507267  1.4366353810949843  25.0
55650.3984375  0.46181491851639817  1.1012971492145405  25.0
55653.3984375  0.28654720489807506  0.876538540597934  25.0
55662.30078125  0.41582338743515423  1.3113584341470745  25.0
55674.30078125  0.767258631356567  0.6431815194465673  25.0
55677.30078125  0.6150866814507583  0.9544241250829049  25.0
55680.30078125  -0.24095561882946787  1.0233114473703449  25.0
55941.6015625  0.24465493141535927  1.3113584341470745  25.0
55947.6015625  0.3259399531578767  0.9776198869673117  25.0
55949.6015625  -3.303591381615545  2.0715183633351364  25.0
55952.6015625  0.08568421426305667  0.5828926096938875  25.0
55955.6015625  -1.7185833136976025  1.1165943189051688  25.0
55970.5  0.020896151063986557  1.4941247711090728  25.0
55973.5  -0.4582156041023992  0.8029520908679437  25.0
55984.30078125  0.7928539202919954  0.6302838768069606  25.0
56000.5  0.7845554784354462  1.1631856959929685  25.0
56006.3984375  6.468208426643098  0.790054448228337  25.0
56014.30078125  50.72635446240215  1.0916988503107221  25.0
56029.3984375  63.04458686011837  1.0398084044239504  25.0
56032.3984375  56.87791895187873  1.2757649966450566  25.0
56040.30078125  33.119798814204636  1.052906043407342  25.0
56043.30078125  25.654075178969066  0.8730392005183609  25.0
56325.5  -0.7554608494204447  1.53111794464292  25.0
56328.5  0.14697292695366215  1.2192753499752278  25.0
56331.6015625  0.10438077353629856  0.8577420308277326  25.0
56333.3984375  0.06958717838462129  0.8951351016992835  25.0
56336.5  0.6258847200426211  1.075901761273031  25.0
56354.3984375  -1.6356987264417364  1.7996684582836675  25.0
56357.3984375  0.1128791998178995  0.8908358715944369  25.0
56360.30078125  0.320940878874582  0.906632960632128  25.0
56384.30078125  -0.1600705063433875  1.5936064327777695  25.0
56387.3984375  0.006998710700899985  0.9631226073019569  25.0
56395.30078125  -0.43921909798841297  0.798952831441308  25.0
56625.6015625  0.9570236484777114  0.8555424047706299  25.0
56630.6015625  -0.2608519416282206  0.9139316114694848  25.0
56636.6015625  -0.6496803279335837  1.0807009107249403  25.0
56657.6015625  -3.6792221784405568  1.6148024219240595  25.0
56666.6015625  3.623832297124346  1.4526324188015274  25.0
56682.5  0.8384455063606027  0.8937353656674543  25.0
56709.30078125  -0.2488541633483134  1.3558502071871303  25.0
