56006.38402724457    9.250604821660556     1.4321018290699994     25    
56006.88402724457    10.737282983374687    1.416879838444547      25    
56007.38402724457    12.308398843943099    1.4208244765251283     25    
56007.88402724457    13.951574981958588    1.532422747689812      25    
56008.38402724457    15.66967827347298     1.7155715704338728     25    
56008.88402724457    17.447606649524918    1.822502427592403      25    
56009.38402724457    19.28703363278009     1.8330886242797637     25    
56009.88402724457    21.177786771497605    1.8212297090126373     25    
56010.38402724457    23.113055444394334    1.8267569412129196     25    
56010.88402724457    25.091916990762183    1.8325485995377506     25    
56011.38402724457    27.100334230845576    1.8379351882751815     25    
56011.88402724457    29.141640445658602    1.8429626951410414     25    
56012.38402724457    31.201460514663754    1.8478926466760037     25    
56012.88402724457    33.27954765871673     1.8523990445158776     25    
56013.38402724457    35.36829786995483     1.857448916465651      25    
56013.88402724457    37.45940990187904     1.8617697515447167     25    
56014.38402724457    39.55286375103679     1.8674657873974292     25    
56014.88402724457    41.63008162895748     1.8891475942934564     25    
56015.38402724457    43.703345370912736    1.9296904951349891     25    
56015.88402724457    45.71298403749969     1.96806647106348       25    
56016.38402724457    47.65177946485544     1.9952045911593674     25    
56016.88402724457    49.49003501969579     2.0170670414856935     25    
56017.38402724457    51.16225986046381     2.0350898986601194     25    
56017.88402724457    52.68324991970531     2.0489447892957915     25    
56018.38402724457    53.98273318284151     2.0569826547577144     25    
56018.88402724457    55.04116176547244     2.0551796069171515     25    
56019.38402724457    55.91108392458837     2.0572071992799885     25    
56019.88402724457    56.59807451132618     2.0744217697607596     25    
56020.38402724457    57.128672835315875    2.0993976510326946     25    
56020.88402724457    57.5948507256286      2.127578060688766      25    
56021.38402724457    57.97555733059474     2.161236720331553      25    
56021.88402724457    58.35819317162266     2.1777108876692575     25    
56022.38402724457    58.769475101768506    2.1722666559302213     25    
56022.88402724457    59.18238927611242     2.1477263912507665     25    
56023.38402724457    59.6013453821125      2.090210165865477      25    
56023.88402724457    60.01404468598582     2.011836444315843      25    
56024.38402724457    60.35632021813583     1.9791712085630175     25    
56024.88402724457    60.640960653836366    1.999011315945235      25    
56025.38402724457    60.81636682768782     2.018613095859217      25    
56025.88402724457    60.85620274054125     2.016611891611579      25    
56026.38402724457    60.77803083972934     2.009338281366126      25    
56026.88402724457    60.57926227955882     2.002376678711144      25    
56027.38402724457    60.262755416097974    1.994764645573683      25    
56027.88402724457    59.87290275700889     1.9994479443207782     25    
56028.38402724457    59.40362932403196     2.0232340207915245     25    
56028.88402724457    58.88417805371164     2.0409411007936993     25    
56029.38402724457    58.33991477489545     2.0505627566118054     25    
56029.88402724457    57.756074329689106    2.0369783379323096     25    
56030.38402724457    57.129445791625244    1.931310552747715      25    
56030.88402724457    56.46274302427423     1.7218169241505485     25    
56031.38402724457    55.71474471611693     1.5687064927787902     25    
56031.88402724457    54.886699701843       1.5565457287235385     25    
56032.38402724457    53.958131590627566    1.5826905279066035     25    
56032.88402724457    52.8954087193492      1.576439403565667      25    
56033.38402724457    51.7184845583106      1.5653798573851205     25    
56033.88402724457    50.45673152596726     1.549569354217384      25    
56034.38402724457    49.09538398649594     1.5265736501558522     25    
56034.88402724457    47.71910892604285     1.5133993797889118     25    
56035.38402724457    46.336044340059345    1.5227862429985919     25    
56035.88402724457    44.98121668876742     1.5367385628976968     25    
56036.38402724457    43.72384152057965     1.5357934079450029     25    
56036.88402724457    42.54515128545584     1.5263534116485942     25    
56037.38402724457    41.46902008788023     1.5169007079780041     25    
56037.88402724457    40.50258539951904     1.5065233025648752     25    
56038.38402724457    39.61579713208288     1.499062472126428      25    
56038.88402724457    38.800789630011565    1.4995656512976683     25    
56039.38402724457    38.05111708166083     1.5026076211523307     25    
56039.88402724457    37.339496439876484    1.5008262705365432     25    
56040.38402724457    36.67165078900232     1.4957660642605106     25    
56040.88402724457    36.04289922169233     1.4846323233181478     25    
56041.38402724457    35.44777020843687     1.462395716624761      25    
56041.88402724457    34.90104425360534     1.442817823205376      25    
56042.38402724457    34.41067870219359     1.440347912356485      25    
56042.88402724457    33.9772009045726      1.4464165153480488     25    
56043.38402724457    33.61853195388185     1.4487608684046895     25    
56043.88402724457    33.33422853505887     1.44887702988812       25    
56044.38402724457    33.1105752810856      1.4461068230091678     25    
56044.88402724457    32.95584260594489     1.4448890903038942     25    
56045.38402724457    32.84330548927349     1.4334508097094811     25    
56045.88402724457    32.74571007372381     1.387929259591085      25    
56046.38402724457    32.66701838833705     1.3187558057961464     25    
56046.88402724457    32.563211925160104    1.2815763175009602     25    
56047.38402724457    32.436842900913284    1.2859216688819646     25    
56047.88402724457    32.280498059279495    1.2935274577964533     25    
56048.38402724457    32.081649305331155    1.283377772394001      25    
56048.88402724457    31.855337593242975    1.2733218131518493     25    
56049.38402724457    31.61817175786823     1.2823434745611415     25    
56049.88402724457    31.366385132266206    1.3056965324710543     25    
56050.38402724457    31.123230906607795    1.3204959173577697     25    
56050.88402724457    30.89010602177431     1.324670497443944      25    
56051.38402724457    30.668717206851642    1.3206248265299074     25    
56051.88402724457    30.46691361681377     1.3016469276620024     25    
56052.38402724457    30.277183571905628    1.2768046038017011     25    
56052.88402724457    30.08582979190407     1.2733644019647647     25    
56053.38402724457    29.89624830674648     1.2895549103667943     25    
56053.88402724457    29.69255703356985     1.3047014438986777     25    
56054.38402724457    29.472670976046416    1.3172080332643794     25    
56054.88402724457    29.233452200363104    1.3224869412643543     25    
56055.38402724457    28.967326943549054    1.3061538112197242     25    
56055.88402724457    28.677251782035775    1.276857277202389      25    
56056.38402724457    28.365393559311926    1.2659763467586846     25    
56056.88402724457    28.031170162491385    1.2753007045197993     25    
56057.38402724457    27.677234775006966    1.2889053474294059     25    
56057.88402724457    27.304487952073615    1.3067456604417633     25    
56058.38402724457    26.91304837393089     1.3203358000547127     25    
56058.88402724457    26.50440690247958     1.3186352922864804     25    
56059.38402724457    26.07814480824535     1.303083315021503      25    
56059.88402724457    25.633176371618898    1.2208047792352201     25    
56060.38402724457    25.16969428572206     1.0112449302201627     25    
56060.88402724457    24.68680719217256     0.7833762071294833     25    
56061.38402724457    24.18279523691679     0.719181246947992      25    
56061.88402724457    23.65968517011406     0.7472834032513681     25    
56062.38402724457    23.119934652944043    0.7407665022700155     25    
56062.88402724457    22.562196298474465    0.7191929390449489     25    
56063.38402724457    22.00059960630264     0.7064178224420584     25    
56063.88402724457    21.434262413465046    0.7081187041623214     25    
56064.38402724457    20.87193380043368     0.7166869693500469     25    
56064.88402724457    20.322823858899994    0.731135750750892      25    
56065.38402724457    19.785317544575186    0.748145658377921      25    
56065.88402724457    19.26994756607424     0.7480281386949239     25    
56066.38402724457    18.776040446876316    0.7301351129302085     25    
56066.88402724457    18.302690764790015    0.707567126204715      25    
56067.38402724457    17.850289644686516    0.6875106836216003     25    
56067.88402724457    17.418104611592838    0.6611390822975506     25    
56068.38402724457    17.0054114439948      0.6127696555796172     25    
56068.88402724457    16.612326896494718    0.5440917183980438     25    
56069.38402724457    16.237497995096316    0.5000219842741939     25    
56069.88402724457    15.881321280102231    0.49734134179287554    25    
56070.38402724457    15.542076070170996    0.5019385299751352     25    
56070.88402724457    15.219139802238978    0.49496715024862303    25    
56071.38402724457    14.912073108804442    0.48648136400303094    25    
56071.88402724457    14.619006532004487    0.4788487035291705     25    
56072.38402724457    14.340385103335981    0.4715344380934273     25    
56072.88402724457    14.074049841600264    0.4670805480485845     25    
56073.38402724457    13.82016991602731     0.4663575283333757     25    
56073.88402724457    13.577383263282774    0.4680461697929002     25    
56074.38402724457    13.344585464979652    0.4626334068915755     25    
56074.88402724457    13.121746723286021    0.4625858975869431     25    
56075.38402724457    12.90678966829414     0.514147368486503      25    
56075.88402724457    12.70019507598098     0.6090399083978882     25    
56076.38402724457    12.499940444071992    0.6735539726541814     25    
56076.88402724457    12.305886239468792    0.683984357359013      25    
56077.38402724457    12.117056857014973    0.6881478405274538     25    
56077.88402724457    11.931978131850636    0.7168120210719717     25    