#Date  :
#Flux  :
#Fluxerr  :
#ZP  :
#end  :
@INSTRUMENT  SDSS
@BAND  SDSS_u
@MAGSYS  AB
53422.99899  0.0  5.88062211326848  25.0
53427.985335  0.0  5.88062211326848  25.0
53432.971679999995  0.0  5.88062211326848  25.0
53437.95802499999  0.0  5.88062211326848  25.0
53442.94436999999  0.0  5.88062211326848  25.0
53447.93071499999  0.0  5.88062211326848  25.0
53452.917059999985  0.0  5.88062211326848  25.0
53457.90340499998  0.0  5.88062211326848  25.0
53462.88974999998  0.0  5.88062211326848  25.0
53467.87609499998  0.0  5.88062211326848  25.0
53472.862439999975  0.0  5.88062211326848  25.0
53477.84878499997  0.0  5.88062211326848  25.0
53482.83512999997  0.0  5.88062211326848  25.0
53487.82147499997  0.0  5.88062211326848  25.0
53492.807819999965  0.0  5.88062211326848  25.0
53497.79416499996  0.0  5.88062211326848  25.0
53502.78050999996  0.0  5.88062211326848  25.0
53507.76685499996  0.0  5.88062211326848  25.0
53512.753199999956  0.0  5.88062211326848  25.0
53517.73954499995  0.0  5.88062211326848  25.0
53522.72588999995  0.0  5.88062211326848  25.0
53527.71223499995  0.0  5.88062211326848  25.0
53532.698579999946  0.0  5.88062211326848  25.0
53537.68492499994  0.0  5.88062211326848  25.0
53542.67126999994  0.0  5.88062211326848  25.0
53547.65761499994  0.0  5.88062211326848  25.0
53552.643959999936  0.0  5.88062211326848  25.0
53557.63030499993  0.0  5.88062211326848  25.0
53562.61664999993  0.0  5.88062211326848  25.0
53567.60299499993  0.0  5.88062211326848  25.0
53572.589339999926  0.0  5.88062211326848  25.0
53577.57568499992  0.0  5.88062211326848  25.0
53582.56202999992  0.0  5.88062211326848  25.0
53587.54837499992  0.0  5.88062211326848  25.0
53592.534719999916  0.0  5.88062211326848  25.0
53597.52106499991  0.0  5.88062211326848  25.0
53602.50740999991  0.0  5.88062211326848  25.0
53607.49375499991  0.0  5.88062211326848  25.0
53622.45279  -0.07315124797104301  3.7414514443905027  25.0
53627.410121  17.73973689328352  4.781675612786068  25.0
53634.403148  70.74642865701026  10.497315935905789  25.0
53638.444793  41.553040705263726  5.707251418535886  25.0
53640.408893  32.29728264776555  5.405250853517819  25.0
53643.451546  28.913757798952016  5.872233208684645  25.0
53646.470521  18.326960214151985  4.681008757780045  25.0
53657.289856  7.228439449738004  19.982370718695464  25.0
53663.471939  -1.378576653276919  12.762320173541296  25.0
53664.407099  -2.8606164630878053  8.11486703409659  25.0
53665.471881  -10.270815512142239  8.88105365275354  25.0
53668.460203  2.4428490148128126  8.892238858865321  25.0
53669.366292  -0.08704886656493001  6.971179709167057  25.0
53670.466243  10.75737197800468  7.24801356043362  25.0
53671.451021  10.119815229633206  5.889011017852315  25.0
53674.350809  -7.379439732247037  4.818027532649355  25.0
53676.440249  5.0836761778041355  4.728545883755112  25.0
53679.412086  0.665799393803721  5.542269628387127  25.0
53681.403554  0.4706175471531551  5.0752872732203  25.0
53687.306426  22.392782635784112  14.834379605748591  25.0
53696.369262  16.69392012183206  6.772642300682958  25.0
53697.360337  9.194239423883387  6.101529933976141  25.0
53700.359139  -0.6562919686087078  5.366102632126588  25.0
53705.345821  1.5309750865499254  5.486343597828226  25.0
