#Date  :
#Flux  :
#Fluxerr  :
#ZP  :
#end  :
@INSTRUMENT  PS
@BAND  PS_i
@MAGSYS  AB
54741.0462  0.0  1.1454471244456328  25.0
54746.032544999995  0.0  1.1454471244456328  25.0
54751.01888999999  0.0  1.1454471244456328  25.0
54756.00523499999  0.0  1.1454471244456328  25.0
54760.99157999999  0.0  1.1454471244456328  25.0
54765.977924999985  0.0  1.1454471244456328  25.0
54770.96426999998  0.0  1.1454471244456328  25.0
54775.95061499998  0.0  1.1454471244456328  25.0
54780.93695999998  0.0  1.1454471244456328  25.0
54785.923304999975  0.0  1.1454471244456328  25.0
54790.90964999997  0.0  1.1454471244456328  25.0
54795.89599499997  0.0  1.1454471244456328  25.0
54800.88233999997  0.0  1.1454471244456328  25.0
54805.868684999965  0.0  1.1454471244456328  25.0
54810.85502999996  0.0  1.1454471244456328  25.0
54815.84137499996  0.0  1.1454471244456328  25.0
54820.82771999996  0.0  1.1454471244456328  25.0
54825.814064999955  0.0  1.1454471244456328  25.0
54830.80040999995  0.0  1.1454471244456328  25.0
54835.78675499995  0.0  1.1454471244456328  25.0
54840.77309999995  0.0  1.1454471244456328  25.0
54845.759444999945  0.0  1.1454471244456328  25.0
54850.74578999994  0.0  1.1454471244456328  25.0
54855.73213499994  0.0  1.1454471244456328  25.0
54860.71847999994  0.0  1.1454471244456328  25.0
54865.704824999935  0.0  1.1454471244456328  25.0
54870.69116999993  0.0  1.1454471244456328  25.0
54875.67751499993  0.0  1.1454471244456328  25.0
54880.66385999993  0.0  1.1454471244456328  25.0
54885.650204999925  0.0  1.1454471244456328  25.0
54890.63654999992  0.0  1.1454471244456328  25.0
54895.62289499992  0.0  1.1454471244456328  25.0
54900.60923999992  0.0  1.1454471244456328  25.0
54905.595584999915  0.0  1.1454471244456328  25.0
54910.58192999991  0.0  1.1454471244456328  25.0
54915.56827499991  0.0  1.1454471244456328  25.0
54920.55461999991  0.0  1.1454471244456328  25.0
54925.540964999906  0.0  1.1454471244456328  25.0
54930.5273099999  0.0  1.1454471244456328  25.0
54935.5136549999  0.0  1.1454471244456328  25.0
54940.4999999999  0.0  1.1454471244456328  25.0
54945.486344999896  0.0  1.1454471244456328  25.0
54950.47268999989  0.0  1.1454471244456328  25.0
54955.45903499989  0.0  1.1454471244456328  25.0
54960.44537999989  0.0  1.1454471244456328  25.0
54965.431724999886  0.0  1.1454471244456328  25.0
54970.41806999988  0.0  1.1454471244456328  25.0
54975.40441499988  0.0  1.1454471244456328  25.0
54980.39075999988  0.0  1.1454471244456328  25.0
54985.377104999876  0.0  1.1454471244456328  25.0
54990.36344999987  0.0  1.1454471244456328  25.0
54995.34979499987  0.0  1.1454471244456328  25.0
55000.33613999987  0.0  1.1454471244456328  25.0
55005.322484999866  0.0  1.1454471244456328  25.0
55010.30882999986  0.0  1.1454471244456328  25.0
55015.29517499986  0.0  1.1454471244456328  25.0
55020.28151999986  0.0  1.1454471244456328  25.0
55025.267864999856  0.0  1.1454471244456328  25.0
55030.25420999985  0.0  1.1454471244456328  25.0
55035.24055499985  0.0  1.1454471244456328  25.0
55040.22689999985  0.0  1.1454471244456328  25.0
55045.213244999846  0.0  1.1454471244456328  25.0
55050.199589999844  0.0  1.1454471244456328  25.0
55055.18593499984  0.0  1.1454471244456328  25.0
55060.17227999984  0.0  1.1454471244456328  25.0
55065.158624999836  0.0  1.1454471244456328  25.0
55070.144969999834  0.0  1.1454471244456328  25.0
55075.13131499983  0.0  1.1454471244456328  25.0
55080.11765999983  0.0  1.1454471244456328  25.0
55085.10400499983  0.0  1.1454471244456328  25.0
55090.090349999824  0.0  1.1454471244456328  25.0
55095.07669499982  0.0  1.1454471244456328  25.0
55100.06303999982  0.0  1.1454471244456328  25.0
55105.04938499982  0.0  1.1454471244456328  25.0
55110.035729999814  0.0  1.1454471244456328  25.0
55115.02207499981  0.0  1.1454471244456328  25.0
55120.00841999981  0.0  1.1454471244456328  25.0
55124.99476499981  0.0  1.1454471244456328  25.0
55129.981109999804  0.0  1.1454471244456328  25.0
55134.9674549998  0.0  1.1454471244456328  25.0
55139.9537999998  0.0  1.1454471244456328  25.0
55144.9401449998  0.0  1.1454471244456328  25.0
55149.926489999794  0.0  1.1454471244456328  25.0
55154.91283499979  0.0  1.1454471244456328  25.0
55159.89917999979  0.0  1.1454471244456328  25.0
55164.88552499979  0.0  1.1454471244456328  25.0
55169.871869999784  0.0  1.1454471244456328  25.0
55174.85821499978  0.0  1.1454471244456328  25.0
55179.84455999978  0.0  1.1454471244456328  25.0
55184.83090499978  0.0  1.1454471244456328  25.0
55189.817249999775  0.0  1.1454471244456328  25.0
55194.80359499977  0.0  1.1454471244456328  25.0
55199.78993999977  0.0  1.1454471244456328  25.0
55204.77628499977  0.0  1.1454471244456328  25.0
55209.762629999765  0.0  1.1454471244456328  25.0
55214.74897499976  0.0  1.1454471244456328  25.0
55219.73531999976  0.0  1.1454471244456328  25.0
55224.72166499976  0.0  1.1454471244456328  25.0
55229.708009999755  0.0  1.1454471244456328  25.0
55234.69435499975  0.0  1.1454471244456328  25.0
55239.68069999975  0.0  1.1454471244456328  25.0
55244.66704499975  0.0  1.1454471244456328  25.0
55249.653389999745  0.0  1.1454471244456328  25.0
55254.63973499974  0.0  1.1454471244456328  25.0
55259.62607999974  0.0  1.1454471244456328  25.0
55264.61242499974  0.0  1.1454471244456328  25.0
55269.598769999735  0.0  1.1454471244456328  25.0
55274.58511499973  0.0  1.1454471244456328  25.0
55279.57145999973  0.0  1.1454471244456328  25.0
55284.55780499973  0.0  1.1454471244456328  25.0
55289.544149999725  0.0  1.1454471244456328  25.0
55294.53049499972  0.0  1.1454471244456328  25.0
55299.51683999972  0.0  1.1454471244456328  25.0
55304.50318499972  0.0  1.1454471244456328  25.0
55309.489529999715  0.0  1.1454471244456328  25.0
55314.47587499971  0.0  1.1454471244456328  25.0
55319.46221999971  0.0  1.1454471244456328  25.0
55324.44856499971  0.0  1.1454471244456328  25.0
55329.434909999705  0.0  1.1454471244456328  25.0
55334.4212549997  0.0  1.1454471244456328  25.0
55339.4075999997  0.0  1.1454471244456328  25.0
55344.3939449997  0.0  1.1454471244456328  25.0
55349.380289999695  0.0  1.1454471244456328  25.0
55354.36663499969  0.0  1.1454471244456328  25.0
55359.35297999969  0.0  1.1454471244456328  25.0
55364.33932499969  0.0  1.1454471244456328  25.0
55369.325669999685  0.0  1.1454471244456328  25.0
55374.31201499968  0.0  1.1454471244456328  25.0
55379.29835999968  0.0  1.1454471244456328  25.0
55384.28470499968  0.0  1.1454471244456328  25.0
55389.271049999676  0.0  1.1454471244456328  25.0
55394.25739499967  0.0  1.1454471244456328  25.0
55399.24373999967  0.0  1.1454471244456328  25.0
55404.23008499967  0.0  1.1454471244456328  25.0
55409.216429999666  0.0  1.1454471244456328  25.0
55414.20277499966  0.0  1.1454471244456328  25.0
55419.18911999966  0.0  1.1454471244456328  25.0
55424.17546499966  0.0  1.1454471244456328  25.0
55429.161809999656  0.0  1.1454471244456328  25.0
55434.14815499965  0.0  1.1454471244456328  25.0
55439.13449999965  0.0  1.1454471244456328  25.0
55444.12084499965  0.0  1.1454471244456328  25.0
55449.107189999646  0.0  1.1454471244456328  25.0
55454.09353499964  0.0  1.1454471244456328  25.0
55459.07987999964  0.0  1.1454471244456328  25.0
55464.06622499964  0.0  1.1454471244456328  25.0
55469.052569999636  0.0  1.1454471244456328  25.0
55474.03891499963  0.0  1.1454471244456328  25.0
55479.02525999963  0.0  1.1454471244456328  25.0
55484.01160499963  0.0  1.1454471244456328  25.0
55488.997949999626  0.0  1.1454471244456328  25.0
55493.984294999624  0.0  1.1454471244456328  25.0
55498.97063999962  0.0  1.1454471244456328  25.0
55503.95698499962  0.0  1.1454471244456328  25.0
55508.943329999616  0.0  1.1454471244456328  25.0
55513.929674999614  0.0  1.1454471244456328  25.0
55518.91601999961  0.0  1.1454471244456328  25.0
55523.90236499961  0.0  1.1454471244456328  25.0
55528.88870999961  0.0  1.1454471244456328  25.0
55533.875054999604  0.0  1.1454471244456328  25.0
55538.8613999996  0.0  1.1454471244456328  25.0
55543.8477449996  0.0  1.1454471244456328  25.0
55548.8340899996  0.0  1.1454471244456328  25.0
55553.820434999594  0.0  1.1454471244456328  25.0
55558.80677999959  0.0  1.1454471244456328  25.0
55563.79312499959  0.0  1.1454471244456328  25.0
55568.77946999959  0.0  1.1454471244456328  25.0
55573.765814999584  0.0  1.1454471244456328  25.0
55578.75215999958  0.0  1.1454471244456328  25.0
55583.73850499958  0.0  1.1454471244456328  25.0
55588.72484999958  0.0  1.1454471244456328  25.0
55593.711194999574  0.0  1.1454471244456328  25.0
55598.69753999957  0.0  1.1454471244456328  25.0
55603.68388499957  0.0  1.1454471244456328  25.0
55608.67022999957  0.0  1.1454471244456328  25.0
55613.656574999564  0.0  1.1454471244456328  25.0
55618.64291999956  0.0  1.1454471244456328  25.0
55623.62926499956  0.0  1.1454471244456328  25.0
55628.61560999956  0.0  1.1454471244456328  25.0
55633.601954999554  0.0  1.1454471244456328  25.0
55638.58829999955  0.0  1.1454471244456328  25.0
55643.57464499955  0.0  1.1454471244456328  25.0
55648.56098999955  0.0  1.1454471244456328  25.0
55653.547334999545  0.0  1.1454471244456328  25.0
55658.53367999954  0.0  1.1454471244456328  25.0
55663.52002499954  0.0  1.1454471244456328  25.0
55668.50636999954  0.0  1.1454471244456328  25.0
55673.492714999535  0.0  1.1454471244456328  25.0
55678.47905999953  0.0  1.1454471244456328  25.0
55683.46540499953  0.0  1.1454471244456328  25.0
55688.45174999953  0.0  1.1454471244456328  25.0
55693.438094999525  0.0  1.1454471244456328  25.0
55698.42443999952  0.0  1.1454471244456328  25.0
55703.41078499952  0.0  1.1454471244456328  25.0
55708.39712999952  0.0  1.1454471244456328  25.0
55713.383474999515  0.0  1.1454471244456328  25.0
55718.36981999951  0.0  1.1454471244456328  25.0
55723.35616499951  0.0  1.1454471244456328  25.0
55728.34250999951  0.0  1.1454471244456328  25.0
55733.328854999505  0.0  1.1454471244456328  25.0
55738.3151999995  0.0  1.1454471244456328  25.0
55743.3015449995  0.0  1.1454471244456328  25.0
55748.2878899995  0.0  1.1454471244456328  25.0
55753.274234999495  0.0  1.1454471244456328  25.0
55758.26057999949  0.0  1.1454471244456328  25.0
55763.24692499949  0.0  1.1454471244456328  25.0
55768.23326999949  0.0  1.1454471244456328  25.0
55773.219614999485  0.0  1.1454471244456328  25.0
55778.20595999948  0.0  1.1454471244456328  25.0
55783.19230499948  0.0  1.1454471244456328  25.0
55788.17864999948  0.0  1.1454471244456328  25.0
55793.164994999475  0.0  1.1454471244456328  25.0
55798.15133999947  0.0  1.1454471244456328  25.0
55803.13768499947  0.0  1.1454471244456328  25.0
55808.12402999947  0.0  1.1454471244456328  25.0
55813.110374999465  0.0  1.1454471244456328  25.0
55818.09671999946  0.0  1.1454471244456328  25.0
55823.08306499946  0.0  1.1454471244456328  25.0
55828.06940999946  0.0  1.1454471244456328  25.0
55833.055754999456  0.0  1.1454471244456328  25.0
55838.04209999945  0.0  1.1454471244456328  25.0
55843.02844499945  0.0  1.1454471244456328  25.0
55848.01478999945  0.0  1.1454471244456328  25.0
55853.001134999446  0.0  1.1454471244456328  25.0
55857.98747999944  0.0  1.1454471244456328  25.0
55862.97382499944  0.0  1.1454471244456328  25.0
55867.96016999944  0.0  1.1454471244456328  25.0
55872.946514999436  0.0  1.1454471244456328  25.0
55877.93285999943  0.0  1.1454471244456328  25.0
55882.91920499943  0.0  1.1454471244456328  25.0
55887.90554999943  0.0  1.1454471244456328  25.0
55892.891894999426  0.0  1.1454471244456328  25.0
55897.87823999942  0.0  1.1454471244456328  25.0
55902.86458499942  0.0  1.1454471244456328  25.0
55907.85092999942  0.0  1.1454471244456328  25.0
55912.837274999416  0.0  1.1454471244456328  25.0
55917.82361999941  0.0  1.1454471244456328  25.0
55922.80996499941  0.0  1.1454471244456328  25.0
55927.79630999941  0.0  1.1454471244456328  25.0
55932.782654999406  0.0  1.1454471244456328  25.0
55937.7689999994  0.0  1.1454471244456328  25.0
55942.7553449994  0.0  1.1454471244456328  25.0
55947.7416899994  0.0  1.1454471244456328  25.0
55952.728034999396  0.0  1.1454471244456328  25.0
55957.714379999394  0.0  1.1454471244456328  25.0
55962.70072499939  0.0  1.1454471244456328  25.0
55967.68706999939  0.0  1.1454471244456328  25.0
55972.673414999386  0.0  1.1454471244456328  25.0
55977.659759999384  0.0  1.1454471244456328  25.0
55982.64610499938  0.0  1.1454471244456328  25.0
55987.63244999938  0.0  1.1454471244456328  25.0
55992.61879499938  0.0  1.1454471244456328  25.0
55997.605139999374  0.0  1.1454471244456328  25.0
56002.59148499937  0.0  1.1454471244456328  25.0
56007.57782999937  0.0  1.1454471244456328  25.0
56012.56417499937  0.0  1.1454471244456328  25.0
56017.550519999364  0.0  1.1454471244456328  25.0
56022.53686499936  0.0  1.1454471244456328  25.0
56027.52320999936  0.0  1.1454471244456328  25.0
56032.50955499936  0.0  1.1454471244456328  25.0
56037.495899999354  0.0  1.1454471244456328  25.0
56042.48224499935  0.0  1.1454471244456328  25.0
56047.46858999935  0.0  1.1454471244456328  25.0
56052.45493499935  0.0  1.1454471244456328  25.0
56057.441279999344  0.0  1.1454471244456328  25.0
56062.42762499934  0.0  1.1454471244456328  25.0
56067.41396999934  0.0  1.1454471244456328  25.0
56072.40031499934  0.0  1.1454471244456328  25.0
56077.386659999334  0.0  1.1454471244456328  25.0
56082.37300499933  0.0  1.1454471244456328  25.0
56087.35934999933  0.0  1.1454471244456328  25.0
56092.34569499933  0.0  1.1454471244456328  25.0
56097.332039999324  0.0  1.1454471244456328  25.0
56102.31838499932  0.0  1.1454471244456328  25.0
56107.30472999932  0.0  1.1454471244456328  25.0
56112.29107499932  0.0  1.1454471244456328  25.0
56117.277419999315  0.0  1.1454471244456328  25.0
56122.26376499931  0.0  1.1454471244456328  25.0
56127.25010999931  0.0  1.1454471244456328  25.0
56132.23645499931  0.0  1.1454471244456328  25.0
56137.222799999305  0.0  1.1454471244456328  25.0
56142.2091449993  0.0  1.1454471244456328  25.0
56147.1954899993  0.0  1.1454471244456328  25.0
56152.1818349993  0.0  1.1454471244456328  25.0
56157.168179999295  0.0  1.1454471244456328  25.0
56162.15452499929  0.0  1.1454471244456328  25.0
56167.14086999929  0.0  1.1454471244456328  25.0
56172.12721499929  0.0  1.1454471244456328  25.0
56177.113559999285  0.0  1.1454471244456328  25.0
56182.09990499928  0.0  1.1454471244456328  25.0
56187.08624999928  0.0  1.1454471244456328  25.0
56192.07259499928  0.0  1.1454471244456328  25.0
56197.058939999275  0.0  1.1454471244456328  25.0
56202.04528499927  0.0  1.1454471244456328  25.0
56207.03162999927  0.0  1.1454471244456328  25.0
56212.01797499927  0.0  1.1454471244456328  25.0
56217.004319999265  0.0  1.1454471244456328  25.0
56221.99066499926  0.0  1.1454471244456328  25.0
56226.97700999926  0.0  1.1454471244456328  25.0
56231.96335499926  0.0  1.1454471244456328  25.0
56236.949699999255  0.0  1.1454471244456328  25.0
56241.93604499925  0.0  1.1454471244456328  25.0
56246.92238999925  0.0  1.1454471244456328  25.0
56251.90873499925  0.0  1.1454471244456328  25.0
56256.895079999245  0.0  1.1454471244456328  25.0
56261.88142499924  0.0  1.1454471244456328  25.0
56266.86776999924  0.0  1.1454471244456328  25.0
56271.85411499924  0.0  1.1454471244456328  25.0
56276.840459999235  0.0  1.1454471244456328  25.0
56281.82680499923  0.0  1.1454471244456328  25.0
56286.81314999923  0.0  1.1454471244456328  25.0
56291.79949499923  0.0  1.1454471244456328  25.0
56296.785839999226  0.0  1.1454471244456328  25.0
56301.77218499922  0.0  1.1454471244456328  25.0
56306.75852999922  0.0  1.1454471244456328  25.0
56311.74487499922  0.0  1.1454471244456328  25.0
56316.731219999216  0.0  1.1454471244456328  25.0
56321.71756499921  0.0  1.1454471244456328  25.0
56326.70390999921  0.0  1.1454471244456328  25.0
56331.69025499921  0.0  1.1454471244456328  25.0
56336.676599999206  0.0  1.1454471244456328  25.0
56341.6629449992  0.0  1.1454471244456328  25.0
56346.6492899992  0.0  1.1454471244456328  25.0
56351.6356349992  0.0  1.1454471244456328  25.0
56356.621979999196  0.0  1.1454471244456328  25.0
56361.60832499919  0.0  1.1454471244456328  25.0
56366.59466999919  0.0  1.1454471244456328  25.0
56371.58101499919  0.0  1.1454471244456328  25.0
56376.567359999186  0.0  1.1454471244456328  25.0
56381.55370499918  0.0  1.1454471244456328  25.0
56386.54004999918  0.0  1.1454471244456328  25.0
54940.5  -0.18945989714836609  1.701703229465853  25.0
54941.3984375  1.5350178798569947  1.1087821818152217  25.0
54952.30078125  -1.2615280687166934  1.6610626513756057  25.0
54985.3984375  -2.3833662386926715  2.9673544290485725  25.0
54987.3984375  -1.6754931413159133  2.778385243171848  25.0
54994.30078125  -1.8588667699549468  1.5593630007034034  25.0
55189.6015625  -0.07323165055856384  0.6316966116282691  25.0
55192.6015625  -1.828239028217385  1.3693141166231941  25.0
55210.6015625  0.5171371964521653  0.8792706232948341  25.0
55213.6015625  0.08991983011944739  0.6024432312430233  25.0
55231.6015625  -1.2162737070001266  1.2329618924121448  25.0
55234.6015625  0.5208675055318547  1.3610681357456123  25.0
55249.6015625  -0.19917831609988237  0.878485354194788  25.0
55252.6015625  1.3543928803044363  1.9990474150741127  25.0
55354.30078125  -0.7205366382238051  1.2000763615847154  25.0
55360.30078125  -1.8382518645700705  2.4882073402376856  25.0
55597.6015625  0.5347088564108139  1.3801123156940824  25.0
55633.6015625  -0.05497282162602686  0.5459978954783096  25.0
55636.3984375  1.6982674431077591  1.8791869653819135  25.0
55645.6015625  0.9355195949754579  1.2850878268448993  25.0
55651.5  -0.3920740113086118  0.8479557242856536  25.0
55666.30078125  -0.9747859521406245  1.6842297749537884  25.0
55675.3984375  0.0708756735755163  0.9618280758082957  25.0
55705.30078125  -1.0180770474889194  0.6138304289480248  25.0
55711.30078125  -0.4012034199237455  0.3895216994971483  25.0
55714.30078125  0.11838789459556866  0.7989710534893972  25.0
55939.6015625  0.12683015764135322  1.820385775507983  25.0
55945.6015625  -0.49897653785940366  0.7566616381343167  25.0
55948.6015625  0.8699449442137673  1.112807013616507  25.0
55950.6015625  -0.1880855826051286  0.9794978475953715  25.0
55968.6015625  0.17836717535588192  0.9134323568370738  25.0
55998.5  -1.6959114485713072  2.235135929970935  25.0
56001.6015625  1.0532203674062166  1.9253249888814243  25.0
56007.5  0.610983641224044  1.1052481900105438  25.0
56027.5  -0.07470413544157671  1.0500790101515618  25.0
56030.5  0.17188823718971746  0.9081314159391353  25.0
56038.30078125  1.579585084301943  0.9372866376868753  25.0
56041.30078125  -0.08638586171930868  0.7211256368579181  25.0
56048.3984375  1.5464051243710746  1.1780872352747587  25.0
56057.3984375  1.6657746404485096  1.8431600772998291  25.0
56063.30078125  0.72897888956732  4.380155771058759  25.0
56066.30078125  1.1117271281767083  1.2496499842060063  25.0
56068.30078125  0.9559380894671657  0.5663182313325116  25.0
56326.6015625  0.14891744258881578  1.375204009346167  25.0
56332.6015625  0.30205601084938904  0.8014251598542765  25.0
56355.5  -1.4337107701166587  0.8469741379105961  25.0
56388.5  0.27682741545635  0.9817557303033962  25.0
56393.30078125  0.6042102271453623  1.0421276456137325  25.0
56399.3984375  3.873718615039977  1.3946408238446604  25.0
56403.3984375  12.771953668513891  1.325139453110112  25.0
56411.3984375  29.805085290377562  2.9248486028003238  25.0
56414.3984375  34.54315263706652  1.5686886797844704  25.0
56420.3984375  37.23839390997195  0.9596683985468552  25.0
56422.30078125  38.23026105654724  1.0225926256686548  25.0
56432.30078125  29.433135110411826  1.7126979330480667  25.0
56450.30078125  22.153164044470497  2.191452200072617  25.0
56462.30078125  15.218931572454453  1.102990400920676  25.0
56479.30078125  10.435117900634442  1.1089784990902332  25.0
