55502.90303963546    2.0370873372462976    0.5497747029138264     25    
55503.40303963546    2.374490174271335     0.5364592000547246     25    
55503.90303963546    2.738965055333879     0.5311259104511253     25    
55504.40303963546    3.131284776044934     0.596592894476203      25    
55504.90303963546    3.5511996359916953    0.7349582916064321     25    
55505.40303963546    3.9992733992856584    0.8477186417132281     25    
55505.90303963546    4.475973392741226     0.8849123621153991     25    
55506.40303963546    4.9811013868783505    0.8806897066066732     25    
55506.90303963546    5.515468639103971     0.8751881410201912     25    
55507.40303963546    6.079052875276707     0.8790555067900439     25    
55507.90303963546    6.672095114872854     0.8830053053964816     25    
55508.40303963546    7.295310178002213     0.886985627103244      25    
55508.90303963546    7.948422911592923     0.8910374518018359     25    
55509.40303963546    8.632080507916724     0.8952723125509802     25    
55509.90303963546    9.346640847354076     0.899706747302078      25    
55510.40303963546    10.091983189631383    0.9044236919036801     25    
55510.90303963546    10.869014523343324    0.9099914140155845     25    
55511.40303963546    11.679402517828628    0.920529806695072      25    
55511.90303963546    12.519796455909859    0.9276442861973635     25    
55512.40303963546    13.390687700048614    0.9172397961769153     25    
55512.90303963546    14.298646234097271    0.8879274099538321     25    
55513.40303963546    15.20281220367227     0.8659081204215281     25    
55513.90303963546    16.09485444409303     0.871096957227445      25    
55514.40303963546    16.970978069549286    0.8899401136956008     25    
55514.90303963546    17.772378171302822    0.9057071300207712     25    
55515.40303963546    18.511086744095362    0.917965026571347      25    
55515.90303963546    19.159318135233406    0.9285499084965446     25    
55516.40303963546    19.67282274333233     0.936003958840449      25    
55516.90303963546    20.06435316538476     0.9404688055556729     25    
55517.40303963546    20.35116164652542     0.9444190600940444     25    
55517.90303963546    20.526020348436237    0.9488687296491656     25    
55518.40303963546    20.60406112071258     0.9529684310502553     25    
55518.90303963546    20.628192068255636    0.9566629763184974     25    
55519.40303963546    20.5854944739385      0.9606599336603353     25    
55519.90303963546    20.504161145058696    0.9627268121451967     25    
55520.40303963546    20.41432188483776     0.9643670395697029     25    
55520.90303963546    20.303793694635623    0.9652029383629096     25    
55521.40303963546    20.176141056806955    0.9452133767876609     25    
55521.90303963546    20.037399908042516    0.8813129703994388     25    
55522.40303963546    19.87815858149635     0.8001956773303022     25    
55522.90303963546    19.68529224311947     0.7571469156710139     25    
55523.40303963546    19.463414580260476    0.7571820928435756     25    
55523.90303963546    19.20250607706935     0.7653210034432555     25    
55524.40303963546    18.891973048627968    0.7600048496549747     25    
55524.90303963546    18.537707039686033    0.7519061103361738     25    
55525.40303963546    18.14999364978806     0.743034825541125      25    
55525.90303963546    17.72288095592764     0.7327116658707662     25    
55526.40303963546    17.270031556291773    0.7225796658746251     25    
55526.90303963546    16.81026466282005     0.7158453841963662     25    
55527.40303963546    16.335768960070652    0.7124743468891678     25    
55527.90303963546    15.866221208938477    0.7084665296019235     25    
55528.40303963546    15.412839047242384    0.7055474451700178     25    
55528.90303963546    14.969555879168146    0.700403540380714      25    
55529.40303963546    14.54008166920593     0.6757620997144275     25    
55529.90303963546    14.127374236423458    0.616630646009867      25    
55530.40303963546    13.72369351723062     0.5504128772985797     25    
55530.90303963546    13.322587125103102    0.5196052274805388     25    
55531.40303963546    12.92687165114281     0.5187073448297664     25    
55531.90303963546    12.52802373347972     0.520048024866348      25    
55532.40303963546    12.12224826144078     0.5128717678694467     25    
55532.90303963546    11.712303045881843    0.5046993115873571     25    
55533.40303963546    11.298152445464874    0.4954912604275391     25    
55533.90303963546    10.877869344253138    0.48423087213160776    25    
55534.40303963546    10.457643544958705    0.47396027475867386    25    
55534.90303963546    10.04165442593403     0.46833059046828435    25    
55535.40303963546    9.628147167163043     0.4660703089416035     25    
55535.90303963546    9.224456193359126     0.4631148760964816     25    
55536.40303963546    8.831647980718639     0.46185161302094613    25    
55536.90303963546    8.44960483889153      0.4570633021044579     25    
55537.40303963546    8.0813050876598       0.4354235101642861     25    
55537.90303963546    7.726417558718775     0.3900414382955162     25    
55538.40303963546    7.384146097905867     0.34489806892069513    25    
55538.90303963546    7.054296757928136     0.3287447129314623     25    
55539.40303963546    6.736920701788096     0.3310846689772972     25    
55539.90303963546    6.43139187785629      0.3316642807054887     25    
55540.40303963546    6.137770823404401     0.32780002963910565    25    
55540.90303963546    5.8558588047634315    0.322773302684967      25    
55541.40303963546    5.585257615594553     0.3148955492984846     25    
55541.90303963546    5.32611794375767      0.303569737104111      25    
55542.40303963546    5.078116082449309     0.2935114630626613     25    
55542.90303963546    4.841148528680464     0.28826580753060227    25    
55543.40303963546    4.615218917978744     0.28569993903555657    25    
55543.90303963546    4.399959706319309     0.2835440740369545     25    
55544.40303963546    4.195490133232749     0.2821520460867926     25    
55544.90303963546    4.001526379135289     0.2807301494059931     25    
55545.40303963546    3.817772367976934     0.2790294083436676     25    
55545.90303963546    3.6443678444544614    0.27768555011626106    25    
55546.40303963546    3.480788023756698     0.269401833437619      25    
55546.90303963546    3.3269850672091       0.24432725087551138    25    
55547.40303963546    3.182859794918229     0.20966298201372127    25    
55547.90303963546    3.0479253796792727    0.18861571959138984    25    
55548.40303963546    2.9226264269278643    0.18865132276301327    25    
55548.90303963546    2.805680269472491     0.19307891881182787    25    
55549.40303963546    2.696416389153115     0.18879954125784013    25    
55549.90303963546    2.5951218851217086    0.18090021357146327    25    
55550.40303963546    2.4989288545551034    0.17457108114287043    25    
55550.90303963546    2.4079706623966635    0.17191630768581964    25    
55551.40303963546    2.321343403219945     0.17086574103273305    25    
55551.90303963546    2.236378516068154     0.16992233509450835    25    
55552.40303963546    2.153582546858645     0.16966957519214704    25    
55552.90303963546    2.0728077469454553    0.16875352484375356    25    
55553.40303963546    1.9931474182552755    0.16563235455775768    25    
55553.90303963546    1.915253978874671     0.16111497287040097    25    
55554.40303963546    1.8418257818694779    0.15718039413974652    25    
55554.90303963546    1.772371473782539     0.15393477988189894    25    
55555.40303963546    1.7082217498373957    0.15150102002406413    25    
55555.90303963546    1.6518968863772558    0.15095571004228495    25    
55556.40303963546    1.602815418930412     0.152498457387319      25    
55556.90303963546    1.5605939007308034    0.15319808471568785    25    
55557.40303963546    1.5263440725337003    0.15057287405437284    25    
55557.90303963546    1.4986790956212301    0.1465620012687896     25    
55558.40303963546    1.4730363422793837    0.1449726442260796     25    
55558.90303963546    1.450692320622244     0.14660634715226906    25    
55559.40303963546    1.428658593519605     0.14926871610943912    25    
55559.90303963546    1.403128014957028     0.15171197390452576    25    
55560.40303963546    1.3754768035822216    0.15451392842505218    25    
55560.90303963546    1.344280300541918     0.155440788207459      25    
55561.40303963546    1.3077337573877552    0.15410469811008853    25    
55561.90303963546    1.268019614971269     0.15035501172402796    25    
55562.40303963546    1.2286974196765363    0.1415994403146149     25    
55562.90303963546    1.1884377020667471    0.12402831145784969    25    
55563.40303963546    1.1503868189926314    0.10544568226422382    25    
55563.90303963546    1.117410035703246     0.09849958394564196    25    
55564.40303963546    1.0883198962729737    0.10061396556477596    25    
55564.90303963546    1.0648452744185466    0.1026212581885957     25    
55565.40303963546    1.0484350498927189    0.10142506808750609    25    
55565.90303963546    1.0369107777071358    0.10067573129815244    25    
55566.40303963546    1.0276908327997907    0.1032333636493542     25    
55566.90303963546    1.0219103072305529    0.10896875926775118    25    
55567.40303963546    1.0166229089475742    0.11500551991943923    25    
55567.90303963546    1.0099963226538384    0.12060247025895364    25    
55568.40303963546    1.0027922299624035    0.12589929430959032    25    
55568.90303963546    0.9929589347374604    0.127662067033694      25    
55569.40303963546    0.9797743355524954    0.12460238049464477    25    
55569.90303963546    0.9645801805226049    0.11926036987780661    25    
55570.40303963546    0.9483760671163951    0.11410484995188906    25    
55570.90303963546    0.930659906001343     0.1081754799279781     25    
55571.40303963546    0.9130586568677622    0.1030333533907455     25    
55571.90303963546    0.8961937077366083    0.10013731908846153    25    
55572.40303963546    0.8798843035741029    0.09873623500260072    25    
55572.90303963546    0.8653586688875193    0.09800625453316276    25    
55573.40303963546    0.8527242043791274    0.09834904744969841    25    
55573.90303963546    0.8415999849020707    0.09882156815989115    25    
55574.40303963546    0.8318670991841726    0.0981920010219733     25    
55574.90303963546    0.8235971493555824    0.09681995038184231    25    
55575.40303963546    0.8163623886466043    0.09523112028194534    25    
55575.90303963546    0.8101223030287921    0.09346225624658906    25    
55576.40303963546    0.8048040944245695    0.09158305316192453    25    
55576.90303963546    0.8000019048067204    0.09008805665200496    25    
55577.40303963546    0.7958529823486622    0.08897558334428453    25    
55577.90303963546    0.7920465185079061    0.08814911969099645    25    
55578.40303963546    0.7883454696972656    0.08747680910876361    25    
55578.90303963546    0.7848477139380592    0.08702254057278792    25    
55579.40303963546    0.7811181376271854    0.0873624288209334     25    
55579.90303963546    0.7771816601125155    0.08841797029366638    25    
55580.40303963546    0.7728950745912636    0.09040851625752629    25    
55580.90303963546    0.767884938188079     0.09329153950212496    25    
55581.40303963546    0.762299052846748     0.09567562135780511    25    
55581.90303963546    0.7557836411025507    0.10321080354254782    25    
55582.40303963546    0.748161514323133     0.11566576988762724    25    