54868.16468636603    519.2987957984828     111.20318983725568    25    
54868.66468636603    641.9331415178676     106.8238977547242     25    
54869.16468636603    779.8205177448388     113.81034500059542    25    
54869.66468636603    933.6048285834481     153.1568400074667     25    
54870.16468636603    1103.8224810035165    185.6109411246172     25    
54870.66468636603    1291.169597000999     190.80772237776074    25    
54871.16468636603    1496.131590193991     188.00410415797418    25    
54871.66468636603    1719.4543513899955    188.5938162150371     25    
54872.16468636603    1961.57474993574      189.02178262826337    25    
54872.66468636603    2223.2859963699143    189.19048044889792    25    
54873.16468636603    2504.9788648482386    189.13667749920873    25    
54873.66468636603    2807.4914365602313    188.8363026929344     25    
54874.16468636603    3131.17083955096      188.39729443392244    25    
54874.66468636603    3477.4674415928366    187.68109137619467    25    
54875.16468636603    3845.3363868494575    187.41612011116388    25    
54875.66468636603    4237.418869146363     189.45577783931824    25    
54876.16468636603    4644.874739040971     192.49816642081612    25    
54876.66468636603    5053.676059212232     194.60267571133366    25    
54877.16468636603    5456.850228449029     196.36720441386072    25    
54877.66468636603    5831.600662145503     198.18373541035015    25    
54878.16468636603    6174.935271491161     199.7633792975799     25    
54878.66468636603    6462.033408098224     200.31941017194453    25    
54879.16468636603    6699.582787152143     200.38569130705557    25    
54879.66468636603    6888.964946388178     201.2383663776474     25    
54880.16468636603    7034.789578752821     202.55078192860478    25    
54880.66468636603    7152.1212331481265    204.3902304205197     25    
54881.16468636603    7241.989949959211     206.30584949204098    25    
54881.66468636603    7320.106272740408     208.6816686512149     25    
54882.16468636603    7383.801379053749     208.46072995696363    25    
54882.66468636603    7434.36727726758      185.6664510684556     25    
54883.16468636603    7470.11354485306      142.49585802701236    25    
54883.66468636603    7484.190882415185     125.63512256352735    25    
54884.16468636603    7476.50616363513      133.00583400445186    25    
54884.66468636603    7440.063873837106     134.23661823671114    25    
54885.16468636603    7376.25686617401      133.1807211834847     25    
54885.66468636603    7287.892796145831     131.78546044396262    25    
54886.16468636603    7175.759516135004     130.13815199663023    25    
54886.66468636603    7048.659788318952     130.0634431245162     25    
54887.16468636603    6906.575752644743     131.20779062399885    25    
54887.66468636603    6758.258308241255     130.39381180513197    25    
54888.16468636603    6603.263942232369     128.22019777017877    25    
54888.66468636603    6444.873419686597     132.44240442130967    25    
54889.16468636603    6282.875641613082     141.80423596783842    25    
54889.66468636603    6116.94163796009      146.57803603164578    25    
54890.16468636603    5947.072509495301     147.52931232845447    25    
54890.66468636603    5773.113475531417     147.3883797605276     25    
54891.16468636603    5595.0653497062785    146.1194938871417     25    
54891.66468636603    5413.841913095156     144.20773690576758    25    
54892.16468636603    5229.411024869035     141.58308385704265    25    
54892.66468636603    5043.44650889425      140.67071601471883    25    
54893.16468636603    4855.924601576011     141.68947839187683    25    
54893.66468636603    4668.46180149225      142.02652101004878    25    
54894.16468636603    4481.020915887181     141.74558138165295    25    
54894.66468636603    4295.550064196637     137.16161210494306    25    
54895.16468636603    4112.019412880287     126.66752183637968    25    
54895.66468636603    3932.6357690696345    121.05342512611338    25    
54896.16468636603    3757.4182436051974    122.81695847523183    25    
54896.66468636603    3588.532048972581     123.99538299243349    25    
54897.16468636603    3426.2119549862605    123.74900153694838    25    
54897.66468636603    3270.9208897628882    122.63046276560372    25    
54898.16468636603    3122.8922038783444    120.24026076354178    25    
54898.66468636603    2981.1428370624244    119.30347842826173    25    
54899.16468636603    2845.643801631862     120.69004823132717    25    
54899.66468636603    2715.5688702012576    121.72445092798834    25    
54900.16468636603    2590.7666587468843    122.00244366687915    25    
54900.66468636603    2471.028857825623     121.44020215382008    25    
54901.16468636603    2356.216876242407     120.50293738413612    25    
54901.66468636603    2246.684559746895     115.50230573661607    25    
54902.16468636603    2142.457272294464     102.51269488394044    25    
54902.66468636603    2043.8117013058104    92.62609654153208     25    
54903.16468636603    1950.8969545423172    92.89937251449695     25    
54903.66468636603    1863.4509332692817    93.51543880478785     25    
54904.16468636603    1781.5833989532014    90.97192416299232     25    
54904.66468636603    1704.5008808910807    89.38311203346676     25    
54905.16468636603    1632.0701922445262    90.32158312921835     25    
54905.66468636603    1563.6016900120758    91.50515275789611     25    
54906.16468636603    1498.8575673666876    92.47011994622122     25    
54906.66468636603    1437.4493758452857    92.35991186855898     25    
54907.16468636603    1379.152470137278     91.0408753562358      25    
54907.66468636603    1323.8946457481966    86.77943037443973     25    
54908.16468636603    1271.6166159650827    75.54926042791234     25    
54908.66468636603    1222.1992473652217    65.06401666426422     25    
54909.16468636603    1175.5938285617997    64.46334760697106     25    
54909.66468636603    1131.6700132562198    65.48654171557745     25    
54910.16468636603    1090.3699644834749    63.15623636740563     25    
54910.66468636603    1051.556101651632     60.954171973662234    25    
54911.16468636603    1015.1509943661982    60.532735589417236    25    
54911.66468636603    981.0288855385025     60.83936576320068     25    
54912.16468636603    949.0945627650043     61.78863845827897     25    
54912.66468636603    919.2574538552351     62.3797439867555      25    
54913.16468636603    891.422781222779      62.26849795505117     25    
54913.66468636603    865.5415058490522     59.79311306192539     25    
54914.16468636603    841.5513512238506     49.93185781880768     25    
54914.66468636603    819.3982680633991     37.86809801431442     25    
54915.16468636603    799.0390987440745     36.53248525783474     25    
54915.66468636603    780.3652057902207     38.89285219114576     25    
54916.16468636603    763.2958459250896     37.831216128276346    25    
54916.66468636603    747.6487908871577     36.35134330138374     25    
54917.16468636603    733.1994985296253     35.722787586987025    25    
54917.66468636603    719.811731949601      35.58995802269429     25    
54918.16468636603    707.2101265826943     36.207812950292265    25    
54918.66468636603    695.3316269668154     36.89345422483929     25    
54919.16468636603    683.9315863697345     36.39849951634103     25    
54919.66468636603    673.0400870727552     35.46760444768604     25    
54920.16468636603    662.591806176097      35.06020956884349     25    
54920.66468636603    652.5796903241682     34.70069586953704     25    
54921.16468636603    642.9574577061696     33.626787259828454    25    
54921.66468636603    633.7190422040205     32.43865722427325     25    
54922.16468636603    624.823087489757      32.56470646511676     25    
54922.66468636603    616.2746049519982     33.18248467144095     25    
54923.16468636603    608.0618589963602     32.86542716925031     25    
54923.66468636603    600.1845011903997     32.04593079624469     25    
54924.16468636603    592.6347383640614     31.046257692547382    25    
54924.66468636603    585.4113919971719     29.893547709604483    25    
54925.16468636603    578.5063571339819     28.970586838796976    25    
54925.66468636603    571.9186687159468     28.238124186432646    25    
54926.16468636603    565.6400176355417     27.925045743540917    25    
54926.66468636603    559.6696336761444     27.793502590803225    25    
54927.16468636603    553.9990221981607     26.639515470858438    25    
54927.66468636603    548.6275892071842     24.945372817827685    25    
54928.16468636603    543.546673151258      24.587772875794073    25    
54928.66468636603    538.7558376384854     25.51789940487822     25    
54929.16468636603    534.2462728242527     27.844058325652135    25    