#Date  :
#Flux  :
#Fluxerr  :
#ZP  :
#end  :
@INSTRUMENT  PS
@BAND  PS_z
@MAGSYS  AB
54960.24541875  0.0  1.368415968981082  25.0
54965.231763749995  0.0  1.368415968981082  25.0
54970.21810874999  0.0  1.368415968981082  25.0
54975.20445374999  0.0  1.368415968981082  25.0
54980.19079874999  0.0  1.368415968981082  25.0
54985.177143749985  0.0  1.368415968981082  25.0
54990.16348874998  0.0  1.368415968981082  25.0
54995.14983374998  0.0  1.368415968981082  25.0
55000.13617874998  0.0  1.368415968981082  25.0
55005.122523749975  0.0  1.368415968981082  25.0
55010.10886874997  0.0  1.368415968981082  25.0
55015.09521374997  0.0  1.368415968981082  25.0
55020.08155874997  0.0  1.368415968981082  25.0
55025.067903749965  0.0  1.368415968981082  25.0
55030.05424874996  0.0  1.368415968981082  25.0
55035.04059374996  0.0  1.368415968981082  25.0
55040.02693874996  0.0  1.368415968981082  25.0
55045.013283749955  0.0  1.368415968981082  25.0
55049.99962874995  0.0  1.368415968981082  25.0
55054.98597374995  0.0  1.368415968981082  25.0
55059.97231874995  0.0  1.368415968981082  25.0
55064.958663749945  0.0  1.368415968981082  25.0
55069.94500874994  0.0  1.368415968981082  25.0
55074.93135374994  0.0  1.368415968981082  25.0
55079.91769874994  0.0  1.368415968981082  25.0
55084.904043749935  0.0  1.368415968981082  25.0
55089.89038874993  0.0  1.368415968981082  25.0
55094.87673374993  0.0  1.368415968981082  25.0
55099.86307874993  0.0  1.368415968981082  25.0
55104.849423749925  0.0  1.368415968981082  25.0
55109.83576874992  0.0  1.368415968981082  25.0
55114.82211374992  0.0  1.368415968981082  25.0
55119.80845874992  0.0  1.368415968981082  25.0
55124.794803749915  0.0  1.368415968981082  25.0
55129.78114874991  0.0  1.368415968981082  25.0
55134.76749374991  0.0  1.368415968981082  25.0
55139.75383874991  0.0  1.368415968981082  25.0
55144.740183749906  0.0  1.368415968981082  25.0
55149.7265287499  0.0  1.368415968981082  25.0
55154.7128737499  0.0  1.368415968981082  25.0
55159.6992187499  0.0  1.368415968981082  25.0
55164.685563749896  0.0  1.368415968981082  25.0
55169.67190874989  0.0  1.368415968981082  25.0
55174.65825374989  0.0  1.368415968981082  25.0
55179.64459874989  0.0  1.368415968981082  25.0
55184.630943749886  0.0  1.368415968981082  25.0
55189.61728874988  0.0  1.368415968981082  25.0
55194.60363374988  0.0  1.368415968981082  25.0
55199.58997874988  0.0  1.368415968981082  25.0
55204.576323749876  0.0  1.368415968981082  25.0
55209.56266874987  0.0  1.368415968981082  25.0
55214.54901374987  0.0  1.368415968981082  25.0
55219.53535874987  0.0  1.368415968981082  25.0
55224.521703749866  0.0  1.368415968981082  25.0
55229.50804874986  0.0  1.368415968981082  25.0
55234.49439374986  0.0  1.368415968981082  25.0
55239.48073874986  0.0  1.368415968981082  25.0
55244.467083749856  0.0  1.368415968981082  25.0
55249.45342874985  0.0  1.368415968981082  25.0
55254.43977374985  0.0  1.368415968981082  25.0
55259.42611874985  0.0  1.368415968981082  25.0
55264.412463749846  0.0  1.368415968981082  25.0
55269.398808749844  0.0  1.368415968981082  25.0
55274.38515374984  0.0  1.368415968981082  25.0
55279.37149874984  0.0  1.368415968981082  25.0
55284.357843749836  0.0  1.368415968981082  25.0
55289.344188749834  0.0  1.368415968981082  25.0
55294.33053374983  0.0  1.368415968981082  25.0
55299.31687874983  0.0  1.368415968981082  25.0
55304.30322374983  0.0  1.368415968981082  25.0
55309.289568749824  0.0  1.368415968981082  25.0
55314.27591374982  0.0  1.368415968981082  25.0
55319.26225874982  0.0  1.368415968981082  25.0
55324.24860374982  0.0  1.368415968981082  25.0
55329.234948749814  0.0  1.368415968981082  25.0
55334.22129374981  0.0  1.368415968981082  25.0
55339.20763874981  0.0  1.368415968981082  25.0
55344.19398374981  0.0  1.368415968981082  25.0
55349.180328749804  0.0  1.368415968981082  25.0
55354.1666737498  0.0  1.368415968981082  25.0
55359.1530187498  0.0  1.368415968981082  25.0
55364.1393637498  0.0  1.368415968981082  25.0
55369.125708749794  0.0  1.368415968981082  25.0
55374.11205374979  0.0  1.368415968981082  25.0
55379.09839874979  0.0  1.368415968981082  25.0
55384.08474374979  0.0  1.368415968981082  25.0
55389.071088749784  0.0  1.368415968981082  25.0
55394.05743374978  0.0  1.368415968981082  25.0
55399.04377874978  0.0  1.368415968981082  25.0
55404.03012374978  0.0  1.368415968981082  25.0
55409.016468749775  0.0  1.368415968981082  25.0
55414.00281374977  0.0  1.368415968981082  25.0
55418.98915874977  0.0  1.368415968981082  25.0
55423.97550374977  0.0  1.368415968981082  25.0
55428.961848749765  0.0  1.368415968981082  25.0
55433.94819374976  0.0  1.368415968981082  25.0
55438.93453874976  0.0  1.368415968981082  25.0
55443.92088374976  0.0  1.368415968981082  25.0
55448.907228749755  0.0  1.368415968981082  25.0
55453.89357374975  0.0  1.368415968981082  25.0
55458.87991874975  0.0  1.368415968981082  25.0
55463.86626374975  0.0  1.368415968981082  25.0
55468.852608749745  0.0  1.368415968981082  25.0
55473.83895374974  0.0  1.368415968981082  25.0
55478.82529874974  0.0  1.368415968981082  25.0
55483.81164374974  0.0  1.368415968981082  25.0
55488.797988749735  0.0  1.368415968981082  25.0
55493.78433374973  0.0  1.368415968981082  25.0
55498.77067874973  0.0  1.368415968981082  25.0
55503.75702374973  0.0  1.368415968981082  25.0
55508.743368749725  0.0  1.368415968981082  25.0
55513.72971374972  0.0  1.368415968981082  25.0
55518.71605874972  0.0  1.368415968981082  25.0
55523.70240374972  0.0  1.368415968981082  25.0
55528.688748749715  0.0  1.368415968981082  25.0
55533.67509374971  0.0  1.368415968981082  25.0
55538.66143874971  0.0  1.368415968981082  25.0
55543.64778374971  0.0  1.368415968981082  25.0
55548.634128749705  0.0  1.368415968981082  25.0
55553.6204737497  0.0  1.368415968981082  25.0
55558.6068187497  0.0  1.368415968981082  25.0
55563.5931637497  0.0  1.368415968981082  25.0
55568.579508749695  0.0  1.368415968981082  25.0
55573.56585374969  0.0  1.368415968981082  25.0
55578.55219874969  0.0  1.368415968981082  25.0
55583.53854374969  0.0  1.368415968981082  25.0
55588.524888749685  0.0  1.368415968981082  25.0
55593.51123374968  0.0  1.368415968981082  25.0
55598.49757874968  0.0  1.368415968981082  25.0
55603.48392374968  0.0  1.368415968981082  25.0
55608.470268749676  0.0  1.368415968981082  25.0
55613.45661374967  0.0  1.368415968981082  25.0
55618.44295874967  0.0  1.368415968981082  25.0
55623.42930374967  0.0  1.368415968981082  25.0
55628.415648749666  0.0  1.368415968981082  25.0
55633.40199374966  0.0  1.368415968981082  25.0
55638.38833874966  0.0  1.368415968981082  25.0
55643.37468374966  0.0  1.368415968981082  25.0
55648.361028749656  0.0  1.368415968981082  25.0
55653.34737374965  0.0  1.368415968981082  25.0
55658.33371874965  0.0  1.368415968981082  25.0
55663.32006374965  0.0  1.368415968981082  25.0
55668.306408749646  0.0  1.368415968981082  25.0
55673.29275374964  0.0  1.368415968981082  25.0
55678.27909874964  0.0  1.368415968981082  25.0
55683.26544374964  0.0  1.368415968981082  25.0
55688.251788749636  0.0  1.368415968981082  25.0
55693.23813374963  0.0  1.368415968981082  25.0
55698.22447874963  0.0  1.368415968981082  25.0
55703.21082374963  0.0  1.368415968981082  25.0
55708.197168749626  0.0  1.368415968981082  25.0
55713.183513749624  0.0  1.368415968981082  25.0
55718.16985874962  0.0  1.368415968981082  25.0
55723.15620374962  0.0  1.368415968981082  25.0
55728.142548749616  0.0  1.368415968981082  25.0
55733.128893749614  0.0  1.368415968981082  25.0
55738.11523874961  0.0  1.368415968981082  25.0
55743.10158374961  0.0  1.368415968981082  25.0
55748.08792874961  0.0  1.368415968981082  25.0
55753.074273749604  0.0  1.368415968981082  25.0
55758.0606187496  0.0  1.368415968981082  25.0
55763.0469637496  0.0  1.368415968981082  25.0
55768.0333087496  0.0  1.368415968981082  25.0
55773.019653749594  0.0  1.368415968981082  25.0
55778.00599874959  0.0  1.368415968981082  25.0
55782.99234374959  0.0  1.368415968981082  25.0
55787.97868874959  0.0  1.368415968981082  25.0
55792.965033749584  0.0  1.368415968981082  25.0
55797.95137874958  0.0  1.368415968981082  25.0
55802.93772374958  0.0  1.368415968981082  25.0
55807.92406874958  0.0  1.368415968981082  25.0
55812.910413749574  0.0  1.368415968981082  25.0
55817.89675874957  0.0  1.368415968981082  25.0
55822.88310374957  0.0  1.368415968981082  25.0
55827.86944874957  0.0  1.368415968981082  25.0
55832.855793749564  0.0  1.368415968981082  25.0
55837.84213874956  0.0  1.368415968981082  25.0
55842.82848374956  0.0  1.368415968981082  25.0
55847.81482874956  0.0  1.368415968981082  25.0
55852.801173749554  0.0  1.368415968981082  25.0
55857.78751874955  0.0  1.368415968981082  25.0
55862.77386374955  0.0  1.368415968981082  25.0
55867.76020874955  0.0  1.368415968981082  25.0
55872.746553749545  0.0  1.368415968981082  25.0
55877.73289874954  0.0  1.368415968981082  25.0
55882.71924374954  0.0  1.368415968981082  25.0
55887.70558874954  0.0  1.368415968981082  25.0
55892.691933749535  0.0  1.368415968981082  25.0
55897.67827874953  0.0  1.368415968981082  25.0
55902.66462374953  0.0  1.368415968981082  25.0
55907.65096874953  0.0  1.368415968981082  25.0
55912.637313749525  0.0  1.368415968981082  25.0
55917.62365874952  0.0  1.368415968981082  25.0
55922.61000374952  0.0  1.368415968981082  25.0
55927.59634874952  0.0  1.368415968981082  25.0
55932.582693749515  0.0  1.368415968981082  25.0
55937.56903874951  0.0  1.368415968981082  25.0
55942.55538374951  0.0  1.368415968981082  25.0
55947.54172874951  0.0  1.368415968981082  25.0
55952.528073749505  0.0  1.368415968981082  25.0
55957.5144187495  0.0  1.368415968981082  25.0
55962.5007637495  0.0  1.368415968981082  25.0
55967.4871087495  0.0  1.368415968981082  25.0
55972.473453749495  0.0  1.368415968981082  25.0
55977.45979874949  0.0  1.368415968981082  25.0
55982.44614374949  0.0  1.368415968981082  25.0
55987.43248874949  0.0  1.368415968981082  25.0
55992.418833749485  0.0  1.368415968981082  25.0
55997.40517874948  0.0  1.368415968981082  25.0
56002.39152374948  0.0  1.368415968981082  25.0
56007.37786874948  0.0  1.368415968981082  25.0
56012.364213749475  0.0  1.368415968981082  25.0
56017.35055874947  0.0  1.368415968981082  25.0
56022.33690374947  0.0  1.368415968981082  25.0
56027.32324874947  0.0  1.368415968981082  25.0
56032.309593749465  0.0  1.368415968981082  25.0
56037.29593874946  0.0  1.368415968981082  25.0
56042.28228374946  0.0  1.368415968981082  25.0
56047.26862874946  0.0  1.368415968981082  25.0
56052.254973749456  0.0  1.368415968981082  25.0
56057.24131874945  0.0  1.368415968981082  25.0
56062.22766374945  0.0  1.368415968981082  25.0
56067.21400874945  0.0  1.368415968981082  25.0
56072.200353749446  0.0  1.368415968981082  25.0
56077.18669874944  0.0  1.368415968981082  25.0
56082.17304374944  0.0  1.368415968981082  25.0
56087.15938874944  0.0  1.368415968981082  25.0
56092.145733749436  0.0  1.368415968981082  25.0
56097.13207874943  0.0  1.368415968981082  25.0
56102.11842374943  0.0  1.368415968981082  25.0
56107.10476874943  0.0  1.368415968981082  25.0
56112.091113749426  0.0  1.368415968981082  25.0
56117.07745874942  0.0  1.368415968981082  25.0
56122.06380374942  0.0  1.368415968981082  25.0
56127.05014874942  0.0  1.368415968981082  25.0
56132.036493749416  0.0  1.368415968981082  25.0
56137.02283874941  0.0  1.368415968981082  25.0
56142.00918374941  0.0  1.368415968981082  25.0
56146.99552874941  0.0  1.368415968981082  25.0
56151.981873749406  0.0  1.368415968981082  25.0
56156.9682187494  0.0  1.368415968981082  25.0
56161.9545637494  0.0  1.368415968981082  25.0
56166.9409087494  0.0  1.368415968981082  25.0
56171.927253749396  0.0  1.368415968981082  25.0
56176.913598749394  0.0  1.368415968981082  25.0
56181.89994374939  0.0  1.368415968981082  25.0
56186.88628874939  0.0  1.368415968981082  25.0
56191.872633749386  0.0  1.368415968981082  25.0
56196.858978749384  0.0  1.368415968981082  25.0
56201.84532374938  0.0  1.368415968981082  25.0
56206.83166874938  0.0  1.368415968981082  25.0
56211.81801374938  0.0  1.368415968981082  25.0
56216.804358749374  0.0  1.368415968981082  25.0
56221.79070374937  0.0  1.368415968981082  25.0
56226.77704874937  0.0  1.368415968981082  25.0
56231.76339374937  0.0  1.368415968981082  25.0
56236.749738749364  0.0  1.368415968981082  25.0
56241.73608374936  0.0  1.368415968981082  25.0
56246.72242874936  0.0  1.368415968981082  25.0
56251.70877374936  0.0  1.368415968981082  25.0
56256.695118749354  0.0  1.368415968981082  25.0
56261.68146374935  0.0  1.368415968981082  25.0
56266.66780874935  0.0  1.368415968981082  25.0
56271.65415374935  0.0  1.368415968981082  25.0
56276.640498749344  0.0  1.368415968981082  25.0
56281.62684374934  0.0  1.368415968981082  25.0
55159.69921875  -5.432619323821876  3.4719040341661556  25.0
55160.6015625  -2.094257666977011  1.6852844173626436  25.0
55163.5  0.7537285618168794  0.9815360612777609  25.0
55172.5  -0.47721741201537454  1.3562400915124366  25.0
55181.5  2.6876373588041056  0.825900342045424  25.0
55190.5  0.1405140113380034  1.1667278023103278  25.0
55200.3984375  -0.4356817906294454  1.3074381617642983  25.0
55202.5  1.0125650099963386  0.5716789525039538  25.0
55205.5  1.9730877259393962  0.9118191124244485  25.0
55208.5  0.47859210634822114  0.7240743074311484  25.0
55211.3984375  -1.2671790957697426  0.9927299874675078  25.0
55214.3984375  0.13187304375945813  0.6441452900229595  25.0
55214.3984375  0.43666374190834384  0.8894310727568987  25.0
55220.3984375  -0.40426009885691966  2.249500736799428  25.0
55223.30078125  -0.5943615026399507  3.3709617650672916  25.0
55223.30078125  9.262043147197955  4.229756538515533  25.0
55232.30078125  0.09190853505536366  1.1843043181688866  25.0
55235.5  -0.5768831725448791  1.3849123946192692  25.0
55238.3984375  -0.5208150280785596  1.0785506189050593  25.0
55241.30078125  -0.12627604554807417  0.6995260873228557  25.0
55244.30078125  -0.9258606598653896  1.7951621996250104  25.0
55247.30078125  0.9458920539211945  1.2027645527208426  25.0
55250.3984375  -1.1518024425319613  1.6120325000917135  25.0
55259.3984375  0.5640199010877964  1.730354913522162  25.0
55268.30078125  0.12784713481890186  1.4413732821395369  25.0
55475.6015625  -0.5568518253110883  1.3277641599325782  25.0
55478.6015625  0.3926733359691966  1.0676512031837595  25.0
55484.6015625  1.7317296078550088  0.8663557795669536  25.0
55487.6015625  -0.9397058357793566  2.439307442825956  25.0
55502.6015625  1.0563590444085118  1.3673358787607106  25.0
55508.6015625  -0.7072833245025001  1.100643960816106  25.0
55511.6015625  -1.4350889250562262  0.9344034299749443  25.0
55517.6015625  1.1481693351728708  2.0609703988762176  25.0
55547.5  0.2549087132968864  1.5147233383519398  25.0
55562.5  -2.1495404189794627  1.1265668752572453  25.0
55565.6015625  1.920161806836746  1.6987367565786342  25.0
55577.5  -1.8895256011721167  1.9159393976086772  25.0
55583.3984375  -1.4782938448874772  0.9548275670846973  25.0
55586.3984375  -0.30086297497181647  1.2223049711371983  25.0
55589.5  -1.1626037193117882  1.1864645922536576  25.0
55592.3984375  1.187446543532556  0.8402364935988402  25.0
55595.30078125  1.555866216683921  1.1302982152018368  25.0
55613.3984375  -0.05371150470732622  0.80537797235017  25.0
55631.19921875  -0.0356440161356942  1.7274090596854668  25.0
55646.3984375  1.0231698216051632  1.1247012989289775  25.0
55649.30078125  -5.070189216353291  6.720909810223767  25.0
55652.30078125  -0.6303001141089924  1.4088714065026116  25.0
55673.30078125  -0.5493891454219051  1.1362879681726725  25.0
55878.6015625  0.2880979126892279  1.2362483796366663  25.0
55883.6015625  -4.963060822756617  3.500183406930984  25.0
55889.6015625  0.2884906791541831  0.8920823224811189  25.0
55891.5  1.336306930042133  1.6857752993580646  25.0
55897.6015625  -0.3505485765913382  1.8747967065647524  25.0
55899.6015625  -0.32570577578157733  1.1704591422549195  25.0
55901.6015625  -1.2462640766645687  0.7626641218023963  25.0
55910.6015625  -0.07217176852304104  1.210521836722501  25.0
55913.5  0.03662594400358563  2.095534222368385  25.0
55929.3984375  -0.8965010095921339  1.5297469307158076  25.0
55931.6015625  -0.8916895794271708  1.343278634291867  25.0
55940.5  0.4698529178896783  2.1930397556351324  25.0
55946.6015625  -1.0514493816580475  1.6414902893064423  25.0
55951.6015625  -1.1458126895611258  1.6846952091376932  25.0
55954.3984375  -0.556066292381178  2.290054406906459  25.0
55957.3984375  -0.6303001141089924  0.7079706716689234  25.0
55959.5  -2.3001681492318062  2.3018374476771277  25.0
55961.30078125  0.14836944598663834  1.1454199465071775  25.0
55967.5  1.5599902996824608  1.3100894114885184  25.0
55969.5  -0.29320394696666613  1.2341863381373963  25.0
55972.30078125  -1.8548634514504205  0.6822441287547582  25.0
55983.30078125  -1.9138773561094073  1.5715769689261556  25.0
55997.30078125  -0.2306550738900618  1.12116633051136  25.0
55999.30078125  0.38481788961505814  5.9244673510371  25.0
56002.30078125  1.5647035909059508  2.2820025187923254  25.0
56005.30078125  1.4213419817277602  0.7474442047335687  25.0
56016.30078125  -0.9617010387489302  2.0249335548216747  25.0
56047.30078125  1.474071529303436  1.9104406202772908  25.0
56049.30078125  -1.1106596578440084  1.276605678216723  25.0
56055.30078125  -0.11959893370531177  1.2085579341647041  25.0
56056.30078125  -0.8377816154015941  3.562634234710143  25.0
56232.6015625  -2.0843402025346096  1.1687898438095978  25.0
56234.6015625  0.7217176618194034  1.3619352403707972  25.0
56243.6015625  -0.988605904468968  1.1110524008979565  25.0
56253.6015625  -0.4098570619517931  1.7589290776875217  25.0
56255.6015625  -0.20443757874745436  0.8888419581759764  25.0
56259.6015625  -0.19069057689147084  0.9982288584429223  25.0
56270.5  1.7734616944119401  2.5684311330362313  25.0
56273.6015625  0.26944125978828376  2.7108108845795518  25.0
56285.6015625  -0.15750137749912932  2.769137442072115  25.0
56289.5  0.5203240524391104  1.6159603052073073  25.0
56300.6015625  10.325275944202785  1.4748571090553606  25.0
56303.5  20.087907103048746  1.3188285531250474  25.0
56308.6015625  28.56519231831312  0.9418661098641277  25.0
56313.3984375  23.875794555886674  1.1023132592614278  25.0
56315.3984375  25.414968256337517  1.4145666490050002  25.0
56324.5  20.984210804673626  1.1712447220068438  25.0
56327.30078125  23.22929266707398  3.0662690068663188  25.0
56333.3984375  13.449478952795776  1.3686123405080561  25.0
56335.5  12.982670214972321  1.6238157281504386  25.0
56338.3984375  13.363265016440108  1.13000370473339  25.0
56348.30078125  11.16590489992349  2.967879848550202  25.0
56351.5  15.796680751592673  1.8519177849017814  25.0
56353.30078125  14.676398514350822  3.1687824354690317  25.0
56356.3984375  12.841369617209091  1.5325944583229738  25.0
56359.3984375  11.27813988966177  1.830413557571657  25.0
56370.30078125  7.371535782034997  1.5052968495489878  25.0
56383.3984375  1.2275092380001376  1.6889176183657622  25.0
56386.30078125  2.6734974851336353  1.7380140585823476  25.0
56389.30078125  4.133723838523104  0.7588345960943177  25.0
56392.19921875  3.743505427573168  1.3838323043988978  25.0
56394.30078125  3.3782277924974164  1.5642126152665017  25.0
56397.30078125  5.011273637923833  2.0689239607608223  25.0
56404.30078125  3.425753260498209  2.9763244797182837  25.0
56421.30078125  2.9990069362102525  1.1247994378704504  25.0
56613.6015625  -2.4292918394420817  1.7558850849093532  25.0
56624.6015625  0.5597976323257696  1.1388409853113917  25.0
56627.6015625  -0.3995468076334296  1.7170007132476444  25.0
56629.6015625  0.3267859128239628  0.730064060401984  25.0
56632.6015625  0.5345620182290396  1.1028042349008769  25.0
56637.5  -0.5649036197811939  1.61075594470034  25.0
56639.5  13.746315538901392  8.818211657267003  25.0
56643.5  3.393153152275783  2.242921681959614  25.0
56648.5  2.471514807994434  1.9345960973316354  25.0
56651.5  0.008640973431297026  1.0691240364580792  25.0
56659.6015625  -1.83522498773662  2.3191194530672394  25.0
56662.5  1.677036251365564  1.2276073769416105  25.0
56667.6015625  -0.1809694839760436  1.3129370327397127  25.0
56676.6015625  -1.7877978459653563  1.4682781478595748  25.0
56678.3984375  0.07403743264258511  0.8511359093201399  25.0
56681.5  -1.0600902907090752  1.368415968981082  25.0
