#Date  :
#Flux  :
#Fluxerr  :
#ZP  :
#end  :
@INSTRUMENT  PS
@BAND  PS_z
@MAGSYS  AB
54892.1477625  0.0  1.6897521739443948  25.0
54897.134107499995  0.0  1.6897521739443948  25.0
54902.12045249999  0.0  1.6897521739443948  25.0
54907.10679749999  0.0  1.6897521739443948  25.0
54912.09314249999  0.0  1.6897521739443948  25.0
54917.079487499985  0.0  1.6897521739443948  25.0
54922.06583249998  0.0  1.6897521739443948  25.0
54927.05217749998  0.0  1.6897521739443948  25.0
54932.03852249998  0.0  1.6897521739443948  25.0
54937.024867499975  0.0  1.6897521739443948  25.0
54942.01121249997  0.0  1.6897521739443948  25.0
54946.99755749997  0.0  1.6897521739443948  25.0
54951.98390249997  0.0  1.6897521739443948  25.0
54956.970247499965  0.0  1.6897521739443948  25.0
54961.95659249996  0.0  1.6897521739443948  25.0
54966.94293749996  0.0  1.6897521739443948  25.0
54971.92928249996  0.0  1.6897521739443948  25.0
54976.915627499955  0.0  1.6897521739443948  25.0
54981.90197249995  0.0  1.6897521739443948  25.0
54986.88831749995  0.0  1.6897521739443948  25.0
54991.87466249995  0.0  1.6897521739443948  25.0
54996.861007499945  0.0  1.6897521739443948  25.0
55001.84735249994  0.0  1.6897521739443948  25.0
55006.83369749994  0.0  1.6897521739443948  25.0
55011.82004249994  0.0  1.6897521739443948  25.0
55016.806387499935  0.0  1.6897521739443948  25.0
55021.79273249993  0.0  1.6897521739443948  25.0
55026.77907749993  0.0  1.6897521739443948  25.0
55031.76542249993  0.0  1.6897521739443948  25.0
55036.751767499925  0.0  1.6897521739443948  25.0
55041.73811249992  0.0  1.6897521739443948  25.0
55046.72445749992  0.0  1.6897521739443948  25.0
55051.71080249992  0.0  1.6897521739443948  25.0
55056.697147499915  0.0  1.6897521739443948  25.0
55061.68349249991  0.0  1.6897521739443948  25.0
55066.66983749991  0.0  1.6897521739443948  25.0
55071.65618249991  0.0  1.6897521739443948  25.0
55076.642527499906  0.0  1.6897521739443948  25.0
55081.6288724999  0.0  1.6897521739443948  25.0
55086.6152174999  0.0  1.6897521739443948  25.0
55091.6015624999  0.0  1.6897521739443948  25.0
55096.587907499896  0.0  1.6897521739443948  25.0
55101.57425249989  0.0  1.6897521739443948  25.0
55106.56059749989  0.0  1.6897521739443948  25.0
55111.54694249989  0.0  1.6897521739443948  25.0
55116.533287499886  0.0  1.6897521739443948  25.0
55121.51963249988  0.0  1.6897521739443948  25.0
55126.50597749988  0.0  1.6897521739443948  25.0
55131.49232249988  0.0  1.6897521739443948  25.0
55136.478667499876  0.0  1.6897521739443948  25.0
55141.46501249987  0.0  1.6897521739443948  25.0
55146.45135749987  0.0  1.6897521739443948  25.0
55151.43770249987  0.0  1.6897521739443948  25.0
55156.424047499866  0.0  1.6897521739443948  25.0
55161.41039249986  0.0  1.6897521739443948  25.0
55166.39673749986  0.0  1.6897521739443948  25.0
55171.38308249986  0.0  1.6897521739443948  25.0
55176.369427499856  0.0  1.6897521739443948  25.0
55181.35577249985  0.0  1.6897521739443948  25.0
55186.34211749985  0.0  1.6897521739443948  25.0
55191.32846249985  0.0  1.6897521739443948  25.0
55196.314807499846  0.0  1.6897521739443948  25.0
55201.301152499844  0.0  1.6897521739443948  25.0
55206.28749749984  0.0  1.6897521739443948  25.0
55211.27384249984  0.0  1.6897521739443948  25.0
55216.260187499836  0.0  1.6897521739443948  25.0
55221.246532499834  0.0  1.6897521739443948  25.0
55226.23287749983  0.0  1.6897521739443948  25.0
55231.21922249983  0.0  1.6897521739443948  25.0
55236.20556749983  0.0  1.6897521739443948  25.0
55241.191912499824  0.0  1.6897521739443948  25.0
55246.17825749982  0.0  1.6897521739443948  25.0
55251.16460249982  0.0  1.6897521739443948  25.0
55256.15094749982  0.0  1.6897521739443948  25.0
55261.137292499814  0.0  1.6897521739443948  25.0
55266.12363749981  0.0  1.6897521739443948  25.0
55271.10998249981  0.0  1.6897521739443948  25.0
55276.09632749981  0.0  1.6897521739443948  25.0
55281.082672499804  0.0  1.6897521739443948  25.0
55286.0690174998  0.0  1.6897521739443948  25.0
55291.0553624998  0.0  1.6897521739443948  25.0
55296.0417074998  0.0  1.6897521739443948  25.0
55301.028052499794  0.0  1.6897521739443948  25.0
55306.01439749979  0.0  1.6897521739443948  25.0
55311.00074249979  0.0  1.6897521739443948  25.0
55315.98708749979  0.0  1.6897521739443948  25.0
55320.973432499784  0.0  1.6897521739443948  25.0
55325.95977749978  0.0  1.6897521739443948  25.0
55330.94612249978  0.0  1.6897521739443948  25.0
55335.93246749978  0.0  1.6897521739443948  25.0
55340.918812499775  0.0  1.6897521739443948  25.0
55345.90515749977  0.0  1.6897521739443948  25.0
55350.89150249977  0.0  1.6897521739443948  25.0
55355.87784749977  0.0  1.6897521739443948  25.0
55360.864192499765  0.0  1.6897521739443948  25.0
55365.85053749976  0.0  1.6897521739443948  25.0
55370.83688249976  0.0  1.6897521739443948  25.0
55375.82322749976  0.0  1.6897521739443948  25.0
55380.809572499755  0.0  1.6897521739443948  25.0
55385.79591749975  0.0  1.6897521739443948  25.0
55390.78226249975  0.0  1.6897521739443948  25.0
55395.76860749975  0.0  1.6897521739443948  25.0
55400.754952499745  0.0  1.6897521739443948  25.0
55405.74129749974  0.0  1.6897521739443948  25.0
55410.72764249974  0.0  1.6897521739443948  25.0
55415.71398749974  0.0  1.6897521739443948  25.0
55420.700332499735  0.0  1.6897521739443948  25.0
55425.68667749973  0.0  1.6897521739443948  25.0
55430.67302249973  0.0  1.6897521739443948  25.0
55435.65936749973  0.0  1.6897521739443948  25.0
55440.645712499725  0.0  1.6897521739443948  25.0
55445.63205749972  0.0  1.6897521739443948  25.0
55450.61840249972  0.0  1.6897521739443948  25.0
55455.60474749972  0.0  1.6897521739443948  25.0
55460.591092499715  0.0  1.6897521739443948  25.0
55465.57743749971  0.0  1.6897521739443948  25.0
55091.6015625  -0.8802009554809206  1.8450443132375485  25.0
55097.6015625  -0.9365637040597153  1.9988143624975896  25.0
55103.6015625  -1.4136829303116027  2.269826547679652  25.0
55181.3984375  -0.6858772829358628  1.5277830281580107  25.0
55187.30078125  2.319414057179715  4.468267128992754  25.0
55200.3984375  -0.3526106415016151  1.5176691921886354  25.0
55205.30078125  0.2518647439297251  1.304001425932182  25.0
55214.30078125  1.549189116546662  0.9548275670846973  25.0
55220.30078125  3.53955884787617  1.6758578349156632  25.0
55223.19921875  0.9213438338129017  3.4240837747648314  25.0
55232.19921875  0.7381159016941036  1.377744318842561  25.0
55439.6015625  0.5511566296307139  1.3167665116257774  25.0
55442.6015625  -0.14287064524424495  1.5196330011024042  25.0
55445.6015625  0.3734275216653162  1.1017241446805055  25.0
55448.6015625  -1.4585570549441473  1.5067697764673356  25.0
55454.6015625  -1.2685537901025894  1.2624658981902808  25.0
55457.6015625  1.1932399249764176  2.27699462345636  25.0
55466.6015625  1.4195744506969374  1.702860839577174  25.0
55472.6015625  4.6806581525697775  1.3407256171531479  25.0
55475.6015625  0.9417678772786265  1.1752705724198826  25.0
55478.5  5.556047771529763  0.6892158330044922  25.0
55481.5  19.073574468377558  1.4891932606087768  25.0
55484.5  39.88133445289168  1.876466005010074  25.0
55487.5  56.49262235767022  4.468561545817173  25.0
55499.5  50.0718873558666  1.69078319469403  25.0
55502.5  43.29314149556958  1.7609911191867915  25.0
55508.3984375  35.15972763970425  1.2247597556904162  25.0
55511.3984375  36.28580531855858  1.9094586689983923  25.0
55517.3984375  42.93199019094904  2.2819043798508525  25.0
55547.30078125  13.50485928187553  1.2930038712694092  25.0
55568.30078125  6.950484512961373  1.2487188612177866  25.0
55577.30078125  5.118402031520507  1.6294126444232981  25.0
55586.30078125  1.4007214730910331  1.4766245464421552  25.0
55589.19921875  3.1936250724017436  2.0354402274890266  25.0
55595.19921875  4.451967074881541  1.226232682608764  25.0
55823.6015625  0.8020394691035545  2.782000760351212  25.0
55827.6015625  2.1360878924754156  2.3524069084560892  25.0
55835.6015625  -1.9078876967825997  2.3851051556199883  25.0
55842.5  1.0073607431333993  3.28514113362974  25.0
55851.5  1.975051628497193  1.5412354610180297  25.0
55857.5  0.18254056154136777  1.4729914390830647  25.0
55860.5  0.4167305804380401  1.2809261327422368  25.0
55862.5  -3.7197426935727718  2.8412109428931447  25.0
55870.5  2.224461447407658  2.264426096577795  25.0
55878.3984375  1.2709104357143344  1.853881500171522  25.0
55880.3984375  -0.8795136083144973  1.68872115319476  25.0
55889.3984375  -0.08258021445764334  1.0107974789655156  25.0
55891.3984375  0.2279056852243686  1.352705123094819  25.0
55897.3984375  -2.096516173647283  1.1542573207292075  25.0
55901.3984375  -0.3548690779388661  1.3968919005609404  25.0
55919.30078125  2.581294451315328  4.121547867410431  25.0
55929.30078125  -0.5768831725448791  1.8109713717408025  25.0
55935.30078125  1.0997602421227086  0.9133901782842692  25.0
55951.30078125  -1.0961271347636181  1.5880734882083711  25.0
55957.19921875  0.9990143445508186  1.5768794683745961  25.0
55981.19921875  2.1517005994202054  2.263542284240369  25.0
55984.19921875  0.14552184814645108  2.7488114439038354  25.0
55985.19921875  0.8427895107375594  2.0246389507091997  25.0
56205.5  2.76206750523688  1.4392130080547658  25.0
56208.6015625  -0.7991918478523603  1.409264243200588  25.0
56211.5  -1.4314558176971355  0.9586570459707618  25.0
56214.5  3.0916029003705643  2.5266992337673564  25.0
56216.5  -1.1515079320635142  2.6646601109116053  25.0
56219.5  1.3876617832849625  1.421440120669233  25.0
56222.5  -0.2705213968306692  1.2986008811862966  25.0
56226.5  -0.3884510437961628  1.066669251904861  25.0
56229.5  2.0465359210932723  1.942844263328715  25.0
56232.5  0.09809468881693212  1.450603399415515  25.0
56234.3984375  -0.9419643424496287  0.9323413884756744  25.0
56251.3984375  -0.04624884530277409  7.980036924235348  25.0
56259.3984375  -0.91083716114555  1.9694545249362776  25.0
56262.3984375  1.6023115008203144  2.203546428302484  25.0
56283.30078125  -0.5053005537192709  1.812640482898068  25.0
56289.30078125  -0.9834017312500568  1.217591679913708  25.0
56292.30078125  0.011193988375234236  1.2391941398293336  25.0
56300.30078125  -0.8947335722053391  1.3099911789030174  25.0
56303.30078125  1.1050626479271208  4.0016542944761335  25.0
56308.19921875  -0.21494420459279193  1.8253075232942189  25.0
56311.30078125  -1.2213230198582996  3.4868290193684097  25.0
56315.30078125  -0.5594048424498075  2.3670376641219804  25.0
56351.19921875  -0.8163756206569708  2.1794890901896125  25.0
56353.19921875  9.03443272159426  5.189886511404642  25.0
56536.6015625  0.8530015792924358  1.2532356872702746  25.0
56554.6015625  -1.4217347247817083  1.5953397029265521  25.0
56557.6015625  -0.5442831579664809  2.3514249571771906  25.0
56559.6015625  0.6078139354999696  2.455312892824694  25.0
56562.6015625  1.1323602567011068  2.2270145581904055  25.0
56584.5  0.8279623835446939  2.249402597857955  25.0
56589.5  -1.2475405384119143  1.098581919316836  25.0
56600.5  1.0785506189050593  2.6364788770882503  25.0
56613.3984375  -0.03682233016243909  2.029155964049744  25.0
56616.3984375  -1.6023115008203144  1.178510936725025  25.0
56618.3984375  -0.638548280106072  2.3810792115629216  25.0
56621.3984375  2.9922316034874927  1.5410390894910555  25.0
56624.3984375  -2.434299734778047  1.6328493802554145  25.0
56629.3984375  -0.26512078185176285  1.2318296925256513  25.0
56632.3984375  -1.6140945415909833  1.7942785745756413  25.0
56637.3984375  0.39316431160864584  2.518843810824225  25.0
56643.30078125  -3.6129087168005167  3.0513438343760084  25.0
56648.3984375  1.187446543532556  2.065781829041181  25.0
56651.3984375  2.7858302392372765  2.028959498878742  25.0
56662.30078125  0.1563230663987603  1.6216553604216397  25.0
56667.30078125  -3.6435449224651464  1.5461451237684938  25.0
56673.30078125  3.134807632913759  2.7263252652948124  25.0
56676.30078125  1.0957343917096698  1.4101479618939852  25.0
56681.30078125  2.130687254085502  2.3920767662256943  25.0
