55477.304735918835    7.111630103196821     2.6540817067400573    25    
55477.804735918835    8.57640083199137      2.5528610002702177    25    
55478.304735918835    10.191205278968123    2.60359490976395      25    
55478.804735918835    11.962236981513641    3.3334786536998013    25    
55479.304735918835    13.888825483203984    4.2476168457265935    25    
55479.804735918835    15.979081308313383    4.643443428167417     25    
55480.304735918835    18.23162902154435     4.633139512636314     25    
55480.804735918835    20.654072118030577    4.588593738012376     25    
55481.304735918835    23.246754199629194    4.600513077916433     25    
55481.804735918835    26.014453771111047    4.608320729590068     25    
55482.304735918835    28.961339323098464    4.610683267875258     25    
55482.804735918835    32.08826549673063     4.608191633304029     25    
55483.304735918835    35.40252269759215     4.600243280382813     25    
55483.804735918835    38.902850630201584    4.587046381648583     25    
55484.304735918835    42.59883943653855     4.573264274876493     25    
55484.804735918835    46.496695552815666    4.562460691993704     25    
55485.304735918835    50.57184599082439     4.540729989707699     25    
55485.804735918835    54.880497153672295    4.486284347994492     25    
55486.304735918835    59.272530532179935    4.436135325371872     25    
55486.804735918835    63.59505503348836     4.445573767806126     25    
55487.304735918835    67.837370160323       4.491241503466318     25    
55487.804735918835    71.66427680724648     4.527844879965973     25    
55488.304735918835    75.12939600916525     4.559509413115177     25    
55488.804735918835    77.95648831205838     4.576757410194492     25    
55489.304735918835    80.03813637921156     4.568588266648328     25    
55489.804735918835    81.53702591650831     4.561452551891893     25    
55490.304735918835    82.46058609203136     4.575589800787025     25    
55490.804735918835    82.91931450145047     4.600819748332049     25    
55491.304735918835    83.18798145712614     4.638356953250819     25    
55491.804735918835    83.22228089064279     4.6859672907263175    25    
55492.304735918835    83.3279664003555      4.711593721212013     25    
55492.804735918835    83.5144090187071      4.74612893609116      25    
55493.304735918835    83.76855824328555     4.622357341163179     25    
55493.804735918835    84.13406995942815     4.112870199823706     25    
55494.304735918835    84.52425949160195     3.512110342095737     25    
55494.804735918835    84.86693654233595     3.3704651821811593    25    
55495.304735918835    85.16171779877644     3.500031904231564     25    
55495.804735918835    85.29816126089457     3.5354469054320736    25    
55496.304735918835    85.29317132342076     3.516758864624738     25    
55496.804735918835    85.08223898307034     3.4887770901797905    25    
55497.304735918835    84.66284874801853     3.4460090045264073    25    
55497.804735918835    84.00876209265083     3.4161385099803474    25    
55498.304735918835    83.1028092400529      3.4327805330354524    25    
55498.804735918835    81.93880041589772     3.461713406097304     25    
55499.304735918835    80.47336445811167     3.465109191927577     25    
55499.804735918835    78.72331046666073     3.4489273321054523    25    
55500.304735918835    76.75729503781676     3.3625440973526275    25    
55500.804735918835    74.5530730171338      3.177597173333739     25    
55501.304735918835    72.245256197433       3.0423856790475297    25    
55501.804735918835    69.84514214125478     3.0480318482381765    25    
55502.304735918835    67.42613700972423     3.0854630750911958    25    
55502.804735918835    65.07562876519387     3.073931386942124     25    
55503.304735918835    62.78337334170282     3.0453398440610013    25    
55503.804735918835    60.627375632376264    3.0053087393898026    25    
55504.304735918835    58.59486407960561     2.9515088501938793    25    
55504.804735918835    56.72145094277825     2.9271968532870476    25    
55505.304735918835    55.00426249537286     2.948506689774757     25    
55505.804735918835    53.469844626222994    2.967587625896253     25    
55506.304735918835    52.140508889442984    2.97344910312529      25    
55506.804735918835    50.999020621819945    2.950444701251382     25    
55507.304735918835    50.04254059303969     2.829959381452424     25    
55507.804735918835    49.26428640947241     2.6412621273240626    25    
55508.304735918835    48.609430715027244    2.564448168760426     25    
55508.804735918835    48.08740089642743     2.614588366561334     25    
55509.304735918835    47.64599272862772     2.6581207518921666    25    
55509.804735918835    47.279481084367205    2.6641856009121754    25    
55510.304735918835    46.96821022812347     2.6555283185175496    25    
55510.804735918835    46.69043363562744     2.6218834601202463    25    
55511.304735918835    46.44793806034205     2.5816070609856396    25    
55511.804735918835    46.22210196144694     2.5878678928096246    25    
55512.304735918835    46.01606204328331     2.6298863109269544    25    
55512.804735918835    45.80908150934373     2.656830513803602     25    
55513.304735918835    45.60201764092518     2.6657198651454257    25    
55513.804735918835    45.38612172988777     2.6631617977392423    25    
55514.304735918835    45.15669497917839     2.6401604898537543    25    
55514.804735918835    44.914688380810105    2.617981439839752     25    
55515.304735918835    44.65810179484596     2.630671210274723     25    
55515.804735918835    44.387059201277935    2.66154644213605      25    
55516.304735918835    44.09946878471242     2.6780365118230502    25    
55516.804735918835    43.79618739514408     2.6841916479777748    25    
55517.304735918835    43.46958559881971     2.6688061529666474    25    
55517.804735918835    43.12144562303208     2.612861585965028     25    
55518.304735918835    42.741565124642406    2.5701519288760144    25    
55518.804735918835    42.324711563728826    2.5936198390978498    25    
55519.304735918835    41.868043369312346    2.6412711317803366    25    
55519.804735918835    41.35927922974404     2.6672624196275305    25    
55520.304735918835    40.80081610932011     2.6812140473431287    25    
55520.804735918835    40.18695129453182     2.662287399887472     25    
55521.304735918835    39.516597436055186    2.5910618378527026    25    
55521.804735918835    38.79583326067094     2.5741125289343945    25    
55522.304735918835    38.02503456642551     2.6871843637278063    25    
55522.804735918835    37.20742307449656     2.811343872736915     25    
55523.304735918835    36.346146730039045    2.8525278259786075    25    
55523.804735918835    35.44210855036334     2.8509727713963833    25    
55524.304735918835    34.502711247624426    2.8169268583716325    25    
55524.804735918835    33.52643614697553     2.7448128657065496    25    
55525.304735918835    32.524974057841106    2.7054327596883145    25    
55525.804735918835    31.497339193336988    2.7189851333011257    25    
55526.304735918835    30.45254902515577     2.7460472961797064    25    
55526.804735918835    29.392187108984835    2.7812905949284614    25    
55527.304735918835    28.324216286411385    2.806926789645524     25    
55527.804735918835    27.261682809268258    2.8019780206205804    25    
55528.304735918835    26.2049387786572      2.7575168103713206    25    
55528.804735918835    25.187629564097428    2.49244097595331      25    
55529.304735918835    24.204009521175127    1.843682063649153     25    
55529.804735918835    23.286439366489645    1.1868495153891003    25    
55530.304735918835    22.44257938242909     1.1112718632776886    25    
55530.804735918835    21.675592065764775    1.2433637922959875    25    
55531.304735918835    21.001418137650873    1.2176697468142863    25    
55531.804735918835    20.40613278850145     1.178739353988059     25    
55532.304735918835    19.86610398649869     1.154122951960577     25    
55532.804735918835    19.385438710515974    1.1404807759509255    25    
55533.304735918835    18.93235697374216     1.1409318252015983    25    
55533.804735918835    18.508055065409383    1.1625258076029352    25    
55534.304735918835    18.09730343369053     1.1752157579419689    25    
55534.804735918835    17.689318794609164    1.158754973112864     25    
55535.304735918835    17.290044567711778    1.1324421286141266    25    
55535.804735918835    16.899726448150535    1.1149524966089808    25    
55536.304735918835    16.518914184944848    1.099837257342447     25    
55536.804735918835    16.15158754725434     1.076879241586418     25    
55537.304735918835    15.79723456255223     1.0437887572660445    25    
55537.804735918835    15.457990122549356    1.0252248685758925    25    
55538.304735918835    15.134847935214397    1.0354214055044981    25    
55538.804735918835    14.82617727229697     1.0466397627952235    25    
55539.304735918835    14.53149541638724     1.0384378706543242    25    
55539.804735918835    14.250326439639426    1.0218754448409688    25    
55540.304735918835    13.981017913058643    1.0037095971917922    25    
55540.804735918835    13.723832104542902    0.9826720657003748    25    
55541.304735918835    13.476821616147072    0.9666997335491909    25    
55541.804735918835    13.240257773918701    0.9564013575040271    25    
55542.304735918835    13.012471512142207    0.9512729693695214    25    
55542.804735918835    12.79316843425647     0.9510323786622144    25    
55543.304735918835    12.58146349643363     0.9569015165111886    25    
55543.804735918835    12.376129072045915    0.9720249647338854    25    
55544.304735918835    12.177157763232955    0.9931744332025011    25    
55544.804735918835    11.982704673776647    1.0074918498121912    25    
55545.304735918835    11.793105792028884    1.0139367064028766    25    
55545.804735918835    11.60646022593835     1.0504430328676253    25    