55196.54727554059    4.015261266902413     0.8860342202155186     25    
55197.04727554059    4.635712397931452     0.880995628165521      25    
55197.54727554059    5.2909482192569515    0.882887040583353      25    
55198.04727554059    5.975763535322977     0.930131438674952      25    
55198.54727554059    6.691786351546272     1.019949007260859      25    
55199.04727554059    7.433718407950304     1.0863482803315656     25    
55199.54727554059    8.200621945519798     1.1018843655848225     25    
55200.04727554059    8.9911853188351       1.0976042631071925     25    
55200.54727554059    9.800301282926984     1.0997631311399456     25    
55201.04727554059    10.62959132832402     1.1040887659283238     25    
55201.54727554059    11.473670645517302    1.1081233056406958     25    
55202.04727554059    12.331781089444448    1.1117616403663297     25    
55202.54727554059    13.202426514566762    1.1151556550721728     25    
55203.04727554059    14.080600883945843    1.1183901799545004     25    
55203.54727554059    14.967912658333816    1.1213698099297935     25    
55204.04727554059    15.858902972239024    1.1248773357773016     25    
55204.54727554059    16.754434235117845    1.130634763416981      25    
55205.04727554059    17.65015451182752     1.1358044094387616     25    
55205.54727554059    18.5408731178243      1.134478605762254      25    
55206.04727554059    19.43231050902423     1.1264963301408004     25    
55206.54727554059    20.28048285541858     1.1246493448049184     25    
55207.04727554059    21.08639877386266     1.1365819721065928     25    
55207.54727554059    21.828241688086813    1.152897854835189      25    
55208.04727554059    22.45739137032725     1.1638527911225733     25    
55208.54727554059    22.988485287941643    1.1716209734706557     25    
55209.04727554059    23.377596965218807    1.1758600913113193     25    
55209.54727554059    23.595777304763054    1.173795989787611      25    
55210.04727554059    23.679851193632178    1.170353741754827      25    
55210.54727554059    23.658496394306283    1.1731865861413744     25    
55211.04727554059    23.518493753875376    1.1807080125086085     25    
55211.54727554059    23.344149249358477    1.1899869242126362     25    
55212.04727554059    23.139434192379824    1.2034204103821067     25    
55212.54727554059    22.931042510344678    1.2150656221641265     25    
55213.04727554059    22.78841479399656     1.2145006275085135     25    
55213.54727554059    22.694621324529134    1.2037407614855649     25    
55214.04727554059    22.646391475289622    1.1918246205366392     25    
55214.54727554059    22.655898055720026    1.17884341790847       25    
55215.04727554059    22.69800757053827     1.1678114924086576     25    
55215.54727554059    22.74285433218079     1.1674505710749243     25    
55216.04727554059    22.80001237167387     1.1761139936859624     25    
55216.54727554059    22.83312390710792     1.1817449711316037     25    
55217.04727554059    22.835460360442493    1.1802439384029195     25    
55217.54727554059    22.8081513363903      1.176601382506228      25    
55218.04727554059    22.740812854482506    1.1734426155166338     25    
55218.54727554059    22.636127146510237    1.1698754731210026     25    
55219.04727554059    22.49922298801337     1.1709926748051347     25    
55219.54727554059    22.32993615446722     1.1816653544287339     25    
55220.04727554059    22.13012219862274     1.192499508860296      25    
55220.54727554059    21.903587556987983    1.1984736648630265     25    
55221.04727554059    21.64926112957186     1.2018333712496363     25    
55221.54727554059    21.365625707402614    1.1649361597781027     25    
55222.04727554059    21.053891120395175    1.0455514430013473     25    
55222.54727554059    20.710842452850564    0.9028122998005408     25    
55223.04727554059    20.33282877929882     0.8461235188601742     25    
55223.54727554059    19.9209789169833      0.8589142371344257     25    
55224.04727554059    19.471235974884934    0.8691516212021642     25    
55224.54727554059    18.97863800537342     0.8641492520850248     25    
55225.04727554059    18.454024135464135    0.8569015923660519     25    
55225.54727554059    17.90457035144405     0.845631572994742      25    
55226.04727554059    17.328269202958744    0.8308576725314892     25    
55226.54727554059    16.753031341961258    0.8223082531312825     25    
55227.04727554059    16.17580692339048     0.8245778173820207     25    
55227.54727554059    15.611024355950716    0.8290033528389309     25    
55228.04727554059    15.078244227295594    0.8284894849377743     25    
55228.54727554059    14.571328671633847    0.8253003296642543     25    
55229.04727554059    14.105039451137683    0.8163526145075376     25    
55229.54727554059    13.680367281412764    0.7966469727027446     25    
55230.04727554059    13.297972286565123    0.7774560142218055     25    
55230.54727554059    12.960948066788916    0.7731034280143942     25    
55231.04727554059    12.668375244141608    0.7784575985679497     25    
55231.54727554059    12.424332719263784    0.781265453083668      25    
55232.04727554059    12.231764214867548    0.780297294026828      25    
55232.54727554059    12.083435733248741    0.776859497798258      25    
55233.04727554059    11.97640405315489     0.7685975084295191     25    
55233.54727554059    11.910581641819705    0.7566963133137028     25    
55234.04727554059    11.865595860538134    0.7504055443796909     25    
55234.54727554059    11.844760096682135    0.75265688501252       25    
55235.04727554059    11.8359379629439      0.7568637588022978     25    
55235.54727554059    11.825070632354823    0.758442850777609      25    
55236.04727554059    11.817011680400578    0.7590374984602931     25    
55236.54727554059    11.80536715161488     0.7578357139177989     25    
55237.04727554059    11.787273293187091    0.7587216770556185     25    
55237.54727554059    11.770467342693113    0.75015629368095       25    
55238.04727554059    11.759411046252758    0.7129022312467822     25    
55238.54727554059    11.753131149426439    0.6541257055307501     25    
55239.04727554059    11.760614119017324    0.6177113949189293     25    
55239.54727554059    11.78291921466914     0.6180283702150399     25    
55240.04727554059    11.81731040619496     0.6273312216446306     25    
55240.54727554059    11.86541666933435     0.6253331430015796     25    
55241.04727554059    11.925111132011425    0.6211697519916315     25    
55241.54727554059    11.982589456252851    0.6243249016274421     25    
55242.04727554059    12.040812472080464    0.6380670734290417     25    
55242.54727554059    12.090142538737593    0.6513363737594462     25    
55243.04727554059    12.121299004984014    0.6565955258460935     25    
55243.54727554059    12.137788246555685    0.6571856725754341     25    
55244.04727554059    12.135798376559471    0.6515561710256993     25    
55244.54727554059    12.112450953801178    0.6328703204153623     25    
55245.04727554059    12.077568325256134    0.623295011245032      25    
55245.54727554059    12.036115759861733    0.6486138841770716     25    
55246.04727554059    11.987563081611352    0.6906233811868576     25    
55246.54727554059    11.943929987592108    0.7151517346820517     25    
55247.04727554059    11.904936293690909    0.7221281970574939     25    
55247.54727554059    11.87045680982224     0.7215558072077504     25    
55248.04727554059    11.844585855328253    0.7145141237163577     25    
55248.54727554059    11.823445891219738    0.7023125570824675     25    
55249.04727554059    11.794357201154225    0.6984603492440057     25    
55249.54727554059    11.760658055709467    0.704561898055996      25    
55250.04727554059    11.711853141878269    0.7130099173424688     25    
55250.54727554059    11.640265760756497    0.7218219407522585     25    
55251.04727554059    11.548474438804218    0.7302489169235136     25    
55251.54727554059    11.430105796030858    0.7301155385115938     25    
55252.04727554059    11.283534889226786    0.7270561813805302     25    
55252.54727554059    11.11652512335728     0.7003636880609626     25    
55253.04727554059    10.9317998257719      0.6105938982039217     25    
55253.54727554059    10.729775776638315    0.4662836195580834     25    
55254.04727554059    10.51933268466821     0.36550114791263055    25    
55254.54727554059    10.298658605436808    0.35929014598621584    25    
55255.04727554059    10.072713608239354    0.37477657730934055    25    
55255.54727554059    9.844984688261006     0.3654653322287981     25    
55256.04727554059    9.614220477558463     0.3552408350139888     25    
55256.54727554059    9.382676410914865     0.34972538511218776    25    
55257.04727554059    9.149837122151197     0.3492984586075014     25    
55257.54727554059    8.91713592667649      0.35135988808319185    25    
55258.04727554059    8.68511566477171      0.35653626575735287    25    
55258.54727554059    8.45398464064977      0.36265553393895295    25    
55259.04727554059    8.225738971586626     0.36170787854471304    25    
55259.54727554059    7.999681205070183     0.35326421437236727    25    
55260.04727554059    7.778173476478856     0.34250110592038613    25    
55260.54727554059    7.562037133247522     0.3311101400179224     25    
55261.04727554059    7.351532786723121     0.3189580642514643     25    
55261.54727554059    7.149418515301607     0.31038847488756494    25    
55262.04727554059    6.955111137915957     0.30567996558635124    25    
55262.54727554059    6.769994104922596     0.3025420786728222     25    
55263.04727554059    6.595231072290588     0.3003798648403144     25    
55263.54727554059    6.429978732580939     0.29906742086346216    25    
55264.04727554059    6.2735408329653115    0.2966222884973119     25    
55264.54727554059    6.1261962138273445    0.2930254794790127     25    
55265.04727554059    5.986906284680268     0.28953915876297015    25    
55265.54727554059    5.855390770759053     0.2865298972708901     25    
55266.04727554059    5.731484607816343     0.28403106060812955    25    
55266.54727554059    5.614130042061386     0.2829375332318578     25    
55267.04727554059    5.503648469856303     0.2832401698990937     25    
55267.54727554059    5.399021411966216     0.2843347433086532     25    
55268.04727554059    5.300005359601542     0.28343335990369145    25    
55268.54727554059    5.206399171714263     0.28485802775441044    25    
55269.04727554059    5.1171627658534815    0.29888256984442135    25    
55269.54727554059    5.0326182725022575    0.32491880659457056    25    
55270.04727554059    4.95172817741353      0.34574301229927173    25    
55270.54727554059    4.87428620313161      0.35117026621637915    25    
55271.04727554059    4.800054022220755     0.35403104600258367    25    
55271.54727554059    4.728010452403724     0.3681471519326178     25    