#Date  :
#Flux  :
#Fluxerr  :
#ZP  :
#end  :
@INSTRUMENT  PS
@BAND  PS_i
@MAGSYS  AB
54975.0462  0.0  0.9532876190181965  25.0
54980.032544999995  0.0  0.9532876190181965  25.0
54985.01888999999  0.0  0.9532876190181965  25.0
54990.00523499999  0.0  0.9532876190181965  25.0
54994.99157999999  0.0  0.9532876190181965  25.0
54999.977924999985  0.0  0.9532876190181965  25.0
55004.96426999998  0.0  0.9532876190181965  25.0
55009.95061499998  0.0  0.9532876190181965  25.0
55014.93695999998  0.0  0.9532876190181965  25.0
55019.923304999975  0.0  0.9532876190181965  25.0
55024.90964999997  0.0  0.9532876190181965  25.0
55029.89599499997  0.0  0.9532876190181965  25.0
55034.88233999997  0.0  0.9532876190181965  25.0
55039.868684999965  0.0  0.9532876190181965  25.0
55044.85502999996  0.0  0.9532876190181965  25.0
55049.84137499996  0.0  0.9532876190181965  25.0
55054.82771999996  0.0  0.9532876190181965  25.0
55059.814064999955  0.0  0.9532876190181965  25.0
55064.80040999995  0.0  0.9532876190181965  25.0
55069.78675499995  0.0  0.9532876190181965  25.0
55074.77309999995  0.0  0.9532876190181965  25.0
55079.759444999945  0.0  0.9532876190181965  25.0
55084.74578999994  0.0  0.9532876190181965  25.0
55089.73213499994  0.0  0.9532876190181965  25.0
55094.71847999994  0.0  0.9532876190181965  25.0
55099.704824999935  0.0  0.9532876190181965  25.0
55104.69116999993  0.0  0.9532876190181965  25.0
55109.67751499993  0.0  0.9532876190181965  25.0
55114.66385999993  0.0  0.9532876190181965  25.0
55119.650204999925  0.0  0.9532876190181965  25.0
55124.63654999992  0.0  0.9532876190181965  25.0
55129.62289499992  0.0  0.9532876190181965  25.0
55134.60923999992  0.0  0.9532876190181965  25.0
55139.595584999915  0.0  0.9532876190181965  25.0
55144.58192999991  0.0  0.9532876190181965  25.0
55149.56827499991  0.0  0.9532876190181965  25.0
55154.55461999991  0.0  0.9532876190181965  25.0
55159.540964999906  0.0  0.9532876190181965  25.0
55164.5273099999  0.0  0.9532876190181965  25.0
55169.5136549999  0.0  0.9532876190181965  25.0
55174.4999999999  0.0  0.9532876190181965  25.0
55179.486344999896  0.0  0.9532876190181965  25.0
55184.47268999989  0.0  0.9532876190181965  25.0
55189.45903499989  0.0  0.9532876190181965  25.0
55194.44537999989  0.0  0.9532876190181965  25.0
55199.431724999886  0.0  0.9532876190181965  25.0
55204.41806999988  0.0  0.9532876190181965  25.0
55209.40441499988  0.0  0.9532876190181965  25.0
55214.39075999988  0.0  0.9532876190181965  25.0
55219.377104999876  0.0  0.9532876190181965  25.0
55224.36344999987  0.0  0.9532876190181965  25.0
55229.34979499987  0.0  0.9532876190181965  25.0
55234.33613999987  0.0  0.9532876190181965  25.0
55239.322484999866  0.0  0.9532876190181965  25.0
55244.30882999986  0.0  0.9532876190181965  25.0
55249.29517499986  0.0  0.9532876190181965  25.0
55254.28151999986  0.0  0.9532876190181965  25.0
55259.267864999856  0.0  0.9532876190181965  25.0
55264.25420999985  0.0  0.9532876190181965  25.0
55269.24055499985  0.0  0.9532876190181965  25.0
55274.22689999985  0.0  0.9532876190181965  25.0
55279.213244999846  0.0  0.9532876190181965  25.0
55284.199589999844  0.0  0.9532876190181965  25.0
55289.18593499984  0.0  0.9532876190181965  25.0
55294.17227999984  0.0  0.9532876190181965  25.0
55299.158624999836  0.0  0.9532876190181965  25.0
55304.144969999834  0.0  0.9532876190181965  25.0
55309.13131499983  0.0  0.9532876190181965  25.0
55314.11765999983  0.0  0.9532876190181965  25.0
55319.10400499983  0.0  0.9532876190181965  25.0
55324.090349999824  0.0  0.9532876190181965  25.0
55329.07669499982  0.0  0.9532876190181965  25.0
55334.06303999982  0.0  0.9532876190181965  25.0
55339.04938499982  0.0  0.9532876190181965  25.0
55344.035729999814  0.0  0.9532876190181965  25.0
55349.02207499981  0.0  0.9532876190181965  25.0
55354.00841999981  0.0  0.9532876190181965  25.0
55358.99476499981  0.0  0.9532876190181965  25.0
55363.981109999804  0.0  0.9532876190181965  25.0
55368.9674549998  0.0  0.9532876190181965  25.0
55373.9537999998  0.0  0.9532876190181965  25.0
55378.9401449998  0.0  0.9532876190181965  25.0
55383.926489999794  0.0  0.9532876190181965  25.0
55388.91283499979  0.0  0.9532876190181965  25.0
55393.89917999979  0.0  0.9532876190181965  25.0
55398.88552499979  0.0  0.9532876190181965  25.0
55403.871869999784  0.0  0.9532876190181965  25.0
55408.85821499978  0.0  0.9532876190181965  25.0
55413.84455999978  0.0  0.9532876190181965  25.0
55418.83090499978  0.0  0.9532876190181965  25.0
55423.817249999775  0.0  0.9532876190181965  25.0
55428.80359499977  0.0  0.9532876190181965  25.0
55433.78993999977  0.0  0.9532876190181965  25.0
55438.77628499977  0.0  0.9532876190181965  25.0
55443.762629999765  0.0  0.9532876190181965  25.0
55448.74897499976  0.0  0.9532876190181965  25.0
55453.73531999976  0.0  0.9532876190181965  25.0
55458.72166499976  0.0  0.9532876190181965  25.0
55463.708009999755  0.0  0.9532876190181965  25.0
55468.69435499975  0.0  0.9532876190181965  25.0
55473.68069999975  0.0  0.9532876190181965  25.0
55478.66704499975  0.0  0.9532876190181965  25.0
55483.653389999745  0.0  0.9532876190181965  25.0
55488.63973499974  0.0  0.9532876190181965  25.0
55493.62607999974  0.0  0.9532876190181965  25.0
55498.61242499974  0.0  0.9532876190181965  25.0
55503.598769999735  0.0  0.9532876190181965  25.0
55508.58511499973  0.0  0.9532876190181965  25.0
55513.57145999973  0.0  0.9532876190181965  25.0
55518.55780499973  0.0  0.9532876190181965  25.0
55523.544149999725  0.0  0.9532876190181965  25.0
55528.53049499972  0.0  0.9532876190181965  25.0
55533.51683999972  0.0  0.9532876190181965  25.0
55538.50318499972  0.0  0.9532876190181965  25.0
55543.489529999715  0.0  0.9532876190181965  25.0
55548.47587499971  0.0  0.9532876190181965  25.0
55553.46221999971  0.0  0.9532876190181965  25.0
55558.44856499971  0.0  0.9532876190181965  25.0
55563.434909999705  0.0  0.9532876190181965  25.0
55568.4212549997  0.0  0.9532876190181965  25.0
55573.4075999997  0.0  0.9532876190181965  25.0
55578.3939449997  0.0  0.9532876190181965  25.0
55583.380289999695  0.0  0.9532876190181965  25.0
55588.36663499969  0.0  0.9532876190181965  25.0
55593.35297999969  0.0  0.9532876190181965  25.0
55598.33932499969  0.0  0.9532876190181965  25.0
55603.325669999685  0.0  0.9532876190181965  25.0
55608.31201499968  0.0  0.9532876190181965  25.0
55613.29835999968  0.0  0.9532876190181965  25.0
55618.28470499968  0.0  0.9532876190181965  25.0
55623.271049999676  0.0  0.9532876190181965  25.0
55628.25739499967  0.0  0.9532876190181965  25.0
55633.24373999967  0.0  0.9532876190181965  25.0
55638.23008499967  0.0  0.9532876190181965  25.0
55643.216429999666  0.0  0.9532876190181965  25.0
55648.20277499966  0.0  0.9532876190181965  25.0
55653.18911999966  0.0  0.9532876190181965  25.0
55658.17546499966  0.0  0.9532876190181965  25.0
55663.161809999656  0.0  0.9532876190181965  25.0
55668.14815499965  0.0  0.9532876190181965  25.0
55673.13449999965  0.0  0.9532876190181965  25.0
55678.12084499965  0.0  0.9532876190181965  25.0
55683.107189999646  0.0  0.9532876190181965  25.0
55688.09353499964  0.0  0.9532876190181965  25.0
55693.07987999964  0.0  0.9532876190181965  25.0
55698.06622499964  0.0  0.9532876190181965  25.0
55703.052569999636  0.0  0.9532876190181965  25.0
55708.03891499963  0.0  0.9532876190181965  25.0
55713.02525999963  0.0  0.9532876190181965  25.0
55718.01160499963  0.0  0.9532876190181965  25.0
55722.997949999626  0.0  0.9532876190181965  25.0
55727.984294999624  0.0  0.9532876190181965  25.0
55732.97063999962  0.0  0.9532876190181965  25.0
55737.95698499962  0.0  0.9532876190181965  25.0
55742.943329999616  0.0  0.9532876190181965  25.0
55747.929674999614  0.0  0.9532876190181965  25.0
55752.91601999961  0.0  0.9532876190181965  25.0
55757.90236499961  0.0  0.9532876190181965  25.0
55762.88870999961  0.0  0.9532876190181965  25.0
55767.875054999604  0.0  0.9532876190181965  25.0
55772.8613999996  0.0  0.9532876190181965  25.0
55777.8477449996  0.0  0.9532876190181965  25.0
55782.8340899996  0.0  0.9532876190181965  25.0
55787.820434999594  0.0  0.9532876190181965  25.0
55792.80677999959  0.0  0.9532876190181965  25.0
55797.79312499959  0.0  0.9532876190181965  25.0
55802.77946999959  0.0  0.9532876190181965  25.0
55807.765814999584  0.0  0.9532876190181965  25.0
55812.75215999958  0.0  0.9532876190181965  25.0
55817.73850499958  0.0  0.9532876190181965  25.0
55822.72484999958  0.0  0.9532876190181965  25.0
55827.711194999574  0.0  0.9532876190181965  25.0
55832.69753999957  0.0  0.9532876190181965  25.0
55837.68388499957  0.0  0.9532876190181965  25.0
55842.67022999957  0.0  0.9532876190181965  25.0
55847.656574999564  0.0  0.9532876190181965  25.0
55852.64291999956  0.0  0.9532876190181965  25.0
55857.62926499956  0.0  0.9532876190181965  25.0
55862.61560999956  0.0  0.9532876190181965  25.0
55867.601954999554  0.0  0.9532876190181965  25.0
55872.58829999955  0.0  0.9532876190181965  25.0
55877.57464499955  0.0  0.9532876190181965  25.0
55882.56098999955  0.0  0.9532876190181965  25.0
55887.547334999545  0.0  0.9532876190181965  25.0
55892.53367999954  0.0  0.9532876190181965  25.0
55897.52002499954  0.0  0.9532876190181965  25.0
55902.50636999954  0.0  0.9532876190181965  25.0
55907.492714999535  0.0  0.9532876190181965  25.0
55912.47905999953  0.0  0.9532876190181965  25.0
55917.46540499953  0.0  0.9532876190181965  25.0
55922.45174999953  0.0  0.9532876190181965  25.0
55927.438094999525  0.0  0.9532876190181965  25.0
55932.42443999952  0.0  0.9532876190181965  25.0
55937.41078499952  0.0  0.9532876190181965  25.0
55942.39712999952  0.0  0.9532876190181965  25.0
55947.383474999515  0.0  0.9532876190181965  25.0
55952.36981999951  0.0  0.9532876190181965  25.0
55957.35616499951  0.0  0.9532876190181965  25.0
55962.34250999951  0.0  0.9532876190181965  25.0
55967.328854999505  0.0  0.9532876190181965  25.0
55972.3151999995  0.0  0.9532876190181965  25.0
55977.3015449995  0.0  0.9532876190181965  25.0
55982.2878899995  0.0  0.9532876190181965  25.0
55987.274234999495  0.0  0.9532876190181965  25.0
55992.26057999949  0.0  0.9532876190181965  25.0
55997.24692499949  0.0  0.9532876190181965  25.0
56002.23326999949  0.0  0.9532876190181965  25.0
56007.219614999485  0.0  0.9532876190181965  25.0
56012.20595999948  0.0  0.9532876190181965  25.0
56017.19230499948  0.0  0.9532876190181965  25.0
56022.17864999948  0.0  0.9532876190181965  25.0
56027.164994999475  0.0  0.9532876190181965  25.0
56032.15133999947  0.0  0.9532876190181965  25.0
56037.13768499947  0.0  0.9532876190181965  25.0
56042.12402999947  0.0  0.9532876190181965  25.0
56047.110374999465  0.0  0.9532876190181965  25.0
56052.09671999946  0.0  0.9532876190181965  25.0
56057.08306499946  0.0  0.9532876190181965  25.0
56062.06940999946  0.0  0.9532876190181965  25.0
56067.055754999456  0.0  0.9532876190181965  25.0
56072.04209999945  0.0  0.9532876190181965  25.0
56077.02844499945  0.0  0.9532876190181965  25.0
56082.01478999945  0.0  0.9532876190181965  25.0
56087.001134999446  0.0  0.9532876190181965  25.0
56091.98747999944  0.0  0.9532876190181965  25.0
56096.97382499944  0.0  0.9532876190181965  25.0
56101.96016999944  0.0  0.9532876190181965  25.0
56106.946514999436  0.0  0.9532876190181965  25.0
56111.93285999943  0.0  0.9532876190181965  25.0
56116.91920499943  0.0  0.9532876190181965  25.0
56121.90554999943  0.0  0.9532876190181965  25.0
56126.891894999426  0.0  0.9532876190181965  25.0
56131.87823999942  0.0  0.9532876190181965  25.0
56136.86458499942  0.0  0.9532876190181965  25.0
56141.85092999942  0.0  0.9532876190181965  25.0
56146.837274999416  0.0  0.9532876190181965  25.0
56151.82361999941  0.0  0.9532876190181965  25.0
56156.80996499941  0.0  0.9532876190181965  25.0
56161.79630999941  0.0  0.9532876190181965  25.0
56166.782654999406  0.0  0.9532876190181965  25.0
56171.7689999994  0.0  0.9532876190181965  25.0
56176.7553449994  0.0  0.9532876190181965  25.0
56181.7416899994  0.0  0.9532876190181965  25.0
56186.728034999396  0.0  0.9532876190181965  25.0
56191.714379999394  0.0  0.9532876190181965  25.0
56196.70072499939  0.0  0.9532876190181965  25.0
56201.68706999939  0.0  0.9532876190181965  25.0
56206.673414999386  0.0  0.9532876190181965  25.0
56211.659759999384  0.0  0.9532876190181965  25.0
56216.64610499938  0.0  0.9532876190181965  25.0
56221.63244999938  0.0  0.9532876190181965  25.0
56226.61879499938  0.0  0.9532876190181965  25.0
56231.605139999374  0.0  0.9532876190181965  25.0
56236.59148499937  0.0  0.9532876190181965  25.0
56241.57782999937  0.0  0.9532876190181965  25.0
56246.56417499937  0.0  0.9532876190181965  25.0
56251.550519999364  0.0  0.9532876190181965  25.0
56256.53686499936  0.0  0.9532876190181965  25.0
56261.52320999936  0.0  0.9532876190181965  25.0
56266.50955499936  0.0  0.9532876190181965  25.0
56271.495899999354  0.0  0.9532876190181965  25.0
56276.48224499935  0.0  0.9532876190181965  25.0
56281.46858999935  0.0  0.9532876190181965  25.0
56286.45493499935  0.0  0.9532876190181965  25.0
56291.441279999344  0.0  0.9532876190181965  25.0
56296.42762499934  0.0  0.9532876190181965  25.0
56301.41396999934  0.0  0.9532876190181965  25.0
56306.40031499934  0.0  0.9532876190181965  25.0
56311.386659999334  0.0  0.9532876190181965  25.0
56316.37300499933  0.0  0.9532876190181965  25.0
56321.35934999933  0.0  0.9532876190181965  25.0
56326.34569499933  0.0  0.9532876190181965  25.0
56331.332039999324  0.0  0.9532876190181965  25.0
56336.31838499932  0.0  0.9532876190181965  25.0
56341.30472999932  0.0  0.9532876190181965  25.0
56346.29107499932  0.0  0.9532876190181965  25.0
56351.277419999315  0.0  0.9532876190181965  25.0
56356.26376499931  0.0  0.9532876190181965  25.0
56361.25010999931  0.0  0.9532876190181965  25.0
56366.23645499931  0.0  0.9532876190181965  25.0
56371.222799999305  0.0  0.9532876190181965  25.0
56376.2091449993  0.0  0.9532876190181965  25.0
56381.1954899993  0.0  0.9532876190181965  25.0
56386.1818349993  0.0  0.9532876190181965  25.0
56391.168179999295  0.0  0.9532876190181965  25.0
56396.15452499929  0.0  0.9532876190181965  25.0
56401.14086999929  0.0  0.9532876190181965  25.0
56406.12721499929  0.0  0.9532876190181965  25.0
56411.113559999285  0.0  0.9532876190181965  25.0
56416.09990499928  0.0  0.9532876190181965  25.0
56421.08624999928  0.0  0.9532876190181965  25.0
56426.07259499928  0.0  0.9532876190181965  25.0
56431.058939999275  0.0  0.9532876190181965  25.0
56436.04528499927  0.0  0.9532876190181965  25.0
56441.03162999927  0.0  0.9532876190181965  25.0
56446.01797499927  0.0  0.9532876190181965  25.0
56451.004319999265  0.0  0.9532876190181965  25.0
56455.99066499926  0.0  0.9532876190181965  25.0
56460.97700999926  0.0  0.9532876190181965  25.0
56465.96335499926  0.0  0.9532876190181965  25.0
56470.949699999255  0.0  0.9532876190181965  25.0
56475.93604499925  0.0  0.9532876190181965  25.0
56480.92238999925  0.0  0.9532876190181965  25.0
56485.90873499925  0.0  0.9532876190181965  25.0
56490.895079999245  0.0  0.9532876190181965  25.0
56495.88142499924  0.0  0.9532876190181965  25.0
56500.86776999924  0.0  0.9532876190181965  25.0
56505.85411499924  0.0  0.9532876190181965  25.0
56510.840459999235  0.0  0.9532876190181965  25.0
56515.82680499923  0.0  0.9532876190181965  25.0
56520.81314999923  0.0  0.9532876190181965  25.0
56525.79949499923  0.0  0.9532876190181965  25.0
56530.785839999226  0.0  0.9532876190181965  25.0
56535.77218499922  0.0  0.9532876190181965  25.0
56540.75852999922  0.0  0.9532876190181965  25.0
56545.74487499922  0.0  0.9532876190181965  25.0
56550.731219999216  0.0  0.9532876190181965  25.0
56555.71756499921  0.0  0.9532876190181965  25.0
56560.70390999921  0.0  0.9532876190181965  25.0
56565.69025499921  0.0  0.9532876190181965  25.0
56570.676599999206  0.0  0.9532876190181965  25.0
56575.6629449992  0.0  0.9532876190181965  25.0
56580.6492899992  0.0  0.9532876190181965  25.0
56585.6356349992  0.0  0.9532876190181965  25.0
56590.621979999196  0.0  0.9532876190181965  25.0
56595.60832499919  0.0  0.9532876190181965  25.0
56600.59466999919  0.0  0.9532876190181965  25.0
56605.58101499919  0.0  0.9532876190181965  25.0
56610.567359999186  0.0  0.9532876190181965  25.0
56615.55370499918  0.0  0.9532876190181965  25.0
56620.54004999918  0.0  0.9532876190181965  25.0
55174.5  0.20752240880589154  0.8103582980034771  25.0
55180.5  0.3002890383515893  0.5438382650259476  25.0
55183.5  0.7556799581411023  0.6991365105479612  25.0
55189.5  0.23648128987408082  0.5090875796586734  25.0
55192.3984375  0.2826191963508957  0.8269482779689112  25.0
55204.5  -0.31285425672935596  0.583595415378643  25.0
55204.5  0.056347142020399164  0.6560417324746779  25.0
55207.5  -0.794553587138089  0.5277390782480422  25.0
55210.3984375  -1.7192749830426586  5.373789679491  25.0
55213.3984375  0.21910597059498296  0.6426911747832476  25.0
55219.5  -1.6921813267279315  0.9051863759594919  25.0
55222.3984375  0.2192041292324887  1.009242114786303  25.0
55231.3984375  1.2458215632978895  1.0817866373289222  25.0
55234.3984375  -2.6456652162120613  1.2028249906711903  25.0
55237.5  1.0872838955018722  0.6577105229304326  25.0
55240.3984375  0.2902761317852861  0.6556490511155764  25.0
55243.30078125  0.046923228237074184  1.2264829542459805  25.0
55246.30078125  -2.6528313116498445  1.5924448488058445  25.0
55249.5  -0.866607269684101  0.7938664298664703  25.0
55258.3984375  0.6957988360182948  1.2263847487993962  25.0
55264.3984375  -1.6716645331714828  1.8158700100919338  25.0
55267.30078125  -2.085531493942275  1.0548892046710499  25.0
55477.6015625  0.2658328523013716  1.3005980149886918  25.0
55480.6015625  1.2974567513521937  1.3142430485926393  25.0
55483.6015625  -1.0197457911355958  0.9502445140192042  25.0
55501.6015625  0.2904724724648369  0.8891853478190923  25.0
55507.6015625  0.3696922270440927  0.6011670753372916  25.0
55510.6015625  0.9580977667286061  0.610983641224044  25.0
55516.6015625  -0.668312451535388  0.6673307715421736  25.0
55534.6015625  -1.0623497292122719  1.4765111190865032  25.0
55546.5  -0.4568633929702563  0.8525696015301303  25.0
55561.5  0.12378701753555212  0.4956388633297372  25.0
55567.6015625  0.36017013706985757  0.7300586813889618  25.0
55570.5  0.8216473370709728  1.2843025577448532  25.0
55573.3984375  -19.212608749015057  19.02962794216236  25.0
55576.5  -2.3034593970554145  1.4381282364679668  25.0
55585.30078125  0.7821847094398732  1.2844988750198647  25.0
55588.5  -0.2815393811247147  0.7228925859511787  25.0
55594.3984375  0.31560288581583096  0.5978294476167036  25.0
55597.30078125  -0.9504408312942157  1.1940881697970014  25.0
55615.5  0.5776072704000073  1.3721608575380964  25.0
55633.30078125  0.27672925681884425  0.8476612951822148  25.0
55648.30078125  3.0356777088967384  1.7883837192271839  25.0
55651.30078125  0.4399788902832264  0.5959642930768588  25.0
55666.30078125  -1.5013469863113622  1.1996836334165355  25.0
55672.30078125  -0.3860859131390546  0.7476303881566889  25.0
55879.6015625  -1.2907814959110178  0.8361758452215508  25.0
55885.6015625  -0.2660291929809223  0.8813320951096903  25.0
55888.5  -0.3350397237188635  0.8425566715592878  25.0
55890.6015625  0.3579123245754506  0.4674653215752117  25.0
55893.6015625  -0.5767237958533771  0.5810431035671795  25.0
55900.6015625  -1.4682651382089213  0.8639567524260532  25.0
55915.3984375  0.7611772631231307  5.8890617682123985  25.0
55939.5  -0.4026759399135672  1.5852787533680612  25.0
55942.3984375  3.3532439781035372  1.5956842242707698  25.0
55945.6015625  -1.0121870611477894  1.0086530693431115  25.0
55948.3984375  -0.42888616849074224  1.0897380018667513  25.0
55950.6015625  -0.8585576996996874  0.6226653616506411  25.0
55953.5  -1.0240651456584766  1.6754931413159133  25.0
55956.30078125  0.30392116538923375  1.9277790952463036  25.0
55960.5  0.5931174585437997  0.9815593194102278  25.0
55968.30078125  -0.45921938750670827  0.9086221623175856  25.0
55979.30078125  0.38196294610480286  1.7173116230562295  25.0
55998.19921875  -2.16180613832827  2.796840377677127  25.0
56015.30078125  -0.32414331920139083  0.5811412622046852  25.0
56233.6015625  0.2640658798035718  0.8255739634256738  25.0
56239.6015625  -1.2513188214708395  1.3093348358628807  25.0
56242.6015625  1.6874693376550276  1.1880019597990168  25.0
56250.6015625  0.16344597414393292  1.462277040039364  25.0
56274.5  -1.7937828655717065  2.7039756597075413  25.0
56284.5  -0.14410732998521494  0.8207638625243425  25.0
56293.3984375  13.082255168745538  15.610710826996076  25.0
56302.3984375  0.3799014508854074  0.8252794407040781  25.0
56310.30078125  1.3792288411474523  1.3477176248632603  25.0
56314.5  2.335166930614618  1.33544690580255  25.0
56323.5  2.3747277168832235  0.8651347496942792  25.0
56326.3984375  -0.1891654095335792  0.790234326233365  25.0
56329.3984375  0.20369394108869635  0.9563307240171888  25.0
56332.30078125  0.07794361037579374  0.7286843668457244  25.0
56337.3984375  -0.3344507250847505  1.0045301257133992  25.0
56340.3984375  2.3460633351320905  2.6974967215413765  25.0
56352.3984375  1.010420112054529  2.251038846282907  25.0
56355.3984375  0.6544710538473504  0.7746259326429884  25.0
56358.5  0.3282662862356426  0.7465505495259687  25.0
56369.30078125  0.09796942350840007  2.0959369648449835  25.0
56388.30078125  0.9526986203840835  0.7512624917897941  25.0
56391.30078125  0.5066334264847157  0.7541093263228533  25.0
56393.30078125  -0.8782889433016197  0.792197592601637  25.0
56396.30078125  -4.070639165454531  2.306011615248721  25.0
56403.30078125  0.21360868901749375  1.155410951693183  25.0
56411.30078125  -14.059887861801066  5.926561082666148  25.0
56420.30078125  -0.22303259694968391  0.48484066425884875  25.0
56623.6015625  -0.527248238251435  0.7926884325982443  25.0
56626.6015625  5.343260049581865  4.012525132852219  25.0
56631.5  0.5506117259137078  0.8840807241961653  25.0
56638.6015625  8.070500757459703  0.7517533317864014  25.0
56650.6015625  29.196261700887586  1.6138450232907668  25.0
56656.6015625  33.7023657231452  0.8995909123399577  25.0
56658.5  33.19592594581802  1.0008980220802939  25.0
56661.5  29.966372148968997  1.0697122355432236  25.0
56668.3984375  19.631973155195112  1.2143103470136976  25.0
56677.5  14.47876095989373  0.9699757576211364  25.0
56680.5  15.50645914536688  1.2646694259713485  25.0
56683.5  13.444191950649648  0.8193895479811051  25.0
