#Date  :
#Flux  :
#Fluxerr  :
#ZP  :
#end  :
@INSTRUMENT  SDSS
@BAND  SDSS_r
@MAGSYS  AB
53789.908153  0.0  6.08119770081367  25.0
53794.894497999994  0.0  6.08119770081367  25.0
53799.88084299999  0.0  6.08119770081367  25.0
53804.86718799999  0.0  6.08119770081367  25.0
53809.85353299999  0.0  6.08119770081367  25.0
53814.839877999984  0.0  6.08119770081367  25.0
53819.82622299998  0.0  6.08119770081367  25.0
53824.81256799998  0.0  6.08119770081367  25.0
53829.79891299998  0.0  6.08119770081367  25.0
53834.785257999974  0.0  6.08119770081367  25.0
53839.77160299997  0.0  6.08119770081367  25.0
53844.75794799997  0.0  6.08119770081367  25.0
53849.74429299997  0.0  6.08119770081367  25.0
53854.730637999965  0.0  6.08119770081367  25.0
53859.71698299996  0.0  6.08119770081367  25.0
53864.70332799996  0.0  6.08119770081367  25.0
53869.68967299996  0.0  6.08119770081367  25.0
53874.676017999955  0.0  6.08119770081367  25.0
53879.66236299995  0.0  6.08119770081367  25.0
53884.64870799995  0.0  6.08119770081367  25.0
53889.63505299995  0.0  6.08119770081367  25.0
53894.621397999945  0.0  6.08119770081367  25.0
53899.60774299994  0.0  6.08119770081367  25.0
53904.59408799994  0.0  6.08119770081367  25.0
53909.58043299994  0.0  6.08119770081367  25.0
53914.566777999935  0.0  6.08119770081367  25.0
53919.55312299993  0.0  6.08119770081367  25.0
53924.53946799993  0.0  6.08119770081367  25.0
53929.52581299993  0.0  6.08119770081367  25.0
53934.512157999925  0.0  6.08119770081367  25.0
53939.49850299992  0.0  6.08119770081367  25.0
53944.48484799992  0.0  6.08119770081367  25.0
53949.47119299992  0.0  6.08119770081367  25.0
53954.457537999915  0.0  6.08119770081367  25.0
53959.44388299991  0.0  6.08119770081367  25.0
53964.43022799991  0.0  6.08119770081367  25.0
53969.41657299991  0.0  6.08119770081367  25.0
53974.402917999905  0.0  6.08119770081367  25.0
53979.3892629999  0.0  6.08119770081367  25.0
53984.3756079999  0.0  6.08119770081367  25.0
53989.3619529999  0.0  6.08119770081367  25.0
53994.348297999895  0.0  6.08119770081367  25.0
53989.361953  5.3664095442985005  4.283230568656283  25.0
53995.376646  1.860923473635069  2.629320741888876  25.0
54000.337745  16.03049900246135  4.211751753004766  25.0
54007.388228  102.07724712080089  4.888051316476811  25.0
54009.311864  236.2374857282634  4.558149090392886  25.0
54011.37643  459.1139313001279  8.95134706774381  25.0
54025.375415  1038.9170936426246  14.364492760737532  25.0
54029.305825  887.4369881657561  26.09251689802104  25.0
54031.292429  819.8070318185516  9.877822485996164  25.0
54036.297074  639.1855630376032  10.070265451211787  25.0
54039.295303  558.909354690515  10.85928160859584  25.0
54041.265948  539.6650581689528  10.001535820777635  25.0
54048.289479  431.34716060473096  8.822135362527607  25.0
54052.293533  389.009708257294  6.570552669504824  25.0
54055.289356  294.98757382337556  5.591842732122515  25.0
54058.287521  257.35122819763455  4.926539909519935  25.0
54060.30948  222.106673711002  4.118279455614321  25.0
54063.277864  210.7250469111066  5.217953542560735  25.0
