54006.27818404443    33.762474047187794    14.74337625726593     25    
54006.77818404443    42.01981386456811     14.218388963460422    25    
54007.27818404443    51.41435579215459     15.099034023212026    25    
54007.77818404443    62.02738967096892     20.365182072061657    25    
54008.27818404443    73.8949343419365      25.244955689496273    25    
54008.77818404443    87.11815535768112     26.440770984401254    25    
54009.27818404443    101.71540367828297    26.15817477768507     25    
54009.77818404443    117.80330490645414    26.308446863230817    25    
54010.27818404443    135.38695778294306    26.512715652436498    25    
54010.77818404443    154.5940322990371     26.70836309116853     25    
54011.27818404443    175.42079063766624    26.904505080431587    25    
54011.77818404443    198.0015315171792     27.111386347551388    25    
54012.27818404443    222.3280962242016     27.33717509244232     25    
54012.77818404443    248.56072255940262    27.661265065675497    25    
54013.27818404443    276.71450477226415    28.12517147169045     25    
54013.77818404443    306.70573036729814    28.176215939348186    25    
54014.27818404443    338.85696623573904    27.615301424732625    25    
54014.77818404443    370.85512997231314    27.627226319247708    25    
54015.27818404443    402.80105339386444    28.598133013645537    25    
54015.77818404443    431.93867354030067    29.61003634340415     25    
54016.27818404443    457.7494779187252     30.421933520825945    25    
54016.77818404443    478.36577534945525    31.056426406398234    25    
54017.27818404443    492.1895749376051     31.390479370091285    25    
54017.77818404443    500.46585230589386    31.61497249975008     25    
54018.27818404443    503.1192697333165     31.87174960032261     25    
54018.77818404443    501.57462455556146    32.09138579547179     25    
54019.27818404443    497.29899282462173    32.312998542495       25    
54019.77818404443    490.81161507017737    32.4185600852779      25    
54020.27818404443    484.11658704290596    32.317146477843245    25    
54020.77818404443    476.7439102782507     31.804105531689597    25    
54021.27818404443    469.0184387038465     29.742182597117782    25    
54021.77818404443    460.68383241452955    26.58115944361809     25    
54022.27818404443    450.9088870628635     25.265954665679246    25    
54022.77818404443    439.73143088378094    25.477289926749393    25    
54023.27818404443    426.3070729677794     25.245371903869145    25    
54023.77818404443    410.70298325435743    24.69504163465473     25    
54024.27818404443    393.56085075873784    24.03473913997727     25    
54024.77818404443    374.7837959265836     23.24059859745015     25    
54025.27818404443    355.8263277759599     22.65048558198869     25    
54025.77818404443    336.6630383431152     22.36744198483268     25    
54026.27818404443    318.5395769672698     22.04571313565893     25    
54026.77818404443    301.75022332186177    21.723010050574025    25    
54027.27818404443    286.2508006695369     20.80656694408532     25    
54027.77818404443    272.25677033275423    18.50059090821234     25    
54028.27818404443    259.1654133547409     16.35483685961825     25    
54028.77818404443    246.81166325949343    15.938211616453053    25    
54029.27818404443    234.85095023497436    15.964375535531131    25    
54029.77818404443    222.90611567320525    15.59592023353519     25    
54030.27818404443    211.06976626155594    15.169292726323748    25    
54030.77818404443    199.20579629506753    14.654964998292597    25    
54031.27818404443    187.49299282980527    14.197234424018589    25    
54031.77818404443    176.15194061873615    14.189732222773326    25    
54032.27818404443    165.22020546527202    14.395700027183219    25    
54032.77818404443    154.9875291443679     14.460342052618085    25    
54033.27818404443    145.40007836272952    14.346504394803077    25    
54033.77818404443    136.5106239940522     13.302067621977443    25    
54034.27818404443    128.2903683368905     11.36774951524776     25    
54034.77818404443    120.54842921278339    10.349269065531281    25    
54035.27818404443    113.29569682003024    10.365309604826768    25    
54035.77818404443    106.33847571558205    10.267129280675238    25    
54036.27818404443    99.67617304879757     10.040666979711869    25    
54036.77818404443    93.28463064958889     9.643895591804256     25    
54037.27818404443    87.14287320941342     8.974536281918013     25    
54037.77818404443    81.37078027155398     8.492655733012723     25    
54038.27818404443    75.9722102220186      8.392513566303743     25    
54038.77818404443    71.04139990719541     8.379226204456407     25    
54039.27818404443    66.62550194745958     8.398365318790848     25    
54039.77818404443    62.68317339954998     8.364808571444243     25    
54040.27818404443    59.24532117846929     8.243094188898624     25    
54040.77818404443    56.18590696878883     7.934121546886167     25    
54041.27818404443    53.43864055447897     7.119844354085132     25    
54041.77818404443    50.93286691336028     6.222067069907972     25    
54042.27818404443    48.554466525824004    6.114987041629032     25    
54042.77818404443    46.3003657309954      6.273314561605265     25    
54043.27818404443    44.088171397295625    5.94637627340103      25    
54043.77818404443    41.94075258731545     5.422413532750695     25    
54044.27818404443    39.859990335529325    5.157870398524185     25    
54044.77818404443    37.847405202715024    5.061328283324086     25    
54045.27818404443    35.90715690582476     4.987596525375979     25    
54045.77818404443    34.04191363585703     4.946890170270773     25    
54046.27818404443    32.2788653968677      4.803235818641577     25    
54046.77818404443    30.616795366805757    4.560613965933984     25    
54047.27818404443    29.11708988161934     4.569418125189468     25    
54047.77818404443    27.77616694737752     4.8500954707452015    25    
54048.27818404443    26.657155369313628    5.0949392963090805    25    
54048.77818404443    25.771117310282268    5.307201127847454     25    
54049.27818404443    25.089955277733043    5.33123452451305      25    
54049.77818404443    24.6390580490366      5.048098109843951     25    
54050.27818404443    24.274758223463692    4.852168730300936     25    
54050.77818404443    23.98000747250914     4.943711642422868     25    
54051.27818404443    23.63936138881222     5.096914021040098     25    
54051.77818404443    23.185449797612417    5.286233276938661     25    
54052.27818404443    22.611519341635       5.367784089616765     25    
54052.77818404443    21.85240741323864     5.170266293630997     25    
54053.27818404443    21.003470535325526    4.8092297243452515    25    
54053.77818404443    20.1329252987129      4.273168124221508     25    
54054.27818404443    19.28115351125992     3.6850142218179816    25    
54054.77818404443    18.564626573486297    3.5642379562406648    25    
54055.27818404443    17.971849478268837    3.713468340024572     25    
54055.77818404443    17.576943608214616    3.7364234035062274    25    
54056.27818404443    17.345238508242318    3.7515715136937144    25    
54056.77818404443    17.19384727323363     3.9716744285164545    25    
54057.27818404443    17.123027950749023    4.320578066793822     25    
54057.77818404443    17.026792835162457    4.588154256145017     25    
54058.27818404443    16.91207531795271     4.797847648065014     25    
54058.77818404443    16.71769492602485     4.772733572895331     25    
54059.27818404443    16.439759710451174    4.48242756957723      25    
54059.77818404443    16.125401146587144    4.282118402544208     25    
54060.27818404443    15.77166655042859     4.217690109907567     25    
54060.77818404443    15.427837969935675    4.3239198012659745    25    
54061.27818404443    15.099360529379748    4.65616641921467      25    
54061.77818404443    14.812626056771514    4.9226144968362       25    
54062.27818404443    14.582299613012328    5.060612521091827     25    
54062.77818404443    14.39518219354762     5.071763480835042     25    
54063.27818404443    14.25103427198483     4.900318826951505     25    
54063.77818404443    14.140786033033617    4.625407104933134     25    
54064.27818404443    14.058969577689716    4.274710789637024     25    
54064.77818404443    14.000062579673811    3.876482249360154     25    
54065.27818404443    13.956401725855677    3.509621571910811     25    
54065.77818404443    13.924558175343781    3.1776607863334134    25    
54066.27818404443    13.894983908618835    2.9419317317863913    25    
54066.77818404443    13.865925997506418    2.83012363249401      25    
54067.27818404443    13.826369318115347    2.8627771994624895    25    
54067.77818404443    13.775819238297865    3.089479340598723     25    
54068.27818404443    13.70221114648128     3.6104148388355193    25    
54068.77818404443    13.605891089854184    4.370850629499226     25    
54069.27818404443    13.474162585852772    5.687676431261514     25    