56372.285905263045    1.4499765580292823    0.4622741816849587     25    
56372.785905263045    1.7034040761389704    0.4499376670733839     25    
56373.285905263045    1.9790268563968674    0.44532063441950626    25    
56373.785905263045    2.278005553930428     0.5078333213558256     25    
56374.285905263045    2.599962420891963     0.6357680538398319     25    
56374.785905263045    2.945772601822202     0.7370448670351212     25    
56375.285905263045    3.3161032093493374    0.7684492898419729     25    
56375.785905263045    3.7106903631803583    0.7628767720438279     25    
56376.285905263045    4.1307691796037505    0.7567717622226977     25    
56376.785905263045    4.576243310006092     0.7582684092655563     25    
56377.285905263045    5.047561688724252     0.7593356325054947     25    
56377.785905263045    5.545751400134162     0.759801583876021      25    
56378.285905263045    6.0703996416207895    0.7597054361779424     25    
56378.785905263045    6.622550183243717     0.7590823333065836     25    
56379.285905263045    7.2026226993249605    0.7578485885041291     25    
56379.785905263045    7.810545989913517     0.7561091129979635     25    
56380.285905263045    8.447658770063391     0.754174945311021      25    
56380.785905263045    9.114811828244752     0.7509663107187251     25    
56381.285905263045    9.809900563786885     0.7491778836581571     25    
56381.785905263045    10.53486956274654     0.7526472131330767     25    
56382.285905263045    11.291484381339892    0.7605561172149736     25    
56382.785905263045    12.051731421030063    0.7677459849634259     25    
56383.285905263045    12.815721922439861    0.7719840063887277     25    
56383.785905263045    13.574172990520045    0.7751530625386728     25    
56384.285905263045    14.290788039452051    0.7783580004095019     25    
56384.785905263045    14.976394182883741    0.7817960987126106     25    
56385.285905263045    15.607352447634366    0.7843212414714348     25    
56385.785905263045    16.158272479229552    0.7845757094269389     25    
56386.285905263045    16.640282840213246    0.7831911796756088     25    
56386.785905263045    17.061293294431977    0.7829256675537928     25    
56387.285905263045    17.414509879662237    0.7844271620319386     25    
56387.785905263045    17.714519741290594    0.7869240278011271     25    
56388.285905263045    17.983058253860968    0.7905587941939284     25    
56388.785905263045    18.211735234895055    0.7958832539600297     25    
56389.285905263045    18.420753104667842    0.7995442501614927     25    
56389.785905263045    18.623443129117526    0.8082254965307216     25    
56390.285905263045    18.812397774976002    0.8132970476185039     25    
56390.785905263045    18.988316452593995    0.7762424594420966     25    
56391.285905263045    19.154777001269068    0.6609247622053614     25    
56391.785905263045    19.302616820962424    0.5172954259202626     25    
56392.285905263045    19.42359122234153     0.4539041392822722     25    
56392.785905263045    19.521159815175206    0.46999487082788716    25    
56393.285905263045    19.584952638028906    0.49063921514024306    25    
56393.785905263045    19.610210598243864    0.4902440007414257     25    
56394.285905263045    19.600889137889002    0.48820287958043584    25    
56394.785905263045    19.558311263935686    0.485457506169165      25    
56395.285905263045    19.48004725336884     0.48116810948339384    25    
56395.785905263045    19.374242434903703    0.47787521161694185    25    
56396.285905263045    19.245817914635428    0.47859064702092124    25    
56396.785905263045    19.092923784814154    0.4818408367728238     25    
56397.285905263045    18.9248163365377      0.48335683707057014    25    
56397.785905263045    18.742863601257117    0.4775525158765681     25    
56398.285905263045    18.545957896156427    0.4748861328570334     25    
56398.785905263045    18.335852275855434    0.49175351052518596    25    
56399.285905263045    18.11275133669565     0.526700504377581      25    
56399.785905263045    17.873072012131164    0.5552945775064707     25    
56400.285905263045    17.61560151176226     0.5652895890823832     25    
56400.785905263045    17.340577414849403    0.5665071483231136     25    
56401.285905263045    17.04467213962627     0.5664108838558694     25    
56401.785905263045    16.72564477429432     0.5648948054439412     25    
56402.285905263045    16.389626517547597    0.5617655178998257     25    
56402.785905263045    16.04018603520491     0.5575797657379269     25    
56403.285905263045    15.675201887754328    0.5519030065543804     25    
56403.785905263045    15.309528931535798    0.5482296839619412     25    
56404.285905263045    14.944142974957307    0.5490773632499611     25    
56404.785905263045    14.582067194824194    0.5515817056807237     25    
56405.285905263045    14.23725206659593     0.5525193009037641     25    
56405.785905263045    13.907220125447457    0.5541636153799842     25    
56406.285905263045    13.594316930462375    0.5495818660068431     25    
56406.785905263045    13.302521232488038    0.5279755862162708     25    
56407.285905263045    13.029826148964332    0.49360026956822617    25    
56407.785905263045    12.772412034990918    0.4710888862169101     25    
56408.285905263045    12.530845818570624    0.47188406046041964    25    
56408.785905263045    12.303393023882633    0.48065390404577896    25    
56409.285905263045    12.08693262786925     0.4834242406365258     25    
56409.785905263045    11.882689709982941    0.48341681715698515    25    
56410.285905263045    11.687671000658248    0.4819636011030928     25    
56410.785905263045    11.500849142354305    0.47794868117557604    25    
56411.285905263045    11.322335848618996    0.47272206373096254    25    
56411.785905263045    11.149191489727825    0.47110729917966737    25    
56412.285905263045    10.982178415925313    0.4744790145524339     25    
56412.785905263045    10.819507515527206    0.4786567548593271     25    
56413.285905263045    10.659062749195487    0.48036349055740074    25    
56413.785905263045    10.501650645542783    0.4808064324828885     25    
56414.285905263045    10.346048196974243    0.4794182624888598     25    
56414.785905263045    10.191691697793887    0.47870372386916715    25    
56415.285905263045    10.039118549487561    0.47429738221425694    25    
56415.785905263045    9.888653026660274     0.4552030810221217     25    
56416.285905263045    9.740169525140782     0.41459938749499314    25    
56416.785905263045    9.593977315671822     0.374900550738429      25    
56417.285905263045    9.450597316829475     0.3627375359813817     25    
56417.785905263045    9.309708144922462     0.3679676719152777     25    
56418.285905263045    9.170103931621597     0.3702326294692449     25    
56418.785905263045    9.032565943191639     0.3648192095152866     25    
56419.285905263045    8.895282169360712     0.3591539266777771     25    
56419.785905263045    8.755859824272152     0.358445635039211      25    
56420.285905263045    8.61531349379274      0.36202464241905113    25    
56420.785905263045    8.470840360459961     0.3656850211413684     25    
56421.285905263045    8.320821556620182     0.3681810092926427     25    
56421.785905263045    8.166261917063961     0.36983306263879134    25    
56422.285905263045    8.007097946599702     0.36825142773197783    25    
56422.785905263045    7.842090776216391     0.3648220928996407     25    
56423.285905263045    7.67475423220829      0.355724457779247      25    
56423.785905263045    7.507788399247891     0.33258680358568155    25    
56424.285905263045    7.340036065074327     0.2944873637980443     25    
56424.785905263045    7.176093649753535     0.2638027832554465     25    
56425.285905263045    7.016901026831674     0.25807764014241596    25    
56425.785905263045    6.862183206853912     0.2632319405365598     25    
56426.285905263045    6.713862190887428     0.26231085847561075    25    
56426.785905263045    6.5722294130581815    0.25658426643525933    25    
56427.285905263045    6.434838259547102     0.25154759276173183    25    
56427.785905263045    6.300679315071159     0.2503901505950646     25    
56428.285905263045    6.1700310765035224    0.2515175082150089     25    
56428.785905263045    6.0400217350834895    0.2530234748972337     25    
56429.285905263045    5.91053026986387      0.25554078830267907    25    
56429.785905263045    5.781510000499078     0.2574688027423108     25    
56430.285905263045    5.651871512522547     0.25717603007229134    25    
56430.785905263045    5.521602860478566     0.2559896188781474     25    
56431.285905263045    5.39296359488391      0.24707737771879146    25    
56431.785905263045    5.26635847021531      0.2191506225479148     25    
56432.285905263045    5.142018521558472     0.17724687981669002    25    
56432.785905263045    5.022451393970242     0.1493658918666616     25    
56433.285905263045    4.907245731986541     0.14958553092076401    25    
56433.785905263045    4.7971637648835666    0.1573422866341667     25    
56434.285905263045    4.693424198800468     0.15603483003533272    25    
56434.785905263045    4.595584747671489     0.1518157268639852     25    
56435.285905263045    4.50291127999454      0.14831276761349485    25    
56435.785905263045    4.415485568209474     0.1464877409674593     25    
56436.285905263045    4.332987069269126     0.14563282354789922    25    
56436.785905263045    4.254621632093867     0.14598674351697905    25    
56437.285905263045    4.180669249443052     0.14802596187671271    25    
56437.785905263045    4.110495548282763     0.14945065319802942    25    
56438.285905263045    4.0437233398827885    0.14831452840055612    25    
56438.785905263045    3.9804888942901187    0.14572556100629688    25    
56439.285905263045    3.920196310023449     0.14355906432782534    25    
56439.785905263045    3.862946557878416     0.14261116265672127    25    
56440.285905263045    3.8084625405778327    0.14131617648039446    25    
56440.785905263045    3.7563147464496605    0.13762324125250133    25    
56441.285905263045    3.7066785369935946    0.13143574166530161    25    
56441.785905263045    3.6590932613754252    0.12665618020570688    25    
56442.285905263045    3.6134217441782854    0.12642878374402566    25    
56442.785905263045    3.569679641706137     0.12821510843140047    25    
56443.285905263045    3.5275226509749213    0.12836968750690478    25    
56443.785905263045    3.4870489487033716    0.12677587674203292    25    
56444.285905263045    3.448035521387026     0.12457016869862957    25    
56444.785905263045    3.410286999351127     0.12220301766279278    25    
56445.285905263045    3.373884123083943     0.11946228210828852    25    
56445.785905263045    3.3384934352310704    0.11707063479997333    25    
56446.285905263045    3.3041268060285067    0.11524882351447559    25    
56446.785905263045    3.270678556264817     0.11385957051193644    25    
56447.285905263045    3.237859939085088     0.11312213414130655    25    
56447.785905263045    3.2057830279328337    0.11336936393803099    25    
56448.285905263045    3.1741732051717872    0.11296639303931491    25    
56448.785905263045    3.1429000145927017    0.11005810026896566    25    
56449.285905263045    3.1119966219899005    0.10577653120875284    25    
56449.785905263045    3.081125885108775     0.10347833720802427    25    
56450.285905263045    3.050354618679689     0.10305474462493745    25    
56450.785905263045    3.019508545125481     0.1052720617710902     25    
56451.285905263045    2.9883435641055214    0.11033207934605202    25    