56372.285905263045    1.6637191042447261    0.47647643516147264    25    
56372.785905263045    1.9428593512354673    0.46597241134239137    25    
56373.285905263045    2.2442670316126216    0.46257602015124005    25    
56373.785905263045    2.5683470829096122    0.5205167377622291     25    
56374.285905263045    2.914967713797487     0.6400958370351647     25    
56374.785905263045    3.2844342508657993    0.7360131851128563     25    
56375.285905263045    3.676979441065632     0.7663342882686701     25    
56375.785905263045    4.092511219982285     0.7617536758629615     25    
56376.285905263045    4.531460503683356     0.7566871446833997     25    
56376.785905263045    4.993793677386162     0.7588101231149166     25    
56377.285905263045    5.479667368463254     0.7605328889029443     25    
56377.785905263045    5.989439913343735     0.7616617834833894     25    
56378.285905263045    6.522967290544599     0.7622539712427899     25    
56378.785905263045    7.080613657913763     0.7623401432174073     25    
56379.285905263045    7.66252543438375      0.7618278532359107     25    
56379.785905263045    8.268677779214327     0.7608464881326643     25    
56380.285905263045    8.899626939527518     0.7599683095108244     25    
56380.785905263045    9.556604251791393     0.7604160145432566     25    
56381.285905263045    10.236564926573921    0.7592327930038222     25    
56381.785905263045    10.94108833991065     0.7516218178200205     25    
56382.285905263045    11.672554042567747    0.7380174971452294     25    
56382.785905263045    12.397075186486157    0.7293518168827902     25    
56383.285905263045    13.114672150081004    0.7323485809934533     25    
56383.785905263045    13.814271997397066    0.7406407275383403     25    
56384.285905263045    14.452191190427678    0.7471149955998573     25    
56384.785905263045    15.04113574655757     0.7526085190845596     25    
56385.285905263045    15.553771617661653    0.7568160507475101     25    
56385.785905263045    15.958341066935366    0.7580405529267806     25    
56386.285905263045    16.269023841390577    0.7570511458715516     25    
56386.785905263045    16.506477534972635    0.7572670252619491     25    
56387.285905263045    16.660017394166953    0.7594768184923847     25    
56387.785905263045    16.754222594281387    0.7627351696577895     25    
56388.285905263045    16.828040543171728    0.7672106385944536     25    
56388.785905263045    16.86644352723453     0.7735304216355015     25    
56389.285905263045    16.905595826140193    0.7778741075415943     25    
56389.785905263045    16.96936249353026     0.7818917398838836     25    
56390.285905263045    17.044483693701565    0.7825088765548296     25    
56390.785905263045    17.132217161170534    0.762221813354816      25    
56391.285905263045    17.23896590074249     0.7052528235384032     25    
56391.785905263045    17.348332064328943    0.6429187105704811     25    
56392.285905263045    17.445727388260966    0.6213057373424988     25    
56392.785905263045    17.537370000466254    0.6321633314778781     25    
56393.285905263045    17.603591345122894    0.6431677614999232     25    
56393.785905263045    17.63927188849864     0.6428122349118853     25    
56394.285905263045    17.645867148093515    0.640068219794022      25    
56394.785905263045    17.614521150496472    0.6364748255122232     25    
56395.285905263045    17.546546489559013    0.6310230850819253     25    
56395.785905263045    17.441072347722695    0.6265867892838158     25    
56396.285905263045    17.296724414710543    0.6266788938730269     25    
56396.785905263045    17.11406405931569     0.6295950703764781     25    
56397.285905263045    16.891631871609054    0.6305617686320215     25    
56397.785905263045    16.62602927663692     0.6319386972327242     25    
56398.285905263045    16.32379757024395     0.6282532186974613     25    
56398.785905263045    15.992024743102018    0.6069104903734196     25    
56399.285905263045    15.626424599767894    0.564173406014126      25    
56399.785905263045    15.242698851909221    0.5264083802614928     25    
56400.285905263045    14.845943427478042    0.5174767629651804     25    
56400.785905263045    14.435842774953084    0.523550936063531      25    
56401.285905263045    14.029455336153239    0.5252186999200127     25    
56401.785905263045    13.623952314091953    0.5214669700240956     25    
56402.285905263045    13.225698087575017    0.5162558214407477     25    
56402.785905263045    12.843201041349017    0.5097199395326294     25    
56403.285905263045    12.473087645709047    0.5014724880290015     25    
56403.785905263045    12.123188487128646    0.4957690546145843     25    
56404.285905263045    11.794148365547116    0.4956585600532835     25    
56404.785905263045    11.48746578795859     0.4977440317342374     25    
56405.285905263045    11.210704669483123    0.4979641989610929     25    
56405.785905263045    10.963200564854185    0.4981538105275118     25    
56406.285905263045    10.743677972872364    0.4933692671420159     25    
56406.785905263045    10.553373880403507    0.4751839802861261     25    
56407.285905263045    10.391362306772786    0.44702088616283625    25    
56407.785905263045    10.250288037882408    0.4291746697622894     25    
56408.285905263045    10.131162060277774    0.4311290420925942     25    
56408.785905263045    10.03078502564365     0.43966020711116943    25    
56409.285905263045    9.943200055189909     0.44256133676489773    25    
56409.785905263045    9.870630431940242     0.4426568811638318     25    
56410.285905263045    9.808093368104013     0.44115287626836036    25    
56410.785905263045    9.75366693144497      0.43678324423280623    25    
56411.285905263045    9.707773531166607     0.4310736113255961     25    
56411.785905263045    9.66617959082114      0.42952383682909345    25    
56412.285905263045    9.629975555254408     0.43369447697139946    25    
56412.785905263045    9.596605403626699     0.43882275065263737    25    
56413.285905263045    9.563062180531311     0.4410821057459306     25    
56413.785905263045    9.530499300473782     0.4418534862560967     25    
56414.285905263045    9.497030149735375     0.4412920377540691     25    
56414.785905263045    9.461887350128213     0.4391973418217184     25    
56415.285905263045    9.425735894477375     0.43585605921957393    25    
56415.785905263045    9.388791550050996     0.4315852710390252     25    
56416.285905263045    9.350962318579874     0.4256302069770397     25    
56416.785905263045    9.312487100311442     0.42062070981657534    25    
56417.285905263045    9.273869268673343     0.4197056178602553     25    
56417.785905263045    9.234782270388632     0.4211542999437209     25    
56418.285905263045    9.19380424728136      0.4198457292989098     25    
56418.785905263045    9.151794108859791     0.41279308947822263    25    
56419.285905263045    9.106746993925578     0.40546383973445144    25    
56419.785905263045    9.055998032538929     0.40479520477078806    25    
56420.285905263045    9.000682741332023     0.40994294294957373    25    
56420.785905263045    8.937641346040293     0.41496557753391233    25    
56421.285905263045    8.865485312587335     0.41761033149049165    25    
56421.785905263045    8.784791176733334     0.41898206990514614    25    
56422.285905263045    8.693985137055137     0.4166846264101753     25    
56422.785905263045    8.59272396407231      0.4064528342073331     25    
56423.285905263045    8.482194730358513     0.4003499459645223     25    
56423.785905263045    8.363099268377566     0.41389726098555535    25    
56424.285905263045    8.235130896268053     0.440919474000811      25    
56424.785905263045    8.099640846127393     0.4600474662780343     25    
56425.285905263045    7.956618704503757     0.46501445140538766    25    
56425.785905263045    7.806466903827144     0.4635053618369052     25    
56426.285905263045    7.65045410134566      0.45927245365300334    25    
56426.785905263045    7.488081352762037     0.4502178746381301     25    
56427.285905263045    7.320587522337717     0.4420584553633026     25    
56427.785905263045    7.148642119118486     0.4402722493130954     25    
56428.285905263045    6.972038670703736     0.44210715975436       25    
56428.785905263045    6.792347768062482     0.44441768450760427    25    
56429.285905263045    6.608965158727048     0.4483293936292108     25    
56429.785905263045    6.4233800943968875    0.4510401282265134     25    
56430.285905263045    6.237386331513905     0.4503277822270885     25    
56430.785905263045    6.049950099368517     0.44899409944455976    25    
56431.285905263045    5.86524497748414      0.4300874114467894     25    
56431.785905263045    5.684192159624629     0.36604285015174154    25    
56432.285905263045    5.507094823532142     0.2615708819752958     25    
56432.785905263045    5.3385275104097305    0.1776778727705283     25    
56433.285905263045    5.177869397973131     0.17123437779311568    25    
56433.785905263045    5.026130885285358     0.19173202313730076    25    
56434.285905263045    4.885398095022357     0.19022346504001142    25    
56434.785905263045    4.754949672971823     0.18504206734253917    25    
56435.285905263045    4.632109771202493     0.18054431558249745    25    
56435.785905263045    4.5170734071201935    0.1773540246823346     25    
56436.285905263045    4.408823059859542     0.17517600515386864    25    
56436.785905263045    4.304610353517337     0.1747513374856218     25    
56437.285905263045    4.205256963440387     0.17661815071222706    25    
56437.785905263045    4.109207526981061     0.1779461228925185     25    
56438.285905263045    4.0151384010901445    0.1763947548805521     25    
56438.785905263045    3.9237147133363433    0.173272801956547      25    
56439.285905263045    3.8349859193908835    0.17061967215463664    25    
56439.785905263045    3.7488627132729175    0.16823203693121155    25    
56440.285905263045    3.665548095460988     0.16680649262058608    25    
56440.785905263045    3.585286714686535     0.16812475444935962    25    
56441.285905263045    3.507998202595751     0.1720104394431511     25    
56441.785905263045    3.433784281484573     0.17538934067465745    25    
56442.285905263045    3.3627858875190015    0.17698307161921173    25    
56442.785905263045    3.2948517491770146    0.17766315975501668    25    
56443.285905263045    3.2296979507259405    0.17731291756641535    25    
56443.785905263045    3.1674279485529353    0.17570001798032267    25    
56444.285905263045    3.10778931509053      0.1735126063384809     25    
56444.785905263045    3.0505721619547894    0.17126064241808742    25    
56445.285905263045    2.9958632297855883    0.1687201414543281     25    
56445.785905263045    2.9433042806664553    0.16662961811920338    25    
56446.285905263045    2.8929080669585416    0.16521630243191843    25    
56446.785905263045    2.8445610560016155    0.1643130233370618     25    
56447.285905263045    2.797953042996392     0.16401959592452647    25    
56447.785905263045    2.753204430016381     0.1645038736780988     25    
56448.285905263045    2.710020191480217     0.16493086638731477    25    
56448.785905263045    2.6682601764511333    0.16440125058392996    25    
56449.285905263045    2.6279600154075107    0.163523844452227      25    
56449.785905263045    2.5887575116928603    0.16377729795314022    25    
56450.285905263045    2.5507244453098705    0.1643633205052937     25    
56450.785905263045    2.513673587411116     0.16718251070981088    25    
56451.285905263045    2.4773426975742976    0.17340262691093675    25    