54008.54159755886    16.59087494793909     7.439627057421624     25    
54009.04159755886    19.403933546085845    7.21625105449399      25    
54009.54159755886    22.35140044909712     7.626177639320377     25    
54010.04159755886    25.396509785418928    10.588020025568587    25    
54010.54159755886    28.542814141463907    13.99492181631891     25    
54011.04159755886    31.742020868348988    15.446588284959091    25    
54011.54159755886    35.00230336849221     15.462240412734678    25    
54012.04159755886    38.27765413832886     15.351012099237455    25    
54012.54159755886    41.56705547363478     15.403115194503066    25    
54013.04159755886    44.84021886768672     15.411353827784819    25    
54013.54159755886    48.07425780034428     15.363112292594794    25    
54014.04159755886    51.2619204161439      15.268964070742054    25    
54014.54159755886    54.361097692073564    15.13563891788928     25    
54015.04159755886    57.37840022068521     14.963078692641073    25    
54015.54159755886    60.26548931331419     14.87449615276468     25    
54016.04159755886    63.03168792055232     15.016793313698871    25    
54016.54159755886    65.62143480507487     14.640574666595933    25    
54017.04159755886    68.05198561884146     12.793237177187855    25    
54017.54159755886    70.22801077207816     10.749439875691108    25    
54018.04159755886    72.06145428687002     10.981327022453799    25    
54018.54159755886    73.53711105025921     12.379751836092804    25    
54019.04159755886    74.46568961636461     13.165400902976733    25    
54019.54159755886    74.87745870059446     13.621943926501272    25    
54020.04159755886    74.62574413783295     13.84441463976517     25    
54020.54159755886    73.61434879842018     13.636226015329859    25    
54021.04159755886    72.1412714198694      13.776439073743877    25    
54021.54159755886    70.24097575139301     14.846952202157832    25    
54022.04159755886    68.12238953517155     16.213279327411744    25    
54022.54159755886    66.17167707191088     17.610293067285312    25    
54023.04159755886    64.34258294801215     18.935340153016195    25    
54023.54159755886    63.11253094539761     18.963856447816408    25    
54024.04159755886    62.477396210891015    17.649936336337614    25    
54024.54159755886    62.26869459098016     15.79364089687348     25    
54025.04159755886    62.565918326910115    13.023724320846293    25    
54025.54159755886    63.048937746210356    10.167087302303177    25    
54026.04159755886    63.51536098817855     9.486370340040624     25    
54026.54159755886    63.91752233914839     10.135098615680874    25    
54027.04159755886    63.871342256230086    10.439560548885195    25    
54027.54159755886    63.45340142498408     10.732464089633124    25    
54028.04159755886    62.694065265963545    11.115135789146908    25    
54028.54159755886    61.54374850266425     11.520688565885488    25    
54029.04159755886    60.263438425040285    12.247204826699205    25    
54029.54159755886    58.8957310907378      13.703155047834946    25    
54030.04159755886    57.55264209242772     14.86283410766306     25    
54030.54159755886    56.43847220232791     14.74301158456192     25    
54031.04159755886    55.479820182010954    13.911499033286598    25    
54031.54159755886    54.67417866744089     13.19359858156692     25    
54032.04159755886    54.03132273550765     12.466265698720846    25    
54032.54159755886    53.34294752452965     12.242613757062813    25    
54033.04159755886    52.62152479947367     12.803502411382176    25    
54033.54159755886    51.7276844278276      13.37288785741936     25    
54034.04159755886    50.55430069997001     13.56968498093263     25    
54034.54159755886    49.155084589120655    13.614683705643477    25    
54035.04159755886    47.51053591382317     13.445213022678404    25    
54035.54159755886    45.64610261821221     13.157275754974142    25    
54036.04159755886    43.71754581647225     13.538228422686512    25    
54036.54159755886    41.699178227188845    14.618690636851891    25    
54037.04159755886    39.7363274127287      15.322968599641312    25    
54037.54159755886    37.8505624073374      15.419460388177827    25    
54038.04159755886    36.079884491368254    15.216503916273064    25    
54038.54159755886    34.47663240538478     14.612988973379235    25    
54039.04159755886    33.02797778080774     13.891672490315806    25    
54039.54159755886    31.75534157383643     14.069492257189683    25    
54040.04159755886    30.655164217309736    14.89426907166631     25    
54040.54159755886    29.750255829668223    15.214797434132148    25    
54041.04159755886    29.049096381752815    15.015284691408509    25    
54041.54159755886    28.510352462569305    14.383923548381352    25    
54042.04159755886    28.144290194171177    12.921519887795508    25    
54042.54159755886    27.89302382669289     11.28644909897718     25    
54043.04159755886    27.69878733311487     10.760093888833676    25    
54043.54159755886    27.559575639744356    10.928172295030542    25    
54044.04159755886    27.3774645963327      11.122712230503533    25    
54044.54159755886    27.16390947898738     11.438498889996472    25    
54045.04159755886    26.940119909451504    11.4769426340785      25    
54045.54159755886    26.676876595956365    11.056289111702615    25    
54046.04159755886    26.493727661666473    10.677037723955829    25    
54046.54159755886    26.428770038461373    10.677428089402705    25    
54047.04159755886    26.524671791493844    10.835923812912561    25    
54047.54159755886    26.900979122693816    11.05743924586037     25    
54048.04159755886    27.527610499637227    11.321673810035533    25    
54048.54159755886    28.42894521100797     11.257062967768643    25    
54049.04159755886    29.618842161952777    10.795237985169543    25    
54049.54159755886    30.968173592729457    10.653909342184855    25    
54050.04159755886    32.47690098033384     11.23150938014866     25    
54050.54159755886    34.063843871732104    11.744926953784999    25    
54051.04159755886    35.65016478893679     11.705657777795757    25    
54051.54159755886    37.25390724481629     11.349428299995589    25    
54052.04159755886    38.82437265360877     10.467751865233822    25    
54052.54159755886    40.37470673438662     9.033600525817645     25    
54053.04159755886    41.985112751337105    9.536742792388296     25    
54053.54159755886    43.644044825082496    12.221913689315398    25    
54054.04159755886    45.42286653026522     14.131645336759567    25    
54054.54159755886    47.35930008186138     14.693376649840099    25    
54055.04159755886    49.42462197820098     14.878654485104985    25    
54055.54159755886    51.63948684849207     14.967752052535282    25    
54056.04159755886    53.960155033537724    15.070075500756833    25    
54056.54159755886    56.24112231634901     16.147889875360303    25    
54057.04159755886    58.50838939125877     17.967694539784826    25    
54057.54159755886    60.595267078374036    19.300271980569725    25    
54058.04159755886    62.50038317626301     20.253377557210946    25    
54058.54159755886    64.15336295045373     20.4369498094144      25    
54059.04159755886    65.49667546747051     19.299255673094795    25    
54059.54159755886    66.55525695734416     17.278178242718976    25    
54060.04159755886    67.32375988278113     14.642841518179026    25    
54060.54159755886    67.80430254867848     11.022323646829054    25    
54061.04159755886    68.00020759227984     8.566121213447786     25    
54061.54159755886    67.90806157595924     8.455503029038523     25    
54062.04159755886    67.55470528732108     8.782604586381177     25    
54062.54159755886    66.92922200920466     8.962016305666078     25    
54063.04159755886    66.08259493197515     9.507109830115581     25    
54063.54159755886    65.04448354813591     10.614734764770438    25    
54064.04159755886    63.82777211496135     11.869973767765813    25    
54064.54159755886    62.49489020981011     12.867232072252467    25    
54065.04159755886    61.03596276629333     13.707668714306951    25    
54065.54159755886    59.51770966267072     13.750575667238753    25    
54066.04159755886    57.93330908772382     12.854311209521676    25    
54066.54159755886    56.32733969797277     11.614467356119182    25    
54067.04159755886    54.70735270427135     10.07928894663504     25    
54067.54159755886    53.09791820683758     8.345494176205785     25    
54068.04159755886    51.53331606809138     6.9414933693116065    25    
54068.54159755886    50.01043849799378     5.839044191287545     25    
54069.04159755886    48.56677853445539     5.301155613619334     25    
54069.54159755886    47.197543725134146    5.5171012204776275    25    
54070.04159755886    45.898839117671145    5.728114293057869     25    
54070.54159755886    44.67208650013312     5.847356588087437     25    
54071.04159755886    43.51120672212191     5.928506932719756     25    
54071.54159755886    42.414273978304855    5.932775642415158     25    
54072.04159755886    41.37910868189522     5.889051229924157     25    
54072.54159755886    40.40073345990444     5.818325833680162     25    
54073.04159755886    39.47957887743127     5.710882679722966     25    
54073.54159755886    38.60900865472455     5.531562129210774     25    
54074.04159755886    37.79016038120699     5.2562412450989475    25    
54074.54159755886    37.01664327255793     5.035425335249183     25    
54075.04159755886    36.28839690301511     4.794623946216649     25    
54075.54159755886    35.60113976932529     4.899478657440968     25    
54076.04159755886    34.95183215264834     5.183134324033888     25    
54076.54159755886    34.33936776314872     6.245482919174659     25    
54077.04159755886    33.75800983989948     8.600845924071464     25    