54166.237969711205    82.73054763370443     57.51015233308062     25    
54166.737969711205    110.1101070527413     53.42676808676128     25    
54167.237969711205    142.95339978903178    62.12032207026046     25    
54167.737969711205    181.81543587349915    100.96087287384465    25    
54168.237969711205    227.1111665861124     130.44308275669962    25    
54168.737969711205    279.4624664888472     135.86449462964632    25    
54169.237969711205    339.21995420615104    133.98280792804354    25    
54169.737969711205    407.0673050799911     134.92681795473683    25    
54170.237969711205    483.2958688303526     135.71692253172466    25    
54170.737969711205    568.6460578281333     136.2203678168042     25    
54171.237969711205    663.355016639921      136.4861464503902     25    
54171.737969711205    768.2148309144809     136.50419548060873    25    
54172.237969711205    883.413503816061      136.38032304527923    25    
54172.737969711205    1010.079563844283     136.76553504825702    25    
54173.237969711205    1147.7820966518655    136.79297313859726    25    
54173.737969711205    1297.910464775592     133.01819361484252    25    
54174.237969711205    1457.0642084587532    127.66177677913169    25    
54174.737969711205    1615.9548828433938    127.9876502130683     25    
54175.237969711205    1772.6612831664213    131.81745544528712    25    
54175.737969711205    1912.6470573657998    134.8107324504746     25    
54176.237969711205    2035.7501934748418    137.4423651682371     25    
54176.737969711205    2127.2428636290283    138.88999280420393    25    
54177.237969711205    2189.716659407419     139.4032547084686     25    
54177.737969711205    2226.3778070007024    140.2324119456629     25    
54178.237969711205    2238.186686255388     141.21680952574516    25    
54178.737969711205    2236.8735982359995    142.45199404740663    25    
54179.237969711205    2222.201439493807     143.83071621990757    25    
54179.737969711205    2205.3717247426675    144.4029763492068     25    
54180.237969711205    2185.8105665953353    144.05879793735613    25    
54180.737969711205    2163.754283622294     134.7604568302504     25    
54181.237969711205    2139.214873694915     114.3555868372943     25    
54181.737969711205    2107.010344762626     103.07095427562429    25    
54182.237969711205    2067.2272491093986    104.82646519362795    25    
54182.737969711205    2015.3839250261196    105.03655641682975    25    
54183.237969711205    1951.0156457199096    103.00284026879217    25    
54183.737969711205    1877.4326878624124    100.57792213215427    25    
54184.237969711205    1794.1623375861423    97.677251775034       25    
54184.737969711205    1708.4897373391452    95.86748580595952     25    
54185.237969711205    1620.5387627143596    95.66713412688685     25    
54185.737969711205    1536.7434547694018    95.0503134650944      25    
54186.237969711205    1458.2471216992694    93.95791213793198     25    
54186.737969711205    1385.1853984051027    90.22283998035542     25    
54187.237969711205    1318.330910016068     81.64320357185034     25    
54187.737969711205    1254.4715536159754    75.4617802649191      25    
54188.237969711205    1193.3264541745812    75.58732213579286     25    
54188.737969711205    1132.4631407438242    75.87736839656884     25    
54189.237969711205    1070.8724217468957    74.54862457452397     25    
54189.737969711205    1009.2026874431122    72.81727746582526     25    
54190.237969711205    946.9486856039102     70.42131356347863     25    
54190.737969711205    886.4131787721481     68.9150480410774      25    
54191.237969711205    828.1165722819421     69.67444606301939     25    
54191.737969711205    773.7514653589858     70.30293085091198     25    
54192.237969711205    724.5350749174169     70.40405723406562     25    
54192.737969711205    679.8849051471385     67.83320777242525     25    
54193.237969711205    640.2979525256869     58.069753417707894    25    
54193.737969711205    603.9835651757295     47.49725004752892     25    
54194.237969711205    570.139239498041      45.38488843302331     25    
54194.737969711205    537.5858515237403     45.92848802528503     25    
54195.237969711205    504.9436821960351     45.307783396611896    25    
54195.737969711205    472.4980989557963     44.42728232748163     25    
54196.237969711205    439.67401954282496    42.22160574869935     25    
54196.737969711205    407.49058646689286    40.15657531559685     25    
54197.237969711205    376.7325453511522     40.371450882228494    25    
54197.737969711205    347.9127648879999     41.40241859241993     25    
54198.237969711205    322.174707746876      42.16573735354079     25    
54198.737969711205    299.30346968242236    42.534818242919       25    
54199.237969711205    279.73482354957105    41.84144797721999     25    
54199.737969711205    262.9270658620383     39.92526916221473     25    
54200.237969711205    248.1843124393658     34.94838460008962     25    
54200.737969711205    235.29915572196023    28.128064383056095    25    
54201.237969711205    223.4170136846841     25.808205878865486    25    
54201.737969711205    212.54624957984467    26.171007287811506    25    
54202.237969711205    202.1293350154282     24.649384728098795    25    
54202.737969711205    192.26456333301257    22.58288781577474     25    
54203.237969711205    182.88041634883737    22.266741270953325    25    
54203.737969711205    173.9787799413661     23.006115984318967    25    
54204.237969711205    165.48552876274883    23.254503994539323    25    
54204.737969711205    157.43275009788758    23.17493677530597     25    
54205.237969711205    149.88145870409522    21.983872334173338    25    
54205.737969711205    142.87095536958097    19.99477992300164     25    
54206.237969711205    136.68274550793242    19.907981281916385    25    
54206.737969711205    131.31937566461923    21.27771520129474     25    
54207.237969711205    127.11971926350125    22.498071347734328    25    
54207.737969711205    124.03797926808089    23.594281476344786    25    
54208.237969711205    121.96109762460343    22.95638395461601     25    
54208.737969711205    120.8569250541065     20.63973616403603     25    
54209.237969711205    119.8502231253741     19.033549601761734    25    
54209.737969711205    118.96108575348222    18.238911515418284    25    
54210.237969711205    117.24965824939628    18.12913843207484     25    
54210.737969711205    114.72004603394008    18.746703880823684    25    
54211.237969711205    111.13073030002198    18.7771972119033      25    
54211.737969711205    106.41590192075549    18.157618929991035    25    
54212.237969711205    101.56300285807602    17.24414091025557     25    
54212.737969711205    96.55196996467829     15.896334007183299    25    
54213.237969711205    92.39141609661482     15.57385797030574     25    
54213.737969711205    89.16151269725496     16.645416705028243    25    
54214.237969711205    87.20102120119171     17.43177350473299     25    
54214.737969711205    86.69664875313671     17.652577434434097    25    
54215.237969711205    86.77072922929148     18.397651119531       25    
54215.737969711205    87.41098983704383     19.967124849421513    25    
54216.237969711205    87.77285109563334     20.976492148087633    25    
54216.737969711205    87.70431876041413     21.298005395996473    25    
54217.237969711205    86.84261281775642     20.63993779386653     25    
54217.737969711205    84.93802634261158     18.182770219639895    25    
54218.237969711205    82.51503000704668     16.4150519963425      25    
54218.737969711205    79.6100069013323      16.635280735064466    25    
54219.237969711205    76.68699850102152     18.54029621414337     25    
54219.737969711205    73.89465460180757     22.29689347836935     25    
54220.237969711205    71.47930317038028     25.379580964370575    25    
54220.737969711205    69.63921483783963     27.28776418710222     25    
54221.237969711205    68.23896996267277     28.225831158547493    25    
54221.737969711205    67.27686191795796     27.948949579892876    25    
54222.237969711205    66.65692891738007     26.912819181557644    25    
54222.737969711205    66.3351604947403      25.166547398591717    25    
54223.237969711205    66.23737140098332     22.93396350530267     25    
54223.737969711205    66.31161659759731     20.396889671225107    25    
54224.237969711205    66.49194818613245     17.65152352434163     25    
54224.737969711205    66.71788608788955     14.879636939035827    25    
54225.237969711205    66.93211540228906     12.493994039079649    25    
54225.737969711205    67.0656248269777      10.587764764366906    25    
54226.237969711205    67.06942586442025     11.845060175086502    25    
54226.737969711205    66.86648867622236     16.386438907507706    25    
54227.237969711205    66.41553543388662     24.31621472945871     25    
54227.737969711205    65.63213349698418     34.51181140323408     25    