#Date  :
#Mag  :
#Magerr  :
#end  :
@INSTRUMENT  SWOPE
@BAND  SWOPE_g
@MAGSYS AB
54148.8062  0.0  6.262345387442661  25.0
54153.792545  0.0  6.262345387442661  25.0
54158.778889999994  0.0  6.262345387442661  25.0
54163.76523499999  0.0  6.262345387442661  25.0
54168.75157999999  0.0  6.262345387442661  25.0
54173.73792499999  0.0  6.262345387442661  25.0
54178.724269999984  0.0  6.262345387442661  25.0
54183.71061499998  0.0  6.262345387442661  25.0
54188.69695999998  0.0  6.262345387442661  25.0
54193.68330499998  0.0  6.262345387442661  25.0
54198.669649999974  0.0  6.262345387442661  25.0
54203.65599499997  0.0  6.262345387442661  25.0
54208.64233999997  0.0  6.262345387442661  25.0
54213.62868499997  0.0  6.262345387442661  25.0
54218.615029999964  0.0  6.262345387442661  25.0
54223.60137499996  0.0  6.262345387442661  25.0
54228.58771999996  0.0  6.262345387442661  25.0
54233.57406499996  0.0  6.262345387442661  25.0
54238.560409999955  0.0  6.262345387442661  25.0
54243.54675499995  0.0  6.262345387442661  25.0
54248.53309999995  0.0  6.262345387442661  25.0
54253.51944499995  0.0  6.262345387442661  25.0
54258.505789999945  0.0  6.262345387442661  25.0
54263.49213499994  0.0  6.262345387442661  25.0
54268.47847999994  0.0  6.262345387442661  25.0
54273.46482499994  0.0  6.262345387442661  25.0
54278.451169999935  0.0  6.262345387442661  25.0
54283.43751499993  0.0  6.262345387442661  25.0
54288.42385999993  0.0  6.262345387442661  25.0
54293.41020499993  0.0  6.262345387442661  25.0
54298.396549999925  0.0  6.262345387442661  25.0
54303.38289499992  0.0  6.262345387442661  25.0
54308.36923999992  0.0  6.262345387442661  25.0
54313.35558499992  0.0  6.262345387442661  25.0
54318.341929999915  0.0  6.262345387442661  25.0
54348.26  5035.454264497982  27.82694862212724  25.0
54349.23  5181.299008134766  33.40506920373266  25.0
54351.15  5129.070348758027  23.62024185193601  25.0
54354.19  4377.626006483459  20.159712770463738  25.0
54357.16  3336.0968932824103  15.363293950511652  25.0
54359.14  2606.385529278781  12.002848932625435  25.0
54362.13  1781.7167209485951  9.846130467826722  25.0
54363.11  1632.4453673260814  10.52476423021023  25.0
54364.15  1406.1726794156134  9.065930299434083  25.0
54365.16  1239.4775235360466  9.13280790014489  25.0
54368.14  892.1515939713427  13.147231750203458  25.0
54375.06  532.1556233566051  4.411200979777942  25.0
54376.05  459.2388870303099  5.498670400075675  25.0
54378.18  474.7212316701874  4.8095785380348035  25.0
54380.13  438.56973232668173  4.443314162732747  25.0
54382.13  425.04866429579124  4.306327160099885  25.0
54383.11  410.0517368367056  4.532059279663276  25.0
54385.12  385.1577630906062  4.611664323465483  25.0
54392.07  335.45838804084724  4.325560308286935  25.0
54394.11  322.13555054790123  5.637258326274208  25.0
54395.03  309.05705062938966  6.262345387442661  25.0
54400.06  279.79416664368154  9.019498281086063  25.0
54407.07  270.41990492036035  4.483186861813121  25.0
54417.05  229.1071567778228  3.58726332248508  25.0
54421.03  220.82012722243314  4.474422771943725  25.0
54426.08  198.4443122273138  10.600890030878396  25.0
54440.03  178.33584986437378  5.420361796662534  25.0
