54392.65624952772    3.235049259632138     0.8443769431461807     25    
54393.15624952772    3.863522957033413     0.8149691541283925     25    
54393.65624952772    4.553818500652832     0.822930970941819      25    
54394.15624952772    5.309089944079341     1.024807774077085      25    
54394.65624952772    6.128607919289132     1.3125010998963256     25    
54395.15624952772    7.016222286514159     1.4651417078692583     25    
54395.65624952772    7.971504594418326     1.4774798192848777     25    
54396.15624952772    8.997052487481923     1.4572981409253483     25    
54396.65624952772    10.094595604917702    1.4606408749515039     25    
54397.15624952772    11.264376055679472    1.4633152503083302     25    
54397.65624952772    12.509968029664538    1.4643188785174084     25    
54398.15624952772    13.830522939228473    1.4637413636824974     25    
54398.65624952772    15.229708947536103    1.4616637959636523     25    
54399.15624952772    16.707580217006193    1.4577871806366578     25    
54399.65624952772    18.26608713447679     1.4529248144135904     25    
54400.15624952772    19.909666976894556    1.446236068119186      25    
54400.65624952772    21.635893354769628    1.439276882095493      25    
54401.15624952772    23.44246227562085     1.4428274634062013     25    
54401.65624952772    25.344240076632847    1.458807317323749      25    
54402.15624952772    27.26424628233142     1.4746045082074541     25    
54402.65624952772    29.196224376345445    1.484423367031416      25    
54403.15624952772    31.097907190348675    1.492368782875966      25    
54403.65624952772    32.8822264391055      1.5006088527158945     25    
54404.15624952772    34.56864774262203     1.5084955434857799     25    
54404.65624952772    36.05842214877082     1.5122432734294176     25    
54405.15624952772    37.336320322310186    1.5095909450441958     25    
54405.65624952772    38.43469593981845     1.5076590986796288     25    
54406.15624952772    39.347766169772356    1.5114185689590123     25    
54406.65624952772    40.099460751736025    1.5182388405193428     25    
54407.15624952772    40.755725739849       1.5282081041819549     25    
54407.65624952772    41.30138224259205     1.5420281953211026     25    
54408.15624952772    41.800381054826225    1.550002901727397      25    
54408.65624952772    42.26963243091466     1.5728106483209987     25    
54409.15624952772    42.69527066704136     1.550470977709205      25    
54409.65624952772    43.08413899230711     1.3713553443882314     25    
54410.15624952772    43.42763115886642     1.0567634471877454     25    
54410.65624952772    43.69039043588376     0.8643178539834254     25    
54411.15624952772    43.87941912363466     0.8884609134190182     25    
54411.65624952772    43.96668060748824     0.934605123104739      25    
54412.15624952772    43.936112681906124    0.9332576688648855     25    
54412.65624952772    43.80168362761518     0.9279425420853455     25    
54413.15624952772    43.566514112202924    0.9203716059414334     25    
54413.65624952772    43.23170420467287     0.9104917906304735     25    
54414.15624952772    42.832983823645584    0.9081469803105252     25    
54414.65624952772    42.364996102866634    0.9168322088645068     25    
54415.15624952772    41.85282868783193     0.9239930207103999     25    
54415.65624952772    41.31327363903355     0.9135138974807676     25    
54416.15624952772    40.741433135044396    0.9049966152460759     25    
54416.65624952772    40.147647857452476    0.9399831970706971     25    
54417.15624952772    39.53029590505485     1.0093692304756872     25    
54417.65624952772    38.88259911330239     1.0566826943354093     25    
54418.15624952772    38.20476788090633     1.0722020057160726     25    
54418.65624952772    37.49379947931289     1.0756123163930227     25    
54419.15624952772    36.743963450821745    1.0748721404856063     25    
54419.65624952772    35.9594380849868      1.0676560678874887     25    
54420.15624952772    35.148187758462946    1.0567471477210804     25    
54420.65624952772    34.30679656324837     1.0401989404092518     25    
54421.15624952772    33.45463811356961     1.0292947067198106     25    
54421.65624952772    32.59325287520257     1.0317724126043915     25    
54422.15624952772    31.73110908084215     1.0372706022663265     25    
54422.65624952772    30.883263046043755    1.0387151995525574     25    
54423.15624952772    30.04601312551487     1.0368614986052094     25    
54423.65624952772    29.229381007485713    1.0126807702249765     25    
54424.15624952772    28.43327554805593     0.953870739346893      25    
54424.65624952772    27.65795384573913     0.9050150223903479     25    
54425.15624952772    26.903967185821777    0.9042661917831826     25    
54425.65624952772    26.171536647946144    0.9221166340230195     25    
54426.15624952772    25.462089418835756    0.9270463170863564     25    
54426.65624952772    24.77533635353519     0.9258866826541974     25    
54427.15624952772    24.11029175858539     0.9203667701655402     25    
54427.65624952772    23.467627622295534    0.9069758147976102     25    
54428.15624952772    22.844920676384596    0.896433850212713      25    
54428.65624952772    22.24075577489793     0.9006665582462542     25    
54429.15624952772    21.65497674545439     0.9116728680531713     25    
54429.65624952772    21.084495590924547    0.9172774374860901     25    
54430.15624952772    20.529730542206742    0.9192122883330154     25    
54430.65624952772    19.990383040210254    0.9162334951193035     25    
54431.15624952772    19.46566264943509     0.9129381176492103     25    
54431.65624952772    18.9572200481612      0.8964530463724659     25    
54432.15624952772    18.466420569051035    0.8388721745619765     25    
54432.65624952772    17.993075589652097    0.7494430518423134     25    
54433.15624952772    17.53960265516665     0.6985779791293565     25    
54433.65624952772    17.10661991690407     0.7026668017597864     25    
54434.15624952772    16.69058828150536     0.7106623075543443     25    
54434.65624952772    16.292653979495267    0.6971406997212964     25    
54435.15624952772    15.908161324984452    0.6817301745073885     25    
54435.65624952772    15.529435397118885    0.680138260603333      25    
54436.15624952772    15.158177013488798    0.6885656321431811     25    
54436.65624952772    14.784075686978145    0.6955952631043971     25    
54437.15624952772    14.406316348339516    0.7020232418228772     25    
54437.65624952772    14.025272116217048    0.7028786725901586     25    
54438.15624952772    13.637611520935412    0.6961390831634514     25    
54438.65624952772    13.247651115335268    0.679054813731852      25    
54439.15624952772    12.864247140020206    0.632170603527227      25    
54439.65624952772    12.48522346743782     0.545958690222124      25    
54440.15624952772    12.120870170739332    0.4787740213275869     25    
54440.65624952772    11.77291788249013     0.47242647187924447    25    
54441.15624952772    11.441972112362828    0.4833735141253801     25    
54441.65624952772    11.132218457551582    0.47454713919542796    25    
54442.15624952772    10.841079720460245    0.4607697366494207     25    
54442.65624952772    10.562126795937816    0.454802053617772      25    
54443.15624952772    10.296858836545661    0.45726545230383386    25    
54443.65624952772    10.038780464867434    0.46181378006328494    25    
54444.15624952772    9.785662091014403     0.46851730369102657    25    
54444.65624952772    9.53748303938327      0.4737981558618287     25    
54445.15624952772    9.290904165008046     0.47299259829859364    25    
54445.65624952772    9.047039918893587     0.46667979633186624    25    
54446.15624952772    8.810311048976146     0.4371636635138083     25    
54446.65624952772    8.579894439820697     0.3640231969229884     25    
54447.15624952772    8.359534244782257     0.2882999110057795     25    
54447.65624952772    8.151577863390868     0.27431347337900297    25    
54448.15624952772    7.9555521778835505    0.29099077419794295    25    
54448.65624952772    7.773836750545756     0.29021340788663363    25    
54449.15624952772    7.606185449945813     0.2801039113864779     25    
54449.65624952772    7.449035547660001     0.2719391153702229     25    
54450.15624952772    7.302751796961743     0.2676241023731891     25    
54450.65624952772    7.164902555419423     0.2659638266634907     25    
54451.15624952772    7.033203326061793     0.26868182703730964    25    
54451.65624952772    6.908008071104064     0.27368150515828255    25    
54452.15624952772    6.78656652136684      0.27360220314965394    25    
54452.65624952772    6.669115257364416     0.26837031879078066    25    
54453.15624952772    6.555776029892855     0.26312706814545517    25    
54453.65624952772    6.4464428700836125    0.2603903370629232     25    
54454.15624952772    6.341265029509982     0.25736891822422997    25    
54454.65624952772    6.240398808789725     0.25057532985410036    25    
54455.15624952772    6.143793719144176     0.2413534383505905     25    
54455.65624952772    6.051427257049683     0.23740149397474247    25    
54456.15624952772    5.963419121103304     0.24084028813801664    25    
54456.65624952772    5.879250766473679     0.24365730600609284    25    
54457.15624952772    5.798788769705667     0.24144761504606765    25    
54457.65624952772    5.721870957698871     0.23704527021936744    25    
54458.15624952772    5.647970172706013     0.23182271690999168    25    
54458.65624952772    5.577210036118312     0.2253608176865372     25    
54459.15624952772    5.508961835031217     0.219582938201316      25    
54459.65624952772    5.443287432125806     0.21476575848230042    25    
54460.15624952772    5.37977375281658      0.21100384245725137    25    
54460.65624952772    5.318122583172557     0.20992609067470322    25    
54461.15624952772    5.258307052549478     0.20963222141905488    25    
54461.65624952772    5.199734926709759     0.20350896030726395    25    
54462.15624952772    5.142545603036043     0.19051879081298453    25    
54462.65624952772    5.086143900188624     0.18181007979038571    25    
54463.15624952772    5.0305088417274595    0.1812285020930636     25    
54463.65624952772    4.975335290840122     0.18752670870654428    25    
54464.15624952772    4.920216206074938     0.19773459450605047    25    