#Date  :
#Flux  :
#Fluxerr  :
#ZP  :
#end  :
@INSTRUMENT  PS
@BAND  PS_r
@MAGSYS  AB
54742.1477625  0.0  1.1175730346822135  25.0
54747.134107499995  0.0  1.1175730346822135  25.0
54752.12045249999  0.0  1.1175730346822135  25.0
54757.10679749999  0.0  1.1175730346822135  25.0
54762.09314249999  0.0  1.1175730346822135  25.0
54767.079487499985  0.0  1.1175730346822135  25.0
54772.06583249998  0.0  1.1175730346822135  25.0
54777.05217749998  0.0  1.1175730346822135  25.0
54782.03852249998  0.0  1.1175730346822135  25.0
54787.024867499975  0.0  1.1175730346822135  25.0
54792.01121249997  0.0  1.1175730346822135  25.0
54796.99755749997  0.0  1.1175730346822135  25.0
54801.98390249997  0.0  1.1175730346822135  25.0
54806.970247499965  0.0  1.1175730346822135  25.0
54811.95659249996  0.0  1.1175730346822135  25.0
54816.94293749996  0.0  1.1175730346822135  25.0
54821.92928249996  0.0  1.1175730346822135  25.0
54826.915627499955  0.0  1.1175730346822135  25.0
54831.90197249995  0.0  1.1175730346822135  25.0
54836.88831749995  0.0  1.1175730346822135  25.0
54841.87466249995  0.0  1.1175730346822135  25.0
54846.861007499945  0.0  1.1175730346822135  25.0
54851.84735249994  0.0  1.1175730346822135  25.0
54856.83369749994  0.0  1.1175730346822135  25.0
54861.82004249994  0.0  1.1175730346822135  25.0
54866.806387499935  0.0  1.1175730346822135  25.0
54871.79273249993  0.0  1.1175730346822135  25.0
54876.77907749993  0.0  1.1175730346822135  25.0
54881.76542249993  0.0  1.1175730346822135  25.0
54886.751767499925  0.0  1.1175730346822135  25.0
54891.73811249992  0.0  1.1175730346822135  25.0
54896.72445749992  0.0  1.1175730346822135  25.0
54901.71080249992  0.0  1.1175730346822135  25.0
54906.697147499915  0.0  1.1175730346822135  25.0
54911.68349249991  0.0  1.1175730346822135  25.0
54916.66983749991  0.0  1.1175730346822135  25.0
54921.65618249991  0.0  1.1175730346822135  25.0
54926.642527499906  0.0  1.1175730346822135  25.0
54931.6288724999  0.0  1.1175730346822135  25.0
54936.6152174999  0.0  1.1175730346822135  25.0
54941.6015624999  0.0  1.1175730346822135  25.0
54946.587907499896  0.0  1.1175730346822135  25.0
54951.57425249989  0.0  1.1175730346822135  25.0
54956.56059749989  0.0  1.1175730346822135  25.0
54961.54694249989  0.0  1.1175730346822135  25.0
54966.533287499886  0.0  1.1175730346822135  25.0
54971.51963249988  0.0  1.1175730346822135  25.0
54976.50597749988  0.0  1.1175730346822135  25.0
54981.49232249988  0.0  1.1175730346822135  25.0
54986.478667499876  0.0  1.1175730346822135  25.0
54991.46501249987  0.0  1.1175730346822135  25.0
54996.45135749987  0.0  1.1175730346822135  25.0
55001.43770249987  0.0  1.1175730346822135  25.0
55006.424047499866  0.0  1.1175730346822135  25.0
55011.41039249986  0.0  1.1175730346822135  25.0
55016.39673749986  0.0  1.1175730346822135  25.0
55021.38308249986  0.0  1.1175730346822135  25.0
55026.369427499856  0.0  1.1175730346822135  25.0
55031.35577249985  0.0  1.1175730346822135  25.0
55036.34211749985  0.0  1.1175730346822135  25.0
55041.32846249985  0.0  1.1175730346822135  25.0
55046.314807499846  0.0  1.1175730346822135  25.0
55051.301152499844  0.0  1.1175730346822135  25.0
55056.28749749984  0.0  1.1175730346822135  25.0
55061.27384249984  0.0  1.1175730346822135  25.0
55066.260187499836  0.0  1.1175730346822135  25.0
55071.246532499834  0.0  1.1175730346822135  25.0
55076.23287749983  0.0  1.1175730346822135  25.0
55081.21922249983  0.0  1.1175730346822135  25.0
55086.20556749983  0.0  1.1175730346822135  25.0
55091.191912499824  0.0  1.1175730346822135  25.0
55096.17825749982  0.0  1.1175730346822135  25.0
55101.16460249982  0.0  1.1175730346822135  25.0
55106.15094749982  0.0  1.1175730346822135  25.0
55111.137292499814  0.0  1.1175730346822135  25.0
55116.12363749981  0.0  1.1175730346822135  25.0
55121.10998249981  0.0  1.1175730346822135  25.0
55126.09632749981  0.0  1.1175730346822135  25.0
55131.082672499804  0.0  1.1175730346822135  25.0
55136.0690174998  0.0  1.1175730346822135  25.0
55141.0553624998  0.0  1.1175730346822135  25.0
55146.0417074998  0.0  1.1175730346822135  25.0
55151.028052499794  0.0  1.1175730346822135  25.0
55156.01439749979  0.0  1.1175730346822135  25.0
55161.00074249979  0.0  1.1175730346822135  25.0
55165.98708749979  0.0  1.1175730346822135  25.0
55170.973432499784  0.0  1.1175730346822135  25.0
55175.95977749978  0.0  1.1175730346822135  25.0
55180.94612249978  0.0  1.1175730346822135  25.0
55185.93246749978  0.0  1.1175730346822135  25.0
55190.918812499775  0.0  1.1175730346822135  25.0
55195.90515749977  0.0  1.1175730346822135  25.0
55200.89150249977  0.0  1.1175730346822135  25.0
55205.87784749977  0.0  1.1175730346822135  25.0
55210.864192499765  0.0  1.1175730346822135  25.0
55215.85053749976  0.0  1.1175730346822135  25.0
55220.83688249976  0.0  1.1175730346822135  25.0
55225.82322749976  0.0  1.1175730346822135  25.0
55230.809572499755  0.0  1.1175730346822135  25.0
55235.79591749975  0.0  1.1175730346822135  25.0
55240.78226249975  0.0  1.1175730346822135  25.0
55245.76860749975  0.0  1.1175730346822135  25.0
55250.754952499745  0.0  1.1175730346822135  25.0
55255.74129749974  0.0  1.1175730346822135  25.0
55260.72764249974  0.0  1.1175730346822135  25.0
55265.71398749974  0.0  1.1175730346822135  25.0
55270.700332499735  0.0  1.1175730346822135  25.0
55275.68667749973  0.0  1.1175730346822135  25.0
55280.67302249973  0.0  1.1175730346822135  25.0
55285.65936749973  0.0  1.1175730346822135  25.0
55290.645712499725  0.0  1.1175730346822135  25.0
55295.63205749972  0.0  1.1175730346822135  25.0
55300.61840249972  0.0  1.1175730346822135  25.0
55305.60474749972  0.0  1.1175730346822135  25.0
55310.591092499715  0.0  1.1175730346822135  25.0
55315.57743749971  0.0  1.1175730346822135  25.0
54941.6015625  -0.13520529241778714  1.0231936980494885  25.0
54950.6015625  -1.6894297793007873  1.2815620887784493  25.0
54951.6015625  -0.1711360227708672  0.8645893884271166  25.0
54953.6015625  -3.5401072220316796  1.1273634622040687  25.0
54973.5  -0.28118000375697483  0.7689372532670696  25.0
54993.5  -0.22987836615196122  1.0418933417888514  25.0
54996.5  -0.40884670526399247  2.111101806433124  25.0
54999.5  4.17599295929154  7.908872763676813  25.0
55002.3984375  -0.45466572493150764  1.0922159413101014  25.0
55011.3984375  0.6727956340783047  0.8755545776178952  25.0
55014.30078125  1.551189405799638  1.4386978062620122  25.0
55029.30078125  -1.8894473788584651  1.5286715532151824  25.0
55089.30078125  -2.3410781627592656  1.0328861820813817  25.0
55296.6015625  5.0710306352000565  9.637758176903343  25.0
55302.6015625  -0.5022470271550629  2.241803612365613  25.0
55305.6015625  0.6661381377613369  1.6127709316131158  25.0
55326.6015625  0.9515280076127065  1.2782333172778564  25.0
55329.5  -0.4326373563757701  1.1190416268210228  25.0
55332.3984375  0.9640597324322563  0.7985042360756858  25.0
55335.3984375  2.1450744722897315  1.240246648964669  25.0
55338.3984375  6.49406383212185  2.265692113598916  25.0
55347.5  14.213394934824137  1.5320002313473389  25.0
55350.5  16.616151726570912  1.2401487054747071  25.0
55353.3984375  15.770262075251596  1.1103281108465657  25.0
55362.3984375  11.788314870314718  1.4341942730924957  25.0
55365.30078125  11.061183147784984  0.9077650076026806  25.0
55368.3984375  6.873050050896869  1.3360945777362032  25.0
55377.5  5.148472657333677  1.3142619561077347  25.0
55389.30078125  2.208418233975031  0.8762399019423189  25.0
55407.3984375  -0.15977916465973205  1.2941916637195245  25.0
55413.30078125  1.2271275433106574  0.7889096021653179  25.0
55416.30078125  1.8675170004769077  1.2529741673957062  25.0
55422.30078125  -1.7652074156841113  2.5704668581456356  25.0
55428.30078125  3.941121669309781  1.4005153443373375  25.0
55437.30078125  -0.9837384375974919  1.5606860962200442  25.0
55440.30078125  2.8024013373235226  1.0588306562879557  25.0
55443.30078125  0.7687414596555824  1.1074889634273457  25.0
55446.30078125  0.19384972732208294  1.1867910715543135  25.0
55449.19921875  -0.0853722002673645  1.0072353516078205  25.0
55452.30078125  0.8988556980167365  1.219295238640548  25.0
55602.6015625  0.2599348563314046  0.6616345579076022  25.0
55674.5  2.350183079219824  0.9908854179431777  25.0
55677.6015625  -0.029371171690547006  0.89719131226644  25.0
55701.6015625  -2.846653868046485  1.5324897620602753  25.0
55710.5  0.19238117019643744  0.7559160444188018  25.0
55722.3984375  1.3475492976399184  2.1936348359391595  25.0
55737.3984375  0.4835473834157001  1.4835378111878728  25.0
55740.3984375  -0.07802940880360956  4.714562269009494  25.0
55743.30078125  2.494297634539337  1.4906847915335586  25.0
55746.30078125  -0.5768498085010269  0.7132299092719557  25.0
55752.30078125  1.0956425629322195  1.453285504054833  25.0
55761.30078125  -0.14078580716102923  0.7415241402374682  25.0
55764.30078125  1.780773988165932  2.8304996346248927  25.0
55767.30078125  0.6777886979607576  0.6603618060644985  25.0
55770.30078125  -0.9590665751813668  0.9297933294741999  25.0
55773.30078125  -0.5252544104524549  1.1175730346822135  25.0
55776.30078125  0.37555936373180887  0.7831333171526976  25.0
55779.30078125  2.310434268403251  1.524559513900204  25.0
55791.30078125  -0.08096652889042791  0.702558410498408  25.0
55794.30078125  -0.2886206978620007  0.8168122925920741  25.0
55797.30078125  1.1091533491776422  0.7654126881549894  25.0
55800.30078125  -2.075366904704695  2.3893447893072444  25.0
55803.30078125  -0.15880012657596837  0.8874009781130213  25.0
55806.30078125  -1.3151430740436456  1.5031185728631464  25.0
56059.3984375  0.4600504227211533  1.6562402878901292  25.0
56062.6015625  -0.34736305291414926  0.7147963982165086  25.0
56065.5  0.8970934621449146  0.7820563589210813  25.0
56088.30078125  -0.41276285759904724  0.9968575432515036  25.0
56091.30078125  0.39063656889545695  1.1549723221609391  25.0
56094.3984375  -0.49872246204298265  1.0705792066615565  25.0
56416.6015625  0.6710333515222645  0.9222547619055396  25.0
56420.6015625  -0.39406321385968446  0.8825057643520938  25.0
56424.6015625  -0.9066880026868459  0.8911213368365889  25.0
56427.5  -1.368011177251103  1.2045117472362399  25.0
56443.5  1.7571792240340782  1.2343723737778687  25.0
56450.5  1.9251822805868941  1.5611756269329806  25.0
56460.5  0.09780599910353426  0.9108000420018245  25.0
56472.3984375  -2.673853541222703  1.731724187172004  25.0
56475.3984375  -0.353922605741155  0.7841123318943523  25.0
56478.30078125  -0.9584791943469051  0.8296376611446364  25.0
56479.3984375  0.2632635811477793  0.839525938788017  25.0
56486.30078125  -0.11405804179796056  0.8074134522931934  25.0
56489.30078125  2.0876048924227955  1.1250137521293484  25.0
56501.3984375  -2.4138207647434458  1.4601387472990697  25.0
56507.30078125  -0.01458768174512077  0.8916108675495252  25.0
56508.30078125  0.1402962881191474  0.7321253933070241  25.0
56512.30078125  0.5154640296148181  0.9945078331767834  25.0
56518.30078125  0.6791593466096049  0.9799201353839625  25.0
56537.30078125  -1.3764309561241108  1.402962904533583  25.0
