#Date  :
#Mag  :
#Magerr  :
#end  :
@INSTRUMENT  SWOPE
@BAND  SWOPE_u
@MAGSYS AB
53439.9362  0.0  8.513048795346151  25.0
53444.922544999994  0.0  8.513048795346151  25.0
53449.90888999999  0.0  8.513048795346151  25.0
53454.89523499999  0.0  8.513048795346151  25.0
53459.88157999999  0.0  8.513048795346151  25.0
53464.867924999984  0.0  8.513048795346151  25.0
53469.85426999998  0.0  8.513048795346151  25.0
53474.84061499998  0.0  8.513048795346151  25.0
53479.82695999998  0.0  8.513048795346151  25.0
53484.813304999974  0.0  8.513048795346151  25.0
53489.79964999997  0.0  8.513048795346151  25.0
53494.78599499997  0.0  8.513048795346151  25.0
53499.77233999997  0.0  8.513048795346151  25.0
53504.758684999964  0.0  8.513048795346151  25.0
53509.74502999996  0.0  8.513048795346151  25.0
53514.73137499996  0.0  8.513048795346151  25.0
53519.71771999996  0.0  8.513048795346151  25.0
53524.704064999954  0.0  8.513048795346151  25.0
53529.69040999995  0.0  8.513048795346151  25.0
53534.67675499995  0.0  8.513048795346151  25.0
53539.66309999995  0.0  8.513048795346151  25.0
53544.649444999945  0.0  8.513048795346151  25.0
53549.63578999994  0.0  8.513048795346151  25.0
53554.62213499994  0.0  8.513048795346151  25.0
53559.60847999994  0.0  8.513048795346151  25.0
53564.594824999935  0.0  8.513048795346151  25.0
53569.58116999993  0.0  8.513048795346151  25.0
53574.56751499993  0.0  8.513048795346151  25.0
53579.55385999993  0.0  8.513048795346151  25.0
53584.540204999925  0.0  8.513048795346151  25.0
53589.52654999992  0.0  8.513048795346151  25.0
53594.51289499992  0.0  8.513048795346151  25.0
53599.49923999992  0.0  8.513048795346151  25.0
53604.485584999915  0.0  8.513048795346151  25.0
53609.47192999991  0.0  8.513048795346151  25.0
53614.45827499991  0.0  8.513048795346151  25.0
53619.44461999991  0.0  8.513048795346151  25.0
53639.39  3626.6439140820744  33.402624856651855  25.0
53641.38  4869.730374353278  40.366686840790216  25.0
53644.38  5642.933288381404  57.170669910582326  25.0
53655.34  2454.1715430221866  24.864130766697564  25.0
53659.29  1423.9833653621074  20.984594366427405  25.0
53663.32  758.4115110006283  16.066024764183254  25.0
53665.33  559.6350621459677  10.308858812912815  25.0
53666.3  511.8054615614374  8.9564147599127  25.0
53669.32  368.3875259251492  6.446651554865566  25.0
53671.33  312.39560551446215  5.754539714995592  25.0
53673.32  274.09740001503855  5.553966768266871  25.0
53675.34  256.03828881435203  7.074599364715574  25.0
53682.33  197.83581480797568  9.11067596074351  25.0
53683.31  193.68898174563526  6.243795068625739  25.0
53687.28  165.31220396778278  8.069682830779604  25.0
53689.31  179.2688844626534  13.209019552044085  25.0
53690.33  148.0147227481003  19.631030062661132  25.0
53694.33  143.45144127121145  7.7952959456546145  25.0
53698.27  134.74259774723453  4.964100751425205  25.0
53699.26  134.1235117456151  4.8177604607412565  25.0
53702.26  129.74926788495972  4.30212571284671  25.0
53712.24  95.47835237959022  3.7813689313574845  25.0
53721.21  86.5176901262027  10.677888815077166  25.0
53730.25  75.14583524738161  5.329314145269189  25.0
