54396.9460430301    25.78027507445063     19.31253142682082     25    
54397.4460430301    32.30005805644398     18.02759627490287     25    
54397.9460430301    39.75810623784367     19.297207049315926    25    
54398.4460430301    48.230676248759764    28.520692154911487    25    
54398.9460430301    57.74455384743369     36.886130717698286    25    
54399.4460430301    68.3969565142179      38.926079479293485    25    
54399.9460430301    80.1967288256643      38.235348467750164    25    
54400.4460430301    93.2560097752621      38.193959604315424    25    
54400.9460430301    107.57174209497921    38.259761328793516    25    
54401.4460430301    123.26494695433608    38.2698687614299      25    
54401.9460430301    140.326704577822      38.227158254699475    25    
54402.4460430301    158.88087897388334    38.126356845888004    25    
54402.9460430301    178.91872719663624    37.96448915322911     25    
54403.4460430301    200.57245383283276    37.77819683842416     25    
54403.9460430301    223.8875987994235     37.54773930727166     25    
54404.4460430301    248.73998433325167    37.425786531787004    25    
54404.9460430301    275.5490541098587     37.46793861352309     25    
54405.4460430301    302.5139072190135     37.62605753602352     25    
54405.9460430301    329.4020957232786     37.9259515033102      25    
54406.4460430301    354.45818138263564    38.24911421376393     25    
54406.9460430301    376.4694030127014     38.52478459296856     25    
54407.4460430301    394.649181199902      38.71088910186683     25    
54407.9460430301    406.90994312430564    38.63232691619335     25    
54408.4460430301    414.26109880388117    38.47360166307974     25    
54408.9460430301    417.14314492017644    38.56963415793244     25    
54409.4460430301    416.0550854442065     38.821836190044145    25    
54409.9460430301    413.1759241405372     39.22168346238067     25    
54410.4460430301    408.41426271270296    39.709463088706244    25    
54410.9460430301    404.0511637883745     40.01168067014114     25    
54411.4460430301    399.91056301997446    40.14613979805918     25    
54411.9460430301    396.5311972129326     37.24058827778511     25    
54412.4460430301    393.95665125119007    29.632843088868967    25    
54412.9460430301    391.8732406723311     24.140980007003012    25    
54413.4460430301    390.2933478414858     24.839576209363997    25    
54413.9460430301    388.97321036022964    25.896564294234103    25    
54414.4460430301    387.9887943796144     25.767654666740366    25    
54414.9460430301    386.74451057223973    25.524738433645545    25    
54415.4460430301    385.1449503141199     25.17173879559022     25    
54415.9460430301    382.5910651200684     24.9705378716378      25    
54416.4460430301    378.65887109099214    25.350197279928672    25    
54416.9460430301    373.0571403014794     25.789558268471087    25    
54417.4460430301    364.99506990199353    25.672852268600494    25    
54417.9460430301    354.8757360930358     25.339965291012287    25    
54418.4460430301    342.8776229335216     25.144139861950542    25    
54418.9460430301    329.2636199482991     25.034040107867565    25    
54419.4460430301    315.16925824783874    25.183233654821343    25    
54419.9460430301    300.5514036768973     25.5136771491242      25    
54420.4460430301    286.63747638293887    25.558209400835587    25    
54420.9460430301    273.33681952347337    25.34925098750874     25    
54421.4460430301    261.25360754021415    25.00331811743187     25    
54421.9460430301    250.39265028686583    24.46733005751746     25    
54422.4460430301    240.89064584112913    24.27483576063591     25    
54422.9460430301    232.75086669904792    24.62135901106139     25    
54423.4460430301    226.11965158464602    24.87202019995227     25    
54423.9460430301    221.0876787954559     24.929590117676497    25    
54424.4460430301    217.4915311659535     24.585843675200373    25    
54424.9460430301    215.36545480186604    23.305072294424694    25    
54425.4460430301    214.42092436922528    22.13866339422541     25    
54425.9460430301    214.48157878852737    22.33304086832355     25    
54426.4460430301    215.39812499673332    22.92097405431047     25    
54426.9460430301    216.88990689040108    23.06628629044919     25    
54427.4460430301    218.9280775510243     23.02473583572946     25    
54427.9460430301    221.25537130533104    22.69056978168011     25    
54428.4460430301    223.88376938978624    22.209275359993477    25    
54428.9460430301    226.62876278660386    22.23131437474091     25    
54429.4460430301    229.49842499767882    22.610569254313873    25    
54429.9460430301    232.29517651914725    22.825869657180306    25    
54430.4460430301    235.03369824300083    22.91242896585102     25    
54430.9460430301    237.55738777298652    22.835494638628855    25    
54431.4460430301    239.87171169577275    22.521324509864684    25    
54431.9460430301    241.8703698395201     22.701008483722013    25    
54432.4460430301    243.5533201566527     23.64584032513547     25    
54432.9460430301    244.82209614895328    24.326220630763675    25    
54433.4460430301    245.64941383390166    24.435244296657086    25    
54433.9460430301    246.01213247297267    24.30195204665095     25    
54434.4460430301    245.87772137734473    23.85688212034007     25    
54434.9460430301    245.28010719243795    23.517913635924465    25    
54435.4460430301    244.23188919055008    23.8378026034848      25    
54435.9460430301    242.74504009059854    24.329409489580605    25    
54436.4460430301    240.85620915184668    24.579560692223975    25    
54436.9460430301    238.53798059513323    24.660346429755556    25    
54437.4460430301    235.77194909375348    24.300919204293194    25    
54437.9460430301    232.52898964326909    23.713453122189616    25    
54438.4460430301    228.67526821653314    23.748201452276106    25    
54438.9460430301    224.2160236423877     24.224755381269727    25    
54439.4460430301    218.99038692252543    24.495073880192454    25    
54439.9460430301    213.00772680584308    24.602637809409764    25    
54440.4460430301    206.2833800863901     24.381882857888584    25    
54440.9460430301    198.78688902911273    23.734349701402117    25    
54441.4460430301    190.79912780130445    23.438854781454616    25    
54441.9460430301    182.31560408368352    23.72079676558784     25    
54442.4460430301    173.586479388723      24.082851896094496    25    
54442.9460430301    164.63827528471003    24.513821754463613    25    
54443.4460430301    155.6956630326835     24.63405980981148     25    
54443.9460430301    146.8312938347256     24.47657569877395     25    
54444.4460430301    138.2341085194973     23.273913231520506    25    
54444.9460430301    130.05844754969647    18.857984401006682    25    
54445.4460430301    122.41869066982332    12.514385912201353    25    
54445.9460430301    115.57567137761143    10.551730066991146    25    
54446.4460430301    109.50097483743501    11.634482401554518    25    
54446.9460430301    104.36730147229741    11.459751278262289    25    
54447.4460430301    100.0829552412323     11.059075725091589    25    
54447.9460430301    96.42834834711401     10.884064718105062    25    
54448.4460430301    93.40896716700011     10.892417635013809    25    
54448.9460430301    90.74888145871026     11.06785204219456     25    
54449.4460430301    88.46775013657515     11.411044042014968    25    
54449.9460430301    86.35368272483153     11.472157320396656    25    
54450.4460430301    84.4030220300044      11.199865815567243    25    
54450.9460430301    82.5559990804129      10.917786721630865    25    
54451.4460430301    80.80888125586404     10.739828338472485    25    
54451.9460430301    79.11039079666449     10.306369484683334    25    
54452.4460430301    77.44777969171092     9.242947583310276     25    
54452.9460430301    75.79597437531655     8.317312199768525     25    
54453.4460430301    74.12980880880554     8.329567143166038     25    
54453.9460430301    72.46817891651858     8.548577253307158     25    
54454.4460430301    70.815091550667       8.443370519850076     25    
54454.9460430301    69.17924281331791     8.250206429302802     25    
54455.4460430301    67.57412394390231     8.029736991707791     25    
54455.9460430301    66.00290102651755     7.793364613614254     25    
54456.4460430301    64.482072975869       7.636228039991809     25    
54456.9460430301    63.01227554139524     7.541800029651333     25    
54457.4460430301    61.61205496703926     7.479328422414615     25    
54457.9460430301    60.28048267842322     7.474155717149434     25    
54458.4460430301    59.03718623788549     7.836881760502124     25    
54458.9460430301    57.88063875807399     8.521522467739532     25    
54459.4460430301    56.83058310887993     8.901152426674235     25    
54459.9460430301    55.88586010081973     8.900713234578053     25    
54460.4460430301    55.06536190049491     9.234680841674196     25    