54396.9460430301    22.08047080126114     13.333772506553254    25    
54397.4460430301    28.585693286845068    12.471501519170866    25    
54397.9460430301    36.16788152482094     13.439680498208086    25    
54398.4460430301    44.929298633969196    20.01362716133505     25    
54398.9460430301    54.905865362068916    25.940900622276345    25    
54399.4460430301    66.22795414659164     27.401222629884167    25    
54399.9460430301    78.90742591007205     26.936268176402322    25    
54400.4460430301    93.09466342177954     26.919897679441185    25    
54400.9460430301    108.78556676589749    26.971022811406442    25    
54401.4460430301    126.1424300566        26.97342725970266     25    
54401.9460430301    145.15329152661218    26.929055123074576    25    
54402.4460430301    165.98425764811984    26.83519815670508     25    
54402.9460430301    188.62360378928312    26.688815881002053    25    
54403.4460430301    213.24317888217286    26.519708903185634    25    
54403.9460430301    239.88137841364272    26.3085766822688      25    
54404.4460430301    268.4828232018313     26.195915315998       25    
54404.9460430301    299.4167217923617     26.23961079373423     25    
54405.4460430301    331.16292689954724    26.366323502971245    25    
54405.9460430301    363.53259341465167    26.57512326996269     25    
54406.4460430301    395.0350417757518     26.799342544039554    25    
54406.9460430301    424.65377272768967    26.99863893574621     25    
54407.4460430301    451.6946336256608     27.138356661673477    25    
54407.9460430301    474.43580884928684    27.087703973631946    25    
54408.4460430301    493.5664268177132     26.988268627366416    25    
54408.9460430301    509.18928682321786    27.098206361653713    25    
54409.4460430301    521.6556477834027     27.33793931462263     25    
54409.9460430301    532.3240490490346     27.69149415823678     25    
54410.4460430301    541.1330171255041     28.11129521426963     25    
54410.9460430301    549.4946593687807     28.358838245956626    25    
54411.4460430301    557.2989066509124     28.451554414023523    25    
54411.9460430301    564.5281513948743     26.352792939477215    25    
54412.4460430301    571.2494531751018     20.846351464222856    25    
54412.9460430301    576.7595277421711     16.83612715802759     25    
54413.4460430301    581.0590798914436     17.3302988449614      25    
54413.9460430301    583.6149641123293     18.087678121014473    25    
54414.4460430301    584.2304456783557     17.985154834942733    25    
54414.9460430301    583.0164739838577     17.78855163113586     25    
54415.4460430301    579.8780974181235     17.485264181650464    25    
54415.9460430301    575.1049965787383     17.28925836316011     25    
54416.4460430301    568.8528919036412     17.525649728393322    25    
54416.9460430301    561.2528217466702     17.82663612033012     25    
54417.4460430301    552.5584113555923     17.761338555150395    25    
54417.9460430301    542.767679130826      17.578770377975626    25    
54418.4460430301    532.05396704922       17.566674505010983    25    
54418.9460430301    520.398740184948      17.66107147545141     25    
54419.4460430301    507.88152046044047    17.912399399283398    25    
54419.9460430301    494.5027491276734     18.268893921654406    25    
54420.4460430301    480.3388557535676     18.361379200756943    25    
54420.9460430301    465.382528659179      18.2190834290378      25    
54421.4460430301    450.15324787425345    17.969165737535327    25    
54421.9460430301    434.5849083887504     17.573096455840616    25    
54422.4460430301    419.49021956322696    17.436134254310144    25    
54422.9460430301    404.8663098326767     17.712099510849214    25    
54423.4460430301    391.404880331644      17.89147828191147     25    
54423.9460430301    379.34622890942256    17.869551909567125    25    
54424.4460430301    368.6335160797406     17.581905337997696    25    
54424.9460430301    359.4433388097736     16.70437457120376     25    
54425.4460430301    351.36756925430376    15.926167814514088    25    
54425.9460430301    344.19479879033713    16.085606564986687    25    
54426.4460430301    337.7415717493755     16.509297994651863    25    
54426.9460430301    331.65280194123676    16.603657327483678    25    
54427.4460430301    325.9201060640574     16.552030501966453    25    
54427.9460430301    320.2680607796729     16.273742016150962    25    
54428.4460430301    314.73017354453475    15.88400277640525     25    
54428.9460430301    309.18818090129844    15.91443126244958     25    
54429.4460430301    303.6483232554227     16.24204131855338     25    
54429.9460430301    297.981343421905      16.413464658353753    25    
54430.4460430301    292.19593884492826    16.460534733680046    25    
54430.9460430301    286.2814114989371     16.329569895217336    25    
54431.4460430301    280.22538321932376    15.961515494880322    25    
54431.9460430301    274.1410449885072     15.890814192399342    25    
54432.4460430301    268.02740787477535    16.299133376301096    25    
54432.9460430301    261.97931928256656    16.617616617631217    25    
54433.4460430301    256.0389936520558     16.695510591370326    25    
54433.9460430301    250.16649678039997    16.619181540114724    25    
54434.4460430301    244.39655061093623    16.26733442206399     25    
54434.9460430301    238.59736669325554    15.983234593142974    25    
54435.4460430301    232.69149028722887    16.17633909510594     25    
54435.9460430301    226.61462367534938    16.50356347765308     25    
54436.4460430301    220.21466142162504    16.69811411709674     25    
54436.9460430301    213.5358725319039     16.77441557518193     25    
54437.4460430301    206.5357091285855     16.475889427240723    25    
54437.9460430301    199.27616298576606    15.949980828347867    25    
54438.4460430301    191.9666551511476     15.705947637109878    25    
54438.9460430301    184.5999780306584     15.665170070548529    25    
54439.4460430301    177.419388649861      15.659814241415186    25    
54439.9460430301    170.40806681287913    15.701209048589256    25    
54440.4460430301    163.70092878075977    15.570972087047735    25    
54440.9460430301    157.30774158096213    15.212419937201279    25    
54441.4460430301    151.19314507358817    15.038968727590117    25    
54441.9460430301    145.3596027220654     15.163846030904427    25    
54442.4460430301    139.7783200129959     15.343532702615958    25    
54442.9460430301    134.43974490794125    15.572841202398674    25    
54443.4460430301    129.34454964947383    15.664697641582146    25    
54443.9460430301    124.4801165293116     15.724013619269755    25    
54444.4460430301    119.8761763948784     15.120634027156388    25    
54444.9460430301    115.54881062244922    12.349288178397677    25    
54445.4460430301    111.51281270794779    8.362062391800164     25    
54445.9460430301    107.80040122570294    7.283696996958174     25    
54446.4460430301    104.40680619648002    8.073475457226541     25    
54446.9460430301    101.351370637801      7.966437337804547     25    
54447.4460430301    98.62134142950815     7.642307314877632     25    
54447.9460430301    96.18181209625457     7.491864465627785     25    
54448.4460430301    94.03375153149064     7.475553255888873     25    
54448.9460430301    92.13555182102917     7.576833525094725     25    
54449.4460430301    90.49056095232092     7.797034286098892     25    
54449.9460430301    89.05107272525233     7.82669960719448      25    
54450.4460430301    87.82156213677895     7.627224465410683     25    
54450.9460430301    86.74273980384709     7.442111470729285     25    
54451.4460430301    85.81470797061358     7.354304328195278     25    
54451.9460430301    84.98323416147349     7.121731073211029     25    
54452.4460430301    84.23792572450003     6.5234517339886615    25    
54452.9460430301    83.54497097861781     6.02249372111641      25    
54453.4460430301    82.8825666531239      6.072287301115265     25    
54453.9460430301    82.24693790217279     6.217236780643839     25    
54454.4460430301    81.62743970268518     6.12236940025855      25    
54454.9460430301    81.02006940511605     5.94521689007869      25    
54455.4460430301    80.414377886062       5.735593744133676     25    
54455.9460430301    79.80791118671529     5.502131833867671     25    
54456.4460430301    79.18788137857442     5.326535532192631     25    
54456.9460430301    78.55379570690344     5.197481077712751     25    
54457.4460430301    77.89127940549817     5.108933147140756     25    
54457.9460430301    77.20105219095626     5.07537413220565      25    
54458.4460430301    76.46790119210922     5.275142353249806     25    
54458.9460430301    75.6930098641499      5.684874468516851     25    
54459.4460430301    74.8610759636834      5.910310429922107     25    
54459.9460430301    73.97299795176008     5.896445787389801     25    
54460.4460430301    73.01413294549661     6.123345818702666     25    