54396.9460430301    11.079824685461178    9.538145825720571     25    
54397.4460430301    15.850173085262648    7.225168647774957     25    
54397.9460430301    21.736653800321825    10.232514254033612    25    
54398.4460430301    28.89401416968014     23.059509267980346    25    
54398.9460430301    37.376610448080086    32.570440006654984    25    
54399.4460430301    47.3817257618693      34.870999284550614    25    
54399.9460430301    58.92730838235711     34.23446737057826     25    
54400.4460430301    72.24092161545137     34.26562640806354     25    
54400.9460430301    87.31636135677418     34.387933532456564    25    
54401.4460430301    104.39921548404762    34.426811269018124    25    
54401.9460430301    123.47138312495242    34.38543675340035     25    
54402.4460430301    144.78422112127905    34.26142787537406     25    
54402.9460430301    168.31998744051293    34.05076852727918     25    
54403.4460430301    194.33615701528757    33.83653150957756     25    
54403.9460430301    222.88011711953075    33.77708766107046     25    
54404.4460430301    253.92058261767704    32.955320907197745    25    
54404.9460430301    287.92492655538206    30.518484832246106    25    
54405.4460430301    323.0156651227452     28.507911706243192    25    
54405.9460430301    358.96509053388274    28.516832283590507    25    
54406.4460430301    393.92542720022266    29.059605352437078    25    
54406.9460430301    426.64404698485066    29.325082183368743    25    
54407.4460430301    456.247612229511      29.538001291354604    25    
54407.9460430301    480.6286788886486     29.511721763766104    25    
54408.4460430301    500.55577646345773    29.41495564191298     25    
54408.9460430301    516.0186059431323     29.52783777195388     25    
54409.4460430301    527.4155810692778     29.76841865585367     25    
54409.9460430301    536.1766848425915     30.14155711073912     25    
54410.4460430301    542.2376156917533     30.590495117463792    25    
54410.9460430301    547.0829031286744     30.86115256801727     25    
54411.4460430301    550.5968775711664     30.9713077917839      25    
54411.9460430301    552.7746817943267     28.51056878980511     25    
54412.4460430301    553.6852545111609     21.95492418307313     25    
54412.9460430301    552.6075290456972     17.00775873629148     25    
54413.4460430301    549.5357645546261     17.6021179409317      25    
54413.9460430301    543.9543010147969     18.517975147196       25    
54414.4460430301    535.5769544430667     18.357091787900167    25    
54414.9460430301    524.8852182422621     18.08817759809942     25    
54415.4460430301    511.81745312214366    17.707292494085127    25    
54415.9460430301    497.07718398990426    17.469736643150544    25    
54416.4460430301    481.0956971347115     17.786806945505603    25    
54416.9460430301    464.2181193178346     18.171513875942605    25    
54417.4460430301    447.16664617531217    18.006686992587035    25    
54417.9460430301    429.84365315647244    17.708636076119593    25    
54418.4460430301    412.57610857774534    17.922212906805846    25    
54418.9460430301    395.26370250792064    18.39023172945629     25    
54419.4460430301    377.819195403458      18.70044228461758     25    
54419.9460430301    360.2467572690083     18.91080410482862     25    
54420.4460430301    342.44840374254494    18.93935562724593     25    
54420.9460430301    324.43051732201883    18.794157446473683    25    
54421.4460430301    306.38694092826734    18.481599036230506    25    
54421.9460430301    288.2839478632615     17.949023491749802    25    
54422.4460430301    270.51421793394553    17.671805044706826    25    
54422.9460430301    253.07479362640677    17.811971262084885    25    
54423.4460430301    236.3010841316014     17.922060137092878    25    
54423.9460430301    220.278776205268      18.123515511073116    25    
54424.4460430301    205.0990328230087     17.51705250090177     25    
54424.9460430301    190.85025213739954    14.691832092106186    25    
54425.4460430301    177.4924826629792     11.39110837847598     25    
54425.9460430301    165.0275593029124     10.760127870426487    25    
54426.4460430301    153.4493433123605     11.251650755448063    25    
54426.9460430301    142.76800643355142    11.291425337443991    25    
54427.4460430301    132.9466284898403     11.299857231054867    25    
54427.9460430301    123.92692080858887    11.06521245629522     25    
54428.4460430301    115.68367012607754    10.713329310863395    25    
54428.9460430301    108.06716023937398    10.670004423597936    25    
54429.4460430301    101.08326904840142    10.847474412754043    25    
54429.9460430301    94.56625778193101     10.954258078882608    25    
54430.4460430301    88.52793534119134     11.010325352431408    25    
54430.9460430301    82.88530705713201     10.912957804311176    25    
54431.4460430301    77.63459398829701     10.700871006033255    25    
54431.9460430301    72.78251834158269     9.808603510454093     25    
54432.4460430301    68.32851898204598     7.5142175155119055    25    
54432.9460430301    64.27364603003605     5.363573700834833     25    
54433.4460430301    60.625614142530324    5.311500951758405     25    
54433.9460430301    57.3555914493853      5.644235895765022     25    
54434.4460430301    54.46548501777517     5.419286179859121     25    
54434.9460430301    51.90866501134792     5.240354718845959     25    
54435.4460430301    49.65479629858743     5.393406539328127     25    
54435.9460430301    47.67836588366216     5.629042263291962     25    
54436.4460430301    45.93419989545159     5.750920520022806     25    
54436.9460430301    44.40891204611369     5.785987371955316     25    
54437.4460430301    43.04446916395831     5.606608769195878     25    
54437.9460430301    41.83680536196774     5.266821806777512     25    
54438.4460430301    40.716427879824565    4.930139652950446     25    
54438.9460430301    39.6863990854561      4.586304950389902     25    
54439.4460430301    38.66953933558719     4.498688911903645     25    
54439.9460430301    37.67110590642681     4.673864690511427     25    
54440.4460430301    36.6538838809914      4.571883706923576     25    
54440.9460430301    35.61345075365236     4.093702908771787     25    
54441.4460430301    34.57515475016946     3.7260600129497776    25    
54441.9460430301    33.53803510329403     3.6216931497064238    25    
54442.4460430301    32.52389321244464     3.6411434434935663    25    
54442.9460430301    31.53501954456113     3.8121178664366955    25    
54443.4460430301    30.590479455848147    3.920580268582192     25    
54443.9460430301    29.69649118716407     3.8086423011796913    25    
54444.4460430301    28.86896729869717     3.6398780957337764    25    
54444.9460430301    28.12097345603813     3.501461441203284     25    
54445.4460430301    27.462073786006698    3.4085972049800635    25    
54445.9460430301    26.917283847200306    3.4984874512452264    25    
54446.4460430301    26.47786214149119     3.6328372218718887    25    
54446.9460430301    26.1508819112713      3.518105284017377     25    
54447.4460430301    25.920735413638177    3.2681440913681086    25    
54447.9460430301    25.72913254981059     3.2117529924539743    25    
54448.4460430301    25.578049627680343    3.3037556857143056    25    
54448.9460430301    25.396694113687555    3.4405189073089173    25    
54449.4460430301    25.189709973708972    3.625363690801986     25    
54449.9460430301    24.919688514008907    3.620390985045868     25    
54450.4460430301    24.580218269262033    3.3798342792032594    25    
54450.9460430301    24.21062411151568     3.1827189291292357    25    
54451.4460430301    23.809227527814187    3.068996742431369     25    
54451.9460430301    23.413536866382653    3.141325498949828     25    
54452.4460430301    23.03183267583398     3.5037217142439365    25    
54452.9460430301    22.681801281081984    3.8244859696504445    25    
54453.4460430301    22.37992415620471     3.9842267386395784    25    
54453.9460430301    22.115935025135055    4.04441955762651      25    
54454.4460430301    21.888687457420634    3.977265918241736     25    
54454.9460430301    21.69369394744483     3.8258772644431396    25    
54455.4460430301    21.524436295378298    3.633447229622573     25    
54455.9460430301    21.37938501671888     3.403425527871829     25    
54456.4460430301    21.25056975010823     3.2066392879055314    25    
54456.9460430301    21.137683375178316    3.0343095804234697    25    
54457.4460430301    21.03176649861723     2.9177390271853176    25    
54457.9460430301    20.933267699829955    2.851134194102235     25    
54458.4460430301    20.83270521791216     2.7003020060946232    25    
54458.9460430301    20.73081666768068     2.449302477090624     25    
54459.4460430301    20.61806458499982     2.3722830093523597    25    
54459.9460430301    20.495008955737283    2.4525892866531       25    
54460.4460430301    20.35252327688707     2.9903493434943016    25    