53618.834015837136    17.155492726654543    5.071861373487465     25    
53619.334015837136    20.725595256964432    4.6846328652610385    25    
53619.834015837136    24.667831953568268    4.910604875048136     25    
53620.334015837136    28.99584886803591     7.288511435042905     25    
53620.834015837136    33.711232148903804    9.667537486969202     25    
53621.334015837136    38.832093548225565    10.405383570467851    25    
53621.834015837136    44.35680491488008     10.2471567186304      25    
53622.334015837136    50.305440899752426    10.18279113387177     25    
53622.834015837136    56.67566185371631     10.198800742728176    25    
53623.334015837136    63.48700252483564     10.209494546314614    25    
53623.834015837136    70.73891456763133     10.214642285544247    25    
53624.334015837136    78.44789002569404     10.214801115945276    25    
53624.834015837136    86.61767465884438     10.20918793052871     25    
53625.334015837136    95.25933147204867     10.200811485247174    25    
53625.834015837136    104.3989348893141     10.240396418480959    25    
53626.334015837136    114.00747525205763    10.226262445616616    25    
53626.834015837136    124.12774736536767    9.882894472137588     25    
53627.334015837136    134.65373606879524    9.33640870976491      25    
53627.834015837136    145.1121584936528     9.12593440497586      25    
53628.334015837136    155.55773414867735    9.216613446247452     25    
53628.834015837136    165.27673135139509    9.290762546193092     25    
53629.334015837136    174.3190753886835     9.333648511282655     25    
53629.834015837136    182.1285878533279     9.362972435754484     25    
53630.334015837136    188.490986032942      9.368153191394963     25    
53630.834015837136    193.62436910605575    9.372660740414881     25    
53631.334015837136    197.47417132268674    9.389937493558525     25    
53631.834015837136    200.30892857130596    9.413464789392497     25    
53632.334015837136    202.42258758271305    9.4491838404238       25    
53632.834015837136    203.84974468732182    9.485369471725992     25    
53633.334015837136    205.00298892947202    9.56711141412319      25    
53633.834015837136    205.80740733215777    9.633057362860026     25    
53634.334015837136    206.30254732157678    8.99100750900461      25    
53634.834015837136    206.49810509334262    7.386213550914309     25    
53635.334015837136    206.22077930497267    6.225042066880904     25    
53635.834015837136    205.474015114732      6.262889944377261     25    
53636.334015837136    204.1420337014541     6.456063210245926     25    
53636.834015837136    202.1467996743774     6.441700710594556     25    
53637.334015837136    199.57674620947327    6.416091167376155     25    
53637.834015837136    196.43427842162677    6.380313290179601     25    
53638.334015837136    192.80580703002346    6.345300730749393     25    
53638.834015837136    188.84136553614343    6.3419602138221025    25    
53639.334015837136    184.5428525548083     6.354617725648236     25    
53639.834015837136    180.10137622360926    6.377881974957866     25    
53640.334015837136    175.49351624791774    6.406893800023668     25    
53640.834015837136    170.80314564264444    6.081723303334611     25    
53641.334015837136    166.03130753378943    5.220876757160052     25    
53641.834015837136    161.18489686220897    4.551697532287719     25    
53642.334015837136    156.2643886901997     4.524710408077471     25    
53642.834015837136    151.28173119353553    4.6174869011314135    25    
53643.334015837136    146.23786841189641    4.589530949980919     25    
53643.834015837136    141.14893400863656    4.549627305479703     25    
53644.334015837136    136.02996264763675    4.490714789179652     25    
53644.834015837136    130.88904590365507    4.426590344511371     25    
53645.334015837136    125.7585944569549     4.3983530849831       25    
53645.834015837136    120.63683252882566    4.394308978415165     25    
53646.334015837136    115.56117320542265    4.401368634457122     25    
53646.834015837136    110.52662688497051    4.432886109677846     25    
53647.334015837136    105.57962242416345    4.204918092074463     25    
53647.834015837136    100.71589782175805    3.5127751493578017    25    
53648.334015837136    95.98269663947961     2.8913895720170446    25    
53648.834015837136    91.38655545374817     2.825106630581158     25    
53649.334015837136    86.95963106486393     2.9101937507963926    25    
53649.834015837136    82.73278967915039     2.8960830243878686    25    
53650.334015837136    78.7002540730604      2.8778809841291344    25    
53650.834015837136    74.8788115726314      2.8400697435879625    25    
53651.334015837136    71.25836138488245     2.794056557659375     25    
53651.834015837136    67.81839459614365     2.777439385207519     25    
53652.334015837136    64.56088835061878     2.7840316412825565    25    
53652.834015837136    61.46248778917028     2.7853745936636702    25    
53653.334015837136    58.524900211186065    2.7825477012668824    25    
53653.834015837136    55.73329069722858     2.769348323898113     25    
53654.334015837136    53.08600494053239     2.7801491146121395    25    
53654.834015837136    50.577149467950214    2.6637622502485727    25    
53655.334015837136    48.204532262014375    2.1859717601147817    25    
53655.834015837136    45.96384979482491     1.569186086477754     25    
53656.334015837136    43.85027215414741     1.4025246043340147    25    
53656.834015837136    41.86213190341156     1.5002169673166403    25    
53657.334015837136    39.99209266584287     1.4889570755677417    25    
53657.834015837136    38.24038248708715     1.4570801820385517    25    
53658.334015837136    36.59809363053736     1.448810440874835     25    
53658.834015837136    35.06630045031162     1.4624896843609116    25    
53659.334015837136    33.63599447080674     1.471718757446554     25    
53659.834015837136    32.308980633170265    1.4761083368087358    25    
53660.334015837136    31.07090456036884     1.4680228081483444    25    
53660.834015837136    29.92257616560757     1.4366337634476687    25    
53661.334015837136    28.846931518965093    1.4065801718125566    25    
53661.834015837136    27.8355451560123      1.3974934943292194    25    
53662.334015837136    26.880020127052937    1.397614255321284     25    
53662.834015837136    25.96211432919904     1.4042004633383192    25    
53663.334015837136    25.08392830637659     1.4118912693948569    25    
53663.834015837136    24.232443550356184    1.3936869387642454    25    
53664.334015837136    23.410244395898026    1.355397593091833     25    
53664.834015837136    22.623010306259392    1.3319586254064546    25    
53665.334015837136    21.870041779372464    1.324191481530675     25    
53665.834015837136    21.15764100789084     1.3235139879632112    25    
53666.334015837136    20.486556221189048    1.332640225820028     25    
53666.834015837136    19.858018848606864    1.3361065486588755    25    
53667.334015837136    19.274283231567683    1.3426209200377193    25    
53667.834015837136    18.731488303329705    1.309489154584848     25    
53668.334015837136    18.22757092505229     1.1434528538670397    25    
53668.834015837136    17.76127119076949     0.9064766750576012    25    
53669.334015837136    17.32877258323831     0.828267831962405     25    
53669.834015837136    16.92996891745278     0.8683239431380105    25    
53670.334015837136    16.559602240196615    0.8705525769635519    25    
53670.834015837136    16.21829780895187     0.85103287926759      25    
53671.334015837136    15.899124999843217    0.8400114539963061    25    
53671.834015837136    15.602730084663618    0.8396873220611654    25    
53672.334015837136    15.322668787320321    0.8444238486034134    25    
53672.834015837136    15.058061553203299    0.8569330408130277    25    
53673.334015837136    14.805724241661203    0.8644145790190865    25    
53673.834015837136    14.562931237464683    0.8548639048951571    25    
53674.334015837136    14.330385941495894    0.8405370351352472    25    
53674.834015837136    14.107415652055401    0.8317138326511643    25    
53675.334015837136    13.894127045296921    0.8271359146172552    25    
53675.834015837136    13.69023182856967     0.8351148745017074    25    
53676.334015837136    13.49574789819235     0.8524456614453317    25    
53676.834015837136    13.310299309758863    0.8631963096328534    25    
53677.334015837136    13.133940040150337    0.8682722817190932    25    
53677.834015837136    12.966177085865052    0.8673441943503495    25    
53678.334015837136    12.8070355506895      0.8590348205990853    25    
53678.834015837136    12.656083945508733    0.8486390258012199    25    
53679.334015837136    12.513243590986553    0.8373562970439459    25    
53679.834015837136    12.37821665806667     0.8269473936222861    25    
53680.334015837136    12.250764813787022    0.8202655621753359    25    
53680.834015837136    12.130755751847625    0.8160240091474671    25    
53681.334015837136    12.017802373284864    0.8151880486079464    25    
53681.834015837136    11.911896949243898    0.8156897040459893    25    
53682.334015837136    11.812559423674072    0.8054025840784158    25    
53682.834015837136    11.719843404449497    0.7858584445549882    25    
53683.334015837136    11.633239119148618    0.7826556447434772    25    
53683.834015837136    11.552798271658403    0.7928957620234209    25    
53684.334015837136    11.478044613902505    0.8408993519233144    25    