53618.834015837136    16.463245074271324    7.243863722390546     25    
53619.334015837136    19.586252434204592    7.246837169917367     25    
53619.834015837136    22.963849175330274    7.5022977199895085    25    
53620.334015837136    26.589948643281346    8.726888954345245     25    
53620.834015837136    30.46384335590683     10.141287776094684    25    
53621.334015837136    34.57745478776892     10.682179932126694    25    
53621.834015837136    38.931509155757574    10.696755951963462    25    
53622.334015837136    43.517052407423996    10.746353722628053    25    
53622.834015837136    48.33512811463933     10.82321526118013     25    
53623.334015837136    53.37702304200332     10.871689798947811    25    
53623.834015837136    58.642981772308595    10.890159816655709    25    
53624.334015837136    64.12564823126344     10.883355632156977    25    
53624.834015837136    69.82335166852222     10.846513199050133    25    
53625.334015837136    75.73115756605661     10.79745254226138     25    
53625.834015837136    81.85420015522817     10.696653576746964    25    
53626.334015837136    88.17001414661063     10.659120932307406    25    
53626.834015837136    94.68792346596706     10.981620155687345    25    
53627.334015837136    101.34341713640342    11.50220643359957     25    
53627.834015837136    107.82765506761027    11.82087409584659     25    
53628.334015837136    114.17635987408515    11.992944547539983    25    
53628.834015837136    119.93299121101782    12.14011162901616     25    
53629.334015837136    125.12942025788081    12.272638274515435    25    
53629.834015837136    129.41009510263166    12.34269386991538     25    
53630.334015837136    132.63675685464113    12.296114787270195    25    
53630.834015837136    134.95332036815978    12.293405072938373    25    
53631.334015837136    136.32584565586046    12.450843825707073    25    
53631.834015837136    136.9295633117222     12.677245524945794    25    
53632.334015837136    136.95457743178116    12.968242943053696    25    
53632.834015837136    136.4282157334452     13.242293186674713    25    
53633.334015837136    135.6153914248256     13.2769662389695      25    
53633.834015837136    134.48049706398595    13.096378559858167    25    
53634.334015837136    133.1709924675845     12.367507954228694    25    
53634.834015837136    131.6743546249281     10.90634119922443     25    
53635.334015837136    130.0614513745417     9.973801460876025     25    
53635.834015837136    128.33012043830786    10.116313290745985    25    
53636.334015837136    126.54045454363597    10.333360620417688    25    
53636.834015837136    124.72190633286228    10.271482611318092    25    
53637.334015837136    122.86127834213457    10.153156461428507    25    
53637.834015837136    120.97003576889097    9.976656485360962     25    
53638.334015837136    119.02701546427437    9.814562657082726     25    
53638.834015837136    117.00304836420212    9.873101060701574     25    
53639.334015837136    114.89832375830557    10.044640881905922    25    
53639.834015837136    112.67477245984684    10.08392345934864     25    
53640.334015837136    110.3376586316557     10.020653135019854    25    
53640.834015837136    107.90182934258291    9.665231846835345     25    
53641.334015837136    105.36128706755353    8.886899704314569     25    
53641.834015837136    102.76305805930595    8.358491011624745     25    
53642.334015837136    100.10734918031805    8.427961242328971     25    
53642.834015837136    97.43175434126401     8.564406079003817     25    
53643.334015837136    94.73893332184697     8.51118134250107      25    
53643.834015837136    92.0791266504874      8.420695734669195     25    
53644.334015837136    89.49895524400867     8.312103964831504     25    
53644.834015837136    87.02371216202312     8.22999626603722      25    
53645.334015837136    84.7556428138473      8.371859935050272     25    
53645.834015837136    82.68793512261239     8.653141926371655     25    
53646.334015837136    80.94222203895698     8.729833784396886     25    
53646.834015837136    79.51059201233218     8.609062763267303     25    
53647.334015837136    78.3875021847743      8.712119651155351     25    
53647.834015837136    77.59175668955297     9.128641016108292     25    
53648.334015837136    77.02644790193003     9.511359100349825     25    
53648.834015837136    76.68078187727681     9.790202581845591     25    
53649.334015837136    76.49447501172952     9.956922668149197     25    
53649.834015837136    76.41458509238598     9.953936296897243     25    
53650.334015837136    76.44212076681147     9.823303097684784     25    
53650.834015837136    76.53694062272616     9.530354395728256     25    
53651.334015837136    76.71219926793763     9.151668103776299     25    
53651.834015837136    76.97565284648397     9.075323833577855     25    
53652.334015837136    77.32663768586035     9.242299477735061     25    
53652.834015837136    77.77570715199657     9.386621369402125     25    
53653.334015837136    78.32586318686225     9.518533272515464     25    
53653.834015837136    78.95153277164582     9.559884321164773     25    
53654.334015837136    79.66089950021379     9.494703288729061     25    
53654.834015837136    80.4025986986675      9.314722087756477     25    
53655.334015837136    81.16353801708034     8.91044931629839      25    
53655.834015837136    81.9140724454096      8.515163511675132     25    
53656.334015837136    82.61674485450568     8.485528057439621     25    
53656.834015837136    83.27046735045886     8.584705910020581     25    
53657.334015837136    83.84003055234544     8.44477319704862      25    
53657.834015837136    84.33139973273303     8.178244441297931     25    
53658.334015837136    84.7325269598523      8.074559137792356     25    
53658.834015837136    85.04489752182019     8.120323089250041     25    
53659.334015837136    85.25671813103908     8.14858258890678      25    
53659.834015837136    85.36654447872314     8.158471370962092     25    
53660.334015837136    85.37732954452696     8.094845593612385     25    
53660.834015837136    85.28466099956367     7.9134497206935315    25    
53661.334015837136    85.10453208504417     7.6814282821441155    25    
53661.834015837136    84.84363529115174     7.393380518759588     25    
53662.334015837136    84.5090537641384      7.136049695749645     25    
53662.834015837136    84.11883958346242     7.119571561951099     25    
53663.334015837136    83.66632239053416     7.22876247419733      25    
53663.834015837136    83.15193434848447     7.211262829715853     25    
53664.334015837136    82.57269730423815     7.123165306295108     25    
53664.834015837136    81.88664336860036     7.226838621456302     25    
53665.334015837136    81.09868232914022     7.533224066336749     25    
53665.834015837136    80.16592424262643     7.772219747489425     25    
53666.334015837136    79.08101516930816     7.940079986255818     25    
53666.834015837136    77.84496961953347     7.935940086518127     25    
53667.334015837136    76.43968983411372     7.672520459276016     25    
53667.834015837136    74.90954726677795     7.21396922625297      25    
53668.334015837136    73.28171320256182     6.442233129734246     25    
53668.834015837136    71.57120868888315     5.5412467562586425    25    
53669.334015837136    69.82952607808245     5.297636769974868     25    
53669.834015837136    68.05247447841985     5.513496480677638     25    
53670.334015837136    66.28642949282123     5.5312498807298995    25    
53670.834015837136    64.52620958806858     5.41884711558533      25    
53671.334015837136    62.78477387685857     5.373625596875758     25    
53671.834015837136    61.06130094934124     5.413608388492193     25    
53672.334015837136    59.36605666918819     5.481560631118338     25    
53672.834015837136    57.699911428359044    5.607061047570022     25    
53673.334015837136    56.070289178762486    5.648931370871423     25    
53673.834015837136    54.48118561569632     5.477716203806868     25    
53674.334015837136    52.93559685985866     5.208174549285412     25    
53674.834015837136    51.43918659563552     4.955087640684112     25    
53675.334015837136    49.992772946465635    4.667455752623691     25    
53675.834015837136    48.60435520304527     4.257779763687371     25    
53676.334015837136    47.272863116703746    3.73348738190198      25    
53676.834015837136    46.00340136555865     3.474328845164208     25    
53677.334015837136    44.796163718552656    3.5479393596229483    25    
53677.834015837136    43.64541565021123     3.5921894501483913    25    
53678.334015837136    42.551674354661706    3.5570215487355856    25    
53678.834015837136    41.509366739279336    3.4921901386128114    25    
53679.334015837136    40.517511281169845    3.38943720176352      25    
53679.834015837136    39.57239256976233     3.269469206212209     25    
53680.334015837136    38.67103740688231     3.146489969218288     25    
53680.834015837136    37.811795274505435    3.026634459296123     25    
53681.334015837136    36.98983712203746     2.925214710372444     25    
53681.834015837136    36.20506653219351     2.856922245850139     25    
53682.334015837136    35.45149481687376     2.9029229833118664    25    
53682.834015837136    34.729790733065045    3.0493391533095915    25    
53683.334015837136    34.033594881629625    3.301985108292123     25    
53683.834015837136    33.36355226735848     3.600993015943501     25    
53684.334015837136    32.713721706543495    4.183086877628985     25    