56546.6763011351    0.9437405598228297    0.5131355363757325     25    
56547.1763011351    1.1640068467508198    0.4878261290028795     25    
56547.6763011351    1.4127037981242356    0.48396191288008683    25    
56548.1763011351    1.6936392584370885    0.6199423797137222     25    
56548.6763011351    2.005615417115724     0.838165304696375      25    
56549.1763011351    2.3524688272064145    0.9771638301040965     25    
56549.6763011351    2.734952264768517     1.0032404229478833     25    
56550.1763011351    3.15393354827102      0.9870896897953091     25    
56550.6763011351    3.6131911890538335    0.9837158310510318     25    
56551.1763011351    4.111528209345782     0.9849230740478069     25    
56551.6763011351    4.652809037942902     0.9851577268332146     25    
56552.1763011351    5.237729866602538     0.9842571466207019     25    
56552.6763011351    5.867215722697555     0.9823099665306048     25    
56553.1763011351    6.545015368012515     0.9791506433332128     25    
56553.6763011351    7.269933490381197     0.9747099500829149     25    
56554.1763011351    8.04586294160319      0.9697448721418194     25    
56554.6763011351    8.875279709343102     0.9638844399085315     25    
56555.1763011351    9.755969955768343     0.9581793083711835     25    
56555.6763011351    10.690547151805704    0.9550099256225056     25    
56556.1763011351    11.684696595455414    0.9539408177434306     25    
56556.6763011351    12.69322421692267     0.9554698739810854     25    
56557.1763011351    13.715165904732663    0.9608416551302609     25    
56557.6763011351    14.730285790285668    0.9681155338375271     25    
56558.1763011351    15.683103353490267    0.9742875560095426     25    
56558.6763011351    16.59026773544556     0.9801517922331302     25    
56559.1763011351    17.401985599159413    0.9836806441970629     25    
56559.6763011351    18.091711162899774    0.9819916699349461     25    
56560.1763011351    18.680727115286704    0.9790906307580849     25    
56560.6763011351    19.176447510091926    0.9814495625410753     25    
56561.1763011351    19.572036537939635    0.9880477518919328     25    
56561.6763011351    19.91121319505333     0.996637449384835      25    
56562.1763011351    20.200172254567953    1.0092022000780034     25    
56562.6763011351    20.448596935303293    1.0211964375850195     25    
56563.1763011351    20.694860595283878    1.02819713096186       25    
56563.6763011351    20.931769899752123    1.035565327584002      25    
56564.1763011351    21.156829811123746    1.0057450801026313     25    
56564.6763011351    21.376320482541164    0.8866229066762342     25    
56565.1763011351    21.57901921356192     0.7229526043063463     25    
56565.6763011351    21.74773162946335     0.6480163437778287     25    
56566.1763011351    21.887938525321005    0.67266930127265       25    
56566.6763011351    21.981645373680163    0.7002974744919526     25    
56567.1763011351    22.023192968344706    0.6984366149397985     25    
56567.6763011351    22.014305344065292    0.691610885228826      25    
56568.1763011351    21.949155478269507    0.6841009424999076     25    
56568.6763011351    21.828679598860727    0.6740669416929629     25    
56569.1763011351    21.655412886045397    0.6699361438864914     25    
56569.6763011351    21.429261596571237    0.6793097262932827     25    
56570.1763011351    21.151328153012578    0.6917502323109206     25    
56570.6763011351    20.82295588150016     0.6935211729464091     25    
56571.1763011351    20.44266660317431     0.6869428163332914     25    
56571.6763011351    20.02228168857691     0.6791429325594321     25    
56572.1763011351    19.560759579624175    0.6705501582455052     25    
56572.6763011351    19.065299004009344    0.6630510087424649     25    
56573.1763011351    18.550411741874875    0.6636528320079054     25    
56573.6763011351    18.01130563020822     0.6718496290872612     25    
56574.1763011351    17.465014115639754    0.6768710057486927     25    
56574.6763011351    16.91256282173602     0.6746431046658867     25    
56575.1763011351    16.359714253383128    0.6688892061621559     25    
56575.6763011351    15.8207138658327      0.6603857254816179     25    
56576.1763011351    15.290882445302106    0.6479404692560826     25    
56576.6763011351    14.786823292951949    0.6414257632315297     25    
56577.1763011351    14.309551983427378    0.6480543793361756     25    
56577.6763011351    13.864456408426006    0.6581569221208827     25    
56578.1763011351    13.466769740438732    0.6614650775613151     25    
56578.6763011351    13.113125945294701    0.6608114928204101     25    
56579.1763011351    12.801778178007385    0.6509830425595137     25    
56579.6763011351    12.537072663931752    0.6216043940390139     25    
56580.1763011351    12.31008945860505     0.5882067297243042     25    
56580.6763011351    12.108873476030103    0.5794199411869295     25    
56581.1763011351    11.93739003848565     0.5914814841937157     25    
56581.6763011351    11.780878219019955    0.6015469429204274     25    
56582.1763011351    11.637102589708697    0.6035534972364142     25    
56582.6763011351    11.50434728748685     0.6020594729959011     25    
56583.1763011351    11.374878994204614    0.5951094355491887     25    
56583.6763011351    11.250742064399798    0.5821222929703346     25    
56584.1763011351    11.129575534867316    0.5751792003523356     25    
56584.6763011351    11.011269854944171    0.5812562838235271     25    
56585.1763011351    10.89492597365342     0.5911517998096455     25    
56585.6763011351    10.778423274807137    0.59594083231072       25    
56586.1763011351    10.662373263077475    0.5979259915750195     25    
56586.6763011351    10.545474451489914    0.5971186851740132     25    
56587.1763011351    10.42736250666799     0.5894183270729082     25    
56587.6763011351    10.308245961523962    0.5829910736066493     25    
56588.1763011351    10.187974207655843    0.592055951913038      25    
56588.6763011351    10.066596735671398    0.6135512446701874     25    
56589.1763011351    9.943936832351136     0.6285804228796971     25    
56589.6763011351    9.820536196719013     0.6320119287815212     25    
56590.1763011351    9.695187220325298     0.6296601209150329     25    
56590.6763011351    9.56668915108606      0.6221347154854125     25    
56591.1763011351    9.435572407367413     0.6083419300677615     25    
56591.6763011351    9.29774417695549      0.601956417178617      25    
56592.1763011351    9.15330499420204      0.6105374641830994     25    
56592.6763011351    9.000544479642864     0.6232222910659798     25    
56593.1763011351    8.835875658897738     0.6303504963005511     25    
56593.6763011351    8.6602637816362       0.6347682129002713     25    
56594.1763011351    8.473464245906984     0.6333061847485713     25    
56594.6763011351    8.273997799354001     0.62016387782266       25    
56595.1763011351    8.064901724239634     0.6061043276641122     25    
56595.6763011351    7.84945777153075      0.607344022935899      25    
56596.1763011351    7.626576732224055     0.6200736474110797     25    
56596.6763011351    7.40102022108725      0.6299177824350264     25    
56597.1763011351    7.172895477230863     0.63471193385678       25    
56597.6763011351    6.943640065674828     0.6353083760390774     25    
56598.1763011351    6.716253620746121     0.626843049867536      25    
56598.6763011351    6.489824996361101     0.6097971238878763     25    
56599.1763011351    6.2665326888377635    0.6000781506999187     25    
56599.6763011351    6.046295367962184     0.6043842765089189     25    
56600.1763011351    5.830061282895393     0.6137734386030392     25    
56600.6763011351    5.619340931044973     0.6228145700949759     25    
56601.1763011351    5.413631799482368     0.6332847045818407     25    
56601.6763011351    5.215453142821183     0.6347254266158134     25    
56602.1763011351    5.024462581620262     0.6302175965747221     25    
56602.6763011351    4.842253640838951     0.6092219815965163     25    
56603.1763011351    4.671075662362635     0.5411323555509854     25    
56603.6763011351    4.510203551245453     0.4119033737576446     25    
56604.1763011351    4.362835707054393     0.2954661185215094     25    
56604.6763011351    4.229559693627454     0.27978534445660136    25    
56605.1763011351    4.110039161776387     0.3054107899690244     25    
56605.6763011351    4.005411060544977     0.3031702150261866     25    
56606.1763011351    3.915417344126739     0.2933238346255153     25    
56606.6763011351    3.8353400384340777    0.28622946291065343    25    
56607.1763011351    3.765701626232543     0.2838159236435473     25    
56607.6763011351    3.7039262773231996    0.2844083768913493     25    
56608.1763011351    3.64622573965884      0.2889003855837927     25    
56608.6763011351    3.5937800888789657    0.2969425813268148     25    
56609.1763011351    3.543166505973095     0.3001083530757278     25    
56609.6763011351    3.493649710443275     0.2951908822183661     25    
56610.1763011351    3.4459506226825587    0.28756723189745903    25    
56610.6763011351    3.3999903984895905    0.28273520852436174    25    
56611.1763011351    3.3557914522668604    0.2791004430252031     25    
56611.6763011351    3.3138016503299665    0.2711084231332012     25    
56612.1763011351    3.274067452798782     0.2535069306906273     25    
56612.6763011351    3.236596745077139     0.23530286938076758    25    
56613.1763011351    3.2015941276128337    0.23039645016987306    25    
56613.6763011351    3.1689941328540856    0.2354110222205552     25    
56614.1763011351    3.138207905806689     0.2374533510777235     25    
56614.6763011351    3.109324949414584     0.23363869559553363    25    
56615.1763011351    3.081979642725906     0.22795006481963895    25    
56615.6763011351    3.055726656686161     0.22202437138594533    25    
56616.1763011351    3.030703020109005     0.21527445461735292    25    
56616.6763011351    3.006241927207366     0.20991008688993887    25    
56617.1763011351    2.9824182829715036    0.206515165674516      25    
56617.6763011351    2.958880394617406     0.2045912826879037     25    
56618.1763011351    2.9351892298161704    0.2034943462968893     25    
56618.6763011351    2.911478198738704     0.20351114131470113    25    
56619.1763011351    2.887079659145783     0.20817348960452522    25    
56619.6763011351    2.862073807574719     0.2199538706110398     25    
56620.1763011351    2.836101818063756     0.23203977591750166    25    
56620.6763011351    2.808731019628211     0.2363639203899673     25    
56621.1763011351    2.7800910745589906    0.23640642471167456    25    
56621.6763011351    2.7495136334019583    0.24680729591968628    25    