56035.717471061485    10.70384695282087     3.425295497473967     25    
56036.217471061485    12.620984772102773    3.42197814501894      25    
56036.717471061485    14.675926050250318    3.5191114475896734    25    
56037.217471061485    16.86048261113989     4.040623463829225     25    
56037.717471061485    19.175000503236703    4.702558470122971     25    
56038.217471061485    21.608619022229753    4.99926549172921      25    
56038.717471061485    24.1630810774859      5.0199022012777545    25    
56039.217471061485    26.82740477107825     5.028743921618494     25    
56039.717471061485    29.602178538703907    5.0643379194589215    25    
56040.217471061485    32.47885062339129     5.090034389181741     25    
56040.717471061485    35.454303652596586    5.103869789603521     25    
56041.217471061485    38.52444494790304     5.108419502108491     25    
56041.717471061485    41.681467184869796    5.103876283152011     25    
56042.217471061485    44.925450996950445    5.092697982285677     25    
56042.717471061485    48.248186682187786    5.078601229693351     25    
56043.217471061485    51.65244188183724     5.056660438477698     25    
56043.717471061485    55.10707588858156     5.125989739051135     25    
56044.217471061485    58.65276653797061     5.324315205337321     25    
56044.717471061485    62.10448776171253     5.5155933952622975    25    
56045.217471061485    65.43384688457672     5.6395184978233726    25    
56045.717471061485    68.51462772984624     5.73531393766068      25    
56046.217471061485    71.16168178309226     5.814199894595652     25    
56046.717471061485    73.38178419371378     5.871790172100548     25    
56047.217471061485    74.92632511102313     5.891616465006131     25    
56047.717471061485    75.8229616884423      5.872542871030352     25    
56048.217471061485    76.18436818345046     5.917320288317596     25    
56048.717471061485    75.96867392724315     6.047156578758199     25    
56049.217471061485    75.4021578026859      6.1955074002611195    25    
56049.717471061485    74.53792215207419     6.37819849095258      25    
56050.217471061485    73.47610570430805     6.5073869551416195    25    
56050.717471061485    72.39167205341782     6.479412148636369     25    
56051.217471061485    71.2479838294193      6.316707738710836     25    
56051.717471061485    70.12919381871833     5.901528257420415     25    
56052.217471061485    69.02294964990313     5.185191052446205     25    
56052.717471061485    67.92853538857138     4.7423353175178       25    
56053.217471061485    66.8459017843499      4.789148162500555     25    
56053.717471061485    65.77689126970863     4.884920968404402     25    
56054.217471061485    64.72585774201        4.8616949463154775    25    
56054.717471061485    63.68379420124958     4.823919858108256     25    
56055.217471061485    62.64565037860998     4.77812227591795      25    
56055.717471061485    61.60756218123718     4.741029080319355     25    
56056.217471061485    60.551209649855075    4.803895031655905     25    
56056.717471061485    59.47931903086385     4.947194738672763     25    
56057.217471061485    58.371962204490195    5.002361166774892     25    
56057.717471061485    57.22978039446267     4.970057753888514     25    
56058.217471061485    56.044541219949025    4.821566001996248     25    
56058.717471061485    54.813256928383154    4.43230671814435      25    
56059.217471061485    53.53460967855642     4.031682373854161     25    
56059.717471061485    52.20506167536002     3.9796330377692923    25    
56060.217471061485    50.82548114000778     4.094421247429799     25    
56060.717471061485    49.38782410950767     4.108518408266651     25    
56061.217471061485    47.895249819558124    4.071155338887276     25    
56061.717471061485    46.3979709479327      4.021884099708372     25    
56062.217471061485    44.882842141663986    3.944023152522643     25    
56062.717471061485    43.43337249588572     3.9386261967004312    25    
56063.217471061485    42.05845307493429     4.086701334519226     25    
56063.717471061485    40.80581552920134     4.234633499878379     25    
56064.217471061485    39.73340699593316     4.238082624625472     25    
56064.717471061485    38.82663798014027     4.204470407532149     25    
56065.217471061485    38.1117019344001      4.2972700582419545    25    
56065.717471061485    37.58152673782776     4.472838445492507     25    
56066.217471061485    37.20229735241014     4.618585717641722     25    
56066.717471061485    36.97863806571525     4.744079728969771     25    
56067.217471061485    36.88017399171155     4.8057372889192855    25    
56067.717471061485    36.9052587813405      4.784810097270868     25    
56068.217471061485    37.03272937847061     4.70120434528761      25    
56068.717471061485    37.24668865161511     4.519733407554981     25    
56069.217471061485    37.540393392288955    4.306818730431894     25    
56069.717471061485    37.88380419401082     4.258063930015807     25    
56070.217471061485    38.2805349890359      4.328711113675547     25    
56070.717471061485    38.69405660030685     4.3903548303840445    25    
56071.217471061485    39.125860684842394    4.450583467608265     25    
56071.717471061485    39.570015226884394    4.472227768109905     25    
56072.217471061485    40.018845753340656    4.436692981253395     25    
56072.717471061485    40.48946259696857     4.367959024171753     25    
56073.217471061485    40.98959803984542     4.254482392152843     25    
56073.717471061485    41.52325138248036     4.134639429239743     25    
56074.217471061485    42.110934379633925    4.123825416974692     25    
56074.717471061485    42.74596585201785     4.18281153161266      25    
56075.217471061485    43.41282895436532     4.15315626276756      25    
56075.717471061485    44.11933007492065     4.022047571140585     25    
56076.217471061485    44.80382508609281     3.9356518069832496    25    
56076.717471061485    45.466356229469596    3.950942518639823     25    
56077.217471061485    46.06476453290723     3.980686183762875     25    
56077.717471061485    46.56549270958522     3.9854853980793696    25    
56078.217471061485    46.97288346492137     3.970946106580905     25    
56078.717471061485    47.26000429948555     3.907016826089194     25    
56079.217471061485    47.43718375979425     3.802325762635469     25    
56079.717471061485    47.53225517994886     3.6750992357277648    25    
56080.217471061485    47.540749519074915    3.510777402150108     25    
56080.717471061485    47.49230274188523     3.4235911259259986    25    
56081.217471061485    47.39135625430231     3.473224459766795     25    
56081.717471061485    47.241856662270976    3.541529195235779     25    
56082.217471061485    47.054997246337585    3.5317430982130382    25    
56082.717471061485    46.817528283370294    3.544138308447715     25    
56083.217471061485    46.516072045784895    3.72182893020953      25    
56083.717471061485    46.15097884576898     3.98313643820058      25    
56084.217471061485    45.700380434193555    4.155425694167651     25    
56084.717471061485    45.16589802293861     4.268729812101043     25    
56085.217471061485    44.5479886521885      4.2313535244954465    25    
56085.717471061485    43.83834721018419     3.9845396747548105    25    
56086.217471061485    43.067510931601       3.6429656471264154    25    
56086.717471061485    42.24457399801937     3.2061064814300746    25    
56087.217471061485    41.382682287003725    2.749342167084824     25    
56087.717471061485    40.51001733161643     2.5995766999556307    25    
56088.217471061485    39.622764146712576    2.674822535204519     25    
56088.717471061485    38.74524035132425     2.685268891119258     25    
56089.217471061485    37.87525723530412     2.6541568372538014    25    
56089.717471061485    37.009217706626885    2.662108305766315     25    
56090.217471061485    36.14786368080142     2.726134549093609     25    
56090.717471061485    35.287395887346825    2.8024584059896434    25    
56091.217471061485    34.425222024924835    2.8984017978198744    25    
56091.717471061485    33.563148100730785    2.9620269918151023    25    
56092.217471061485    32.69971433362254     2.9011932466884747    25    
56092.717471061485    31.83802933476729     2.7546689448849913    25    
56093.217471061485    30.99015289735057     2.5966264028855734    25    
56093.717471061485    30.154120393160248    2.413773367570692     25    
56094.217471061485    29.34420284243688     2.2109371210559527    25    
56094.717471061485    28.560313225205537    1.960391987884033     25    
56095.217471061485    27.80936819389839     1.759472037756246     25    
56095.717471061485    27.09651686940203     1.7274852034187818    25    
56096.217471061485    26.418323856824735    1.7608260361092796    25    
56096.717471061485    25.774058260074877    1.7513657059002978    25    
56097.217471061485    25.1631744508829      1.7330215518087626    25    
56097.717471061485    24.582588210382802    1.7041046184849424    25    
56098.217471061485    24.032780262696946    1.6642879645274415    25    
56098.717471061485    23.510480521116918    1.6224078113690426    25    
56099.217471061485    23.016007481785       1.5774156972870275    25    
56099.717471061485    22.54662631867286     1.5366132316628118    25    
56100.217471061485    22.10174723454277     1.4940830393919147    25    
56100.717471061485    21.679833016584837    1.4747232886839012    25    
56101.217471061485    21.27889064736597     1.4938617233793057    25    
56101.717471061485    20.89872274009861     1.5655902021334325    25    
56102.217471061485    20.536328846650292    1.7278169388195181    25    
56102.717471061485    20.192166296921364    1.9521971611245812    25    
56103.217471061485    19.862952958791443    2.3878333080212784    25    