54374.7234854327    10.301810664675457    1.5454068556693097     25    
54375.2234854327    11.974418120890702    1.5442477924862843     25    
54375.7234854327    13.748372707127388    1.548922274695193      25    
54376.2234854327    15.611724228531017    1.5871973221291615     25    
54376.7234854327    17.567529089097413    1.653224168142325      25    
54377.2234854327    19.601633240600307    1.6970046671984371     25    
54377.7234854327    21.715057383564833    1.7053226460002011     25    
54378.2234854327    23.899433989299784    1.7035678396236988     25    
54378.7234854327    26.146735163509003    1.7076377562701448     25    
54379.2234854327    28.457726047273116    1.711536622836222      25    
54379.7234854327    30.8183400019091      1.7146834837100333     25    
54380.2234854327    33.231714171770875    1.7170257586169344     25    
54380.7234854327    35.68564947174454     1.719056034201982      25    
54381.2234854327    38.177175935772354    1.7205240512660018     25    
54381.7234854327    40.70248618288209     1.7222558176684217     25    
54382.2234854327    43.25107888257669     1.7178991599220552     25    
54382.7234854327    45.82590917292811     1.7071033770908342     25    
54383.2234854327    48.40465691329671     1.7563247934582567     25    
54383.7234854327    51.00639957924842     1.9007583550751883     25    
54384.2234854327    53.56854897592306     2.0358511089759013     25    
54384.7234854327    56.05142426549236     2.086193633955176      25    
54385.2234854327    58.45146650477769     2.0956122890861115     25    
54385.7234854327    60.660748608992265    2.107504462174316      25    
54386.2234854327    62.70071657964441     2.1200575925542333     25    
54386.7234854327    64.49328400894504     2.1277705201515156     25    
54387.2234854327    65.9841942273465      2.1259677340210614     25    
54387.7234854327    67.22052028474711     2.1231590481120857     25    
54388.2234854327    68.22627332581158     2.1341878814480664     25    
54388.7234854327    68.99441218619529     2.155494714424718      25    
54389.2234854327    69.63195114583169     2.179544305096029      25    
54389.7234854327    70.13079761556517     2.211102572287402      25    
54390.2234854327    70.54830366288859     2.233643380762376      25    
54390.7234854327    70.95230246986436     2.2426788308085617     25    
54391.2234854327    71.31590883752011     2.2307823569692133     25    
54391.7234854327    71.64385501173359     2.1320100083902993     25    
54392.2234854327    71.94358669202585     1.9084615043667954     25    
54392.7234854327    72.16856028470468     1.7199744554072578     25    
54393.2234854327    72.31033471372203     1.7031887011544464     25    
54393.7234854327    72.35665321101118     1.7516588493344691     25    
54394.2234854327    72.26707273590263     1.758025402134981      25    
54394.7234854327    72.05152760457368     1.748932887987303      25    
54395.2234854327    71.72493908961339     1.7391816653939913     25    
54395.7234854327    71.27686892542816     1.7264296383187743     25    
54396.2234854327    70.74312915396978     1.7204767237464778     25    
54396.7234854327    70.14657756435187     1.7373298161424706     25    
54397.2234854327    69.48672391880372     1.7641890281227905     25    
54397.7234854327    68.80796284434271     1.7747387586682801     25    
54398.2234854327    68.1057499497086      1.776547276499859      25    
54398.7234854327    67.38278925927332     1.7380189959702996     25    
54399.2234854327    66.64700928499303     1.608430681501795      25    
54399.7234854327    65.88636664847122     1.451484048420663      25    
54400.2234854327    65.08784818319488     1.3950802694684616     25    
54400.7234854327    64.25457991693837     1.4168205352012997     25    
54401.2234854327    63.36983039919657     1.4305141078377812     25    
54401.7234854327    62.43091267548224     1.4265063525536454     25    
54402.2234854327    61.44241191624474     1.4182531738665078     25    
54402.7234854327    60.40216536861276     1.4020736377677456     25    
54403.2234854327    59.314648228431       1.383383397331369      25    
54403.7234854327    58.19491691374157     1.3832380851103625     25    
54404.2234854327    57.039244761108726    1.4031150099679104     25    
54404.7234854327    55.862449476462636    1.417546363522612      25    
54405.2234854327    54.66582345480827     1.4243115685949082     25    
54405.7234854327    53.45621093288661     1.4151803044806777     25    
54406.2234854327    52.24628421608465     1.3588562993888613     25    
54406.7234854327    51.03314284055848     1.2603726786865932     25    
54407.2234854327    49.83523044347284     1.1962678344874098     25    
54407.7234854327    48.64999440462013     1.1913764070998718     25    
54408.2234854327    47.489738958269584    1.1999244455966898     25    
54408.7234854327    46.364762958054484    1.1963719985038443     25    
54409.2234854327    45.27218101913646     1.1905817999978727     25    
54409.7234854327    44.21928965994217     1.1753460343314186     25    
54410.2234854327    43.2057769123014      1.148796842642609      25    
54410.7234854327    42.22742108359455     1.1286827668072346     25    
54411.2234854327    41.2840854442058      1.1248392371968696     25    
54411.7234854327    40.374070879864156    1.1266835657034813     25    
54412.2234854327    39.494677435714124    1.1255261563934305     25    
54412.7234854327    38.64646300114526     1.123737984596314      25    
54413.2234854327    37.824692229341935    1.1195080855241892     25    
54413.7234854327    37.03032135873164     1.1136548600910625     25    
54414.2234854327    36.2592470873396      1.1027978498299185     25    
54414.7234854327    35.50920080057266     1.0796195614118704     25    
54415.2234854327    34.77978759523698     1.0515602158221757     25    
54415.7234854327    34.06569927252918     1.0396877587571831     25    
54416.2234854327    33.36798109735242     1.0441294055668136     25    
54416.7234854327    32.683692373643616    1.0451105685847963     25    
54417.2234854327    32.01189983947716     1.0314868308545349     25    
54417.7234854327    31.35287841954587     1.018669176816564      25    
54418.2234854327    30.706072916560487    1.024969554670398      25    
54418.7234854327    30.0716123238211      1.0436847269498135     25    
54419.2234854327    29.448887854966266    1.0552642476410163     25    
54419.7234854327    28.83797654655422     1.059899217354186      25    
54420.2234854327    28.23852680900637     1.0558620064152044     25    
54420.7234854327    27.6503132106227      1.0402774180260683     25    
54421.2234854327    27.07334242726327     1.0134354544002568     25    
54421.7234854327    26.507288882615857    0.968318370070743      25    
54422.2234854327    25.95223626216077     0.89821120773451       25    
54422.7234854327    25.40784568803615     0.8476030074441246     25    
54423.2234854327    24.874358940428614    0.8482278307766792     25    
54423.7234854327    24.351021203732984    0.8618409215577726     25    
54424.2234854327    23.837228579214365    0.8492828889080389     25    
54424.7234854327    23.332979451343746    0.8238064700988081     25    
54425.2234854327    22.835730992178934    0.8105668414556209     25    
54425.7234854327    22.345954240969316    0.8132660854859778     25    
54426.2234854327    21.86168018607133     0.8214152053609796     25    
54426.7234854327    21.3816310124016      0.8335937465762078     25    
54427.2234854327    20.9060878290966      0.8463701526990093     25    
54427.7234854327    20.433775837522152    0.8474366990048492     25    
54428.2234854327    19.964759315047015    0.8395055671164682     25    
54428.7234854327    19.50046908538658     0.8141040011699369     25    
54429.2234854327    19.040845778527828    0.7531708152585562     25    
54429.7234854327    18.586681782170043    0.6862677747003688     25    
54430.2234854327    18.138875663828337    0.6642390078402649     25    
54430.7234854327    17.6973284612437      0.6720929907760171     25    
54431.2234854327    17.264106553003096    0.6685459774266974     25    
54431.7234854327    16.838565542455676    0.648037154975148      25    
54432.2234854327    16.423330607857565    0.6313920337641157     25    
54432.7234854327    16.019409957518       0.6309672734864656     25    
54433.2234854327    15.627325572288385    0.6392532746542026     25    
54433.7234854327    15.250159869545273    0.6522572899758634     25    
54434.2234854327    14.887265353241867    0.6717069451842425     25    
54434.7234854327    14.540250008446927    0.6799336986381873     25    
54435.2234854327    14.21005009874155     0.6695769308113885     25    
54435.7234854327    13.895181335551959    0.6513788299261712     25    
54436.2234854327    13.59475659246982     0.636273004507994      25    
54436.7234854327    13.30886613992275     0.6189960895601716     25    
54437.2234854327    13.035549472190207    0.5808127684275926     25    
54437.7234854327    12.775145202459708    0.505724999650177      25    
54438.2234854327    12.526308539453492    0.43496031815498676    25    
54438.7234854327    12.288389671269078    0.4186833180888373     25    
54439.2234854327    12.061321732773239    0.4290692802336171     25    
54439.7234854327    11.844042496172575    0.4271766327518735     25    
54440.2234854327    11.636819677787658    0.4196363466461406     25    
54440.7234854327    11.43855255099914     0.4119864269622394     25    
54441.2234854327    11.249278120274308    0.40420896705534654    25    
54441.7234854327    11.06839043264045     0.3976323017288506     25    
54442.2234854327    10.895197034959113    0.3945961587117219     25    
54442.7234854327    10.729800019140525    0.39428185276499444    25    
54443.2234854327    10.571070982581643    0.3945096561124773     25    
54443.7234854327    10.41924388758928     0.39075440421539875    25    
54444.2234854327    10.273394200265383    0.4035477917698266     25    
54444.7234854327    10.133216598726268    0.45189251335965286    25    
54445.2234854327    9.998479116383786     0.505803312109023      25    
54445.7234854327    9.868212713291026     0.5296038701432588     25    
54446.2234854327    9.742666684940916     0.5319786110007995     25    
54446.7234854327    9.620726792023063     0.552794472105984      25    