#Date  :
#Mag  :
#Magerr  :
#end  :
@INSTRUMENT  SWOPE
@BAND  SWOPE_i
@MAGSYS AB
54688.63619999999  0.0  26.134429315168006  25.0
54693.62254499999  0.0  26.134429315168006  25.0
54698.60888999999  0.0  26.134429315168006  25.0
54703.595234999986  0.0  26.134429315168006  25.0
54708.581579999984  0.0  26.134429315168006  25.0
54713.56792499998  0.0  26.134429315168006  25.0
54718.55426999998  0.0  26.134429315168006  25.0
54723.540614999976  0.0  26.134429315168006  25.0
54728.526959999974  0.0  26.134429315168006  25.0
54733.51330499997  0.0  26.134429315168006  25.0
54738.49964999997  0.0  26.134429315168006  25.0
54743.485994999966  0.0  26.134429315168006  25.0
54748.472339999964  0.0  26.134429315168006  25.0
54753.45868499996  0.0  26.134429315168006  25.0
54758.44502999996  0.0  26.134429315168006  25.0
54763.43137499996  0.0  26.134429315168006  25.0
54768.417719999954  0.0  26.134429315168006  25.0
54773.40406499995  0.0  26.134429315168006  25.0
54778.39040999995  0.0  26.134429315168006  25.0
54783.37675499995  0.0  26.134429315168006  25.0
54788.363099999944  0.0  26.134429315168006  25.0
54793.34944499994  0.0  26.134429315168006  25.0
54798.33578999994  0.0  26.134429315168006  25.0
54803.32213499994  0.0  26.134429315168006  25.0
54808.308479999934  0.0  26.134429315168006  25.0
54813.29482499993  0.0  26.134429315168006  25.0
54818.28116999993  0.0  26.134429315168006  25.0
54823.26751499993  0.0  26.134429315168006  25.0
54828.253859999924  0.0  26.134429315168006  25.0
54833.24020499992  0.0  26.134429315168006  25.0
54838.22654999992  0.0  26.134429315168006  25.0
54843.21289499992  0.0  26.134429315168006  25.0
54848.199239999914  0.0  26.134429315168006  25.0
54853.18558499991  0.0  26.134429315168006  25.0
54858.17192999991  0.0  26.134429315168006  25.0
54863.15827499991  0.0  26.134429315168006  25.0
54888.09  6679.85963541501  67.67615896711668  25.0
54896.14  5675.019219634022  26.134429315168006  25.0
54897.08  5449.634010833332  30.11579048548364  25.0
54898.06  5223.569010403151  38.48867883385586  25.0
54900.09  4668.392220768779  38.69773320884961  25.0
54902.08  4293.063741082971  35.586520464567236  25.0
54908.07  4401.16181888074  40.536198384037405  25.0
54911.1  4516.13937751218  20.797590417085907  25.0
54914.0  4470.615676819421  24.705535233479733  25.0
54914.99  4507.827998758261  29.063041144821472  25.0
54917.01  4429.628825931085  28.55887244583977  25.0
54920.0  4168.380318879358  19.196100768362758  25.0
54927.0  2771.834759945563  20.423633275178826  25.0
54927.99  2639.7775841211374  21.881925050461795  25.0
54929.98  2383.237570548751  17.560343369628477  25.0
54930.98  2309.762556315074  19.146329389896874  25.0
54932.99  2116.2517814124412  15.59311937568762  25.0
54937.0  1816.2153284191625  15.055165227186896  25.0
54894.08  6069.701543770837  27.952008587219353  25.0
