54874.59109891877    1095.57841208464      220.61271513529118    25    
54875.09109891877    1324.5285705228762    217.3430294607247     25    
54875.59109891877    1574.0753945174938    223.95451182764933    25    
54876.09109891877    1843.9263542473263    261.70745126142884    25    
54876.59109891877    2133.8270282477083    295.782113766975      25    
54877.09109891877    2443.4662475377954    301.6316297026672     25    
54877.59109891877    2772.607897797739     299.1007554280139     25    
54878.09109891877    3120.922834916734     300.19963922067103    25    
54878.59109891877    3488.192587690035     301.10630736251875    25    
54879.09109891877    3874.0707009065886    301.72772322537446    25    
54879.59109891877    4278.355682447044     302.1265685790818     25    
54880.09109891877    4700.684430029813     302.28922013544553    25    
54880.59109891877    5140.871766591218     302.3759788753124     25    
54881.09109891877    5599.160912011088     303.5486789884106     25    
54881.59109891877    6073.81458821084      303.45488211043266    25    
54882.09109891877    6566.600331326115     296.2005522472715     25    
54882.59109891877    7066.476660323877     287.7286246334622     25    
54883.09109891877    7558.73948661841      288.8040672849587     25    
54883.59109891877    8033.827278183034     293.850558956119      25    
54884.09109891877    8467.958865483999     296.9911237274084     25    
54884.59109891877    8856.51344053171      299.4363990254944     25    
54885.09109891877    9172.346612224183     300.19077971039667    25    
54885.59109891877    9426.474851736251     300.2976810436682     25    
54886.09109891877    9624.396545110487     301.8320926017866     25    
54886.59109891877    9775.14704575153      304.1331391148544     25    
54887.09109891877    9902.033082519165     307.290902597116      25    
54887.59109891877    10008.318199895351    310.3751445889531     25    
54888.09109891877    10119.495108064964    311.18442991684014    25    
54888.59109891877    10229.367716959856    309.6226558008887     25    
54889.09109891877    10338.454900682676    302.017606639749      25    
54889.59109891877    10441.81651282439     291.7039252702293     25    
54890.09109891877    10525.273499267287    290.6112827022216     25    
54890.59109891877    10587.54556327692     294.5287952994037     25    
54891.09109891877    10613.608656263643    295.00123823826794    25    
54891.59109891877    10605.837242734851    293.82392444843026    25    
54892.09109891877    10561.756109340546    292.1371583157496     25    
54892.59109891877    10483.218119923205    290.2019756956917     25    
54893.09109891877    10375.77739198035     290.4394870986573     25    
54893.59109891877    10239.771902725846    291.87511344576603    25    
54894.09109891877    10080.749748887964    293.1327190610395     25    
54894.59109891877    9898.68567165255      292.1339105160265     25    
54895.09109891877    9697.757022452679     270.680456876366      25    
54895.59109891877    9477.943907664865     231.98492328480242    25    
54896.09109891877    9242.427386434907     216.41833538833987    25    
54896.59109891877    8991.343847530314     220.57242226974898    25    
54897.09109891877    8727.693220724837     220.09763257417183    25    
54897.59109891877    8452.180484414219     217.5267263601396     25    
54898.09109891877    8172.646678798353     213.98562784955539    25    
54898.59109891877    7889.572440576722     209.69588235394923    25    
54899.09109891877    7614.619993180032     207.84776949064104    25    
54899.59109891877    7347.779919610779     208.02545535517632    25    
54900.09109891877    7101.051985413282     207.63070182726818    25    
54900.59109891877    6873.792403415517     206.56717058773685    25    
54901.09109891877    6669.354706667044     199.52595378333552    25    
54901.59109891877    6487.343887203564     186.65022425246121    25    
54902.09109891877    6323.713306542502     181.51069989575788    25    
54902.59109891877    6178.493538033431     184.03062289500568    25    
54903.09109891877    6047.86191150944      184.876125353903      25    
54903.59109891877    5931.877001751053     184.2462913380444     25    
54904.09109891877    5827.770648461312     182.49045179053707    25    
54904.59109891877    5735.573566815625     179.55415717502638    25    
54905.09109891877    5653.500264697233     178.88343905890827    25    
54905.59109891877    5581.573283093425     180.59677499025494    25    
54906.09109891877    5517.988377962048     181.50433856332157    25    
54906.59109891877    5462.789384493892     181.54782180490338    25    
54907.09109891877    5413.540461233748     180.9850706466857     25    
54907.59109891877    5370.29671886731      180.0359070811731     25    
54908.09109891877    5329.970925455424     173.03520538710126    25    
54908.59109891877    5292.574566380882     157.8849502699771     25    
54909.09109891877    5255.04317203466      149.40143826204988    25    
54909.59109891877    5217.301384205543     150.76873819132487    25    
54910.09109891877    5177.133903586842     150.66950773518917    25    
54910.59109891877    5134.424737043085     147.75100681147532    25    
54911.09109891877    5087.9252637171185    147.09037991838872    25    
54911.59109891877    5037.603845924862     149.55999491401522    25    
54912.09109891877    4982.139872664897     151.19624317799116    25    
54912.59109891877    4921.3400409770775    151.6159133664067     25    
54913.09109891877    4855.152969085896     150.03480568461606    25    
54913.59109891877    4783.3381098482905    144.4430801577489     25    
54914.09109891877    4707.452722489378     149.43440808990044    25    
54914.59109891877    4627.545635639582     169.06432717368847    25    
54915.09109891877    4545.071966078104     180.7541781028925     25    
54915.59109891877    4460.261610896656     181.5325039592203     25    
54916.09109891877    4373.674301255382     179.6397856668636     25    
54916.59109891877    4285.58665957931      175.58504412635077    25    
54917.09109891877    4195.339868550764     172.87452499922202    25    
54917.59109891877    4102.906644495351     173.00234541977383    25    
54918.09109891877    4007.707244684598     173.8264052177225     25    
54918.59109891877    3909.4614980041874    175.45770776352617    25    
54919.09109891877    3808.703321607186     175.54229125636564    25    
54919.59109891877    3705.103067358992     175.7229855965257     25    
54920.09109891877    3600.87655652291      163.010882245751      25    
54920.59109891877    3496.2907102480303    118.72603828962984    25    
54921.09109891877    3393.390088050695     71.09567748888333     25    
54921.59109891877    3292.7417208756447    68.70280802326828     25    
54922.09109891877    3195.474062113959     74.35579130320392     25    
54922.59109891877    3102.2382892636965    71.85281140117507     25    
54923.09109891877    3012.6898766471245    69.8346702134432      25    
54923.59109891877    2926.862362136156     69.00007673990085     25    
54924.09109891877    2844.5467734477074    68.93568711760163     25    
54924.59109891877    2765.6801845229156    70.0159850815808      25    
54925.09109891877    2690.1458076358326    70.43226709714709     25    
54925.59109891877    2617.872928003757     68.91250200219336     25    
54926.09109891877    2548.84750395149      67.05587256605914     25    
54926.59109891877    2483.051562064913     64.66222276819609     25    
54927.09109891877    2420.461891489609     64.81798457982833     25    
54927.59109891877    2361.0897645212794    71.05320977305472     25    
54928.09109891877    2304.8318977041804    76.23419222209131     25    
54928.59109891877    2251.7021223008182    76.69043936600588     25    
54929.09109891877    2201.43615985018      75.86525182354391     25    
54929.59109891877    2153.9237920662404    74.97600112478484     25    
54930.09109891877    2108.931773761908     73.91292225630367     25    
54930.59109891877    2066.320046625649     72.90593785751098     25    
54931.09109891877    2025.8736574174177    72.10583380233999     25    
54931.59109891877    1987.4411710640625    71.77044441970759     25    
54932.09109891877    1950.8192263096698    71.7282842604986      25    
54932.59109891877    1915.8445808744548    71.9796135209479      25    
54933.09109891877    1882.3258959316327    72.29122994681671     25    
54933.59109891877    1850.0876915497868    72.18718729856568     25    
54934.09109891877    1818.951002100876     72.42582236323678     25    
54934.59109891877    1788.7279185830293    72.95167794577449     25    
54935.09109891877    1759.251826858447     75.60496971077625     25    
54935.59109891877    1730.3226774671402    80.60939441841064     25    