55765.6229162508    3.909021574861155     0.7431134602823324     25    
55766.1229162508    4.586528531405726     0.7361880906281427     25    
55766.6229162508    5.320510697362703     0.7378494342336603     25    
55767.1229162508    6.112344266619797     0.7983395345633301     25    
55767.6229162508    6.961586707819755     0.9133268183517432     25    
55768.1229162508    7.869556877988829     0.9988634487440063     25    
55768.6229162508    8.836640190049014     1.0197222667815162     25    
55769.1229162508    9.862999589899875     1.0135280070286388     25    
55769.6229162508    10.95006172786719     1.0134978526385732     25    
55770.1229162508    12.097393246491523    1.0167175968327276     25    
55770.6229162508    13.3062510789888      1.019182123184994      25    
55771.1229162508    14.57712843158053     1.020730372118394      25    
55771.6229162508    15.910087337290088    1.021502627587333      25    
55772.1229162508    17.30659572898354     1.021559185475554      25    
55772.6229162508    18.766238596997095    1.0207591640392362     25    
55773.1229162508    20.29020636378741     1.0197831080189539     25    
55773.6229162508    21.8813107569748      1.0175990607627188     25    
55774.1229162508    23.536821806525257    1.0158603217494635     25    
55774.6229162508    25.25230050096258     1.0217534962790913     25    
55775.1229162508    27.045227192686614    1.0372622598870809     25    
55775.6229162508    28.85402763740439     1.0535310540254865     25    
55776.1229162508    30.651997383462195    1.0643768425974134     25    
55776.6229162508    32.43820065065186     1.0729536467114802     25    
55777.1229162508    34.113978082691425    1.0810903665473355     25    
55777.6229162508    35.69836216945422     1.0893138251897283     25    
55778.1229162508    37.135496270773814    1.0957089469905044     25    
55778.6229162508    38.360163750342224    1.0978800837915674     25    
55779.1229162508    39.401521400490786    1.0972261402227224     25    
55779.6229162508    40.27944803213842     1.0987091844589547     25    
55780.1229162508    40.97627689098884     1.1027933802111918     25    
55780.6229162508    41.54385720190267     1.1082275359332696     25    
55781.1229162508    42.02287956855449     1.1157551890373985     25    
55781.6229162508    42.401294195165875    1.1246842073437835     25    
55782.1229162508    42.74335399200805     1.1296446263088373     25    
55782.6229162508    43.056250416422024    1.1410803491136696     25    
55783.1229162508    43.3304916072469      1.131033318483229      25    
55783.6229162508    43.57346021566545     1.0502192115837101     25    
55784.1229162508    43.782014593738346    0.9021003512408923     25    
55784.6229162508    43.92644557426008     0.7935901205650251     25    
55785.1229162508    44.00931585456577     0.7878698069381072     25    
55785.6229162508    44.01806601475632     0.8157883004156247     25    
55786.1229162508    43.929874718270234    0.8188356229449464     25    
55786.6229162508    43.75174977855404     0.8154321429267948     25    
55787.1229162508    43.49350175291107     0.8110311947903671     25    
55787.6229162508    43.1482431294367      0.804802681706848      25    
55788.1229162508    42.73366605841529     0.79930619371902       25    
55788.6229162508    42.27118754362856     0.799720085815075      25    
55789.1229162508    41.75346249533847     0.8049855674677482     25    
55789.6229162508    41.207897720013975    0.807205737282855      25    
55790.1229162508    40.6393064371751      0.7985302122063258     25    
55790.6229162508    40.04765372499189     0.7924244468725576     25    
55791.1229162508    39.44258638178837     0.8095677291030186     25    
55791.6229162508    38.82187685895955     0.845939838321849      25    
55792.1229162508    38.18361568316155     0.8732528478178873     25    
55792.6229162508    37.527736177770834    0.8820862261539342     25    
55793.1229162508    36.85387691303585     0.8829022476936614     25    
55793.6229162508    36.1606308335758      0.8815714787297811     25    
55794.1229162508    35.4479678110275      0.876667416994505      25    
55794.6229162508    34.718763883840936    0.8696714484722964     25    
55795.1229162508    33.972439487025724    0.8594576062329339     25    
55795.6229162508    33.21123000534699     0.8487518836551478     25    
55796.1229162508    32.4400652171748      0.8445374532244929     25    
55796.6229162508    31.657272778143145    0.8467131227922517     25    
55797.1229162508    30.86811971786708     0.8480672629069269     25    
55797.6229162508    30.073452870347783    0.8510487772753066     25    
55798.1229162508    29.274635324328788    0.8485342500846157     25    
55798.6229162508    28.47749762182692     0.8165701535470083     25    
55799.1229162508    27.68005395422085     0.7458552521736556     25    
55799.6229162508    26.88850459310979     0.6835951625371439     25    
55800.1229162508    26.10468330958981     0.672547832346986      25    
55800.6229162508    25.329290158187263    0.685695557011655      25    
55801.1229162508    24.56908834353726     0.6897251578871094     25    
55801.6229162508    23.82275752283289     0.6878009995967032     25    
55802.1229162508    23.09282773465641     0.6835430508983633     25    
55802.6229162508    22.38125931861631     0.6749327569177074     25    
55803.1229162508    21.68708374729083     0.6645094559337152     25    
55803.6229162508    21.01060942924246     0.66069930871699       25    
55804.1229162508    20.351780907280258    0.6647184344931333     25    
55804.6229162508    19.710716778698625    0.6692032944611114     25    
55805.1229162508    19.0875978654871      0.670141408741414      25    
55805.6229162508    18.48228416098986     0.6693015586471759     25    
55806.1229162508    17.89450637777995     0.6659657661360112     25    
55806.6229162508    17.324461968574578    0.6628292381606452     25    
55807.1229162508    16.771493357005564    0.6501805480988864     25    
55807.6229162508    16.23524074304455     0.61188654688106       25    
55808.1229162508    15.715758781540925    0.5556438927377436     25    
55808.6229162508    15.212224118423672    0.5207885423447051     25    
55809.1229162508    14.724768930220511    0.5198907169321378     25    
55809.6229162508    14.25301213197771     0.5260635459647087     25    
55810.1229162508    13.796589321276032    0.5190289752668392     25    
55810.6229162508    13.355619222169592    0.5079268901904469     25    
55811.1229162508    12.929746794862337    0.5030409959462343     25    
55811.6229162508    12.51904368362441     0.5071820701141052     25    
55812.1229162508    12.123283632989788    0.5132219048830376     25    
55812.6229162508    11.74238184757972     0.5168127552278434     25    
55813.1229162508    11.376313936963546    0.5194160630159992     25    
55813.6229162508    11.024076524328507    0.5169657409054553     25    
55814.1229162508    10.686082848369361    0.5095612737740941     25    
55814.6229162508    10.361106747910549    0.4958876191805108     25    
55815.1229162508    10.047987388851748    0.46952377496287284    25    
55815.6229162508    9.747091178650248     0.4308563472694715     25    
55816.1229162508    9.456496118004278     0.4043815609598079     25    
55816.6229162508    9.176118587356157     0.4032108722259623     25    
55817.1229162508    8.905730401098667     0.4089499379038493     25    
55817.6229162508    8.644503240306454     0.40415623308072457    25    
55818.1229162508    8.392685453656474     0.39398770816676587    25    
55818.6229162508    8.151032793846412     0.3869599821067078     25    
55819.1229162508    7.919459768161503     0.3857852806000253     25    
55819.6229162508    7.698358104699076     0.38718836853649446    25    
55820.1229162508    7.488468313404747     0.38969846923144713    25    
55820.6229162508    7.2895968323599325    0.39393304887209457    25    
55821.1229162508    7.101468114558676     0.3950549966808941     25    
55821.6229162508    6.92462445159383      0.395452705740025      25    
55822.1229162508    6.757877855429879     0.38858263745337907    25    
55822.6229162508    6.599702620896865     0.35731022472181395    25    
55823.1229162508    6.4506462698490195    0.2950888380633353     25    
55823.6229162508    6.308635534851453     0.24043559636248998    25    
55824.1229162508    6.173380257371797     0.23270536649309853    25    
55824.6229162508    6.044571986618806     0.24491821796606586    25    
55825.1229162508    5.920851326913521     0.24479296215477528    25    
55825.6229162508    5.802521867097174     0.23840474704673487    25    
55826.1229162508    5.689474526656533     0.23324237465635292    25    
55826.6229162508    5.581645378109301     0.23169793596867325    25    
55827.1229162508    5.479051012773487     0.23213334211892356    25    
55827.6229162508    5.3816553993995475    0.23445003240200965    25    
55828.1229162508    5.289524019135461     0.2392759322566185     25    
55828.6229162508    5.202258622925477     0.24204979008864672    25    
55829.1229162508    5.11998430349457      0.23985446634357435    25    
55829.6229162508    5.042304106416063     0.23535914481973208    25    
55830.1229162508    4.968224878656598     0.23201332365452615    25    
55830.6229162508    4.898082788471821     0.2301394826217728     25    
55831.1229162508    4.830833231082856     0.2252850505781426     25    
55831.6229162508    4.766085708896053     0.211991632737315      25    
55832.1229162508    4.703844337720483     0.19484267732242902    25    
55832.6229162508    4.643236411843121     0.18637962834396554    25    
55833.1229162508    4.584357825813837     0.18835768559355923    25    
55833.6229162508    4.527230108569541     0.19115322623859568    25    
55834.1229162508    4.4717971107415915    0.18945506237667897    25    
55834.6229162508    4.418095369000131     0.18629286237886578    25    
55835.1229162508    4.3661563796344325    0.182800945737664      25    
55835.6229162508    4.3159713333387915    0.17863696531590306    25    
55836.1229162508    4.267565498911155     0.17468154473237468    25    
55836.6229162508    4.220951536251117     0.171690834263613      25    
55837.1229162508    4.1761288147978535    0.16936758119941214    25    
55837.6229162508    4.133129175555013     0.16777530891452525    25    
55838.1229162508    4.0919443934129545    0.16658091421002938    25    
55838.6229162508    4.0525982279964685    0.16705079123460603    25    
55839.1229162508    4.015105432574374     0.1707144258330169     25    
55839.6229162508    3.9794636239976544    0.17636451524879387    25    
55840.1229162508    3.945705130100009     0.18090263882307303    25    
55840.6229162508    3.9138225046998856    0.18228844081422776    25    
55841.1229162508    3.8838379008828947    0.1874705619293479     25    
55841.6229162508    3.8557680679210744    0.19831077061519956    25    