56036.172403273114    3.3373086109812053    0.665114958324575      25    
56036.672403273114    3.8426057962236926    0.66075678677953       25    
56037.172403273114    4.3775390478133716    0.6605179941428047     25    
56037.672403273114    4.938689010533982     0.6921349081145173     25    
56038.172403273114    5.527180182164403     0.7595816689689554     25    
56038.672403273114    6.140176014046979     0.8161181818159754     25    
56039.172403273114    6.77605218450644      0.8335244063825785     25    
56039.672403273114    7.435221164228452     0.8311732471598863     25    
56040.172403273114    8.113975225311611     0.830484563252974      25    
56040.672403273114    8.813046287036897     0.8335216234176368     25    
56041.172403273114    9.530376896554197     0.8364688645336591     25    
56041.672403273114    10.263471552944456    0.8392437142040947     25    
56042.172403273114    11.013319472263708    0.8418895090840052     25    
56042.672403273114    11.776317132423232    0.8445120990272403     25    
56043.172403273114    12.552411295708302    0.8470234552518657     25    
56043.672403273114    13.34051989432521     0.8496401649833955     25    
56044.172403273114    14.137839846972245    0.8532608058640336     25    
56044.672403273114    14.946190460605818    0.8586973001861705     25    
56045.172403273114    15.758695247401668    0.860827753340088      25    
56045.672403273114    16.579752670374933    0.8535850496526476     25    
56046.172403273114    17.40105292053411     0.8422798529264672     25    
56046.672403273114    18.18907115575865     0.8399685118402086     25    
56047.172403273114    18.95587797671263     0.8491085853793722     25    
56047.672403273114    19.66935544853703     0.8605708479412215     25    
56048.172403273114    20.301766929792894    0.8680651120457435     25    
56048.672403273114    20.863378570967104    0.8740354208040988     25    
56049.172403273114    21.316240751716304    0.8779037440073881     25    
56049.672403273114    21.64326666415255     0.878234780130716      25    
56050.172403273114    21.87148064597931     0.8777399229650149     25    
56050.672403273114    22.019598691959146    0.8800909986448512     25    
56051.172403273114    22.075841319694195    0.8844856323734894     25    
56051.672403273114    22.097437982265163    0.8897140463320109     25    
56052.172403273114    22.09630708173874     0.8967514763717617     25    
56052.672403273114    22.077769957649313    0.9037456552462532     25    
56053.172403273114    22.095806848972508    0.9055767764023751     25    
56053.672403273114    22.147009896589097    0.9017202747071618     25    
56054.172403273114    22.222329784178132    0.896355241032832      25    
56054.672403273114    22.32708823803639     0.8914401979126857     25    
56055.172403273114    22.455976113003434    0.8863753376014137     25    
56055.672403273114    22.57600512072805     0.8850205077542437     25    
56056.172403273114    22.69267780220154     0.8895563706550209     25    
56056.672403273114    22.78986862023563     0.8949776470860091     25    
56057.172403273114    22.843176895347902    0.8961778256851548     25    
56057.672403273114    22.86062235935673     0.8946522207360847     25    
56058.172403273114    22.836258475302543    0.892530017821627      25    
56058.672403273114    22.765611592550908    0.8895600424444443     25    
56059.172403273114    22.65407828411252     0.8867751924104116     25    
56059.672403273114    22.507360123461883    0.8873926338728176     25    
56060.172403273114    22.323392460805042    0.891946505373044      25    
56060.672403273114    22.107585989606243    0.8949604096894785     25    
56061.172403273114    21.862917117535577    0.8996597091663436     25    
56061.672403273114    21.588256187809854    0.9002003082526219     25    
56062.172403273114    21.286649890749008    0.8672033535921195     25    
56062.672403273114    20.957968356804273    0.7775427824995949     25    
56063.172403273114    20.6022926868717      0.678737479280813      25    
56063.672403273114    20.21988878663744     0.6409662073863943     25    
56064.172403273114    19.810665722415955    0.6480923907093425     25    
56064.672403273114    19.37602886238824     0.6541141146112663     25    
56065.172403273114    18.91202603756562     0.6494189361950653     25    
56065.672403273114    18.42699950764658     0.6436687130055987     25    
56066.172403273114    17.930691208092284    0.6364378535538571     25    
56066.672403273114    17.41791152571282     0.6272314584810099     25    
56067.172403273114    16.91010064093567     0.6201809854331737     25    
56067.672403273114    16.41175397057387     0.6186134629041089     25    
56068.172403273114    15.925191588143512    0.6194900508546507     25    
56068.672403273114    15.472221139945292    0.6185034678553387     25    
56069.172403273114    15.04962662116802     0.6166647396858712     25    
56069.672403273114    14.661272025513064    0.6116823053773263     25    
56070.172403273114    14.313390079795019    0.598804216593878      25    
56070.672403273114    14.002794092381649    0.5805961871837269     25    
56071.172403273114    13.724807025559553    0.5692984110302612     25    
56071.672403273114    13.480350579352738    0.5692201841198832     25    
56072.172403273114    13.26676461258609     0.5724247784278984     25    
56072.672403273114    13.080734111472399    0.5723242791881998     25    
56073.172403273114    12.923645728239288    0.5709199951790183     25    
56073.672403273114    12.789998322590721    0.5682057356954563     25    
56074.172403273114    12.679742799034235    0.5627350656910032     25    
56074.672403273114    12.591045552558569    0.5567517262869389     25    
56075.172403273114    12.518295249034296    0.5546731934962006     25    
56075.672403273114    12.463507281197598    0.5565687422475758     25    
56076.172403273114    12.421424915791611    0.5588004872193325     25    
56076.672403273114    12.389410815005842    0.5595047868825309     25    
56077.172403273114    12.368182101759988    0.5595904109933342     25    
56077.672403273114    12.353187771742519    0.5589222980467937     25    
56078.172403273114    12.345012157973173    0.560647860564022      25    
56078.672403273114    12.342306733826296    0.5557722140011984     25    
56079.172403273114    12.343487621352844    0.5301011272131071     25    
56079.672403273114    12.349150789483206    0.4860747792330126     25    
56080.172403273114    12.35676182423376     0.45392820255197874    25    
56080.672403273114    12.36672942713215     0.45039937718657963    25    
56081.172403273114    12.377607951881357    0.457508183181908      25    
56081.672403273114    12.386871331944146    0.4577913411501592     25    
56082.172403273114    12.395639488032483    0.4544621266455893     25    
56082.672403273114    12.400124899666102    0.45329039904380686    25    
56083.172403273114    12.39946274838518     0.4579349416241978     25    
56083.672403273114    12.393269888389616    0.46484378830725653    25    
56084.172403273114    12.377486280354246    0.4686369790944407     25    
56084.672403273114    12.35268363789851     0.4697541504848834     25    
56085.172403273114    12.318136852048243    0.46862132406210083    25    
56085.672403273114    12.272398971925053    0.46134015829002967    25    
56086.172403273114    12.21625431405366     0.45063658831326       25    
56086.672403273114    12.151806135280692    0.45583155206644865    25    
56087.172403273114    12.078649277910342    0.48659527171876027    25    
56087.672403273114    11.99797848320519     0.5189262034699408     25    
56088.172403273114    11.911610202932607    0.5322640681552486     25    
56088.672403273114    11.818956889406287    0.533584790894568      25    
56089.172403273114    11.720657424796213    0.531014828131759      25    
56089.672403273114    11.617437692641012    0.5250005194612438     25    
56090.172403273114    11.508343475903194    0.5169349120757789     25    
56090.672403273114    11.392070661509054    0.5134041108790677     25    
56091.172403273114    11.269120379282064    0.5141166493405546     25    
56091.672403273114    11.138116508976925    0.5161025808497194     25    
56092.172403273114    10.998272772150944    0.518978727984427      25    
56092.672403273114    10.849872975720041    0.522284465717301      25    
56093.172403273114    10.691991145596468    0.5220807428940745     25    
56093.672403273114    10.524475396670287    0.5239496837725114     25    
56094.172403273114    10.347790129309738    0.51245568143247       25    
56094.672403273114    10.162154303134733    0.45939211087298276    25    
56095.172403273114    9.96748240377773      0.3586442866485543     25    
56095.672403273114    9.764299448702056     0.2666102458668704     25    
56096.172403273114    9.551931879414969     0.24646089045100283    25    
56096.672403273114    9.331829432115057     0.26105231973432197    25    
56097.172403273114    9.10567079191167      0.2598701330191906     25    
56097.672403273114    8.87217041817325      0.25312949148917585    25    
56098.172403273114    8.63738845574149      0.24762109780751518    25    
56098.672403273114    8.402677286214756     0.24505064644463762    25    
56099.172403273114    8.168682695684272     0.24432449073830506    25    
56099.672403273114    7.942102044845991     0.2446746009438171     25    
56100.172403273114    7.721603726108269     0.24705609415293095    25    
56100.672403273114    7.5098791305895       0.2483457564917415     25    
56101.172403273114    7.310190893638723     0.2454020966539052     25    
56101.672403273114    7.1210378670593       0.23962905191121223    25    
56102.172403273114    6.940989358867917     0.2335310006331178     25    
56102.672403273114    6.770471452095002     0.2263028532072748     25    
56103.172403273114    6.608325248020788     0.2200374581410181     25    
56103.672403273114    6.4530177546474645    0.2189738984657934     25    
56104.172403273114    6.305122873587537     0.22246646522444025    25    
56104.672403273114    6.163083051115512     0.22509842132073918    25    
56105.172403273114    6.02648507547414      0.22466795526045213    25    
56105.672403273114    5.895416307992136     0.22307055679633578    25    
56106.172403273114    5.769203090007617     0.22130434990280473    25    
56106.672403273114    5.648051358800733     0.2191170879503405     25    
56107.172403273114    5.531486937250655     0.21691271620842037    25    
56107.672403273114    5.419279596303499     0.21495048574533002    25    
56108.172403273114    5.311467227326454     0.21315908891542365    25    
56108.672403273114    5.20744686262438      0.21201317013468954    25    
56109.172403273114    5.107358360727995     0.211606128098444      25    
56109.672403273114    5.010833238235179     0.21170138971868094    25    
56110.172403273114    4.917491282575498     0.21139240915031043    25    
56110.672403273114    4.827479241654129     0.210909941999222      25    
56111.172403273114    4.740196937989183     0.2148687560089379     25    
56111.672403273114    4.655669793146901     0.22667415004610805    25    
56112.172403273114    4.573682097454954     0.23983276241832657    25    
56112.672403273114    4.493735837833722     0.24658914819681457    25    
56113.172403273114    4.416022252711645     0.24770657816082617    25    
56113.672403273114    4.340006786503519     0.25194765130774954    25    
56114.172403273114    4.265540660790239     0.26051623550785447    25    