55793.59064187234    14.386434128702565    2.4388657753254095    25    
55794.09064187234    16.75006492014381     2.4169994577423832    25    
55794.59064187234    19.242248706877085    2.435303465322478     25    
55795.09064187234    21.84136912420212     2.65149915350669      25    
55795.59064187234    24.550056647032008    2.965358174961732     25    
55796.09064187234    27.340118658474793    3.1188335571671364    25    
55796.59064187234    30.216324151543432    3.123058921744666     25    
55797.09064187234    33.152779725337915    3.112698500094321     25    
55797.59064187234    36.147517422787374    3.124157135952647     25    
55798.09064187234    39.18522290854002     3.1343072597934207    25    
55798.59064187234    42.25010266313991     3.1423526372920203    25    
55799.09064187234    45.34058756467425     3.148847673803811     25    
55799.59064187234    48.43054607497705     3.154171730760472     25    
55800.09064187234    51.524824626435276    3.158109767827079     25    
55800.59064187234    54.59562940693191     3.164348536208182     25    
55801.09064187234    57.647774625564395    3.1669023519773134    25    
55801.59064187234    60.65097975433266     3.189737611752469     25    
55802.09064187234    63.610896233739275    3.2574653122246846    25    
55802.59064187234    66.48026332117341     3.3407004247355405    25    
55803.09064187234    69.18178985747988     3.405757425414235     25    
55803.59064187234    71.72234272373723     3.4611768458279006    25    
55804.09064187234    73.96614211584064     3.503330298399841     25    
55804.59064187234    75.93088170897764     3.5328420467329256    25    
55805.09064187234    77.5218343542089      3.548275358730228     25    
55805.59064187234    78.67042271249275     3.5363663137279735    25    
55806.09064187234    79.47763192236783     3.5306056615217627    25    
55806.59064187234    79.98185010304564     3.5703587046229917    25    
55807.09064187234    80.21926304234759     3.6352417723799086    25    
55807.59064187234    80.38135152714734     3.7091264910325465    25    
55808.09064187234    80.43384732749192     3.7965166640789016    25    
55808.59064187234    80.559916826167       3.8297269249576433    25    
55809.09064187234    80.79509524954375     3.794467589161853     25    
55809.59064187234    81.0941561080089      3.717519764071784     25    
55810.09064187234    81.47909134283897     3.5767411102164908    25    
55810.59064187234    81.89077362202563     3.4258476688044       25    
55811.09064187234    82.23347485969177     3.404324595270499     25    
55811.59064187234    82.52127812294641     3.472814983964943     25    
55812.09064187234    82.63759680698203     3.5030016580967707    25    
55812.59064187234    82.58254731483004     3.490966944979286     25    
55813.09064187234    82.36361237083625     3.4745879753853135    25    
55813.59064187234    81.96246963458762     3.453725963699526     25    
55814.09064187234    81.4219664503212      3.447093619275295     25    
55814.59064187234    80.7765524585265      3.4970976748538902    25    
55815.09064187234    80.02639726572075     3.569473422158225     25    
55815.59064187234    79.227427360884       3.592304652280757     25    
55816.09064187234    78.37373525412023     3.579763919734597     25    
55816.59064187234    77.4457187706556      3.4452883925391338    25    
55817.09064187234    76.45597905239889     3.0830803433282186    25    
55817.59064187234    75.35246679597962     2.7287637912571294    25    
55818.09064187234    74.11179976567091     2.6565600813539567    25    
55818.59064187234    72.72286309309884     2.7068454018385775    25    
55819.09064187234    71.12501154113575     2.702866837198502     25    
55819.59064187234    69.33650412830154     2.6860173847532347    25    
55820.09064187234    67.41202417075213     2.6564193378303984    25    
55820.59064187234    65.32830469866497     2.6056097077844527    25    
55821.09064187234    63.21775244344244     2.580503115414361     25    
55821.59064187234    61.09696825524102     2.616513625151614     25    
55822.09064187234    59.03083145373551     2.660684907052887     25    
55822.59064187234    57.11919193445932     2.664297796464196     25    
55823.09064187234    55.337901841323635    2.647298795826882     25    
55823.59064187234    53.73579715980554     2.621802733563564     25    
55824.09064187234    52.30932845907412     2.5842126258264684    25    
55824.59064187234    51.02213443151075     2.564051657418649     25    
55825.09064187234    49.876347045848306    2.574604248570877     25    
55825.59064187234    48.84886963481804     2.5858304816161017    25    
55826.09064187234    47.923536354725826    2.5816453649221396    25    
55826.59064187234    47.10126784829971     2.5669098832637154    25    
55827.09064187234    46.36654659625922     2.5291559374310704    25    
55827.59064187234    45.722837068669726    2.4729580601603756    25    
55828.09064187234    45.16986358335288     2.4501638483729935    25    
55828.59064187234    44.70780392888142     2.469591213172751     25    
55829.09064187234    44.3357333692241      2.4893599666633945    25    
55829.59064187234    44.059091400919904    2.4964717411513884    25    
55830.09064187234    43.86350139001994     2.4956674356479986    25    
55830.59064187234    43.74020583196422     2.4857011532843263    25    
55831.09064187234    43.683351854359685    2.4637924699959406    25    
55831.59064187234    43.653094765488554    2.4072307807174234    25    
55832.09064187234    43.65684242223405     2.310487616344179     25    
55832.59064187234    43.65320374052062     2.249336195445289     25    
55833.09064187234    43.63792596981738     2.2565160462773948    25    
55833.59064187234    43.60270285221545     2.271932826880436     25    
55834.09064187234    43.53339381850852     2.249310604819684     25    
55834.59064187234    43.43971781605104     2.22578335274553      25    
55835.09064187234    43.329374506365816    2.2554665161339447    25    
55835.59064187234    43.20125109206233     2.3222276709428464    25    
55836.09064187234    43.06679040420165     2.36214444109077      25    
55836.59064187234    42.92564566550372     2.3748785837145636    25    
55837.09064187234    42.78064047763595     2.36466152937047      25    
55837.59064187234    42.63492433671111     2.3112061271865896    25    
55838.09064187234    42.48428666426116     2.259058538994183     25    
55838.59064187234    42.32590408477089     2.2749079517316004    25    
55839.09064187234    42.15964286512215     2.326880264397245     25    
55839.59064187234    41.980670434454616    2.3630907979690776    25    
55840.09064187234    41.790126726038714    2.3913031392281012    25    
55840.59064187234    41.580294539057505    2.383395341113823     25    
55841.09064187234    41.35244381615664     2.311099528542804     25    
55841.59064187234    41.098075195438874    2.2459387207650847    25    
55842.09064187234    40.81251056764368     2.2520306124850866    25    
55842.59064187234    40.493493849770964    2.2901056472628896    25    
55843.09064187234    40.13063140023982     2.332351176988947     25    
55843.59064187234    39.72576194727522     2.381798692167909     25    
55844.09064187234    39.27020343930661     2.384400959854208     25    
55844.59064187234    38.76408300112639     2.3467483217724987    25    
55845.09064187234    38.20559545060698     2.2247857610694446    25    
55845.59064187234    37.59407418032586     1.904594419991595     25    
55846.09064187234    36.928637909168145    1.5093931424352967    25    
55846.59064187234    36.20556053710926     1.3702394187738025    25    
55847.09064187234    35.42768917576507     1.414465929963716     25    
55847.59064187234    34.601789616026174    1.4012747263843792    25    
55848.09064187234    33.724422317670076    1.3460574685179185    25    
55848.59064187234    32.826450519760556    1.3115482995746284    25    
55849.09064187234    31.906541128078533    1.3131845388532635    25    
55849.59064187234    30.986411250463483    1.3321270237651301    25    
55850.09064187234    30.08222643616531     1.371125193918656     25    
55850.59064187234    29.195093889454228    1.410654202732698     25    
55851.09064187234    28.347172798420708    1.399875100948438     25    
55851.59064187234    27.534052184292396    1.349362074352054     25    
55852.09064187234    26.757223236560655    1.29282452109582      25    
55852.59064187234    26.016888392209836    1.2324715519147882    25    
55853.09064187234    25.312512172982927    1.1583893914097718    25    
55853.59064187234    24.644425748532413    1.048667502712297     25    
55854.09064187234    24.011686273512687    0.9374282532136116    25    
55854.59064187234    23.41388219630667     0.8992735413162168    25    
55855.09064187234    22.850326222413923    0.9110419957544118    25    
55855.59064187234    22.316512299888284    0.9063780059915736    25    
55856.09064187234    21.81331109436469     0.8893575451737595    25    
55856.59064187234    21.33580064108796     0.872089533626363     25    
55857.09064187234    20.884044237301385    0.8543465468247172    25    
55857.59064187234    20.45477087285936     0.8407820696483475    25    
55858.09064187234    20.04570771023948     0.8368372404221165    25    
55858.59064187234    19.65608724630454     0.8400594081754046    25    
55859.09064187234    19.281527451930057    0.8400627239574971    25    
55859.59064187234    18.922774933141714    0.8401949803545368    25    
55860.09064187234    18.57472940112431     0.916574522481536     25    
55860.59064187234    18.238059872122047    1.0783817730955987    25    
55861.09064187234    17.908539496573304    1.2023362332407181    25    
55861.59064187234    17.58516800199664     1.2335883821051499    25    
55862.09064187234    17.265924015244803    1.261222183363075     25    
55862.59064187234    16.947325261516653    1.3408283471321059    25    