56199.73174498101    1.988170380418409     0.2840018851885672      25    
56200.23174498101    2.2996167962461325    0.2844927334276396      25    
56200.73174498101    2.6320929597510485    0.2853422070917203      25    
56201.23174498101    2.9846373231029215    0.28850010036942314     25    
56201.73174498101    3.357564422136193     0.2946611681985751      25    
56202.23174498101    3.750127043450268     0.3004199420409571      25    
56202.73174498101    4.161800689012951     0.3030267203013143      25    
56203.23174498101    4.592775194579145     0.3038501008913768      25    
56203.73174498101    5.042017681820441     0.3046715523641367      25    
56204.23174498101    5.50965201466267      0.3058268937874154      25    
56204.73174498101    5.995240650089174     0.3069435289734871      25    
56205.23174498101    6.497973425139953     0.30799380812049404     25    
56205.73174498101    7.018182836566249     0.3089889582526984      25    
56206.23174498101    7.554952325180432     0.30999220662900456     25    
56206.73174498101    8.108033477900111     0.31098667146160824     25    
56207.23174498101    8.67738469123786      0.31203458686967733     25    
56207.73174498101    9.26213431054614      0.3131299415278515      25    
56208.23174498101    9.863321601252808     0.31300039028537996     25    
56208.73174498101    10.478004485857255    0.3154655798829965      25    
56209.23174498101    11.107278511172979    0.3254835284817775      25    
56209.73174498101    11.75097735416791     0.34067060718258063     25    
56210.23174498101    12.385993845220595    0.35223359280017696     25    
56210.73174498101    13.015823238686641    0.3575098831058809      25    
56211.23174498101    13.628298125446777    0.36035076760844514     25    
56211.73174498101    14.197234399786774    0.36352316539744844     25    
56212.23174498101    14.73198222412752     0.3665717014570357      25    
56212.73174498101    15.210833677289923    0.36898573921325206     25    
56213.23174498101    15.616674661778438    0.3702334193604691      25    
56213.73174498101    15.959824598621271    0.3707940832102565      25    
56214.23174498101    16.24742864051951     0.37225688533356954     25    
56214.73174498101    16.473039350159663    0.37483980835650416     25    
56215.23174498101    16.653209566049664    0.3778462513387514      25    
56215.73174498101    16.803755232972524    0.38116502503421235     25    
56216.23174498101    16.91818894474517     0.3849351463195089      25    
56216.73174498101    17.01709906352258     0.38709318321633246     25    
56217.23174498101    17.10747618992372     0.3889113142800567      25    
56217.73174498101    17.184386523528886    0.3877064468475151      25    
56218.23174498101    17.24997888750108     0.37571756375691806     25    
56218.73174498101    17.305944417560685    0.3485877207163759      25    
56219.23174498101    17.344007176980938    0.32298848492475024     25    
56219.73174498101    17.36012262972422     0.31671780560966106     25    
56220.23174498101    17.355561876397914    0.3218122719705849      25    
56220.73174498101    17.32195973887692     0.32480372756947096     25    
56221.23174498101    17.257661087328124    0.3238784975138413      25    
56221.73174498101    17.165728845626983    0.3222174756643224      25    
56222.23174498101    17.046837184583215    0.3204661043159051      25    
56222.73174498101    16.899965943295847    0.31829369687630127     25    
56223.23174498101    16.733051430728455    0.31708284732121933     25    
56223.73174498101    16.54731758438734     0.31824927508869244     25    
56224.23174498101    16.343769196957492    0.3202221935230702      25    
56224.73174498101    16.130004140421672    0.3203066971252075      25    
56225.23174498101    15.904575513699577    0.3185152216168033      25    
56225.73174498101    15.669813902638207    0.3157425702640971      25    
56226.23174498101    15.428261568823517    0.3119613353474216      25    
56226.73174498101    15.178862570230358    0.30722359422846884     25    
56227.23174498101    14.9228816135294      0.30403646557517927     25    
56227.73174498101    14.660184678602135    0.30364366733608034     25    
56228.23174498101    14.391283627134444    0.30408703646609514     25    
56228.73174498101    14.117195231948921    0.3033364478671737      25    
56229.23174498101    13.837550632507632    0.3018251267076704      25    
56229.73174498101    13.553177633117759    0.2998761576543432      25    
56230.23174498101    13.26436792170729     0.29711981148713545     25    
56230.73174498101    12.971082125744594    0.2940690094270207      25    
56231.23174498101    12.674032037293093    0.2925493608873999      25    
56231.73174498101    12.3729960189536      0.2931418022417768      25    
56232.23174498101    12.068513937539269    0.2939111445356435      25    
56232.73174498101    11.76083838937723     0.29453461192437175     25    
56233.23174498101    11.449846848092607    0.29522651437840297     25    
56233.73174498101    11.137631336662995    0.2886149103480643      25    
56234.23174498101    10.8237671110147      0.2665058729946051      25    
56234.73174498101    10.50956036493489     0.23842126254766985     25    
56235.23174498101    10.197665373590421    0.22395463032728424     25    
56235.73174498101    9.88704999709795      0.22418266088831987     25    
56236.23174498101    9.580345182760592     0.22701859545849037     25    
56236.73174498101    9.278831760746284     0.22604591815136194     25    
56237.23174498101    8.982120237909557     0.22467428594211952     25    
56237.73174498101    8.692467643461816     0.22249093294419714     25    
56238.23174498101    8.409592425332614     0.21885171625931574     25    
56238.73174498101    8.134173849988505     0.215314526165077       25    
56239.23174498101    7.8671672146827305    0.2137965870460102      25    
56239.73174498101    7.6081788071147844    0.21379533486747573     25    
56240.23174498101    7.358478864913209     0.2137462423076468      25    
56240.73174498101    7.118667740606984     0.2132359839033016      25    
56241.23174498101    6.888166542183911     0.21248018295462204     25    
56241.73174498101    6.666714669530226     0.2113408199252626      25    
56242.23174498101    6.454846551372214     0.21038225638525676     25    
56242.73174498101    6.25052958908402      0.20731372069638762     25    
56243.23174498101    6.052772682348016     0.19864955947000607     25    
56243.73174498101    5.861858520437999     0.18605301319559678     25    
56244.23174498101    5.675388856985995     0.17768515470262947     25    
56244.73174498101    5.4931957306567325    0.17693064648784082     25    
56245.23174498101    5.3154460927479255    0.17851825718263914     25    
56245.73174498101    5.141524108885858     0.17752739991227662     25    
56246.23174498101    4.971409763956532     0.17509260759188083     25    
56246.73174498101    4.80696239627408      0.17356289448717485     25    
56247.23174498101    4.6484268062542515    0.17439583268774989     25    
56247.73174498101    4.49608408670304      0.17618841102668253     25    
56248.23174498101    4.351861284051861     0.17712720456504144     25    
56248.73174498101    4.2156708988469385    0.17748155217915076     25    
56249.23174498101    4.08715086205199      0.17698033873984187     25    
56249.73174498101    3.966777463900583     0.17519344180008473     25    
56250.23174498101    3.8542462467435743    0.17226152601117756     25    
56250.73174498101    3.746652524273822     0.1680049969640254      25    
56251.23174498101    3.644375055464302     0.16094416351211846     25    
56251.73174498101    3.546122676433927     0.15363599423901766     25    
56252.23174498101    3.4493205203919786    0.15076972116844586     25    
56252.73174498101    3.3547133075189355    0.15219220153162882     25    
56253.23174498101    3.2614461107820127    0.15330767510985024     25    
56253.73174498101    3.1685032568673046    0.15128210788804514     25    
56254.23174498101    3.076797964407796     0.14818988910570188     25    
56254.73174498101    2.987932382379687     0.14645052808519274     25    
56255.23174498101    2.901395166153112     0.14629449741392672     25    
56255.73174498101    2.818440376205361     0.14680850490794184     25    
56256.23174498101    2.7404026032931106    0.1477239447633367      25    
56256.73174498101    2.666766179206644     0.14915082316175352     25    
56257.23174498101    2.5980473454782054    0.14964270703471155     25    
56257.73174498101    2.5349162912724363    0.15004269523667996     25    
56258.23174498101    2.476292138203679     0.14845410027993905     25    
56258.73174498101    2.4208043570379605    0.13992659973258742     25    
56259.23174498101    2.3690270095302566    0.12164395228555748     25    
56259.73174498101    2.3193945258692525    0.10365452988607217     25    
56260.23174498101    2.271070746550636     0.09846082614847193     25    
56260.73174498101    2.224372843071507     0.10089439088233913     25    
56261.23174498101    2.1782583186442404    0.10160304688450172     25    
56261.73174498101    2.1324936304684794    0.09957300725175416     25    
56262.23174498101    2.0876989788398923    0.09761729659224284     25    
56262.73174498101    2.0442337041068837    0.09725623465979322     25    
56263.23174498101    2.0019339109203123    0.09805413084559218     25    
56263.73174498101    1.961536505988137     0.09931638547495727     25    
56264.23174498101    1.923203651812328     0.1013663643316966      25    
56264.73174498101    1.8869046471666129    0.10343657217593556     25    
56265.23174498101    1.8530114573664338    0.10377448812166501     25    
56265.73174498101    1.8215969186831953    0.1023714517600458      25    
56266.23174498101    1.79214401998539      0.1003473152209556      25    
56266.73174498101    1.7644470076239664    0.0988913042397639      25    
56267.23174498101    1.7385520121833893    0.0972392880236827      25    
56267.73174498101    1.7138082031087345    0.09276651653930892     25    
56268.23174498101    1.6902783786837305    0.08252171791518019     25    
56268.73174498101    1.6677587898236048    0.07058381135914674     25    
56269.23174498101    1.6458492447151705    0.06499768922150538     25    
56269.73174498101    1.624667397485711     0.06560975739983622     25    
56270.23174498101    1.6041779623178285    0.06676310933210458     25    
56270.73174498101    1.5843540728104275    0.06609955599309264     25    
56271.23174498101    1.5652125475846905    0.06525054424690406     25    
56271.73174498101    1.5467487939445377    0.0644645523379521      25    
56272.23174498101    1.528964298901402     0.06366913535680949     25    
56272.73174498101    1.5118555331535466    0.0630337123396409      25    
56273.23174498101    1.4954199662467613    0.06275419518110975     25    
56273.73174498101    1.4796585259299224    0.06275010874525085     25    
56274.23174498101    1.4645662989530934    0.06289269315845185     25    
56274.73174498101    1.4501438452491564    0.062284118512204154    25    
56275.23174498101    1.4363891191684925    0.06272956987974823     25    
56275.73174498101    1.4232982404435783    0.06717706542148043     25    
56276.23174498101    1.410872796224231     0.07498863229821019     25    
56276.73174498101    1.3991084438896246    0.08119493216132183     25    
56277.23174498101    1.388003959669371     0.08301279219775226     25    
56277.73174498101    1.377559184444496     0.08344429939985944     25    
56278.23174498101    1.3677693588362398    0.08650980044695009     25    