56430.21418581467    1.2085699732175292    0.48024026493759797    25    
56430.71418581467    1.484633827630031     0.44059931098851707    25    
56431.21418581467    1.797296689764796     0.43278575841617484    25    
56431.71418581467    2.152072824896409     0.6276284430390857     25    
56432.21418581467    2.5472208860960555    0.914720549093926      25    
56432.71418581467    2.9882551386383263    1.091480454571007      25    
56433.21418581467    3.4763364804757613    1.125047061526049      25    
56433.71418581467    4.0126258095609195    1.1051869313746532     25    
56434.21418581467    4.602637391168379     1.1011315063686142     25    
56434.71418581467    5.244629878369328     1.1031877952682791     25    
56435.21418581467    5.944117536438358     1.104391264078218      25    
56435.71418581467    6.702261263328002     1.1046015343400553     25    
56436.21418581467    7.520221956990833     1.103917058588787      25    
56436.71418581467    8.403513882701414     1.1022824215732847     25    
56437.21418581467    9.350395693530942     1.0996162345013119     25    
56437.71418581467    10.366381654754008    1.096561261448553      25    
56438.21418581467    11.454955434364784    1.091067096365829      25    
56438.71418581467    12.613406646913097    1.0869053943950056     25    
56439.21418581467    13.845160283760157    1.093623500695723      25    
56439.71418581467    15.15869701484648     1.1116430909697466     25    
56440.21418581467    16.49688093918764     1.127693504976892      25    
56440.71418581467    17.855370979978005    1.1350851796636237     25    
56441.21418581467    19.2122824131946      1.1392203701111088     25    
56441.71418581467    20.493945068132515    1.144064833878638      25    
56442.21418581467    21.721866699463778    1.1493173140590465     25    
56442.71418581467    22.833501698303785    1.1527930467632128     25    
56443.21418581467    23.792621960841185    1.1523471624987112     25    
56443.71418581467    24.62395126032708     1.1505797024674442     25    
56444.21418581467    25.33277217394901     1.1519782094269873     25    
56444.71418581467    25.910907250571064    1.1559908950782665     25    
56445.21418581467    26.404864436866138    1.1613767301828921     25    
56445.71418581467    26.82495489605573     1.169527710252022      25    
56446.21418581467    27.178090552979725    1.1776420016652955     25    
56446.71418581467    27.507181971018014    1.1856670490862626     25    
56447.21418581467    27.805985231855463    1.2035526596096247     25    
56447.71418581467    28.071134588107853    1.1679415900512657     25    
56448.21418581467    28.30917242461836     0.9919716993533386     25    
56448.71418581467    28.509564327147334    0.7154228989238237     25    
56449.21418581467    28.652468285183854    0.5478913665813161     25    
56449.71418581467    28.743747833744898    0.5711894576876801     25    
56450.21418581467    28.766109261567262    0.6174489298529164     25    
56450.71418581467    28.708280530197243    0.6164249464619554     25    
56451.21418581467    28.579215218109155    0.61208498790106       25    
56451.71418581467    28.38390685325983     0.6066801698663596     25    
56452.21418581467    28.118038342995092    0.5988805194400446     25    
56452.71418581467    27.803957746168056    0.594622976907906      25    
56453.21418581467    27.446273851257928    0.599642875738943      25    
56453.71418581467    27.04900441456649     0.6076008307137472     25    
56454.21418581467    26.633439777635807    0.6074761138451239     25    
56454.71418581467    26.194950684977666    0.5978836053846771     25    
56455.21418581467    25.74156541314242     0.5986888597850792     25    
56455.71418581467    25.277536874621855    0.6252869243916298     25    
56456.21418581467    24.800931408017107    0.6594572035337464     25    
56456.71418581467    24.313597911944235    0.6789799637957367     25    
56457.21418581467    23.814977863964977    0.6876770848432601     25    
56457.71418581467    23.30675967423892     0.6910304786576419     25    
56458.21418581467    22.789288018496933    0.6898457258413684     25    
56458.71418581467    22.26294415125225     0.6844746341596791     25    
56459.21418581467    21.72947043536444     0.6767202428669414     25    
56459.71418581467    21.18831040444551     0.6649730216207455     25    
56460.21418581467    20.641245982759784    0.6569509407372667     25    
56460.71418581467    20.088606585516516    0.6591972720692292     25    
56461.21418581467    19.53084163460465     0.6651757674861156     25    
56461.71418581467    18.969615012244248    0.6658537823790892     25    
56462.21418581467    18.403934424577866    0.6620999389355929     25    
56462.71418581467    17.83842051714909     0.6575682789794712     25    
56463.21418581467    17.27334140744262     0.6524482281311277     25    
56463.71418581467    16.710699937230537    0.6478622605438594     25    
56464.21418581467    16.156938139367057    0.6485839511875539     25    
56464.71418581467    15.610055301716171    0.6549263968176461     25    
56465.21418581467    15.076280568284917    0.6599416713323654     25    
56465.71418581467    14.558508966526285    0.6606286254829512     25    
56466.21418581467    14.055422906730518    0.6588173671777496     25    
56466.71418581467    13.56876510377637     0.6536659611764607     25    
56467.21418581467    13.098888657592774    0.6439424726024817     25    
56467.71418581467    12.641814553750931    0.6377305705134427     25    
56468.21418581467    12.196818861039754    0.6411856630090553     25    
56468.71418581467    11.763153620460184    0.6483358507461908     25    
56469.21418581467    11.336887962293284    0.6518647798263191     25    
56469.71418581467    10.918499013450779    0.6530552613169555     25    
56470.21418581467    10.508895839877358    0.6514296495956953     25    
56470.71418581467    10.106844946864701    0.6499536417896034     25    
56471.21418581467    9.714676237227794     0.6430256041758123     25    
56471.71418581467    9.337104574381614     0.6140952080754509     25    
56472.21418581467    8.972632205533856     0.5561277725407209     25    
56472.71418581467    8.62603003495412      0.5061351445552792     25    
56473.21418581467    8.299885122957916     0.497134197996673      25    
56473.71418581467    7.99256136896424      0.5058508413648451     25    
56474.21418581467    7.7044357307385125    0.503036343150918      25    
56474.71418581467    7.4365257264153675    0.4911512045238668     25    
56475.21418581467    7.182010116709996     0.48303367037170825    25    
56475.71418581467    6.939659905528466     0.48598890648904747    25    
56476.21418581467    6.708045351423638     0.4934849632654266     25    
56476.71418581467    6.4802732431297665    0.49873909466270044    25    
56477.21418581467    6.257685997978051     0.5035470035125025     25    
56477.71418581467    6.038674850803277     0.5036235186909412     25    
56478.21418581467    5.820972108788178     0.4999106454486594     25    
56478.71418581467    5.607196119067508     0.4881307956963785     25    
56479.21418581467    5.401044093305349     0.45084954977214703    25    
56479.71418581467    5.201281890430406     0.37528372543026767    25    
56480.21418581467    5.01202852556344      0.3032906384777991     25    
56480.71418581467    4.835047303298906     0.28771300394796395    25    
56481.21418581467    4.669691220714404     0.30013850047899776    25    
56481.71418581467    4.517629673307073     0.2978181535416287     25    
56482.21418581467    4.3791513161534805    0.2852079740448834     25    
56482.71418581467    4.250758604938183     0.2755652701959069     25    
56483.21418581467    4.131912790691118     0.2753527236502097     25    
56483.71418581467    4.021800492810758     0.27970868646085223    25    
56484.21418581467    3.916873737086565     0.2847840780940436     25    
56484.71418581467    3.8179377082078756    0.2920669183435639     25    
56485.21418581467    3.723440877352722     0.29546155780087185    25    
56485.71418581467    3.6321475342341216    0.2927677847812734     25    
56486.21418581467    3.5451487004075246    0.28446205691830145    25    
56486.71418581467    3.463455725113112     0.2652078066780812     25    
56487.21418581467    3.386701094598237     0.22920971141521762    25    
56487.71418581467    3.316201046722771     0.19772442585760744    25    
56488.21418581467    3.2526303702552286    0.1947777773177556     25    
56488.71418581467    3.1955884738408993    0.2041414797059166     25    
56489.21418581467    3.1453414751157904    0.203341195374722      25    
56489.71418581467    3.102265468382224     0.1943886482566976     25    
56490.21418581467    3.0637124054227964    0.18625736049278827    25    
56490.71418581467    3.0292605098887395    0.1829533797355303     25    
56491.21418581467    2.9982683816646087    0.18231735776588287    25    
56491.71418581467    2.9679741645136857    0.18459800837880572    25    
56492.21418581467    2.93905680445627      0.1906184322558445     25    
56492.71418581467    2.90997816626716      0.19416594389130848    25    
56493.21418581467    2.8797135510973977    0.19129678424750615    25    
56493.71418581467    2.849047536608671     0.18564014949714808    25    
56494.21418581467    2.8184552643723464    0.18137631115642766    25    
56494.71418581467    2.787734343127546     0.17776883548738956    25    
56495.21418581467    2.7576914426217805    0.17569709307544368    25    
56495.71418581467    2.728581858051706     0.17628001212667424    25    
56496.21418581467    2.7004167802077017    0.17838711271905283    25    
56496.71418581467    2.6737574503613533    0.1806795477190061     25    
56497.21418581467    2.648559684663982     0.18375175829165355    25    
56497.71418581467    2.6245420728856206    0.1850669034669268     25    
56498.21418581467    2.6016931161820205    0.18296570346092622    25    
56498.71418581467    2.5799151309082626    0.17884158341466963    25    
56499.21418581467    2.5588976364271843    0.1739566345339006     25    
56499.71418581467    2.53873867925578      0.16776833499084234    25    
56500.21418581467    2.5191277787568924    0.16175679382955865    25    
56500.71418581467    2.4999995705858504    0.1566907298303977     25    
56501.21418581467    2.4812886903979883    0.1523466498833927     25    
56501.71418581467    2.4626846575561427    0.14989301961491505    25    
56502.21418581467    2.4442855185773094    0.15029354366328865    25    
56502.71418581467    2.4257807928243307    0.146931207241774      25    
56503.21418581467    2.4071051159525343    0.1323377677879353     25    
56503.71418581467    2.3881931236172558    0.11234264059772026    25    
56504.21418581467    2.368734335181332     0.10248032719227833    25    
56504.71418581467    2.348826797161758     0.10337223642354128    25    
56505.21418581467    2.328160028921375     0.11213962358734683    25    