56262.20095023111    7.6409520738227155    1.36162772668416       25    
56262.70095023111    8.918013104259273     1.3512603728501427     25    
56263.20095023111    10.279085277780627    1.356244590834771      25    
56263.70095023111    11.717140549098335    1.4461377191140354     25    
56264.20095023111    13.233822334781388    1.5947495143063426     25    
56264.70095023111    14.820575660832052    1.6833402041437937     25    
56265.20095023111    16.47832383075298     1.6936277182070456     25    
56265.70095023111    18.201363637496183    1.6852854179933472     25    
56266.20095023111    19.985750351623352    1.6909302615936321     25    
56266.70095023111    21.83105220684894     1.6967184898759597     25    
56267.20095023111    23.729262483320547    1.7021360560991179     25    
56267.70095023111    25.682283159104685    1.7072287830289559     25    
56268.20095023111    27.682020811772457    1.712276008417156      25    
56268.70095023111    29.728217080191364    1.717090605457756      25    
56269.20095023111    31.816724371338324    1.722364925987458      25    
56269.70095023111    33.94379623680145     1.7310298496804806     25    
56270.20095023111    36.10851779794738     1.7407996448615        25    
56270.70095023111    38.29643090875992     1.738088963618274      25    
56271.20095023111    40.52416377456775     1.7176604515017921     25    
56271.70095023111    42.71313903285086     1.7060576006043646     25    
56272.20095023111    44.85234342022991     1.7216635691794155     25    
56272.70095023111    46.90392353885293     1.7469805150449509     25    
56273.20095023111    48.7762333732121      1.7646183276052072     25    
56273.70095023111    50.49033610617052     1.7785679911300594     25    
56274.20095023111    51.95007990525225     1.7879432961399082     25    
56274.70095023111    53.129033492390754    1.7899583381563835     25    
56275.20095023111    54.086921115228044    1.7930481565619518     25    
56275.70095023111    54.83000778792146     1.8042789587383599     25    
56276.20095023111    55.38643429696886     1.81957271306933       25    
56276.70095023111    55.86679878339913     1.836936412758952      25    
56277.20095023111    56.24608964238173     1.857843961263291      25    
56277.70095023111    56.62543651158191     1.8691293370725144     25    
56278.20095023111    57.03886840243781     1.8640830826110628     25    
56278.70095023111    57.458115449775875    1.853112491466587      25    
56279.20095023111    57.890224793935694    1.8431825555471577     25    
56279.70095023111    58.32391064645865     1.833063102626306      25    
56280.20095023111    58.69130575326031     1.8328521978524233     25    
56280.70095023111    59.005124349839285    1.8450720190371381     25    
56281.20095023111    59.213129917488885    1.8547649618333255     25    
56281.70095023111    59.28699831646456     1.8539539670466327     25    
56282.20095023111    59.24049646880052     1.8490434899075203     25    
56282.70095023111    59.06513217619334     1.8435091428892412     25    
56283.20095023111    58.763371740773565    1.8365983251345797     25    
56283.70095023111    58.366955388835585    1.8361899018983103     25    
56284.20095023111    57.87227688585847     1.8467942994270001     25    
56284.70095023111    57.29918367046265     1.8548202726928897     25    
56285.20095023111    56.665061711639254    1.8659427298063034     25    
56285.70095023111    55.96350955249467     1.8606386988927373     25    
56286.20095023111    55.20060181866389     1.7585651597033503     25    
56286.70095023111    54.37647916567614     1.537886565248236      25    
56287.20095023111    53.4793855687698      1.3628883145095358     25    
56287.70095023111    52.5085996438015      1.3409765930675324     25    
56288.20095023111    51.46044565704013     1.3672908777059058     25    
56288.70095023111    50.32134462120474     1.3603094487323129     25    
56289.20095023111    49.10146641139248     1.3487113211934867     25    
56289.70095023111    47.835336715201166    1.3340024414787186     25    
56290.20095023111    46.50934352491638     1.314212875905622      25    
56290.70095023111    45.188259309486924    1.2997096953118996     25    
56291.20095023111    43.88467141048082     1.2988855098737508     25    
56291.70095023111    42.62024608105943     1.3021921686221067     25    
56292.20095023111    41.454939481121514    1.2997311631047574     25    
56292.70095023111    40.37393146857251     1.2937671225190024     25    
56293.20095023111    39.39186466114597     1.277017497879836      25    
56293.70095023111    38.51760572252011     1.2421046915969074     25    
56294.20095023111    37.72291520934052     1.2113642273311385     25    
56294.70095023111    36.99668452739247     1.2056899465667397     25    
56295.20095023111    36.335388281752266    1.2111335984790152     25    
56295.70095023111    35.710391891747655    1.2103669707040772     25    
56296.20095023111    35.12680311679793     1.2060839166918766     25    
56296.70095023111    34.57686806515997     1.1981851219234712     25    
56297.20095023111    34.05537132068198     1.1832217473988476     25    
56297.70095023111    33.571592460631116    1.1693854062828173     25    
56298.20095023111    33.13114322908937     1.166845749816545      25    
56298.70095023111    32.73355673711423     1.1706876394979249     25    
56299.20095023111    32.38964524558809     1.1720829604625773     25    
56299.70095023111    32.10060637468015     1.1716477306669515     25    
56300.20095023111    31.855682310605754    1.1688725090984962     25    
56300.70095023111    31.659329435811983    1.170925747870707      25    
56301.20095023111    31.495722329657813    1.161652862130677      25    
56301.70095023111    31.342338396091865    1.1046660700911406     25    
56302.20095023111    31.20391048853362     1.0056632217959809     25    
56302.70095023111    31.04897852622121     0.9435824893431362     25    
56303.20095023111    30.877575051978095    0.9439939909475145     25    
56303.70095023111    30.68441946155657     0.9556749007526161     25    
56304.20095023111    30.45972018289267     0.9484216584899474     25    
56304.70095023111    30.21169394978296     0.9398360105677138     25    
56305.20095023111    29.950595243096465    0.942845303960964      25    
56305.70095023111    29.67386988068984     0.956146008269311      25    
56306.20095023111    29.394230172019277    0.9650273932919472     25    
56306.70095023111    29.1136470607018      0.9667218239505209     25    
56307.20095023111    28.832593830734826    0.9633414471376568     25    
56307.70095023111    28.555703194537003    0.9459408690150072     25    
56308.20095023111    28.279846850742615    0.9246388344333014     25    
56308.70095023111    27.997320538845027    0.9482258684518444     25    
56309.20095023111    27.70992925563142     1.0202814176370176     25    
56309.70095023111    27.409932596131977    1.0746292837459264     25    
56310.20095023111    27.095071613243384    1.0880825748045926     25    
56310.70095023111    26.764722438687546    1.0845543563929512     25    
56311.20095023111    26.414687397405103    1.0740472949930175     25    
56311.70095023111    26.04623702635214     1.0544407635253181     25    
56312.20095023111    25.66145770063835     1.0438358048265368     25    
56312.70095023111    25.259919704675724    1.0452511285255883     25    
56313.20095023111    24.843518833393166    1.0502131769574696     25    
56313.70095023111    24.412890248215184    1.0579047555676764     25    
56314.20095023111    23.96871514605088     1.0648846725015417     25    
56314.70095023111    23.513510770427967    1.0655859959616334     25    
56315.20095023111    23.046601300571243    1.063765431403709      25    
56315.70095023111    22.57211560056164     1.0036700171494273     25    
56316.20095023111    22.08977820518069     0.815755040284943      25    
56316.70095023111    21.6021363558053      0.5787619265028575     25    
56317.20095023111    21.11134322276314     0.49180324024773175    25    
56317.70095023111    20.617498831570305    0.521568341814272      25    
56318.20095023111    20.125159639575624    0.5243482797485061     25    
56318.70095023111    19.63311694998666     0.5095295951987592     25    
56319.20095023111    19.14682451702818     0.4989330245013575     25    
56319.70095023111    18.666838965252698    0.4969611750062671     25    
56320.20095023111    18.19560760274227     0.4996455965149814     25    
56320.70095023111    17.73770183609004     0.505838412285472      25    
56321.20095023111    17.292083900888752    0.5149656592919094     25    
56321.70095023111    16.863014514141636    0.515191863554698      25    
56322.20095023111    16.450680797985175    0.5043263856892352     25    
56322.70095023111    16.05462122441822     0.4900637355914531     25    
56323.20095023111    15.675018069585148    0.474285950348434      25    
56323.70095023111    15.311662427134472    0.45852094994589876    25    
56324.20095023111    14.964305669065135    0.4520788638027145     25    
56324.70095023111    14.633027154630803    0.4539629875594541     25    
56325.20095023111    14.317080533870872    0.45485940674551373    25    
56325.70095023111    14.016789862443295    0.45307191241552636    25    
56326.20095023111    13.730912516048582    0.45024150256036893    25    
56326.70095023111    13.458598810732536    0.4460860744720206     25    
56327.20095023111    13.199798481189385    0.4409991238907059     25    
56327.70095023111    12.952737285214594    0.4365364807829484     25    
56328.20095023111    12.717824413310394    0.43241328352751657    25    
56328.70095023111    12.493354796015456    0.429697262760622      25    
56329.20095023111    12.279183906327415    0.42904604233548194    25    
56329.70095023111    12.074516932108503    0.4297484165115193     25    
56330.20095023111    11.878072009801171    0.42893795010687247    25    
56330.70095023111    11.690079930610462    0.4285930107910973     25    
56331.20095023111    11.50868377329236     0.44415984859613616    25    
56331.70095023111    11.334221113707065    0.47957295618102624    25    
56332.20095023111    11.165213629711166    0.5095041872658997     25    
56332.70095023111    11.001135530958999    0.5171867022425871     25    
56333.20095023111    10.841590379380557    0.5214529633687426     25    
56333.70095023111    10.685018231926954    0.5411825614308664     25    