56262.20095023111    6.5663895911394405    1.3714846834038499    25    
56262.70095023111    7.6432000062614       1.349091779149498     25    
56263.20095023111    8.784132175639881     1.3640329577908707    25    
56263.70095023111    9.98075498006961      1.5750786082037       25    
56264.20095023111    11.2350399266238      1.8940529191221864    25    
56264.70095023111    12.536724132436365    2.0734540784878357    25    
56265.20095023111    13.886915228658506    2.094516391335109     25    
56265.70095023111    15.278771424080784    2.0782883960010126    25    
56266.20095023111    16.707560466311275    2.08891242497445      25    
56266.70095023111    18.172764391553066    2.099094168421039     25    
56267.20095023111    19.664778024149463    2.107711340166247     25    
56267.70095023111    21.185883051703       2.114815092373443     25    
56268.20095023111    22.726370286740313    2.1211543121477368    25    
56268.70095023111    24.285929789097864    2.126200388710941     25    
56269.20095023111    25.859585943258473    2.1317040345301037    25    
56269.70095023111    27.442660668433437    2.141832491333083     25    
56270.20095023111    29.034233810917836    2.153921772089776     25    
56270.70095023111    30.617572646845836    2.1546033635002355    25    
56271.20095023111    32.21108579860116     2.13782248617496      25    
56271.70095023111    33.7278709545165      2.134293533342075     25    
56272.20095023111    35.15565560045993     2.1671189402770255    25    
56272.70095023111    36.45268861480971     2.211316817992313     25    
56273.20095023111    37.51733066729196     2.2402616568020175    25    
56273.70095023111    38.372942272899806    2.2602459896313185    25    
56274.20095023111    38.91573411764562     2.2661656283796217    25    
56274.70095023111    39.110113572398575    2.2512260105951856    25    
56275.20095023111    39.04386864371265     2.235727250528413     25    
56275.70095023111    38.73270664698031     2.235639235702129     25    
56276.20095023111    38.21350346094003     2.2435493078069784    25    
56276.70095023111    37.642596515880236    2.259720435520634     25    
56277.20095023111    36.98434605893797     2.286753818360328     25    
56277.70095023111    36.384245444062756    2.2969797524398747    25    
56278.20095023111    35.88405998455762     2.2940066916782427    25    
56278.70095023111    35.46105689268475     2.25463398710499      25    
56279.20095023111    35.138304069889344    2.1146727279361603    25    
56279.70095023111    34.900190349165996    1.8977852874776615    25    
56280.20095023111    34.68706118866767     1.7813698302962708    25    
56280.70095023111    34.51028293780504     1.8029102213017316    25    
56281.20095023111    34.3228861978435      1.8376422700089268    25    
56281.70095023111    34.103319639988804    1.8319756657433437    25    
56282.20095023111    33.85624625204231     1.820560604313899     25    
56282.70095023111    33.56457534668742     1.8129100443787507    25    
56283.20095023111    33.232515273578144    1.8069341076097674    25    
56283.70095023111    32.8663069056778      1.8172658295264121    25    
56284.20095023111    32.46534787928442     1.854736043201707     25    
56284.70095023111    32.03298585503406     1.8840905633876897    25    
56285.20095023111    31.573013100692286    1.8866639131055782    25    
56285.70095023111    31.082983711074167    1.865875365176778     25    
56286.20095023111    30.56093069195493     1.7900338128379698    25    
56286.70095023111    30.00784050036165     1.6460472653216451    25    
56287.20095023111    29.415819142665136    1.5472486803627337    25    
56287.70095023111    28.784415829235034    1.5615850101751458    25    
56288.20095023111    28.110835593708213    1.602069675490529     25    
56288.70095023111    27.38619561881897     1.6006913834851029    25    
56289.20095023111    26.616717530669295    1.5823558910360247    25    
56289.70095023111    25.822184991996732    1.5513803479777595    25    
56290.20095023111    24.9945984804085      1.5003492942701708    25    
56290.70095023111    24.17216352679352     1.4639014689978476    25    
56291.20095023111    23.362087808072573    1.4694756521391412    25    
56291.70095023111    22.577550420029798    1.4887685731923446    25    
56292.20095023111    21.852563956297637    1.4856186034310683    25    
56292.70095023111    21.179083289050357    1.4703347625794996    25    
56293.20095023111    20.5788377643987      1.494582876929175     25    
56293.70095023111    20.052622519278014    1.5761950705419276    25    
56294.20095023111    19.602256042703196    1.6497807281572041    25    
56294.70095023111    19.23045466843286     1.6766066819338687    25    
56295.20095023111    18.937322392099226    1.6822518950310283    25    
56295.70095023111    18.729238291333807    1.683881764094572     25    
56296.20095023111    18.606507158379024    1.6790749230009832    25    
56296.70095023111    18.552407350767634    1.6643260436399636    25    
56297.20095023111    18.572917825594565    1.6312777361666604    25    
56297.70095023111    18.64453546321596     1.5999183294464236    25    
56298.20095023111    18.74672014334319     1.595543959848427     25    
56298.70095023111    18.881225807975504    1.606415510661272     25    
56299.20095023111    19.011956360403815    1.6126706812773306    25    
56299.70095023111    19.142007568933458    1.615832376704847     25    
56300.20095023111    19.266339305524696    1.6141832296822456    25    
56300.70095023111    19.375746613707168    1.6084977233886875    25    
56301.20095023111    19.483632236468424    1.5944588534646553    25    
56301.70095023111    19.603642052870406    1.5578724621329743    25    
56302.20095023111    19.732927323080386    1.5026024947132337    25    
56302.70095023111    19.891458844391522    1.4724859806329509    25    
56303.20095023111    20.081836375991703    1.4797176371032528    25    
56303.70095023111    20.297626422568868    1.4918603216627824    25    
56304.20095023111    20.54420960794255     1.4854998449898487    25    
56304.70095023111    20.80953316396241     1.478809345095133     25    
56305.20095023111    21.066391253676933    1.4988190018853471    25    
56305.70095023111    21.321425704750624    1.542389693047801     25    
56306.20095023111    21.543135029073735    1.5731960493695676    25    
56306.70095023111    21.726475069294047    1.586060362362672     25    
56307.20095023111    21.870654682283547    1.5833894989162018    25    
56307.70095023111    21.964291803118776    1.5588538821779316    25    
56308.20095023111    22.01532119218988     1.5155180480059531    25    
56308.70095023111    22.044047469187237    1.4589965013006434    25    
56309.20095023111    22.04574459195086     1.3795321466761183    25    
56309.70095023111    22.040629165759555    1.3231991303411437    25    
56310.20095023111    22.036568886955074    1.329626419736668     25    
56310.70095023111    22.03093977435467     1.3535422656981784    25    
56311.20095023111    22.031389162669363    1.3422116923309177    25    
56311.70095023111    22.034582945316874    1.3117133193147266    25    
56312.20095023111    22.017713019544367    1.3008342942950455    25    
56312.70095023111    21.98483054500543     1.3164518096988351    25    
56313.20095023111    21.917547660964747    1.3375241482282414    25    
56313.70095023111    21.803836561946458    1.3600945794166293    25    
56314.20095023111    21.64692365759161     1.378375634052895     25    
56314.70095023111    21.436758803296865    1.3710379966879964    25    
56315.20095023111    21.17408708725318     1.34222794929614      25    
56315.70095023111    20.878983191530857    1.2781955186508227    25    
56316.20095023111    20.54965144340285     1.1438396221358005    25    
56316.70095023111    20.19914129702728     1.0020391090312484    25    
56317.20095023111    19.84054585650655     0.9552717959364969    25    
56317.70095023111    19.471265080419446    0.9662468119307926    25    
56318.20095023111    19.104684993396983    0.958699541660954     25    
56318.70095023111    18.74033630732831     0.9347076587816705    25    
56319.20095023111    18.37366704554848     0.9209128792329403    25    
56319.70095023111    18.00486326532465     0.9282715641297266    25    
56320.20095023111    17.631528015481564    0.9454493514049571    25    
56320.70095023111    17.249429374420142    0.9676319678397124    25    
56321.20095023111    16.85976480448131     0.9940348796042259    25    
56321.70095023111    16.46182273838964     0.9983769868636574    25    
56322.20095023111    16.05350529471219     0.9761070153622499    25    
56322.70095023111    15.643316458206403    0.9441180869039284    25    
56323.20095023111    15.233762692677908    0.9125929191949786    25    
56323.70095023111    14.8271238196464      0.8735613782603019    25    
56324.20095023111    14.432625718665388    0.8137854217803078    25    
56324.70095023111    14.048211863208577    0.7287599234339444    25    
56325.20095023111    13.680910566932015    0.6661134313276937    25    
56325.70095023111    13.332291294874414    0.6534060352002177    25    
56326.20095023111    13.000648034714137    0.6553634727505471    25    
56326.70095023111    12.686011762862725    0.6450659642017229    25    
56327.20095023111    12.388051593651191    0.6335486897713651    25    
56327.70095023111    12.105300684945819    0.6234965152504593    25    
56328.20095023111    11.838094970584535    0.6145362170741014    25    
56328.70095023111    11.585034636727716    0.6081709705146673    25    
56329.20095023111    11.34600103079099     0.6057230853545049    25    
56329.70095023111    11.120341634471986    0.605393269390026     25    
56330.20095023111    10.907004074017562    0.6051930791890361    25    
56330.70095023111    10.706177822484518    0.6057652927374817    25    
56331.20095023111    10.516338400011227    0.6074185485287364    25    
56331.70095023111    10.337762946838454    0.6082844409266013    25    
56332.20095023111    10.169237802266325    0.6162581076921086    25    
56332.70095023111    10.010331307280767    0.623264488863113     25    
56333.20095023111    9.860717997430312     0.6495121713212199    25    
56333.70095023111    9.719117203558431     0.7208456842984998    25    