#Date  :
#Flux  :
#Fluxerr  :
#ZP  :
#end  :
@INSTRUMENT  UVOT
@BAND  UVOT_b
@MAGSYS AB
54799.259  0.0  104.77409206878616  25.0
54804.245344999996  0.0  104.77409206878616  25.0
54809.23168999999  0.0  104.77409206878616  25.0
54814.21803499999  0.0  104.77409206878616  25.0
54819.20437999999  0.0  104.77409206878616  25.0
54824.190724999986  0.0  104.77409206878616  25.0
54829.17706999998  0.0  104.77409206878616  25.0
54834.16341499998  0.0  104.77409206878616  25.0
54839.14975999998  0.0  104.77409206878616  25.0
54844.136104999976  0.0  104.77409206878616  25.0
54849.12244999997  0.0  104.77409206878616  25.0
54854.10879499997  0.0  104.77409206878616  25.0
54859.09513999997  0.0  104.77409206878616  25.0
54864.081484999966  0.0  104.77409206878616  25.0
54869.06782999996  0.0  104.77409206878616  25.0
54874.05417499996  0.0  104.77409206878616  25.0
54879.04051999996  0.0  104.77409206878616  25.0
54884.026864999956  0.0  104.77409206878616  25.0
54889.013209999954  0.0  104.77409206878616  25.0
54893.99955499995  0.0  104.77409206878616  25.0
54898.98589999995  0.0  104.77409206878616  25.0
54903.972244999946  0.0  104.77409206878616  25.0
54908.958589999944  0.0  104.77409206878616  25.0
54913.94493499994  0.0  104.77409206878616  25.0
54918.93127999994  0.0  104.77409206878616  25.0
54923.91762499994  0.0  104.77409206878616  25.0
54928.903969999934  0.0  104.77409206878616  25.0
54933.89031499993  0.0  104.77409206878616  25.0
54938.87665999993  0.0  104.77409206878616  25.0
54943.86300499993  0.0  104.77409206878616  25.0
54948.849349999924  0.0  104.77409206878616  25.0
54953.83569499992  0.0  104.77409206878616  25.0
54958.82203999992  0.0  104.77409206878616  25.0
54963.80838499992  0.0  104.77409206878616  25.0
54968.794729999914  0.0  104.77409206878616  25.0
54973.78107499991  0.0  104.77409206878616  25.0
54998.7128  3535.19811993753  197.26697188042525  25.0
55000.5508  4017.2357010305536  219.01495191912323  25.0
55002.161  3959.923377163867  212.6184872018591  25.0
55004.6623  3629.098221986967  196.49939611435354  25.0
55006.2678  2964.12174998019  163.23777958458015  25.0
55008.8113  2075.013154280478  125.88242563575774  25.0
55011.4576  1322.7889035302185  300.88970030010387  25.0
55012.3249  1250.6367815194794  83.6657585018146  25.0
55014.8393  860.4524337663685  66.77909164823734  25.0
55016.5753  652.9511183383206  55.77717233454307  25.0
55018.2476  514.0199046793441  51.9392935041846  25.0
55020.2558  417.0494995656201  49.124849028588386  25.0
55035.2298  222.59697216079113  31.21474782024887  25.0
55043.4279  190.10293139708943  30.191313465486612  25.0
