#Date  :
#Flux  :
#Fluxerr  :
#ZP  :
#end  :
@INSTRUMENT  UVOT
@BAND  UVOT_u
@MAGSYS AB
54799.257999999994  0.0  31.462659577999496  25.0
54804.24434499999  0.0  31.462659577999496  25.0
54809.23068999999  0.0  31.462659577999496  25.0
54814.21703499999  0.0  31.462659577999496  25.0
54819.203379999984  0.0  31.462659577999496  25.0
54824.18972499998  0.0  31.462659577999496  25.0
54829.17606999998  0.0  31.462659577999496  25.0
54834.16241499998  0.0  31.462659577999496  25.0
54839.148759999975  0.0  31.462659577999496  25.0
54844.13510499997  0.0  31.462659577999496  25.0
54849.12144999997  0.0  31.462659577999496  25.0
54854.10779499997  0.0  31.462659577999496  25.0
54859.094139999965  0.0  31.462659577999496  25.0
54864.08048499996  0.0  31.462659577999496  25.0
54869.06682999996  0.0  31.462659577999496  25.0
54874.05317499996  0.0  31.462659577999496  25.0
54879.039519999955  0.0  31.462659577999496  25.0
54884.02586499995  0.0  31.462659577999496  25.0
54889.01220999995  0.0  31.462659577999496  25.0
54893.99855499995  0.0  31.462659577999496  25.0
54898.984899999945  0.0  31.462659577999496  25.0
54903.97124499994  0.0  31.462659577999496  25.0
54908.95758999994  0.0  31.462659577999496  25.0
54913.94393499994  0.0  31.462659577999496  25.0
54918.930279999935  0.0  31.462659577999496  25.0
54923.91662499993  0.0  31.462659577999496  25.0
54928.90296999993  0.0  31.462659577999496  25.0
54933.88931499993  0.0  31.462659577999496  25.0
54938.875659999925  0.0  31.462659577999496  25.0
54943.86200499992  0.0  31.462659577999496  25.0
54948.84834999992  0.0  31.462659577999496  25.0
54953.83469499992  0.0  31.462659577999496  25.0
54958.821039999915  0.0  31.462659577999496  25.0
54963.80738499991  0.0  31.462659577999496  25.0
54968.79372999991  0.0  31.462659577999496  25.0
54973.78007499991  0.0  31.462659577999496  25.0
54998.7118  1456.4777310663605  89.79028349480659  25.0
55000.5503  1565.1997008401925  92.49481010609594  25.0
55002.1605  1338.1997672659727  80.23428946825086  25.0
55004.6618  987.1522131206144  61.84350851148325  25.0
55006.2674  821.635184509706  52.648118033099436  25.0
55008.8109  441.0181394142508  36.0603548171914  25.0
55011.4573  335.9022051221379  47.058763036434776  25.0
55012.3244  284.69650128172606  26.864964338807592  25.0
55014.8387  206.08492778024885  23.619532405260365  25.0
55016.5747  166.23823570725236  20.734704019885054  25.0
55018.2472  161.00948425875958  21.455911116228883  25.0
55020.2554  109.98408219243376  19.833195149455268  25.0
55035.2287  67.43286350814792  10.637804671071462  25.0
55043.425  62.74501738191303  10.457502896985506  25.0
