55304.46949250178    3.7845860749493063    0.7901589958809245     25    
55304.96949250178    4.363383440893236     0.7847987167111606     25    
55305.46949250178    4.9763396352527165    0.7848644454993795     25    
55305.96949250178    5.6195083619609685    0.8248992902522309     25    
55306.46949250178    6.2941835402933926    0.9076268069057204     25    
55306.96949250178    6.996887216299624     0.974569617868046      25    
55307.46949250178    7.7260394005312       0.9935622814230691     25    
55307.96949250178    8.481770488948904     0.9900548841106463     25    
55308.46949250178    9.259828826426004     0.9898952546622619     25    
55308.96949250178    10.061291021495862    0.9935420713065409     25    
55309.46949250178    10.883256117695618    0.9970594159616007     25    
55309.96949250178    11.72337042440038     1.0003534846642652     25    
55310.46949250178    12.582375055690818    1.003494160440286      25    
55310.96949250178    13.455930308122316    1.0065974561809103     25    
55311.46949250178    14.344678168744146    1.0095435258643826     25    
55311.96949250178    15.246403333951926    1.0126773404992606     25    
55312.46949250178    16.158802285175582    1.0174529106163186     25    
55312.96949250178    17.08304646212953     1.0237884192566227     25    
55313.46949250178    18.010110407212256    1.0244821676209137     25    
55313.96949250178    18.95010065638153     1.0125566412117815     25    
55314.46949250178    19.881054902903035    0.998561862639175      25    
55314.96949250178    20.76965292118862     0.9985116498104906     25    
55315.46949250178    21.63031336978726     1.0108315136272619     25    
55315.96949250178    22.412062068724364    1.0235132373323015     25    
55316.46949250178    23.100780824666135    1.0317202435783677     25    
55316.96949250178    23.69399581801483     1.0381688965783864     25    
55317.46949250178    24.143896958436077    1.041585694208381      25    
55317.96949250178    24.446542708568007    1.0410064754413708     25    
55318.46949250178    24.639881049971468    1.0407639625695622     25    
55318.96949250178    24.72953237663837     1.0440384376179033     25    
55319.46949250178    24.722863240235263    1.0490935959799133     25    
55319.96949250178    24.694019846005027    1.0550904401455816     25    
55320.46949250178    24.62767224757708     1.0635552509695585     25    
55320.96949250178    24.5655936592022      1.0699886636721383     25    
55321.46949250178    24.5588322126348      1.069258562486182      25    
55321.96949250178    24.58766163127786     1.0634937884218112     25    
55322.46949250178    24.649363727643447    1.057534836136218      25    
55322.96949250178    24.75523573673558     1.0508423585113407     25    
55323.46949250178    24.87962064675469     1.0455647343611065     25    
55323.96949250178    24.99495666555916     1.046644756666881      25    
55324.46949250178    25.11149129860244     1.053182457729901      25    
55324.96949250178    25.195064387565218    1.0577646228012025     25    
55325.46949250178    25.236641382880407    1.0573744274159782     25    
55325.96949250178    25.23977138966695     1.0550018648674482     25    
55326.46949250178    25.194341121241955    1.0524059236207362     25    
55326.96949250178    25.101312699302518    1.0487587321978251     25    
55327.46949250178    24.966409256941006    1.0470386819626605     25    
55327.96949250178    24.790825961188       1.0507098566566773     25    
55328.46949250178    24.57499418354423     1.0562403421584106     25    
55328.96949250178    24.323800863228698    1.0589641373604848     25    
55329.46949250178    24.036237158814515    1.0664517530516693     25    
55329.96949250178    23.714421045655595    1.0515493825741102     25    
55330.46949250178    23.36000074386979     0.9740988629533227     25    
55330.96949250178    22.972413184643635    0.8491371162313754     25    
55331.46949250178    22.553450660722316    0.7645271894936964     25    
55331.96949250178    22.102461936473777    0.7564217520242966     25    
55332.46949250178    21.62127632118554     0.7712304612251645     25    
55332.96949250178    21.10923321808477     0.7680860929551789     25    
55333.46949250178    20.56672973618518     0.7619290729836387     25    
55333.96949250178    20.009955397833306    0.754420122139834      25    
55334.46949250178    19.43429361874534     0.7439553391933834     25    
55334.96949250178    18.85343144635263     0.7338805341086658     25    
55335.46949250178    18.286835348192433    0.7295506212393357     25    
55335.96949250178    17.72720859610279     0.7301372200635093     25    
55336.46949250178    17.19842728073641     0.7299745008206086     25    
55336.96949250178    16.70701522580361     0.728383396210817      25    
55337.46949250178    16.251231435165867    0.7244431801837025     25    
55337.96949250178    15.840559225889399    0.712455908879572      25    
55338.46949250178    15.474191533555187    0.6903000002650151     25    
55338.96949250178    15.147716861806384    0.6720130396179674     25    
55339.46949250178    14.860246996948351    0.6687944749579643     25    
55339.96949250178    14.611419923506036    0.6728239205323656     25    
55340.46949250178    14.397344918928768    0.6739963888154165     25    
55340.96949250178    14.219871018715878    0.6727809107551108     25    
55341.46949250178    14.073442161990156    0.6701590570547491     25    
55341.96949250178    13.9553072529567      0.6647600297410385     25    
55342.46949250178    13.865777611807593    0.6576075818826399     25    
55342.96949250178    13.795058161410857    0.6541030405474857     25    
55343.46949250178    13.745059022061401    0.6559937925024022     25    
55343.96949250178    13.710141413373561    0.6591435801410812     25    
55344.46949250178    13.683434311682284    0.6603317167182319     25    
55344.96949250178    13.66736702733049     0.6606865188739097     25    
55345.46949250178    13.656759504361547    0.6597531393932176     25    
55345.96949250178    13.650552305173528    0.6617042124423727     25    
55346.46949250178    13.64948860632437     0.6577604206033657     25    
55346.96949250178    13.652979692460628    0.6306217018505906     25    
55347.46949250178    13.661230439931732    0.5776444805191967     25    
55347.96949250178    13.67369073203723     0.5342564983357873     25    
55348.46949250178    13.691069446344153    0.5270014649393331     25    
55348.96949250178    13.71195657299538     0.535538090980392      25    
55349.46949250178    13.733738879000136    0.5370312089571183     25    
55349.96949250178    13.757951589396738    0.5335328722973142     25    
55350.46949250178    13.778971227994536    0.532299378974953      25    
55350.96949250178    13.794790984979352    0.5379907714964036     25    
55351.46949250178    13.805313371917455    0.5467372618447873     25    
55351.96949250178    13.804071237857206    0.5517564439988184     25    
55352.46949250178    13.79170054745618     0.5533537609886526     25    
55352.96949250178    13.767294921752839    0.5521277548306702     25    
55353.46949250178    13.728606356442581    0.5432370581457123     25    
55353.96949250178    13.676866179888485    0.5301506387163891     25    
55354.46949250178    13.615691186608501    0.5373971061454884     25    
55354.96949250178    13.5443583519297      0.5762476454354333     25    
55355.46949250178    13.465060017988733    0.6157376056637502     25    
55355.96949250178    13.38082506509713     0.6311002226701378     25    
55356.46949250178    13.290640779299022    0.6321163611805879     25    
55356.96949250178    13.195246066302241    0.6290249129518272     25    
55357.46949250178    13.095996293933649    0.6217733138349184     25    
55357.96949250178    12.990471235088538    0.6128520192527112     25    
55358.46949250178    12.875813113885703    0.6096715998351632     25    
55358.96949250178    12.753135457605856    0.6110477428943603     25    
55359.46949250178    12.618775448983577    0.6134869256653295     25    
55359.96949250178    12.471500761636557    0.6172534461628489     25    
55360.46949250178    12.311637221859366    0.6207063002134078     25    
55360.96949250178    12.137314736564083    0.620522120083584      25    
55361.46949250178    11.94833920396246     0.622146092028306      25    
55361.96949250178    11.746729601956147    0.6027158238580629     25    
55362.46949250178    11.533100079709731    0.5257346637929807     25    
55362.96949250178    11.307514590304965    0.3979425181943494     25    
55363.46949250178    11.07220687396299     0.30122532835407795    25    
55363.96949250178    10.826162972493595    0.2914375611014357     25    
55364.46949250178    10.572307804522637    0.30880943729878957    25    
55364.96949250178    10.312168141357285    0.3034538263957074     25    
55365.46949250178    10.045498017352456    0.2957975283686728     25    
55365.96949250178    9.779347836998967     0.2903598616229968     25    
55366.46949250178    9.512542584382455     0.2880660708875856     25    
55366.96949250178    9.248940941355873     0.2875461552432814     25    
55367.46949250178    8.99398694338285      0.288465985958989      25    
55367.96949250178    8.745798154555185     0.2911104671129479     25    
55368.46949250178    8.508695285533241     0.2910806438175941     25    
55368.96949250178    8.284452186718507     0.2861354025051539     25    
55369.46949250178    8.071189157677031     0.2788986447192364     25    
55369.96949250178    7.867905742642762     0.27157424236958455    25    
55370.46949250178    7.675087181163404     0.2629598689509529     25    
55370.96949250178    7.490817341700582     0.2577304958776442     25    
55371.46949250178    7.314599062634479     0.2605114654643785     25    
55371.96949250178    7.14631623096816      0.2666799130243334     25    
55372.46949250178    6.9843385198738845    0.26903025737967345    25    
55372.96949250178    6.82898104755267      0.2678900256651678     25    
55373.46949250178    6.679715820086572     0.265717811634652      25    
55373.96949250178    6.5361971744522736    0.26346649508986497    25    
55374.46949250178    6.398501164946161     0.26074224043542293    25    
55374.96949250178    6.265961655654927     0.25825890237018095    25    
55375.46949250178    6.138739255323319     0.25589575643447066    25    
55375.96949250178    6.01639517625079      0.2539838132396041     25    
55376.46949250178    5.8985469388589085    0.25299805538327813    25    
55376.96949250178    5.78532063290492      0.2527558105259154     25    
55377.46949250178    5.676040055027903     0.25290778452650137    25    
55377.96949250178    5.570793339718355     0.2519116136925364     25    
55378.46949250178    5.469250995126871     0.2532224183322382     25    
55378.96949250178    5.3709291361660805    0.262200332325814      25    
55379.46949250178    5.276010546163072     0.2772194016261198     25    
55379.96949250178    5.183843861723079     0.28878371800305735    25    
55380.46949250178    5.094410843834441     0.29165742972485187    25    
55380.96949250178    5.007508246122856     0.2936169169102681     25    
55381.46949250178    4.922567727615972     0.3023623823729235     25    