#Date  :
#Flux  :
#Fluxerr  :
#ZP  :
#end  :
@INSTRUMENT  SDSS
@BAND  SDSS_i
@MAGSYS  AB
54146.828283999996  0.0  4.359380814315816  25.0
54151.81462899999  0.0  4.359380814315816  25.0
54156.80097399999  0.0  4.359380814315816  25.0
54161.78731899999  0.0  4.359380814315816  25.0
54166.773663999986  0.0  4.359380814315816  25.0
54171.76000899998  0.0  4.359380814315816  25.0
54176.74635399998  0.0  4.359380814315816  25.0
54181.73269899998  0.0  4.359380814315816  25.0
54186.719043999976  0.0  4.359380814315816  25.0
54191.70538899997  0.0  4.359380814315816  25.0
54196.69173399997  0.0  4.359380814315816  25.0
54201.67807899997  0.0  4.359380814315816  25.0
54206.664423999966  0.0  4.359380814315816  25.0
54211.65076899996  0.0  4.359380814315816  25.0
54216.63711399996  0.0  4.359380814315816  25.0
54221.62345899996  0.0  4.359380814315816  25.0
54226.609803999956  0.0  4.359380814315816  25.0
54231.59614899995  0.0  4.359380814315816  25.0
54236.58249399995  0.0  4.359380814315816  25.0
54241.56883899995  0.0  4.359380814315816  25.0
54246.555183999946  0.0  4.359380814315816  25.0
54251.541528999944  0.0  4.359380814315816  25.0
54256.52787399994  0.0  4.359380814315816  25.0
54261.51421899994  0.0  4.359380814315816  25.0
54266.500563999936  0.0  4.359380814315816  25.0
54271.486908999934  0.0  4.359380814315816  25.0
54276.47325399993  0.0  4.359380814315816  25.0
54281.45959899993  0.0  4.359380814315816  25.0
54286.44594399993  0.0  4.359380814315816  25.0
54291.432288999924  0.0  4.359380814315816  25.0
54296.41863399992  0.0  4.359380814315816  25.0
54301.40497899992  0.0  4.359380814315816  25.0
54306.39132399992  0.0  4.359380814315816  25.0
54311.377668999914  0.0  4.359380814315816  25.0
54316.36401399991  0.0  4.359380814315816  25.0
54346.282084  52.268853010254816  5.502847358215012  25.0
54348.312295  54.20878430336934  4.338888582346296  25.0
54358.26824  51.69507051510827  4.398999129456888  25.0
54359.233975  59.72802544715997  6.819814799456143  25.0
54365.301378  27.13171512764403  6.472813004772277  25.0
54373.375221  26.508751275770635  4.9946400053709255  25.0
54381.320403  23.70814623993628  3.6831371593216673  25.0
54386.312721  17.382877305344543  3.97822529968275  25.0
54388.316723  17.647910172150333  3.6585464809582433  25.0
54393.302349  12.396434192761427  3.3197415790621854  25.0
54403.229543  5.5356349293662435  4.710481055393586  25.0
54404.287245  13.686078658043199  3.7077278376850904  25.0
54405.285185  4.358014665517848  3.9044532645924797  25.0
54406.223495  9.702388763168576  3.614829719423268  25.0
54412.225678  6.705058300426834  4.3798730462853355  25.0
54416.221504  7.964647492153309  3.4208365901118154  25.0
54421.226864  8.410012000290868  4.267848844851962  25.0
54423.203248  7.9564505993655  4.415392915032503  25.0
54431.229966  -26.44317613346817  17.989447371642324  25.0
54433.225194  0.7139493618180649  5.45093370389223  25.0
