#Date  :
#Flux  :
#Fluxerr  :
#ZP  :
#end  :
@INSTRUMENT  SDSS
@BAND  SDSS_u
@MAGSYS  AB
54146.829113  0.0  5.782751559790404  25.0
54151.815458  0.0  5.782751559790404  25.0
54156.801802999995  0.0  5.782751559790404  25.0
54161.78814799999  0.0  5.782751559790404  25.0
54166.77449299999  0.0  5.782751559790404  25.0
54171.76083799999  0.0  5.782751559790404  25.0
54176.747182999985  0.0  5.782751559790404  25.0
54181.73352799998  0.0  5.782751559790404  25.0
54186.71987299998  0.0  5.782751559790404  25.0
54191.70621799998  0.0  5.782751559790404  25.0
54196.692562999975  0.0  5.782751559790404  25.0
54201.67890799997  0.0  5.782751559790404  25.0
54206.66525299997  0.0  5.782751559790404  25.0
54211.65159799997  0.0  5.782751559790404  25.0
54216.637942999965  0.0  5.782751559790404  25.0
54221.62428799996  0.0  5.782751559790404  25.0
54226.61063299996  0.0  5.782751559790404  25.0
54231.59697799996  0.0  5.782751559790404  25.0
54236.583322999955  0.0  5.782751559790404  25.0
54241.56966799995  0.0  5.782751559790404  25.0
54246.55601299995  0.0  5.782751559790404  25.0
54251.54235799995  0.0  5.782751559790404  25.0
54256.528702999945  0.0  5.782751559790404  25.0
54261.51504799994  0.0  5.782751559790404  25.0
54266.50139299994  0.0  5.782751559790404  25.0
54271.48773799994  0.0  5.782751559790404  25.0
54276.474082999935  0.0  5.782751559790404  25.0
54281.46042799993  0.0  5.782751559790404  25.0
54286.44677299993  0.0  5.782751559790404  25.0
54291.43311799993  0.0  5.782751559790404  25.0
54296.419462999926  0.0  5.782751559790404  25.0
54301.40580799992  0.0  5.782751559790404  25.0
54306.39215299992  0.0  5.782751559790404  25.0
54311.37849799992  0.0  5.782751559790404  25.0
54316.364842999916  0.0  5.782751559790404  25.0
54346.282913  37.86192268837623  9.325665595696805  25.0
54348.313124  25.784696389181484  5.511510311579731  25.0
54359.234804  4.946657402934827  6.954401899999387  25.0
54365.302207  1.3293617463850858  7.1081984840363654  25.0
54373.37605  -7.443754667389774  13.489358570807013  25.0
54381.321232  0.3671543906191876  4.507638063047452  25.0
54386.31355  0.8067329908121524  4.85437945251264  25.0
54388.317553  4.555175189022518  4.636267933332924  25.0
54393.303179  -0.8604219801486978  4.281137639283901  25.0
54404.288075  5.936548143827382  6.532160369279681  25.0
54405.286014  -2.1710485062965517  5.469565788660555  25.0
54406.224324  -4.5607677920784075  4.401378604985539  25.0
54412.226507  -8.537108564816297  5.9812889682745025  25.0
54416.222333  7.997422369922897  4.093785436911581  25.0
54421.227693  6.179826376758602  5.584214151306304  25.0
54423.204077  1.0600779092439756  8.338571156332197  25.0
54431.230795  95.40980813348575  31.20672505186697  25.0
54433.226023  5.106046590027696  11.629818054723541  25.0
