54331.74832447352    5.292399184925548     1.4680857323649037     25    
54332.24832447352    6.2939306624026665    1.4306777459222721     25    
54332.74832447352    7.386315391879077     1.4399479945630773     25    
54333.24832447352    8.57165305080559      1.694857845310839      25    
54333.74832447352    9.849488952371322     2.0717141418191294     25    
54334.24832447352    11.222422249011922    2.2717638217208607     25    
54334.74832447352    12.690120944648491    2.284922447593723      25    
54335.24832447352    14.25445143253979     2.2585288607073184     25    
54335.74832447352    15.916412446956771    2.264172723381943      25    
54336.24832447352    17.67635125868194     2.269063252433579      25    
54336.74832447352    19.5365645375424      2.2723866439099294     25    
54337.24832447352    21.49652329508292     2.274303439368039      25    
54337.74832447352    23.55877829465151     2.2749058812038694     25    
54338.24832447352    25.723168619988908    2.2739193349267177     25    
54338.74832447352    27.991303185618037    2.272397276924776      25    
54339.24832447352    30.368198243859663    2.275369921352854      25    
54339.74832447352    32.8485704477628      2.2766673072772514     25    
54340.24832447352    35.42957804299426     2.25283233951878       25    
54340.74832447352    38.126213367725505    2.2004164614797954     25    
54341.24832447352    40.80697525135717     2.1686093340783        25    
54341.74832447352    43.482735049148665    2.180986843725297      25    
54342.24832447352    46.05306010115081     2.2066369224813727     25    
54342.74832447352    48.404914864746765    2.2234858082114446     25    
54343.24832447352    50.55420617543943     2.2383876561550253     25    
54343.74832447352    52.33996507095342     2.246781839900342      25    
54344.24832447352    53.758366394029274    2.2472092520477873     25    
54344.74832447352    54.888115289655794    2.2493226417650733     25    
54345.24832447352    55.70836777501902     2.2570676935992986     25    
54345.74832447352    56.306573811669956    2.267582341863676      25    
54346.24832447352    56.799720586923264    2.282055646284514      25    
54346.74832447352    57.16592905737332     2.299111400079541      25    
54347.24832447352    57.55761225700278     2.3092690175274706     25    
54347.74832447352    57.9792221783926      2.3235739668416233     25    
54348.24832447352    58.412818759347786    2.292458965105428      25    
54348.74832447352    58.87968593626803     2.14612613526062       25    
54349.24832447352    59.339894863447824    1.9609313976250515     25    
54349.74832447352    59.73408382727869     1.8984221795559038     25    
54350.24832447352    60.07505631044678     1.9319161858227418     25    
54350.74832447352    60.2916064788247      1.9527354508393737     25    
54351.24832447352    60.381593098498456    1.949275079910115      25    
54351.74832447352    60.33486900455556     1.941259111276703      25    
54352.24832447352    60.13557640035407     1.9294483635294393     25    
54352.74832447352    59.791873088026804    1.9165411806545118     25    
54353.24832447352    59.3059506478578      1.9140762155860638     25    
54353.74832447352    58.67717425705897     1.9208271907152024     25    
54354.24832447352    57.910297185368954    1.9231745420714836     25    
54354.74832447352    56.99795944971974     1.931689597749269      25    
54355.24832447352    55.96423089792947     1.9096091513066364     25    
54355.74832447352    54.820478315358194    1.7933629591989406     25    
54356.24832447352    53.57336803253186     1.6228682372752683     25    
54356.74832447352    52.267778763688774    1.5397364067959516     25    
54357.24832447352    50.89351247617921     1.5501083989992237     25    
54357.74832447352    49.49593631124866     1.5619297600581061     25    
54358.24832447352    48.07669522755775     1.5510491489637503     25    
54358.74832447352    46.6583513560982      1.5359769418945013     25    
54359.24832447352    45.26841430278481     1.5163398617438548     25    
54359.74832447352    43.904072237868405    1.4939642675633964     25    
54360.24832447352    42.606965667378155    1.4826725026750016     25    
54360.74832447352    41.36871283437114     1.4840894505155984     25    
54361.24832447352    40.22500828869756     1.4843704461340372     25    
54361.74832447352    39.19189889550987     1.485646458681128      25    
54362.24832447352    38.260216527873524    1.4747137548416305     25    
54362.74832447352    37.43622762849111     1.4171866435106877     25    
54363.24832447352    36.71530826876084     1.3240446749368007     25    
54363.74832447352    36.06423258139977     1.274648892302444      25    
54364.24832447352    35.488869857272476    1.285881409359727      25    
54364.74832447352    34.96250738256797     1.3035628659833303     25    
54365.24832447352    34.47317947958424     1.3042327883652547     25    
54365.74832447352    34.0202910819425      1.3003755496752432     25    
54366.24832447352    33.58810692519903     1.2902723238051672     25    
54366.74832447352    33.18027563102617     1.2744173158928676     25    
54367.24832447352    32.79492320952378     1.2687448183070642     25    
54367.74832447352    32.43229519587156     1.2783026047332176     25    
54368.24832447352    32.09088707069867     1.2885966028422928     25    
54368.74832447352    31.77093363547927     1.2916133647006318     25    
54369.24832447352    31.47032745709158     1.2909035696025726     25    
54369.74832447352    31.184123947532175    1.2867047196939114     25    
54370.24832447352    30.913689505891604    1.2793056177754736     25    
54370.74832447352    30.64830908108103     1.2597012796128555     25    
54371.24832447352    30.38878179141444     1.21745266921004       25    
54371.74832447352    30.128302739525687    1.1776512791925364     25    
54372.24832447352    29.861037100872082    1.1687238753307132     25    
54372.74832447352    29.58745961153652     1.1742983406023693     25    
54373.24832447352    29.299896007465208    1.1670528757314758     25    
54373.74832447352    28.999712505919884    1.1479379605169777     25    
54374.24832447352    28.682857820224175    1.1383729981352004     25    
54374.74832447352    28.34920637259391     1.1486239086355832     25    
54375.24832447352    27.996564858373162    1.1628587950793334     25    
54375.74832447352    27.62161662520161     1.169616079054855      25    
54376.24832447352    27.2254583085604      1.1722911555833688     25    
54376.74832447352    26.80734371677481     1.1622468253885014     25    
54377.24832447352    26.36657135154988     1.1306664618248976     25    
54377.74832447352    25.907891275600793    1.1348691665391304     25    
54378.24832447352    25.431720223382193    1.2194055185750234     25    
54378.74832447352    24.940183708791356    1.3102940220193837     25    
54379.24832447352    24.436988177543267    1.3400416701856763     25    
54379.74832447352    23.92137159560095     1.3354110150870082     25    
54380.24832447352    23.397070066154935    1.3236683390111255     25    
54380.74832447352    22.863813581134647    1.3011892493513997     25    
54381.24832447352    22.322759933838025    1.2831131224954655     25    
54381.74832447352    21.774331443473226    1.2820060562570803     25    
54382.24832447352    21.21896358191284     1.2880582188833956     25    
54382.74832447352    20.657292777222445    1.2953052104654923     25    
54383.24832447352    20.089300369670827    1.304821669387114      25    
54383.74832447352    19.520950790752593    1.3048653327440722     25    
54384.24832447352    18.949600630745913    1.3118608687845252     25    
54384.74832447352    18.386322975883       1.261774827555407      25    
54385.24832447352    17.835751188191825    1.040555177458434      25    
54385.74832447352    17.300285142858144    0.6736918468890921     25    
54386.24832447352    16.793045951160455    0.44583313620247006    25    
54386.74832447352    16.311402392765487    0.48954404783950856    25    
54387.24832447352    15.861479907786318    0.5279825122372267     25    
54387.74832447352    15.446706310344883    0.5156409955399202     25    
54388.24832447352    15.059248203958415    0.5030027111729501     25    
54388.74832447352    14.695629611134278    0.4945509758287913     25    
54389.24832447352    14.354914633183995    0.48891317599091394    25    
54389.74832447352    14.0278493111624      0.48820498393981315    25    
54390.24832447352    13.71617860860063     0.4930597958612951     25    
54390.74832447352    13.414085081481089    0.4944173373481766     25    
54391.24832447352    13.119549281697315    0.48809931109691657    25    
54391.74832447352    12.83439842517652     0.4803231054885294     25    
54392.24832447352    12.5588333873987      0.4742289328061095     25    
54392.74832447352    12.29304304850512     0.4702403738332162     25    
54393.24832447352    12.038595046195583    0.47915611313570255    25    
54393.74832447352    11.795299968148601    0.5025364429516282     25    
54394.24832447352    11.563682427636504    0.5203268652594685     25    
54394.74832447352    11.344403665349295    0.525140652466976      25    
54395.24832447352    11.136401118588543    0.5244129608426726     25    
54395.74832447352    10.938780963141092    0.521510173080587      25    
54396.24832447352    10.751650260303544    0.515637779304067      25    
54396.74832447352    10.573335182723438    0.5095397206136103     25    
54397.24832447352    10.40414470467469     0.5028234491414695     25    
54397.74832447352    10.242690145179962    0.497159893085354      25    
54398.24832447352    10.088604347440837    0.4937425634252822     25    
54398.74832447352    9.9413964794714       0.49188865645075275    25    
54399.24832447352    9.799757993054934     0.49200496944871636    25    
54399.74832447352    9.663961899414561     0.4938786446747233     25    
54400.24832447352    9.532334445969932     0.4925141339735134     25    
54400.74832447352    9.405114582179477     0.4854761759749454     25    
54401.24832447352    9.281058524875325     0.4807319592896425     25    
54401.74832447352    9.159583332219059     0.4807235814640476     25    
54402.24832447352    9.040410598784264     0.4876957115563268     25    
54402.74832447352    8.922096953986268     0.506826523987073      25    