54331.74832447352    4.983529509119528     1.4793778443826684     25    
54332.24832447352    6.008067241773728     1.3441294627834641     25    
54332.74832447352    7.146394541705133     1.3651143843851927     25    
54333.24832447352    8.407935022121796     2.106462818156789      25    
54333.74832447352    9.790647992138139     3.0059691851693886     25    
54334.24832447352    11.306198770735769    3.4415634613738124     25    
54334.74832447352    12.953097318274148    3.4662461940877214     25    
54335.24832447352    14.73972023953028     3.405950544759877      25    
54335.74832447352    16.67054997796875     3.4153810580680846     25    
54336.24832447352    18.747145127997193    3.4237605272132776     25    
54336.74832447352    20.979813429077584    3.4297703182462334     25    
54337.24832447352    23.366180715315405    3.4336433889690596     25    
54337.74832447352    25.91769512945617     3.43554120773339       25    
54338.24832447352    28.63363445934049     3.435139249875997      25    
54338.74832447352    31.521219713196313    3.4338420813116155     25    
54339.24832447352    34.591846874196534    3.445497250804494      25    
54339.74832447352    37.83786394856392     3.4516405779417894     25    
54340.24832447352    41.262360462739174    3.3809591874934544     25    
54340.74832447352    44.88603337011798     3.2213337388375045     25    
54341.24832447352    48.52011345371723     3.1116505701834463     25    
54341.74832447352    52.1809899035908      3.1219911535787688     25    
54342.24832447352    55.72285308861429     3.1696173151288867     25    
54342.74832447352    58.98312160825605     3.195854726119535      25    
54343.24832447352    61.98367058048056     3.2197262069143187     25    
54343.74832447352    64.48927123849408     3.2349723630191516     25    
54344.24832447352    66.50203980188917     3.24004683127652       25    
54344.74832447352    68.0908067389273      3.2451815978843395     25    
54345.24832447352    69.22515387597552     3.254065911174606      25    
54345.74832447352    70.0016261582768      3.2643723641532634     25    
54346.24832447352    70.54244390375335     3.278323531653331      25    
54346.74832447352    70.82482005740304     3.294179475097446      25    
54347.24832447352    71.00860289251612     3.306762953033209      25    
54347.74832447352    71.09718287284888     3.3470817987577193     25    
54348.24832447352    71.07750499900858     3.2751026291324288     25    
54348.74832447352    70.97255688245488     2.8997779754200503     25    
54349.24832447352    70.74372652782385     2.3799953092403183     25    
54349.74832447352    70.33538888411255     2.1636993234535304     25    
54350.24832447352    69.75962159001106     2.2226892420677764     25    
54350.74832447352    68.95432291663866     2.2601964628428597     25    
54351.24832447352    67.90244725814837     2.246745346057404      25    
54351.74832447352    66.64975052144835     2.2284150508156833     25    
54352.24832447352    65.19671364888784     2.2056799517756276     25    
54352.74832447352    63.574505112147484    2.1818551896666505     25    
54353.24832447352    61.87158324545813     2.170154688206002      25    
54353.74832447352    60.06791918311844     2.169366405953203      25    
54354.24832447352    58.25800805612699     2.1637114727049336     25    
54354.74832447352    56.45467533858956     2.166149943789098      25    
54355.24832447352    54.66038363484466     2.1314807813086727     25    
54355.74832447352    52.89799804368224     1.9801161710086346     25    
54356.24832447352    51.1531892592242      1.758520754382014      25    
54356.74832447352    49.40523137584037     1.6462005971034708     25    
54357.24832447352    47.65860789420644     1.6550586129619969     25    
54357.74832447352    45.89383620965896     1.6666085010209715     25    
54358.24832447352    44.10190833752857     1.6500751277166443     25    
54358.74832447352    42.29439765121254     1.6277822113565554     25    
54359.24832447352    40.47273407613492     1.597203568371755      25    
54359.74832447352    38.641586913013576    1.5613641477016655     25    
54360.24832447352    36.83303063703457     1.5390714047556753     25    
54360.74832447352    35.04045560416012     1.5322383952209595     25    
54361.24832447352    33.29242626107476     1.5257245043970216     25    
54361.74832447352    31.597361888903745    1.5336215471714563     25    
54362.24832447352    29.957710580093902    1.5153298312169299     25    
54362.74832447352    28.386956588705146    1.3795768732094535     25    
54363.24832447352    26.881348420835817    1.1341203976984902     25    
54363.74832447352    25.44271190700849     0.970357355639856      25    
54364.24832447352    24.070785842466183    0.9635477006579634     25    
54364.74832447352    22.766753907909152    0.985671588407034      25    
54365.24832447352    21.532369870122615    0.9793293655465918     25    
54365.74832447352    20.365322110872       0.972159058911262      25    
54366.24832447352    19.263522179773204    0.957100655464842      25    
54366.74832447352    18.22731662262583     0.9356180163529945     25    
54367.24832447352    17.248201463978422    0.9232511719958936     25    
54367.74832447352    16.32731211331664     0.9244285979617587     25    
54368.24832447352    15.458549221989093    0.9276293151393896     25    
54368.74832447352    14.638047531139506    0.9278321431762416     25    
54369.24832447352    13.865976356773626    0.9255668929335383     25    
54369.74832447352    13.137494163926982    0.9202095055962108     25    
54370.24832447352    12.453528314448974    0.9137061454100509     25    
54370.74832447352    11.812705247454012    0.8587537051538675     25    
54371.24832447352    11.215125525768386    0.6984407653129636     25    
54371.74832447352    10.6598094253237      0.5053686767593643     25    
54372.24832447352    10.14672818049287     0.4446745572362198     25    
54372.74832447352    9.674727384915125     0.4746524673205661     25    
54373.24832447352    9.239644722486943     0.4767724015713758     25    
54373.74832447352    8.842879820024962     0.4637169717402522     25    
54374.24832447352    8.475816449855678     0.4570422038244666     25    
54374.74832447352    8.138412447059721     0.4634413230470506     25    
54375.24832447352    7.825981738263315     0.472508663632349      25    
54375.74832447352    7.532541464282914     0.47691013355710954    25    
54376.24832447352    7.259330571096898     0.478634063823077      25    
54376.74832447352    7.000908956869772     0.47255905471104415    25    
54377.24832447352    6.757634759132013     0.45651006796041227    25    
54377.74832447352    6.529545518262056     0.44406371213031104    25    
54378.24832447352    6.316500702839157     0.44267671750504123    25    
54378.74832447352    6.118457685144208     0.44562428227729584    25    
54379.24832447352    5.935683671652022     0.449734608029909      25    
54379.74832447352    5.767833670550159     0.45502530491893156    25    
54380.24832447352    5.612148796380536     0.4508333501169381     25    
54380.74832447352    5.469965507808151     0.4338714253310622     25    
54381.24832447352    5.3351146167588785    0.4177353187086504     25    
54381.74832447352    5.206102030595005     0.4103758727803795     25    
54382.24832447352    5.080849556463026     0.40738618962223       25    
54382.74832447352    4.95296700645787      0.40813423881668254    25    
54383.24832447352    4.823945835060278     0.4126124978032974     25    
54383.74832447352    4.692120235287012     0.41332656107978033    25    
54384.24832447352    4.555456924325411     0.4122820937086123     25    
54384.74832447352    4.4210693546746755    0.4003560637994786     25    
54385.24832447352    4.291478799872297     0.3590474695787446     25    
54385.74832447352    4.168258019321574     0.30204251700085477    25    
54386.24832447352    4.059447244646666     0.2792416271959817     25    
54386.74832447352    3.963483743667297     0.2905663539524973     25    
54387.24832447352    3.882957039630973     0.29672805572427546    25    
54387.74832447352    3.820577204252376     0.2894802898411086     25    
54388.24832447352    3.769222393998944     0.2815035432961015     25    
54388.74832447352    3.7253422500502205    0.27920505556609465    25    
54389.24832447352    3.688142493069821     0.27976145775568717    25    
54389.74832447352    3.648712702151735     0.28225652498239634    25    
54390.24832447352    3.6086305286570814    0.2873642737700559     25    
54390.74832447352    3.563309074492631     0.28866894830707446    25    
54391.24832447352    3.5102506540029115    0.28247860061088326    25    
54391.74832447352    3.4531978001711447    0.2749651095693939     25    
54392.24832447352    3.394026153337426     0.2709468476341212     25    
54392.74832447352    3.332859794074944     0.269457372868203      25    
54393.24832447352    3.2743650807452385    0.27504039829707816    25    
54393.74832447352    3.2178086594986572    0.28848074475218977    25    
54394.24832447352    3.1658252256285078    0.29951024666459736    25    
54394.74832447352    3.119814321671824     0.30504061555954837    25    
54395.24832447352    3.078609414641944     0.30735466887394186    25    
54395.74832447352    3.041858031542122     0.3060082204651766     25    
54396.24832447352    3.0095500627107783    0.30133546940567124    25    
54396.74832447352    2.9804735095796193    0.29562822510562725    25    
54397.24832447352    2.954850268613307     0.28843697585022376    25    
54397.74832447352    2.9316830289499767    0.28141981891451917    25    
54398.24832447352    2.9107081091040605    0.27558451795741806    25    
54398.74832447352    2.8915730076163393    0.27063717442197294    25    
54399.24832447352    2.873337962676067     0.2676388786413052     25    
54399.74832447352    2.8561990431159496    0.26629565900095176    25    
54400.24832447352    2.838954207822356     0.261525952394242      25    
54400.74832447352    2.821775063445214     0.2497298838884316     25    
54401.24832447352    2.8037683605749284    0.24234437612955653    25    
54401.74832447352    2.7845154470971516    0.24464216030746688    25    
54402.24832447352    2.763816380217048     0.2576164708964697     25    
54402.74832447352    2.7406345725647934    0.2850196985685515     25    