#Date  :
#Flux  :
#Fluxerr  :
#ZP  :
#end  :
@INSTRUMENT  UVOT
@BAND  UVOT_u
@MAGSYS AB
53738.4218  0.0  322.01896851751917  25.0
53743.408144999994  0.0  322.01896851751917  25.0
53748.39448999999  0.0  322.01896851751917  25.0
53753.38083499999  0.0  322.01896851751917  25.0
53758.36717999999  0.0  322.01896851751917  25.0
53763.353524999984  0.0  322.01896851751917  25.0
53768.33986999998  0.0  322.01896851751917  25.0
53773.32621499998  0.0  322.01896851751917  25.0
53778.31255999998  0.0  322.01896851751917  25.0
53783.298904999974  0.0  322.01896851751917  25.0
53788.28524999997  0.0  322.01896851751917  25.0
53793.27159499997  0.0  322.01896851751917  25.0
53798.25793999997  0.0  322.01896851751917  25.0
53803.244284999964  0.0  322.01896851751917  25.0
53808.23062999996  0.0  322.01896851751917  25.0
53813.21697499996  0.0  322.01896851751917  25.0
53818.20331999996  0.0  322.01896851751917  25.0
53823.189664999954  0.0  322.01896851751917  25.0
53828.17600999995  0.0  322.01896851751917  25.0
53833.16235499995  0.0  322.01896851751917  25.0
53838.14869999995  0.0  322.01896851751917  25.0
53843.135044999945  0.0  322.01896851751917  25.0
53848.12138999994  0.0  322.01896851751917  25.0
53853.10773499994  0.0  322.01896851751917  25.0
53858.09407999994  0.0  322.01896851751917  25.0
53863.080424999935  0.0  322.01896851751917  25.0
53868.06676999993  0.0  322.01896851751917  25.0
53873.05311499993  0.0  322.01896851751917  25.0
53878.03945999993  0.0  322.01896851751917  25.0
53883.025804999925  0.0  322.01896851751917  25.0
53888.01214999992  0.0  322.01896851751917  25.0
53892.99849499992  0.0  322.01896851751917  25.0
53897.98483999992  0.0  322.01896851751917  25.0
53902.971184999915  0.0  322.01896851751917  25.0
53907.95752999991  0.0  322.01896851751917  25.0
53912.94387499991  0.0  322.01896851751917  25.0
53917.93021999991  0.0  322.01896851751917  25.0
53922.916564999905  0.0  322.01896851751917  25.0
53927.9029099999  0.0  322.01896851751917  25.0
53932.8892549999  0.0  322.01896851751917  25.0
53937.8755999999  0.0  322.01896851751917  25.0
53942.861944999895  0.0  322.01896851751917  25.0
53947.84828999989  0.0  322.01896851751917  25.0
53952.83463499989  0.0  322.01896851751917  25.0
53957.82097999989  0.0  322.01896851751917  25.0
53962.807324999885  0.0  322.01896851751917  25.0
53967.79366999988  0.0  322.01896851751917  25.0
53972.78001499988  0.0  322.01896851751917  25.0
53977.76635999988  0.0  322.01896851751917  25.0
53982.752704999875  0.0  322.01896851751917  25.0
53987.73904999987  0.0  322.01896851751917  25.0
53992.72539499987  0.0  322.01896851751917  25.0
53997.71173999987  0.0  322.01896851751917  25.0
54002.698084999865  0.0  322.01896851751917  25.0
54007.68442999986  0.0  322.01896851751917  25.0
54012.67077499986  0.0  322.01896851751917  25.0
54017.65711999986  0.0  322.01896851751917  25.0
54022.643464999855  0.0  322.01896851751917  25.0
54027.62980999985  0.0  322.01896851751917  25.0
54032.61615499985  0.0  322.01896851751917  25.0
54037.60249999985  0.0  322.01896851751917  25.0
54042.588844999846  0.0  322.01896851751917  25.0
54047.57518999984  0.0  322.01896851751917  25.0
54052.56153499984  0.0  322.01896851751917  25.0
54057.54787999984  0.0  322.01896851751917  25.0
54062.534224999836  0.0  322.01896851751917  25.0
54067.52056999983  0.0  322.01896851751917  25.0
54072.50691499983  0.0  322.01896851751917  25.0
54077.49325999983  0.0  322.01896851751917  25.0
54082.479604999826  0.0  322.01896851751917  25.0
54087.46594999982  0.0  322.01896851751917  25.0
54092.45229499982  0.0  322.01896851751917  25.0
54097.43863999982  0.0  322.01896851751917  25.0
54102.424984999816  0.0  322.01896851751917  25.0
54107.41132999981  0.0  322.01896851751917  25.0
54112.39767499981  0.0  322.01896851751917  25.0
54117.38401999981  0.0  322.01896851751917  25.0
54122.370364999806  0.0  322.01896851751917  25.0
54127.3567099998  0.0  322.01896851751917  25.0
54132.3430549998  0.0  322.01896851751917  25.0
54137.3293999998  0.0  322.01896851751917  25.0
54142.315744999796  0.0  322.01896851751917  25.0
54147.302089999794  0.0  322.01896851751917  25.0
54152.28843499979  0.0  322.01896851751917  25.0
54157.27477999979  0.0  322.01896851751917  25.0
54162.261124999786  0.0  322.01896851751917  25.0
54167.247469999784  0.0  322.01896851751917  25.0
54172.23381499978  0.0  322.01896851751917  25.0
54177.22015999978  0.0  322.01896851751917  25.0
54182.20650499978  0.0  322.01896851751917  25.0
54187.192849999774  0.0  322.01896851751917  25.0
54192.17919499977  0.0  322.01896851751917  25.0
54197.16553999977  0.0  322.01896851751917  25.0
54202.15188499977  0.0  322.01896851751917  25.0
54207.138229999764  0.0  322.01896851751917  25.0
54212.12457499976  0.0  322.01896851751917  25.0
54217.11091999976  0.0  322.01896851751917  25.0
54222.09726499976  0.0  322.01896851751917  25.0
54227.083609999754  0.0  322.01896851751917  25.0
54232.06995499975  0.0  322.01896851751917  25.0
54237.05629999975  0.0  322.01896851751917  25.0
54242.04264499975  0.0  322.01896851751917  25.0
54247.028989999744  0.0  322.01896851751917  25.0
54252.01533499974  0.0  322.01896851751917  25.0
54257.00167999974  0.0  322.01896851751917  25.0
54261.98802499974  0.0  322.01896851751917  25.0
54266.974369999734  0.0  322.01896851751917  25.0
54271.96071499973  0.0  322.01896851751917  25.0
54276.94705999973  0.0  322.01896851751917  25.0
54281.93340499973  0.0  322.01896851751917  25.0
54286.919749999724  0.0  322.01896851751917  25.0
54291.90609499972  0.0  322.01896851751917  25.0
54296.89243999972  0.0  322.01896851751917  25.0
54301.87878499972  0.0  322.01896851751917  25.0
54306.865129999715  0.0  322.01896851751917  25.0
54311.85147499971  0.0  322.01896851751917  25.0
54316.83781999971  0.0  322.01896851751917  25.0
54321.82416499971  0.0  322.01896851751917  25.0
54326.810509999705  0.0  322.01896851751917  25.0
54331.7968549997  0.0  322.01896851751917  25.0
54336.7831999997  0.0  322.01896851751917  25.0
54341.7695449997  0.0  322.01896851751917  25.0
54346.755889999695  0.0  322.01896851751917  25.0
54351.74223499969  0.0  322.01896851751917  25.0
54356.72857999969  0.0  322.01896851751917  25.0
54361.71492499969  0.0  322.01896851751917  25.0
54366.701269999685  0.0  322.01896851751917  25.0
54371.68761499968  0.0  322.01896851751917  25.0
54376.67395999968  0.0  322.01896851751917  25.0
54381.66030499968  0.0  322.01896851751917  25.0
54386.646649999675  0.0  322.01896851751917  25.0
54391.63299499967  0.0  322.01896851751917  25.0
54396.61933999967  0.0  322.01896851751917  25.0
54401.60568499967  0.0  322.01896851751917  25.0
54406.592029999665  0.0  322.01896851751917  25.0
54411.57837499966  0.0  322.01896851751917  25.0
54416.56471999966  0.0  322.01896851751917  25.0
54421.55106499966  0.0  322.01896851751917  25.0
54426.537409999655  0.0  322.01896851751917  25.0
54431.52375499965  0.0  322.01896851751917  25.0
54436.51009999965  0.0  322.01896851751917  25.0
54441.49644499965  0.0  322.01896851751917  25.0
54446.482789999645  0.0  322.01896851751917  25.0
54451.46913499964  0.0  322.01896851751917  25.0
54456.45547999964  0.0  322.01896851751917  25.0
54461.44182499964  0.0  322.01896851751917  25.0
54466.428169999635  0.0  322.01896851751917  25.0
54471.41451499963  0.0  322.01896851751917  25.0
54476.40085999963  0.0  322.01896851751917  25.0
54481.38720499963  0.0  322.01896851751917  25.0
54486.373549999626  0.0  322.01896851751917  25.0
54491.35989499962  0.0  322.01896851751917  25.0
54496.34623999962  0.0  322.01896851751917  25.0
54501.33258499962  0.0  322.01896851751917  25.0
54506.318929999616  0.0  322.01896851751917  25.0
54511.30527499961  0.0  322.01896851751917  25.0
54516.29161999961  0.0  322.01896851751917  25.0
54521.27796499961  0.0  322.01896851751917  25.0
54526.264309999606  0.0  322.01896851751917  25.0
54531.2506549996  0.0  322.01896851751917  25.0
54536.2369999996  0.0  322.01896851751917  25.0
54541.2233449996  0.0  322.01896851751917  25.0
54546.209689999596  0.0  322.01896851751917  25.0
54551.19603499959  0.0  322.01896851751917  25.0
54556.18237999959  0.0  322.01896851751917  25.0
54561.16872499959  0.0  322.01896851751917  25.0
54566.155069999586  0.0  322.01896851751917  25.0
54571.14141499958  0.0  322.01896851751917  25.0
54576.12775999958  0.0  322.01896851751917  25.0
54581.11410499958  0.0  322.01896851751917  25.0
54586.100449999576  0.0  322.01896851751917  25.0
54591.08679499957  0.0  322.01896851751917  25.0
54596.07313999957  0.0  322.01896851751917  25.0
54601.05948499957  0.0  322.01896851751917  25.0
54606.045829999566  0.0  322.01896851751917  25.0
54611.032174999564  0.0  322.01896851751917  25.0
54616.01851999956  0.0  322.01896851751917  25.0
54621.00486499956  0.0  322.01896851751917  25.0
54625.991209999556  0.0  322.01896851751917  25.0
54630.977554999554  0.0  322.01896851751917  25.0
54635.96389999955  0.0  322.01896851751917  25.0
54640.95024499955  0.0  322.01896851751917  25.0
54645.93658999955  0.0  322.01896851751917  25.0
54650.922934999544  0.0  322.01896851751917  25.0
54655.90927999954  0.0  322.01896851751917  25.0
54660.89562499954  0.0  322.01896851751917  25.0
54665.88196999954  0.0  322.01896851751917  25.0
54670.868314999534  0.0  322.01896851751917  25.0
54675.85465999953  0.0  322.01896851751917  25.0
54680.84100499953  0.0  322.01896851751917  25.0
54685.82734999953  0.0  322.01896851751917  25.0
54690.813694999524  0.0  322.01896851751917  25.0
54695.80003999952  0.0  322.01896851751917  25.0
54700.78638499952  0.0  322.01896851751917  25.0
54705.77272999952  0.0  322.01896851751917  25.0
54710.759074999514  0.0  322.01896851751917  25.0
54715.74541999951  0.0  322.01896851751917  25.0
54720.73176499951  0.0  322.01896851751917  25.0
54725.71810999951  0.0  322.01896851751917  25.0
54730.704454999504  0.0  322.01896851751917  25.0
54735.6907999995  0.0  322.01896851751917  25.0
54740.6771449995  0.0  322.01896851751917  25.0
54745.6634899995  0.0  322.01896851751917  25.0
54750.649834999494  0.0  322.01896851751917  25.0
54755.63617999949  0.0  322.01896851751917  25.0
54760.62252499949  0.0  322.01896851751917  25.0
54765.60886999949  0.0  322.01896851751917  25.0
54770.595214999485  0.0  322.01896851751917  25.0
54775.58155999948  0.0  322.01896851751917  25.0
54780.56790499948  0.0  322.01896851751917  25.0
54785.55424999948  0.0  322.01896851751917  25.0
54790.540594999475  0.0  322.01896851751917  25.0
54795.52693999947  0.0  322.01896851751917  25.0
54800.51328499947  0.0  322.01896851751917  25.0
54805.49962999947  0.0  322.01896851751917  25.0
54810.485974999465  0.0  322.01896851751917  25.0
54815.47231999946  0.0  322.01896851751917  25.0
54820.45866499946  0.0  322.01896851751917  25.0
54825.44500999946  0.0  322.01896851751917  25.0
54830.431354999455  0.0  322.01896851751917  25.0
54835.41769999945  0.0  322.01896851751917  25.0
54840.40404499945  0.0  322.01896851751917  25.0
54845.39038999945  0.0  322.01896851751917  25.0
54850.376734999445  0.0  322.01896851751917  25.0
54855.36307999944  0.0  322.01896851751917  25.0
54860.34942499944  0.0  322.01896851751917  25.0
54865.33576999944  0.0  322.01896851751917  25.0
54870.322114999435  0.0  322.01896851751917  25.0
54875.30845999943  0.0  322.01896851751917  25.0
54880.29480499943  0.0  322.01896851751917  25.0
54885.28114999943  0.0  322.01896851751917  25.0
54890.267494999425  0.0  322.01896851751917  25.0
54895.25383999942  0.0  322.01896851751917  25.0
54900.24018499942  0.0  322.01896851751917  25.0
54905.22652999942  0.0  322.01896851751917  25.0
54910.212874999415  0.0  322.01896851751917  25.0
54915.19921999941  0.0  322.01896851751917  25.0
54920.18556499941  0.0  322.01896851751917  25.0
54925.17190999941  0.0  322.01896851751917  25.0
54930.158254999405  0.0  322.01896851751917  25.0
54935.1445999994  0.0  322.01896851751917  25.0
54940.1309449994  0.0  322.01896851751917  25.0
54945.1172899994  0.0  322.01896851751917  25.0
54950.103634999396  0.0  322.01896851751917  25.0
54955.08997999939  0.0  322.01896851751917  25.0
54960.07632499939  0.0  322.01896851751917  25.0
54965.06266999939  0.0  322.01896851751917  25.0
54970.049014999386  0.0  322.01896851751917  25.0
54975.03535999938  0.0  322.01896851751917  25.0
54980.02170499938  0.0  322.01896851751917  25.0
54985.00804999938  0.0  322.01896851751917  25.0
54989.994394999376  0.0  322.01896851751917  25.0
54994.98073999937  0.0  322.01896851751917  25.0
54999.96708499937  0.0  322.01896851751917  25.0
55004.95342999937  0.0  322.01896851751917  25.0
55009.939774999366  0.0  322.01896851751917  25.0
55014.92611999936  0.0  322.01896851751917  25.0
55019.91246499936  0.0  322.01896851751917  25.0
55024.89880999936  0.0  322.01896851751917  25.0
55029.885154999356  0.0  322.01896851751917  25.0
55034.87149999935  0.0  322.01896851751917  25.0
55039.85784499935  0.0  322.01896851751917  25.0
55044.84418999935  0.0  322.01896851751917  25.0
55049.830534999346  0.0  322.01896851751917  25.0
55054.816879999344  0.0  322.01896851751917  25.0
55059.80322499934  0.0  322.01896851751917  25.0
55064.78956999934  0.0  322.01896851751917  25.0
55069.775914999336  0.0  322.01896851751917  25.0
55074.762259999334  0.0  322.01896851751917  25.0
55079.74860499933  0.0  322.01896851751917  25.0
55084.73494999933  0.0  322.01896851751917  25.0
55089.721294999326  0.0  322.01896851751917  25.0
55094.707639999324  0.0  322.01896851751917  25.0
55099.69398499932  0.0  322.01896851751917  25.0
55104.68032999932  0.0  322.01896851751917  25.0
55109.66667499932  0.0  322.01896851751917  25.0
55114.653019999314  0.0  322.01896851751917  25.0
55119.63936499931  0.0  322.01896851751917  25.0
55124.62570999931  0.0  322.01896851751917  25.0
55129.61205499931  0.0  322.01896851751917  25.0
55134.598399999304  0.0  322.01896851751917  25.0
55139.5847449993  0.0  322.01896851751917  25.0
55144.5710899993  0.0  322.01896851751917  25.0
55149.5574349993  0.0  322.01896851751917  25.0
55154.543779999294  0.0  322.01896851751917  25.0
55159.53012499929  0.0  322.01896851751917  25.0
55164.51646999929  0.0  322.01896851751917  25.0
55169.50281499929  0.0  322.01896851751917  25.0
55174.489159999284  0.0  322.01896851751917  25.0
55179.47550499928  0.0  322.01896851751917  25.0
55184.46184999928  0.0  322.01896851751917  25.0
55189.44819499928  0.0  322.01896851751917  25.0
55194.434539999274  0.0  322.01896851751917  25.0
55199.42088499927  0.0  322.01896851751917  25.0
55204.40722999927  0.0  322.01896851751917  25.0
55209.39357499927  0.0  322.01896851751917  25.0
55214.379919999265  0.0  322.01896851751917  25.0
55219.36626499926  0.0  322.01896851751917  25.0
55224.35260999926  0.0  322.01896851751917  25.0
55229.33895499926  0.0  322.01896851751917  25.0
55234.325299999255  0.0  322.01896851751917  25.0
55239.31164499925  0.0  322.01896851751917  25.0
55244.29798999925  0.0  322.01896851751917  25.0
55249.28433499925  0.0  322.01896851751917  25.0
55254.270679999245  0.0  322.01896851751917  25.0
55259.25702499924  0.0  322.01896851751917  25.0
55264.24336999924  0.0  322.01896851751917  25.0
55269.22971499924  0.0  322.01896851751917  25.0
55274.216059999235  0.0  322.01896851751917  25.0
55279.20240499923  0.0  322.01896851751917  25.0
55284.18874999923  0.0  322.01896851751917  25.0
55289.17509499923  0.0  322.01896851751917  25.0
55294.161439999225  0.0  322.01896851751917  25.0
55299.14778499922  0.0  322.01896851751917  25.0
55304.13412999922  0.0  322.01896851751917  25.0
55309.12047499922  0.0  322.01896851751917  25.0
55314.106819999215  0.0  322.01896851751917  25.0
55319.09316499921  0.0  322.01896851751917  25.0
55324.07950999921  0.0  322.01896851751917  25.0
55329.06585499921  0.0  322.01896851751917  25.0
55334.052199999205  0.0  322.01896851751917  25.0
55339.0385449992  0.0  322.01896851751917  25.0
55344.0248899992  0.0  322.01896851751917  25.0
55349.0112349992  0.0  322.01896851751917  25.0
55353.997579999195  0.0  322.01896851751917  25.0
55358.98392499919  0.0  322.01896851751917  25.0
55363.97026999919  0.0  322.01896851751917  25.0
55368.95661499919  0.0  322.01896851751917  25.0
55373.942959999185  0.0  322.01896851751917  25.0
55378.92930499918  0.0  322.01896851751917  25.0
55383.91564999918  0.0  322.01896851751917  25.0
55388.90199499918  0.0  322.01896851751917  25.0
55393.888339999176  0.0  322.01896851751917  25.0
55398.87468499917  0.0  322.01896851751917  25.0
55403.86102999917  0.0  322.01896851751917  25.0
55408.84737499917  0.0  322.01896851751917  25.0
55413.833719999166  0.0  322.01896851751917  25.0
55418.82006499916  0.0  322.01896851751917  25.0
55423.80640999916  0.0  322.01896851751917  25.0
55428.79275499916  0.0  322.01896851751917  25.0
55433.779099999156  0.0  322.01896851751917  25.0
55438.76544499915  0.0  322.01896851751917  25.0
55443.75178999915  0.0  322.01896851751917  25.0
55448.73813499915  0.0  322.01896851751917  25.0
55453.724479999146  0.0  322.01896851751917  25.0
55458.71082499914  0.0  322.01896851751917  25.0
55463.69716999914  0.0  322.01896851751917  25.0
55468.68351499914  0.0  322.01896851751917  25.0
55473.669859999136  0.0  322.01896851751917  25.0
55478.65620499913  0.0  322.01896851751917  25.0
55483.64254999913  0.0  322.01896851751917  25.0
55488.62889499913  0.0  322.01896851751917  25.0
55493.615239999126  0.0  322.01896851751917  25.0
55498.60158499912  0.0  322.01896851751917  25.0
55503.58792999912  0.0  322.01896851751917  25.0
55508.57427499912  0.0  322.01896851751917  25.0
55513.560619999116  0.0  322.01896851751917  25.0
55518.546964999114  0.0  322.01896851751917  25.0
55523.53330999911  0.0  322.01896851751917  25.0
55528.51965499911  0.0  322.01896851751917  25.0
55533.505999999106  0.0  322.01896851751917  25.0
55538.492344999104  0.0  322.01896851751917  25.0
55543.4786899991  0.0  322.01896851751917  25.0
55548.4650349991  0.0  322.01896851751917  25.0
55553.4513799991  0.0  322.01896851751917  25.0
55558.437724999094  0.0  322.01896851751917  25.0
55563.42406999909  0.0  322.01896851751917  25.0
55568.41041499909  0.0  322.01896851751917  25.0
55573.39675999909  0.0  322.01896851751917  25.0
55578.383104999084  0.0  322.01896851751917  25.0
55583.36944999908  0.0  322.01896851751917  25.0
55588.35579499908  0.0  322.01896851751917  25.0
55593.34213999908  0.0  322.01896851751917  25.0
55598.328484999074  0.0  322.01896851751917  25.0
55603.31482999907  0.0  322.01896851751917  25.0
55608.30117499907  0.0  322.01896851751917  25.0
55613.28751999907  0.0  322.01896851751917  25.0
55618.273864999064  0.0  322.01896851751917  25.0
55623.26020999906  0.0  322.01896851751917  25.0
55628.24655499906  0.0  322.01896851751917  25.0
55633.23289999906  0.0  322.01896851751917  25.0
55638.219244999054  0.0  322.01896851751917  25.0
55643.20558999905  0.0  322.01896851751917  25.0
55648.19193499905  0.0  322.01896851751917  25.0
55653.17827999905  0.0  322.01896851751917  25.0
55658.164624999044  0.0  322.01896851751917  25.0
55663.15096999904  0.0  322.01896851751917  25.0
55668.13731499904  0.0  322.01896851751917  25.0
55673.12365999904  0.0  322.01896851751917  25.0
55678.110004999035  0.0  322.01896851751917  25.0
55683.09634999903  0.0  322.01896851751917  25.0
55688.08269499903  0.0  322.01896851751917  25.0
55693.06903999903  0.0  322.01896851751917  25.0
55698.055384999025  0.0  322.01896851751917  25.0
55703.04172999902  0.0  322.01896851751917  25.0
55708.02807499902  0.0  322.01896851751917  25.0
55713.01441999902  0.0  322.01896851751917  25.0
55718.000764999015  0.0  322.01896851751917  25.0
55722.98710999901  0.0  322.01896851751917  25.0
55727.97345499901  0.0  322.01896851751917  25.0
55732.95979999901  0.0  322.01896851751917  25.0
55737.946144999005  0.0  322.01896851751917  25.0
55742.932489999  0.0  322.01896851751917  25.0
55747.918834999  0.0  322.01896851751917  25.0
55752.905179999  0.0  322.01896851751917  25.0
55757.891524998995  0.0  322.01896851751917  25.0
55762.87786999899  0.0  322.01896851751917  25.0
55767.86421499899  0.0  322.01896851751917  25.0
55772.85055999899  0.0  322.01896851751917  25.0
55777.836904998985  0.0  322.01896851751917  25.0
55782.82324999898  0.0  322.01896851751917  25.0
55787.80959499898  0.0  322.01896851751917  25.0
55792.79593999898  0.0  322.01896851751917  25.0
55797.782284998975  0.0  322.01896851751917  25.0
55802.76862999897  0.0  322.01896851751917  25.0
55807.75497499897  0.0  322.01896851751917  25.0
55812.74131999897  0.0  322.01896851751917  25.0
55817.727664998965  0.0  322.01896851751917  25.0
55822.71400999896  0.0  322.01896851751917  25.0
55827.70035499896  0.0  322.01896851751917  25.0
55832.68669999896  0.0  322.01896851751917  25.0
55837.673044998955  0.0  322.01896851751917  25.0
55842.65938999895  0.0  322.01896851751917  25.0
55847.64573499895  0.0  322.01896851751917  25.0
55852.63207999895  0.0  322.01896851751917  25.0
55857.618424998946  0.0  322.01896851751917  25.0
55862.60476999894  0.0  322.01896851751917  25.0
55867.59111499894  0.0  322.01896851751917  25.0
55872.57745999894  0.0  322.01896851751917  25.0
55877.563804998936  0.0  322.01896851751917  25.0
55882.55014999893  0.0  322.01896851751917  25.0
55887.53649499893  0.0  322.01896851751917  25.0
55892.52283999893  0.0  322.01896851751917  25.0
55897.509184998926  0.0  322.01896851751917  25.0
55902.49552999892  0.0  322.01896851751917  25.0
55907.48187499892  0.0  322.01896851751917  25.0
55912.46821999892  0.0  322.01896851751917  25.0
55917.454564998916  0.0  322.01896851751917  25.0
55922.44090999891  0.0  322.01896851751917  25.0
55927.42725499891  0.0  322.01896851751917  25.0
55932.41359999891  0.0  322.01896851751917  25.0
55937.399944998906  0.0  322.01896851751917  25.0
55942.3862899989  0.0  322.01896851751917  25.0
55947.3726349989  0.0  322.01896851751917  25.0
55952.3589799989  0.0  322.01896851751917  25.0
55957.345324998896  0.0  322.01896851751917  25.0
55962.33166999889  0.0  322.01896851751917  25.0
55967.31801499889  0.0  322.01896851751917  25.0
55972.30435999889  0.0  322.01896851751917  25.0
55977.290704998886  0.0  322.01896851751917  25.0
55982.277049998884  0.0  322.01896851751917  25.0
55987.26339499888  0.0  322.01896851751917  25.0
55992.24973999888  0.0  322.01896851751917  25.0
55997.236084998876  0.0  322.01896851751917  25.0
56002.222429998874  0.0  322.01896851751917  25.0
56007.20877499887  0.0  322.01896851751917  25.0
56012.19511999887  0.0  322.01896851751917  25.0
56017.18146499887  0.0  322.01896851751917  25.0
56022.167809998864  0.0  322.01896851751917  25.0
56027.15415499886  0.0  322.01896851751917  25.0
56032.14049999886  0.0  322.01896851751917  25.0
56037.12684499886  0.0  322.01896851751917  25.0
56042.113189998854  0.0  322.01896851751917  25.0
56047.09953499885  0.0  322.01896851751917  25.0
56052.08587999885  0.0  322.01896851751917  25.0
56057.07222499885  0.0  322.01896851751917  25.0
56062.058569998844  0.0  322.01896851751917  25.0
56067.04491499884  0.0  322.01896851751917  25.0
56072.03125999884  0.0  322.01896851751917  25.0
56077.01760499884  0.0  322.01896851751917  25.0
56082.003949998834  0.0  322.01896851751917  25.0
56086.99029499883  0.0  322.01896851751917  25.0
56091.97663999883  0.0  322.01896851751917  25.0
56096.96298499883  0.0  322.01896851751917  25.0
56101.949329998824  0.0  322.01896851751917  25.0
56106.93567499882  0.0  322.01896851751917  25.0
56111.92201999882  0.0  322.01896851751917  25.0
56116.90836499882  0.0  322.01896851751917  25.0
56121.894709998815  0.0  322.01896851751917  25.0
56126.88105499881  0.0  322.01896851751917  25.0
56131.86739999881  0.0  322.01896851751917  25.0
56136.85374499881  0.0  322.01896851751917  25.0
56141.840089998805  0.0  322.01896851751917  25.0
56146.8264349988  0.0  322.01896851751917  25.0
56151.8127799988  0.0  322.01896851751917  25.0
56156.7991249988  0.0  322.01896851751917  25.0
56161.785469998795  0.0  322.01896851751917  25.0
56166.77181499879  0.0  322.01896851751917  25.0
56171.75815999879  0.0  322.01896851751917  25.0
56176.74450499879  0.0  322.01896851751917  25.0
56181.730849998785  0.0  322.01896851751917  25.0
56186.71719499878  0.0  322.01896851751917  25.0
56191.70353999878  0.0  322.01896851751917  25.0
56196.68988499878  0.0  322.01896851751917  25.0
56201.676229998775  0.0  322.01896851751917  25.0
56206.66257499877  0.0  322.01896851751917  25.0
56211.64891999877  0.0  322.01896851751917  25.0
56216.63526499877  0.0  322.01896851751917  25.0
53937.8756  -11.539313541501247  16.948366764079957  25.0
53940.3527  3.425733707633183  9.736295800641678  25.0
56134.6541  22.17711821257271  31.913414013214386  25.0
56228.8143  1503.3561923287093  96.64175091007296  25.0
56231.4894  17769.461043267405  664.9529428290094  25.0
56233.4261  39549.915352851014  1445.2990210730313  25.0
56235.2433  58928.75003160967  2140.0017566262236  25.0
56243.7433  75570.78408151759  1987.466455749504  25.0
56249.6286  52235.58757399077  1902.7246219291044  25.0
56251.0401  47226.80428988289  1254.9003476382607  25.0
56251.1956  45119.61745614031  1649.0400257901629  25.0
56253.238  38047.10006584456  1033.1291655125337  25.0
56253.4957  35162.451982243336  1294.2061343889993  25.0
56257.4535  24134.474272049858  663.8711321844936  25.0
56259.7748  18097.429970329762  512.7782455004617  25.0
56261.8552  14331.466814996378  560.5582156332403  25.0
56263.6464  12819.45613751154  513.1388490486336  25.0
56265.716  9823.742161073367  308.4963354610724  25.0
56267.0042  8592.100742292196  277.3041285442019  25.0
56267.7253  8388.540039349149  360.06264284965613  25.0
56269.5899  7561.676103390951  335.541601573966  25.0
56279.6793  4022.7128816317863  209.87126503605393  25.0
56287.4584  3137.0705673215657  178.67905811918337  25.0
56295.5119  2842.99837378737  170.74578005940126  25.0
56299.7185  2397.112086472798  156.32163813252473  25.0
56303.461  2189.2241409516896  147.30654942822684  25.0
56314.1818  1943.2925210984445  123.14611170070863  25.0
56332.3529  1529.319647797087  106.9189520329725  25.0
56350.2411  1070.4516327483268  81.3161001127666  25.0
56356.3216  997.970319565772  74.28433092341427  25.0
