53650.26007632987    10.62547845656356     1.667245129357794      25    
53650.76007632987    12.37826855513004     1.6693243105440678     25    
53651.26007632987    14.24064166560447     1.6759563922513718     25    
53651.76007632987    16.20104590347281     1.7072018963767144     25    
53652.26007632987    18.262179172705153    1.7579788895117234     25    
53652.76007632987    20.409975411888336    1.7913253951259616     25    
53653.26007632987    22.64595812801711     1.7991960784021503     25    
53653.76007632987    24.960737273684813    1.8003922328870585     25    
53654.26007632987    27.34784568169182     1.8053160779718518     25    
53654.76007632987    29.80655386878769     1.8095232688684488     25    
53655.26007632987    32.32370898388079     1.8125875421543807     25    
53655.76007632987    34.90243550054336     1.8145085101122307     25    
53656.26007632987    37.52941518473549     1.8159784701769275     25    
53656.76007632987    40.204249319103226    1.8165408801128538     25    
53657.26007632987    42.92008360703417     1.8177260593183322     25    
53657.76007632987    45.66971846569136     1.8101155366099602     25    
53658.26007632987    48.452642315034126    1.804146022262909      25    
53658.76007632987    51.24873541055458     1.8717067801364613     25    
53659.26007632987    54.0762103398569      2.025677235403922      25    
53659.76007632987    56.84897588627091     2.150088322855276      25    
53660.26007632987    59.554841560357794    2.193262595295669      25    
53660.76007632987    62.152568144887134    2.2058072918556753     25    
53661.26007632987    64.54325916452551     2.2230847335350568     25    
53661.76007632987    66.74959361254523     2.236955098528515      25    
53662.26007632987    68.66600969816724     2.243699571320049      25    
53662.76007632987    70.26716994864958     2.23803546415531       25    
53663.26007632987    71.60792230844878     2.236989571994148      25    
53663.76007632987    72.69074546146626     2.2555864643899097     25    
53664.26007632987    73.54405779872812     2.2845518551286013     25    
53664.76007632987    74.27176818341152     2.317560278840112      25    
53665.26007632987    74.85026794218022     2.357990470035677      25    
53665.76007632987    75.37566393308752     2.3776695477814314     25    
53666.26007632987    75.87819211470756     2.3815077493326853     25    
53666.76007632987    76.33490557619857     2.343708214087896      25    
53667.26007632987    76.75524162726438     2.1937074293466052     25    
53667.76007632987    77.12833342063533     1.9579380806474715     25    
53668.26007632987    77.39772268407492     1.8338636032800917     25    
53668.76007632987    77.5737875658219      1.862743788543613      25    
53669.26007632987    77.61432582613656     1.9039511338020465     25    
53669.76007632987    77.49192051544414     1.8988825390157127     25    
53670.26007632987    77.22752044435718     1.8853455726332273     25    
53670.76007632987    76.82628014950608     1.8718344358856458     25    
53671.26007632987    76.2878910314525      1.8565426777111604     25    
53671.76007632987    75.6663883382351      1.859650491165674      25    
53672.26007632987    74.9553099404441      1.8923105259482815     25    
53672.76007632987    74.189408885716       1.9192617630550806     25    
53673.26007632987    73.39775772637103     1.9246334633207791     25    
53673.76007632987    72.57046708102074     1.908179755547904      25    
53674.26007632987    71.7204700077543      1.82934316769158       25    
53674.76007632987    70.84710818594796     1.6755933191664212     25    
53675.26007632987    69.93475722022524     1.5647309500566982     25    
53675.76007632987    68.9834581665674      1.5629964675851917     25    
53676.26007632987    67.98607537065624     1.5916279493392143     25    
53676.76007632987    66.93151725962193     1.5917298479623043     25    
53677.26007632987    65.82407934747663     1.5845154095609566     25    
53677.76007632987    64.66538632455728     1.5706862022848846     25    
53678.26007632987    63.45292700631171     1.5460221664505533     25    
53678.76007632987    62.20031872149562     1.5332996463993305     25    
53679.26007632987    60.90958738619412     1.5515733968389953     25    
53679.76007632987    59.585907918460194    1.5770106698550448     25    
53680.26007632987    58.23933215303356     1.5879231887220038     25    
53680.76007632987    56.8679910413211      1.5891803925636        25    
53681.26007632987    55.49367079704035     1.5457195984109038     25    
53681.76007632987    54.111689947509895    1.427352052030448      25    
53682.26007632987    52.74316540919382     1.3135458307673558     25    
53682.76007632987    51.39853208797697     1.2866405993585566     25    
53683.26007632987    50.08101932354101     1.3002900236924115     25    
53683.76007632987    48.81659320651696     1.3000490175530584     25    
53684.26007632987    47.60053613053943     1.2950639875705423     25    
53684.76007632987    46.43945165272664     1.2815213813730038     25    
53685.26007632987    45.338138493666975    1.2510115089638836     25    
53685.76007632987    44.287401965637166    1.2213607376459301     25    
53686.26007632987    43.281777465292635    1.2132863660350237     25    
53686.76007632987    42.32149788328237     1.217250778378568      25    
53687.26007632987    41.39617951167507     1.2181015425857875     25    
53687.76007632987    40.5074829117434      1.2170165880024193     25    
53688.26007632987    39.64971360287025     1.2129659655868006     25    
53688.76007632987    38.820893414891565    1.205497662300053      25    
53689.26007632987    38.02080831297012     1.1937286296631688     25    
53689.76007632987    37.247162870916604    1.172431145742691      25    
53690.26007632987    36.500434814287836    1.1434635706684937     25    
53690.76007632987    35.777725412865976    1.1280194564290307     25    
53691.26007632987    35.08001448230236     1.1329436915966167     25    
53691.76007632987    34.40314404112151     1.1367978077790684     25    
53692.26007632987    33.74600145034067     1.1216266618164614     25    
53692.76007632987    33.10669655391737     1.1030999471371812     25    
53693.26007632987    32.47860979470364     1.1073543459361983     25    
53693.76007632987    31.863336438948572    1.1310496059912103     25    
53694.26007632987    31.253358950719758    1.147675719044105      25    
53694.76007632987    30.647406261758057    1.1542717917842618     25    
53695.26007632987    30.04572764786414     1.1503830166376665     25    
53695.76007632987    29.445793391751597    1.129586581116102      25    
53696.26007632987    28.84978064101244     1.0947357947012104     25    
53696.76007632987    28.26388849663272     1.0492530768057948     25    
53697.26007632987    27.6866680528041      0.9856938237902171     25    
53697.76007632987    27.124319966351777    0.9397976639026171     25    
53698.26007632987    26.579418764731397    0.9425499438671618     25    
53698.76007632987    26.050549286663124    0.9575164243588923     25    
53699.26007632987    25.539559782657317    0.9421509614988516     25    
53699.76007632987    25.045298493171924    0.9097762595060302     25    
53700.26007632987    24.558214073326337    0.8932931249088855     25    
53700.76007632987    24.080055635845817    0.8976121590763552     25    
53701.26007632987    23.603010648555994    0.9087613728837656     25    
53701.76007632987    23.122404733438103    0.9253541728454497     25    
53702.26007632987    22.639214443640483    0.9417604690135184     25    
53702.76007632987    22.148841521316335    0.9418815909965015     25    
53703.26007632987    21.65187671731479     0.9291478715626511     25    
53703.76007632987    21.155047267658603    0.8955190895575177     25    
53704.26007632987    20.65763913549531     0.8220797818120753     25    
53704.76007632987    20.164211078633272    0.7475367844411047     25    
53705.26007632987    19.67890406981628     0.7275305800036226     25    
53705.76007632987    19.20110211861287     0.7369470984247191     25    
53706.26007632987    18.735842904551465    0.7283690324938479     25    
53706.76007632987    18.282591876780042    0.7020252057941754     25    
53707.26007632987    17.841680740350007    0.6844233647429234     25    
53707.76007632987    17.413306555389983    0.6869372377630448     25    
53708.26007632987    16.99751474654474     0.6992367300904343     25    
53708.76007632987    16.594546712856605    0.7184713369546621     25    
53709.26007632987    16.204362714615538    0.742966699776654      25    
53709.76007632987    15.827353718797557    0.7488469200452429     25    
53710.26007632987    15.46343172609536     0.7328591101126697     25    
53710.76007632987    15.112980766068594    0.7096396252964791     25    
53711.26007632987    14.776131251483873    0.6891739410048584     25    
53711.76007632987    14.452987467114063    0.661961126018883      25    
53712.26007632987    14.144023022426298    0.6089980042876316     25    
53712.76007632987    13.849144847208887    0.5252385665394876     25    
53713.26007632987    13.568259415219366    0.464465532267917      25    
53713.76007632987    13.301748250813704    0.4596974507807099     25    
53714.26007632987    13.048425438389557    0.4693528715269296     25    
53714.76007632987    12.807623658870257    0.4632299357569491     25    
53715.26007632987    12.579241373895808    0.45419690355054776    25    
53715.76007632987    12.361709867232214    0.445303579784199      25    
53716.26007632987    12.15539623428601     0.43585302578704865    25    
53716.76007632987    11.958756795584794    0.4289517985035836     25    
53717.26007632987    11.771701795223333    0.42606354102509914    25    
53717.76007632987    11.593475849968263    0.4260783628781341     25    
53718.26007632987    11.422971504049341    0.42453766346754196    25    
53718.76007632987    11.260370383190072    0.4250785297432534     25    
53719.26007632987    11.104018808105582    0.45308295559860395    25    
53719.76007632987    10.954232492198617    0.5120484844478328     25    
53720.26007632987    10.809657150282053    0.5596405032036843     25    
53720.76007632987    10.669875624335454    0.5716803252565801     25    
53721.26007632987    10.534481279182247    0.57962535963669       25    
53721.76007632987    10.402113226942152    0.6118855186766007     25    