#Date  :
#Flux  :
#Fluxerr  :
#ZP  :
#end  :
@INSTRUMENT  PS
@BAND  PS_z
@MAGSYS  AB
54961.1477625  0.0  13.770569342185265  25.0
54966.134107499995  0.0  13.770569342185265  25.0
54971.12045249999  0.0  13.770569342185265  25.0
54976.10679749999  0.0  13.770569342185265  25.0
54981.09314249999  0.0  13.770569342185265  25.0
54986.079487499985  0.0  13.770569342185265  25.0
54991.06583249998  0.0  13.770569342185265  25.0
54996.05217749998  0.0  13.770569342185265  25.0
55001.03852249998  0.0  13.770569342185265  25.0
55006.024867499975  0.0  13.770569342185265  25.0
55011.01121249997  0.0  13.770569342185265  25.0
55015.99755749997  0.0  13.770569342185265  25.0
55020.98390249997  0.0  13.770569342185265  25.0
55025.970247499965  0.0  13.770569342185265  25.0
55030.95659249996  0.0  13.770569342185265  25.0
55035.94293749996  0.0  13.770569342185265  25.0
55040.92928249996  0.0  13.770569342185265  25.0
55045.915627499955  0.0  13.770569342185265  25.0
55050.90197249995  0.0  13.770569342185265  25.0
55055.88831749995  0.0  13.770569342185265  25.0
55060.87466249995  0.0  13.770569342185265  25.0
55065.861007499945  0.0  13.770569342185265  25.0
55070.84735249994  0.0  13.770569342185265  25.0
55075.83369749994  0.0  13.770569342185265  25.0
55080.82004249994  0.0  13.770569342185265  25.0
55085.806387499935  0.0  13.770569342185265  25.0
55090.79273249993  0.0  13.770569342185265  25.0
55095.77907749993  0.0  13.770569342185265  25.0
55100.76542249993  0.0  13.770569342185265  25.0
55105.751767499925  0.0  13.770569342185265  25.0
55110.73811249992  0.0  13.770569342185265  25.0
55115.72445749992  0.0  13.770569342185265  25.0
55120.71080249992  0.0  13.770569342185265  25.0
55125.697147499915  0.0  13.770569342185265  25.0
55130.68349249991  0.0  13.770569342185265  25.0
55135.66983749991  0.0  13.770569342185265  25.0
55140.65618249991  0.0  13.770569342185265  25.0
55145.642527499906  0.0  13.770569342185265  25.0
55150.6288724999  0.0  13.770569342185265  25.0
55155.6152174999  0.0  13.770569342185265  25.0
55160.6015624999  0.0  13.770569342185265  25.0
55165.587907499896  0.0  13.770569342185265  25.0
55170.57425249989  0.0  13.770569342185265  25.0
55175.56059749989  0.0  13.770569342185265  25.0
55180.54694249989  0.0  13.770569342185265  25.0
55185.533287499886  0.0  13.770569342185265  25.0
55190.51963249988  0.0  13.770569342185265  25.0
55195.50597749988  0.0  13.770569342185265  25.0
55200.49232249988  0.0  13.770569342185265  25.0
55205.478667499876  0.0  13.770569342185265  25.0
55210.46501249987  0.0  13.770569342185265  25.0
55215.45135749987  0.0  13.770569342185265  25.0
55220.43770249987  0.0  13.770569342185265  25.0
55225.424047499866  0.0  13.770569342185265  25.0
55230.41039249986  0.0  13.770569342185265  25.0
55235.39673749986  0.0  13.770569342185265  25.0
55240.38308249986  0.0  13.770569342185265  25.0
55245.369427499856  0.0  13.770569342185265  25.0
55250.35577249985  0.0  13.770569342185265  25.0
55255.34211749985  0.0  13.770569342185265  25.0
55260.32846249985  0.0  13.770569342185265  25.0
55265.314807499846  0.0  13.770569342185265  25.0
55270.301152499844  0.0  13.770569342185265  25.0
55275.28749749984  0.0  13.770569342185265  25.0
55280.27384249984  0.0  13.770569342185265  25.0
55285.260187499836  0.0  13.770569342185265  25.0
55290.246532499834  0.0  13.770569342185265  25.0
55295.23287749983  0.0  13.770569342185265  25.0
55300.21922249983  0.0  13.770569342185265  25.0
55305.20556749983  0.0  13.770569342185265  25.0
55310.191912499824  0.0  13.770569342185265  25.0
55315.17825749982  0.0  13.770569342185265  25.0
55320.16460249982  0.0  13.770569342185265  25.0
55325.15094749982  0.0  13.770569342185265  25.0
55330.137292499814  0.0  13.770569342185265  25.0
55335.12363749981  0.0  13.770569342185265  25.0
55340.10998249981  0.0  13.770569342185265  25.0
55345.09632749981  0.0  13.770569342185265  25.0
55350.082672499804  0.0  13.770569342185265  25.0
55355.0690174998  0.0  13.770569342185265  25.0
55360.0553624998  0.0  13.770569342185265  25.0
55365.0417074998  0.0  13.770569342185265  25.0
55370.028052499794  0.0  13.770569342185265  25.0
55375.01439749979  0.0  13.770569342185265  25.0
55380.00074249979  0.0  13.770569342185265  25.0
55384.98708749979  0.0  13.770569342185265  25.0
55389.973432499784  0.0  13.770569342185265  25.0
55394.95977749978  0.0  13.770569342185265  25.0
55399.94612249978  0.0  13.770569342185265  25.0
55404.93246749978  0.0  13.770569342185265  25.0
55409.918812499775  0.0  13.770569342185265  25.0
55414.90515749977  0.0  13.770569342185265  25.0
55419.89150249977  0.0  13.770569342185265  25.0
55424.87784749977  0.0  13.770569342185265  25.0
55429.864192499765  0.0  13.770569342185265  25.0
55434.85053749976  0.0  13.770569342185265  25.0
55439.83688249976  0.0  13.770569342185265  25.0
55444.82322749976  0.0  13.770569342185265  25.0
55449.809572499755  0.0  13.770569342185265  25.0
55454.79591749975  0.0  13.770569342185265  25.0
55459.78226249975  0.0  13.770569342185265  25.0
55464.76860749975  0.0  13.770569342185265  25.0
55469.754952499745  0.0  13.770569342185265  25.0
55474.74129749974  0.0  13.770569342185265  25.0
55479.72764249974  0.0  13.770569342185265  25.0
55484.71398749974  0.0  13.770569342185265  25.0
55489.700332499735  0.0  13.770569342185265  25.0
55494.68667749973  0.0  13.770569342185265  25.0
55499.67302249973  0.0  13.770569342185265  25.0
55504.65936749973  0.0  13.770569342185265  25.0
55509.645712499725  0.0  13.770569342185265  25.0
55514.63205749972  0.0  13.770569342185265  25.0
55519.61840249972  0.0  13.770569342185265  25.0
55524.60474749972  0.0  13.770569342185265  25.0
55529.591092499715  0.0  13.770569342185265  25.0
55534.57743749971  0.0  13.770569342185265  25.0
55539.56378249971  0.0  13.770569342185265  25.0
55544.55012749971  0.0  13.770569342185265  25.0
55549.536472499705  0.0  13.770569342185265  25.0
55554.5228174997  0.0  13.770569342185265  25.0
55559.5091624997  0.0  13.770569342185265  25.0
55564.4955074997  0.0  13.770569342185265  25.0
55569.481852499695  0.0  13.770569342185265  25.0
55574.46819749969  0.0  13.770569342185265  25.0
55160.6015625  102.91782546867287  15.855008245525518  25.0
55181.6015625  39.96597666787933  13.736790817512938  25.0
55193.6015625  -30.29967150212188  14.966264988155183  25.0
55199.5  6.8913726566489695  13.421886178045145  25.0
55202.6015625  19.59232792317699  13.131432368896398  25.0
55208.6015625  11.33980485675692  13.755152538547309  25.0
55214.5  -11.291395389130646  14.590186076299604  25.0
55223.5  32.891177834704024  13.758785926838485  25.0
55235.6015625  21.292732667184552  13.357373683342828  25.0
55238.5  -1.885401518173577  13.32978240689665  25.0
55241.3984375  -25.965340429944643  13.70281676410989  25.0
55247.3984375  40.54226950847092  13.53588916703439  25.0
55250.6015625  -30.89825611632011  13.562302776182895  25.0
55259.5  -25.678912564852965  14.177481112164532  25.0
55280.30078125  -23.007181018801674  13.49867278280161  25.0
55289.3984375  -14.412063148373935  18.4207886907017  25.0
55298.3984375  -14.475889419638166  13.782352757532047  25.0
55304.30078125  4.754302812894656  13.30503641060096  25.0
55352.30078125  -9.213536289782434  13.863557862111469  25.0
55583.5  -20.350769635751316  15.950352849199296  25.0
55586.6015625  -25.212691162373897  15.606481489800252  25.0
55589.6015625  69.08301249476945  13.542270445686809  25.0
55592.6015625  13.017920823766744  15.576827048126466  25.0
55595.5  102.0547062140059  13.59932138422828  25.0
55613.3984375  66.87563846046146  13.565936164474069  25.0
55631.3984375  39.22118151223532  13.328505851505275  25.0
55634.30078125  4.179089126083155  17.501899547797986  25.0
55646.3984375  8.353366447425234  15.670797706619624  25.0
55649.5  0.5088355221368884  13.798750201432508  25.0
55673.30078125  -32.13175323441052  14.949669768067325  25.0
55676.30078125  -19.69680469247333  15.211353135167768  25.0
55682.19921875  12.843040226670807  13.240426526109395  25.0
55694.30078125  19.941010338164883  13.384179848257226  25.0
55703.30078125  7.8151709940830045  14.513988305191978  25.0
55706.30078125  -33.65011099113794  14.213714608678133  25.0
55712.30078125  -21.95033099875371  14.748570341401381  25.0
55718.30078125  12.706649572590125  13.616013994105385  25.0
55910.6015625  10.705577077998377  13.379368792668375  25.0
55931.6015625  11.183088953660183  13.107571870530641  25.0
55935.5  4.218857122794232  13.388500958290935  25.0
55940.5  2.6157601358660223  13.99906451656667  25.0
55946.6015625  11.359050577416774  13.293057466523457  25.0
55949.6015625  -82.67192665628824  14.257802217118472  25.0
55951.6015625  12.132025094003575  13.202523918438528  25.0
55954.6015625  1.782888089570864  13.452719785321058  25.0
55957.6015625  -11.726095462591264  13.189070642782257  25.0
55959.6015625  -6.4131730592446266  13.686025266139088  25.0
55961.5  -6.867020714423623  13.220591971800706  25.0
55967.5  5.145895918177438  13.377503403628163  25.0
55969.6015625  -27.115570776532476  14.902634994773898  25.0
55972.6015625  13.143215035090954  13.531960612766571  25.0
55983.6015625  -9.974531113139507  14.298061657689141  25.0
55988.5  1.6837132578587948  13.589305218980236  25.0
55997.5  2.921140053945362  13.506528393032797  25.0
55999.3984375  7.8214556320984  13.374165181313632  25.0
56002.3984375  -43.47951258949232  14.525967249269481  25.0
56010.3984375  5.719342354890201  13.355508294302618  25.0
56013.3984375  40.093332546126696  14.152637726079595  25.0
56016.30078125  0.6494476958273718  13.92885696665002  25.0
56018.30078125  -30.808900235532857  14.367188930097361  25.0
56028.3984375  -12.678174296518465  13.897337135936022  25.0
56031.30078125  -10.987489053477852  13.471178896144677  25.0
56037.30078125  44.17511241682605  14.521253583469878  25.0
56039.3984375  31.76539682013079  13.905878969605295  25.0
56042.30078125  -28.73359274866294  14.467641253641085  25.0
56047.30078125  -68.74110541250431  14.878675608314442  25.0
56049.30078125  -51.181762370398964  15.6647100956394  25.0
56056.3984375  6.853470048978103  14.003974460249218  25.0
56061.30078125  -22.643768772766133  14.667757792587851  25.0
56064.30078125  -28.84582773840122  14.3048369904119  25.0
56067.30078125  -10.594815670686641  13.044334432915248  25.0
56319.5  -9.365931831997685  13.67620687707844  25.0
56324.5  -9.667186917926259  13.544234722820718  25.0
56333.6015625  7.531001073797427  13.404505846425506  25.0
56335.6015625  43.01682718551519  14.510452306690052  25.0
56338.3984375  -13.258003135611983  13.423261621530218  25.0
56348.5  75.62884093510098  19.299614670917688  25.0
56351.5  25.00246106838984  14.104916729348082  25.0
56356.5  -4.0076441410909975  13.89154319262799  25.0
56359.3984375  -79.22024673558776  14.960667322730098  25.0
56370.3984375  -17.70535430905928  14.226282386404474  25.0
56383.3984375  11.28403122275905  13.413540622258818  25.0
56386.30078125  -4.869679372488409  13.39792828989014  25.0
56389.30078125  1.0125650099963386  13.213422585007605  25.0
56392.30078125  14.297962769595442  13.176699142938862  25.0
56394.30078125  -9.756150242947621  13.628091826276584  25.0
56397.3984375  7.50183807598323  14.147138948748209  25.0
56402.30078125  14.087241231751797  14.330858043794512  25.0
56404.30078125  -16.36070098043457  13.843428141826136  25.0
56412.30078125  9.345016251028342  14.056310234686636  25.0
56415.30078125  -21.66056341304305  13.451639507812631  25.0
56421.30078125  15.831048859066062  13.282158799954383  25.0
56423.30078125  -45.38180486830652  15.35451912197121  25.0
56429.30078125  -4.118405922978846  13.27508830125498  25.0
56437.30078125  28.98094183709053  14.954972267515766  25.0
56754.30078125  -74.12511861624085  15.582228435668604  25.0
