#Date  :
#Flux  :
#Fluxerr  :
#ZP  :
#end  :
@INSTRUMENT  PS
@BAND  PS_i
@MAGSYS  AB
54981.1477625  0.0  11.640495109498938  25.0
54986.134107499995  0.0  11.640495109498938  25.0
54991.12045249999  0.0  11.640495109498938  25.0
54996.10679749999  0.0  11.640495109498938  25.0
55001.09314249999  0.0  11.640495109498938  25.0
55006.079487499985  0.0  11.640495109498938  25.0
55011.06583249998  0.0  11.640495109498938  25.0
55016.05217749998  0.0  11.640495109498938  25.0
55021.03852249998  0.0  11.640495109498938  25.0
55026.024867499975  0.0  11.640495109498938  25.0
55031.01121249997  0.0  11.640495109498938  25.0
55035.99755749997  0.0  11.640495109498938  25.0
55040.98390249997  0.0  11.640495109498938  25.0
55045.970247499965  0.0  11.640495109498938  25.0
55050.95659249996  0.0  11.640495109498938  25.0
55055.94293749996  0.0  11.640495109498938  25.0
55060.92928249996  0.0  11.640495109498938  25.0
55065.915627499955  0.0  11.640495109498938  25.0
55070.90197249995  0.0  11.640495109498938  25.0
55075.88831749995  0.0  11.640495109498938  25.0
55080.87466249995  0.0  11.640495109498938  25.0
55085.861007499945  0.0  11.640495109498938  25.0
55090.84735249994  0.0  11.640495109498938  25.0
55095.83369749994  0.0  11.640495109498938  25.0
55100.82004249994  0.0  11.640495109498938  25.0
55105.806387499935  0.0  11.640495109498938  25.0
55110.79273249993  0.0  11.640495109498938  25.0
55115.77907749993  0.0  11.640495109498938  25.0
55120.76542249993  0.0  11.640495109498938  25.0
55125.751767499925  0.0  11.640495109498938  25.0
55130.73811249992  0.0  11.640495109498938  25.0
55135.72445749992  0.0  11.640495109498938  25.0
55140.71080249992  0.0  11.640495109498938  25.0
55145.697147499915  0.0  11.640495109498938  25.0
55150.68349249991  0.0  11.640495109498938  25.0
55155.66983749991  0.0  11.640495109498938  25.0
55160.65618249991  0.0  11.640495109498938  25.0
55165.642527499906  0.0  11.640495109498938  25.0
55170.6288724999  0.0  11.640495109498938  25.0
55175.6152174999  0.0  11.640495109498938  25.0
55180.6015624999  0.0  11.640495109498938  25.0
55185.587907499896  0.0  11.640495109498938  25.0
55190.57425249989  0.0  11.640495109498938  25.0
55195.56059749989  0.0  11.640495109498938  25.0
55200.54694249989  0.0  11.640495109498938  25.0
55205.533287499886  0.0  11.640495109498938  25.0
55210.51963249988  0.0  11.640495109498938  25.0
55215.50597749988  0.0  11.640495109498938  25.0
55220.49232249988  0.0  11.640495109498938  25.0
55225.478667499876  0.0  11.640495109498938  25.0
55230.46501249987  0.0  11.640495109498938  25.0
55235.45135749987  0.0  11.640495109498938  25.0
55240.43770249987  0.0  11.640495109498938  25.0
55245.424047499866  0.0  11.640495109498938  25.0
55250.41039249986  0.0  11.640495109498938  25.0
55255.39673749986  0.0  11.640495109498938  25.0
55260.38308249986  0.0  11.640495109498938  25.0
55265.369427499856  0.0  11.640495109498938  25.0
55270.35577249985  0.0  11.640495109498938  25.0
55275.34211749985  0.0  11.640495109498938  25.0
55280.32846249985  0.0  11.640495109498938  25.0
55285.314807499846  0.0  11.640495109498938  25.0
55290.301152499844  0.0  11.640495109498938  25.0
55295.28749749984  0.0  11.640495109498938  25.0
55300.27384249984  0.0  11.640495109498938  25.0
55305.260187499836  0.0  11.640495109498938  25.0
55310.246532499834  0.0  11.640495109498938  25.0
55315.23287749983  0.0  11.640495109498938  25.0
55320.21922249983  0.0  11.640495109498938  25.0
55325.20556749983  0.0  11.640495109498938  25.0
55330.191912499824  0.0  11.640495109498938  25.0
55335.17825749982  0.0  11.640495109498938  25.0
55340.16460249982  0.0  11.640495109498938  25.0
55345.15094749982  0.0  11.640495109498938  25.0
55350.137292499814  0.0  11.640495109498938  25.0
55355.12363749981  0.0  11.640495109498938  25.0
55360.10998249981  0.0  11.640495109498938  25.0
55365.09632749981  0.0  11.640495109498938  25.0
55370.082672499804  0.0  11.640495109498938  25.0
55375.0690174998  0.0  11.640495109498938  25.0
55380.0553624998  0.0  11.640495109498938  25.0
55385.0417074998  0.0  11.640495109498938  25.0
55390.028052499794  0.0  11.640495109498938  25.0
55395.01439749979  0.0  11.640495109498938  25.0
55400.00074249979  0.0  11.640495109498938  25.0
55404.98708749979  0.0  11.640495109498938  25.0
55409.973432499784  0.0  11.640495109498938  25.0
55414.95977749978  0.0  11.640495109498938  25.0
55419.94612249978  0.0  11.640495109498938  25.0
55424.93246749978  0.0  11.640495109498938  25.0
55429.918812499775  0.0  11.640495109498938  25.0
55434.90515749977  0.0  11.640495109498938  25.0
55439.89150249977  0.0  11.640495109498938  25.0
55444.87784749977  0.0  11.640495109498938  25.0
55449.864192499765  0.0  11.640495109498938  25.0
55454.85053749976  0.0  11.640495109498938  25.0
55459.83688249976  0.0  11.640495109498938  25.0
55464.82322749976  0.0  11.640495109498938  25.0
55469.809572499755  0.0  11.640495109498938  25.0
55474.79591749975  0.0  11.640495109498938  25.0
55479.78226249975  0.0  11.640495109498938  25.0
55484.76860749975  0.0  11.640495109498938  25.0
55489.754952499745  0.0  11.640495109498938  25.0
55494.74129749974  0.0  11.640495109498938  25.0
55499.72764249974  0.0  11.640495109498938  25.0
55504.71398749974  0.0  11.640495109498938  25.0
55509.700332499735  0.0  11.640495109498938  25.0
55514.68667749973  0.0  11.640495109498938  25.0
55519.67302249973  0.0  11.640495109498938  25.0
55524.65936749973  0.0  11.640495109498938  25.0
55529.645712499725  0.0  11.640495109498938  25.0
55534.63205749972  0.0  11.640495109498938  25.0
55539.61840249972  0.0  11.640495109498938  25.0
55544.60474749972  0.0  11.640495109498938  25.0
55549.591092499715  0.0  11.640495109498938  25.0
55554.57743749971  0.0  11.640495109498938  25.0
55559.56378249971  0.0  11.640495109498938  25.0
55564.55012749971  0.0  11.640495109498938  25.0
55569.536472499705  0.0  11.640495109498938  25.0
55574.5228174997  0.0  11.640495109498938  25.0
55180.6015625  -44.77653988638507  11.035008820066  25.0
55192.5  1.8570996336253724  10.774476978876185  25.0
55204.5  -33.122499353001125  11.640495109498938  25.0
55207.6015625  -15.249755163376241  19.466758827685567  25.0
55213.5  -93.23704561796018  13.635713729192306  25.0
55222.5  3.725782829039836  10.750916659039039  25.0
55234.5  5.364463813173619  11.880608456197045  25.0
55240.5  -22.727335434894254  30.00416692232591  25.0
55243.3984375  -27.31874282382525  15.807729863711685  25.0
55246.3984375  51.78292574428422  15.735381752062235  25.0
55249.5  -58.154472650309806  29.647531174937896  25.0
55252.5  24.676120946657573  12.224286701725356  25.0
55258.5  -17.655896078333384  11.32233942037632  25.0
55264.5  1.474056919103467  12.805525888522155  25.0
55276.5  4.557050648767942  11.390957784655022  25.0
55288.3984375  21.52529477714154  11.282975606709824  25.0
55348.30078125  -44.255969009983346  18.01302313380879  25.0
55561.6015625  1.1777927125531629  10.827879022405593  25.0
55570.6015625  39.46086498844164  33.71316251794373  25.0
55585.3984375  11.52132144260573  12.49041391291655  25.0
55588.6015625  -14.824501051709525  11.892781063429329  25.0
55594.5  101.7735356195153  11.437880702781952  25.0
55597.5  217.9000019066032  16.41488480317314  25.0
55615.5  139.6488355702651  12.806605867580112  25.0
55633.3984375  57.5866822734601  13.426326610532815  25.0
55636.3984375  39.965534259185596  12.196014767287933  25.0
55645.5  61.12241687374682  11.251267511441679  25.0
55651.5  1.9748986115027154  10.868814123217437  25.0
55663.30078125  16.019178079713406  10.940867899381605  25.0
55666.30078125  6.531359840354838  11.02951156189305  25.0
55672.30078125  -35.579294431346455  17.221611184779828  25.0
55675.30078125  2.7301859350937945  22.095245112107158  25.0
55681.30078125  -38.994185216820945  14.239040060509332  25.0
55705.30078125  -5.682913463308892  11.486767355367938  25.0
55711.30078125  12.866782120942535  11.102840791826775  25.0
55720.30078125  -2.50823320017937  12.311654161521993  25.0
55723.30078125  14.655164529515522  10.9901469992813  25.0
55945.6015625  -7.982348403035648  11.591902792398233  25.0
55948.6015625  -19.311462033244982  11.739151421126756  25.0
55950.6015625  3.0042646980591305  11.086349017307924  25.0
55956.6015625  6.33581397895615  11.40332661554416  25.0
55960.6015625  -8.2433708033676  11.2967187521422  25.0
55968.5  -39.66985965978742  12.568553618224232  25.0
55971.5  2.2502535771828613  11.078201241876927  25.0
55979.6015625  5.825155767479227  11.01969438748828  25.0
55985.6015625  -73.74584121714585  11.918598704265559  25.0
55998.5  -5.455757992943113  11.437978814610378  25.0
56007.3984375  -71.08192083481164  11.774785487422504  25.0
56015.30078125  -18.810619872754952  11.056408432841982  25.0
56019.30078125  -2.180457683726717  10.979446818420682  25.0
56027.3984375  -9.764743743238805  11.222308794205265  25.0
56030.30078125  -16.947434309986065  11.292202612253522  25.0
56033.30078125  50.49695678334662  13.571710365575964  25.0
56038.30078125  -28.657919851471178  12.58877663800434  25.0
56041.30078125  15.733319156829495  11.380257603794405  25.0
56044.30078125  -31.664737329432555  11.441021779182137  25.0
56048.3984375  5.541358690882802  10.983471650221967  25.0
56057.3984375  10.042847338005425  11.911629019720944  25.0
56063.30078125  -17.778799492597344  14.366362251778792  25.0
56066.30078125  -210.11681901738447  19.017945894072213  25.0
56068.30078125  -18.281310303115895  11.24537780595502  25.0
56323.5  -56.41605687338076  12.222028631781019  25.0
56326.5  -17.38868888808424  11.366220122876747  25.0
56332.6015625  0.8993945950649462  12.20288634000412  25.0
56337.6015625  -35.3028587376631  13.852169393170094  25.0
56352.3984375  81.83430617549607  13.199367738296518  25.0
56355.3984375  -0.25307131664859345  10.818160708774503  25.0
56358.5  -8.597651117928102  10.917602663974995  25.0
56369.3984375  -13.794937992551  10.883244051448802  25.0
56385.3984375  -3.047653905235853  10.977974392049017  25.0
56388.3984375  4.946179760524146  12.454583622963947  25.0
56391.3984375  -1.3483065766882947  11.094300569082067  25.0
56393.30078125  6.4672576159648125  11.011252276571998  25.0
56396.30078125  12.911937528267261  11.099994050911873  25.0
56399.3984375  -38.78204797118447  12.021770406836799  25.0
56403.30078125  -7.201341550436766  10.960206414815357  25.0
56411.30078125  1.6697013604213675  61.24090001311476  25.0
56414.30078125  1.346048787598427  10.938413605780411  25.0
56417.30078125  39.577880195109444  11.347862725727268  25.0
56420.30078125  1.8943046125938396  12.238127958986158  25.0
56422.30078125  21.678630832904087  12.170982770024377  25.0
56428.30078125  22.598738538800493  20.868369429692997  25.0
56444.30078125  -37.443853559713325  12.598003643548038  25.0
