55586.47923307355    4.095066649632484     4.095066649644694     25    
55586.97923307355    5.933826527826319     5.9338265278347455    25    
55587.47923307355    8.198611471550597     8.198611471556696     25    
55587.97923307355    10.952590095543865    10.95259009554843     25    
55588.47923307355    14.20843082810435     14.208430828107868    25    
55588.97923307355    18.049121483256712    18.049121483259484    25    
55589.47923307355    22.471856005161413    20.887480133070326    25    
55589.97923307355    27.570751976832547    20.795963832917558    25    
55590.47923307355    33.33621828858948     20.82544290743692     25    
55590.97923307355    39.86481286213905     20.824509610085286    25    
55591.47923307355    47.14884896425622     20.793084177463218    25    
55591.97923307355    55.278635425043866    20.729150551397346    25    
55592.47923307355    64.25707931802938     20.62685411324552     25    
55592.97923307355    74.16000997180866     20.506848594173512    25    
55593.47923307355    85.04634797933693     20.322312816893817    25    
55593.97923307355    96.86411501951802     20.233396077775435    25    
55594.47923307355    109.81287771257944    20.464210350665642    25    
55594.97923307355    123.3949167338293     20.811380048655245    25    
55595.47923307355    136.95935676138163    21.020990218605874    25    
55595.97923307355    150.34440932547326    21.17139922967958     25    
55596.47923307355    162.28569889587794    21.314444813889477    25    
55596.97923307355    172.89597463228904    21.437613933549446    25    
55597.47923307355    180.91654316521436    21.44846646377083     25    
55597.97923307355    186.3500979044182     21.332238477454073    25    
55598.47923307355    189.68036082560585    21.324508031876768    25    
55598.97923307355    190.75114087806284    21.46566643535299     25    
55599.47923307355    190.6204575656015     21.676771924476316    25    
55599.97923307355    189.42253570208382    22.013367769177748    25    
55600.47923307355    187.832261630139      22.23129850296543     25    
55600.97923307355    186.38085761344945    22.501356676935703    25    
55601.47923307355    185.02450624799695    22.036269846457966    25    
55601.97923307355    184.03955756365062    18.79586582653778     25    
55602.47923307355    183.31869827758567    13.611449784605236    25    
55602.97923307355    182.8211849183302     11.756789212195192    25    
55603.47923307355    182.54097214701744    12.842591891162742    25    
55603.97923307355    182.43041271473527    13.12529216729329     25    
55604.47923307355    182.4930731586324     12.999443051967566    25    
55604.97923307355    182.32216991760208    12.839826288599484    25    
55605.47923307355    181.9771015685009     12.61802742437614     25    
55605.97923307355    180.88273385281113    12.60877938496448     25    
55606.47923307355    179.01734298625942    12.979020751401753    25    
55606.97923307355    175.97215689544353    13.2303105185864      25    
55607.47923307355    171.4221653403319     13.021950358754921    25    
55607.97923307355    165.7211231695133     12.867124959973877    25    
55608.47923307355    158.87524389998217    13.24982845851386     25    
55608.97923307355    151.27766380196806    13.766818044931581    25    
55609.47923307355    143.5460779943805     14.033144322979611    25    
55609.97923307355    135.73220360899208    14.168102949602913    25    
55610.47923307355    128.6452399488326     14.180636047816272    25    
55610.97923307355    122.17712050957955    14.076172960545689    25    
55611.47923307355    116.65251291602304    13.891276986439866    25    
55611.97923307355    112.05996382507817    13.603590386184669    25    
55612.47923307355    108.30848402161432    13.538268093370904    25    
55612.97923307355    105.40380069617811    13.795811596197291    25    
55613.47923307355    103.28164438819972    13.979990986774174    25    
55613.97923307355    101.9582910282794     14.006336030438273    25    
55614.47923307355    101.30508042044353    13.85441767886591     25    
55614.97923307355    101.29261623847225    13.306719407596583    25    
55615.47923307355    101.79928119352785    12.769726677092223    25    
55615.97923307355    102.68946162734937    12.85747918512974     25    
55616.47923307355    103.92150088889098    13.189890941616175    25    
55616.97923307355    105.29663179395719    13.295367710499168    25    
55617.47923307355    106.8315759286844     13.282376088673214    25    
55617.97923307355    108.37397198037458    13.109564041813554    25    
55618.47923307355    109.94019279961648    12.784260384069132    25    
55618.97923307355    111.45179703098164    12.693964612881619    25    
55619.47923307355    112.91606562085431    12.881715921602412    25    
55619.97923307355    114.25663741478908    13.030807007605622    25    
55620.47923307355    115.46998018845191    13.093229759590587    25    
55620.97923307355    116.50780702146037    13.089698799320082    25    
55621.47923307355    117.35442222497316    12.893135910397621    25    
55621.97923307355    117.9877851764895     12.867702458294156    25    
55622.47923307355    118.3884832659775     13.475094837339809    25    
55622.97923307355    118.54366584202573    14.169179277810967    25    
55623.47923307355    118.41673717678756    14.359681289348227    25    
55623.97923307355    118.01765090447793    14.294481956285694    25    
55624.47923307355    117.33819700085913    14.125232808884599    25    
55624.97923307355    116.3849998630911     13.859572855589327    25    
55625.47923307355    115.2034115916872     13.89769795343897     25    
55625.97923307355    113.78888602671536    14.227831786679612    25    
55626.47923307355    112.1897227576411     14.458329404480736    25    
55626.97923307355    110.41413377108411    14.575707865718787    25    
55627.47923307355    108.43665388486642    14.529106037878124    25    
55627.97923307355    106.27788167145911    14.21545820598391     25    
55628.47923307355    103.84275464533654    13.91765381659854     25    
55628.97923307355    101.1027449175952     13.823276284458634    25    
55629.47923307355    98.00348113258995     13.812447026926918    25    
55629.97923307355    94.45492768695323     13.88058069949288     25    
55630.47923307355    90.49461036254615     13.940172764305613    25    
55630.97923307355    86.10220995988564     13.705276500237721    25    
55631.47923307355    81.32616260961888     13.32479645016492     25    
55631.97923307355    76.36046138034689     13.298038089547244    25    
55632.47923307355    71.18899924039151     13.55424657264257     25    
55632.97923307355    66.03198990845706     13.810052429015675    25    
55633.47923307355    60.870188829632184    14.095244510541233    25    
55633.97923307355    55.8952309179601      14.117475985233797    25    
55634.47923307355    51.10977703199993     13.924505907914057    25    
55634.97923307355    46.650204050737884    13.01491552481188     25    
55635.47923307355    42.54188235316135     10.334607995070318    25    
55635.97923307355    38.88753180539238     7.153588870915087     25    
55636.47923307355    35.78352245967321     6.501169136619842     25    
55636.97923307355    33.21303068544558     7.0290331538529625    25    
55637.47923307355    31.251243375555433    6.866237924246859     25    
55637.97923307355    29.815503792342927    6.630585742708373     25    
55638.47923307355    28.74409390508549     6.545486688930586     25    
55638.97923307355    28.039742126794067    6.573847480293574     25    
55639.47923307355    27.487513326587226    6.7012935627862555    25    
55639.97923307355    27.107751448251545    6.928624081693514     25    
55640.47923307355    26.745746506497994    6.981996542252089     25    
55640.97923307355    26.39291466043845     6.822344832508807     25    
55641.47923307355    26.041523809388803    6.639875183377192     25    
55641.97923307355    25.68651848024144     6.536945420761772     25    
55642.47923307355    25.32335582389047     6.252553376478614     25    
55642.97923307355    24.948225389770144    5.423963277480299     25    
55643.47923307355    24.559863073354695    4.515555566599536     25    
55643.97923307355    24.152902729698972    4.382761387909749     25    
55644.47923307355    23.732502066463056    4.58572363490744      25    
55644.97923307355    23.30413485457139     4.5510556475473205    25    
55645.47923307355    22.8686031597458      4.437628579912841     25    
55645.97923307355    22.43458813545874     4.310269284296314     25    
55646.47923307355    22.001383916362045    4.162852179414025     25    
55646.97923307355    21.57827861712295     4.059015283945177     25    
55647.47923307355    21.16433683466437     4.001357649060398     25    
55647.97923307355    20.76865778179046     3.9732149748566266    25    
55648.47923307355    20.39091339687917     3.923191578346365     25    
55648.97923307355    20.039177111687604    4.117489200515542     25    
55649.47923307355    19.71456508523289     4.73503127983794      25    
55649.97923307355    19.42328808904085     5.244906296306271     25    
55650.47923307355    19.16874338195192     5.312511037118576     25    
55650.97923307355    18.954628987884004    5.3636126641127735    25    
55651.47923307355    18.786899769262593    5.631873131853114     25    