55586.47923307355    0.8135075440218048    0.813507544083267     25    
55586.97923307355    2.3360999598791823    2.3360999599005856    25    
55587.47923307355    4.316600494179757     4.31660049419134      25    
55587.97923307355    6.829957663220908     6.829957663228228     25    
55588.47923307355    9.891202347586324     9.89120234759138      25    
55588.97923307355    13.598798215628648    13.598798215632323    25    
55589.47923307355    17.949415928518903    17.949415928521688    25    
55589.97923307355    23.054724441379808    20.588560952772987    25    
55590.47923307355    28.90334406125492     20.620973042807975    25    
55590.97923307355    35.6098391647518      20.622656884000154    25    
55591.47923307355    43.16508957007175     20.593029983575644    25    
55591.97923307355    51.676245210021996    20.532523961096125    25    
55592.47923307355    61.1467552792469      20.43572413611461     25    
55592.97923307355    71.66643747587301     20.322087919168798    25    
55593.47923307355    83.29299357786124     20.11652482124202     25    
55593.97923307355    95.99936023749731     20.05756555964789     25    
55594.47923307355    109.97225270878918    20.495507968486265    25    
55594.97923307355    124.79490681659361    21.072031528310774    25    
55595.47923307355    139.9356095939636     21.31489882313126     25    
55595.97923307355    155.25776916201306    21.396752105334503    25    
55596.47923307355    169.71402086553866    21.500632688999712    25    
55596.97923307355    183.39628442910268    21.59615897236762     25    
55597.47923307355    195.25277577002356    21.600107923646647    25    
55597.97923307355    205.29806734543251    21.500922377093204    25    
55598.47923307355    213.76744313644986    21.494143707456296    25    
55598.97923307355    220.55095550834145    21.613672736212518    25    
55599.47923307355    226.32053365239997    21.7930974310289      25    
55599.97923307355    231.164578570724      22.08087345074266     25    
55600.47923307355    235.48763819681568    22.265624186719535    25    
55600.97923307355    239.65868510060577    22.628749195481237    25    
55601.47923307355    243.53066533797812    22.14833070935579     25    
55601.97923307355    247.17966407398174    18.272110838306425    25    
55602.47923307355    250.47178363799276    11.544120911834517    25    
55602.97923307355    253.14384429978222    8.585657287777039     25    
55603.47923307355    255.20500187961377    10.007565444472105    25    
55603.97923307355    256.3520949463221     10.362547152104167    25    
55604.47923307355    256.61612604363245    10.258916200205006    25    
55604.97923307355    256.00124064462926    10.106689619474963    25    
55605.47923307355    254.48559009020556    9.874685925206588     25    
55605.97923307355    252.24105081335634    9.834048870111802     25    
55606.47923307355    249.27019755842645    10.134288017607412    25    
55606.97923307355    245.69896954060982    10.355230099944253    25    
55607.47923307355    241.57622157844173    10.277982543456456    25    
55607.97923307355    236.9406126517872     10.142403038506412    25    
55608.47923307355    231.8464644415555     10.060191193006       25    
55608.97923307355    226.29680666307445    10.050092825237945    25    
55609.47923307355    220.32565586155243    10.294313686440203    25    
55609.97923307355    213.94035093380177    10.63965130133415     25    
55610.47923307355    207.17129934944728    10.722393384202833    25    
55610.97923307355    200.0357901378697     10.618915610036776    25    
55611.47923307355    192.76970309062344    10.432149605733455    25    
55611.97923307355    185.340601945765      10.13526574139526     25    
55612.47923307355    178.13399442408394    10.08061967918313     25    
55612.97923307355    171.1319382366519     10.381739650633596    25    
55613.47923307355    164.66141182071803    10.573818924684634    25    
55613.97923307355    158.8311236530291     10.40692708074657     25    
55614.47923307355    153.6225847563946     10.408063045835188    25    
55614.97923307355    149.1225375308953     10.997663100514803    25    
55615.47923307355    145.17788444263152    11.644454885636186    25    
55615.97923307355    141.67314564875102    11.938513387356435    25    
55616.47923307355    138.56883310909637    12.074137897655794    25    
55616.97923307355    135.692550979344      12.145473925241287    25    
55617.47923307355    133.05110773028863    12.13162649185145     25    
55617.97923307355    130.47676266196797    11.981935934185392    25    
55618.47923307355    127.98621376082282    11.70342536390048     25    
55618.97923307355    125.43728776124644    11.647219496646704    25    
55619.47923307355    122.84246639535675    11.854286430555707    25    
55619.97923307355    120.06688002085063    12.00573549003661     25    
55620.47923307355    117.07786788111834    12.058046903585334    25    
55620.97923307355    113.90938367914347    12.015606995476778    25    
55621.47923307355    110.52085258946713    11.90492299512495     25    
55621.97923307355    107.04944477628987    11.592109596066312    25    
55622.47923307355    103.56845690024194    10.752737247531181    25    
55622.97923307355    100.13484456779871    9.793684288848354     25    
55623.47923307355    96.8994664941682      9.585263811771917     25    
55623.97923307355    93.82498260335        9.758727657744473     25    
55624.47923307355    90.95473845542317     9.620200003770483     25    
55624.97923307355    88.26243151708627     9.32507967995848      25    
55625.47923307355    85.58549830557047     9.314838797741801     25    
55625.97923307355    82.94032774361274     9.578578521402978     25    
55626.47923307355    80.15593616230873     9.779870696372592     25    
55626.97923307355    77.2208155768608      9.921834004844289     25    
55627.47923307355    74.11779085019656     9.879801107324715     25    
55627.97923307355    70.80116565121942     9.657206601150442     25    
55628.47923307355    67.40550975481622     9.05213548952072      25    
55628.97923307355    63.96609544770914     7.466804859102574     25    
55629.47923307355    60.55763961562773     5.536582526375554     25    
55629.97923307355    57.27728250117587     5.084428719159499     25    
55630.47923307355    54.12578385610113     5.403332120042931     25    
55630.97923307355    51.186824251952785    5.165999446597733     25    
55631.47923307355    48.437752783383424    4.749178838872824     25    
55631.97923307355    45.86768846123137     4.658594312566617     25    
55632.47923307355    43.477018401548655    4.84383223395633      25    
55632.97923307355    41.24728595853688     5.060461156713755     25    
55633.47923307355    39.1796548013181      5.32942468706946      25    
55633.97923307355    37.26253141726234     5.384272065257666     25    
55634.47923307355    35.49425850030542     5.130278073423488     25    
55634.97923307355    33.87346053269359     4.830892397467902     25    
55635.47923307355    32.39943233166342     4.555573064360717     25    
55635.97923307355    31.070767762200234    4.3636536543244215    25    
55636.47923307355    29.88706199193444     4.436579740199343     25    
55636.97923307355    28.845971713805866    4.544968610247682     25    
55637.47923307355    27.945179735010697    4.365015050781823     25    
55637.97923307355    27.182450604335397    4.064160228340552     25    
55638.47923307355    26.549838712557424    3.9515972856810015    25    
55638.97923307355    26.047590466558795    3.9754568410948763    25    
55639.47923307355    25.667237894487076    4.10025863220427      25    
55639.97923307355    25.409942165517784    4.324846015129255     25    
55640.47923307355    25.25611954260101     4.364649405524305     25    
55640.97923307355    25.210738481460393    4.177447763223493     25    
55641.47923307355    25.232058002366312    3.962997673981113     25    
55641.97923307355    25.319045344868623    3.7449908994416736    25    
55642.47923307355    25.43688443517353     3.593019401307346     25    
55642.97923307355    25.57150837303792     3.603158561257904     25    
55643.47923307355    25.708054527584533    3.670649700785231     25    
55643.97923307355    25.822591256768938    3.7326916363837284    25    
55644.47923307355    25.920773665223805    3.778281921874237     25    
55644.97923307355    25.99675548394429     3.726527704304943     25    
55645.47923307355    26.051394926665562    3.6077733783727957    25    
55645.97923307355    26.082170328941775    3.469506076537348     25    
55646.47923307355    26.089295041341863    3.3049159586676273    25    
55646.97923307355    26.069961694790948    3.174810746023105     25    
55647.47923307355    26.024453018536637    3.0822677029212       25    
55647.97923307355    25.950018739832764    3.035897629786285     25    
55648.47923307355    25.846758016590805    3.0746208041435037    25    
55648.97923307355    25.712230622408036    3.010545041367593     25    
55649.47923307355    25.546099193845283    2.674040616169923     25    
55649.97923307355    25.346486500857747    2.3485206663025693    25    
55650.47923307355    25.11236570864098     2.266782451825718     25    
55650.97923307355    24.84261907496656     2.434415862826758     25    
55651.47923307355    24.5354467193187      2.7305277317479124    25    