54024.97202516672    2.2297674192048103    1.1718250517191013     25    
54025.47202516672    2.7447548584443844    1.1160308947797597     25    
54025.97202516672    3.3248174022264707    1.1288469017380014     25    
54026.47202516672    3.9766091440216575    1.4816588687380026     25    
54026.97202516672    4.698739903982187     1.953785029911394      25    
54027.47202516672    5.499499577275522     2.1885739675767106     25    
54027.97202516672    6.377771250326815     2.2000080753981566     25    
54028.47202516672    7.339682041891414     2.1666972720860507     25    
54028.97202516672    8.388147767115239     2.1706247554844955     25    
54029.47202516672    9.524581548320846     2.1730032020098413     25    
54029.97202516672    10.756105780202283    2.172686371930191      25    
54030.47202516672    12.081135247961253    2.1699201731234554     25    
54030.97202516672    13.507881615442813    2.164523348634456      25    
54031.47202516672    15.035579466667468    2.156033260454001      25    
54031.97202516672    16.669789830014093    2.1459906906664736     25    
54032.47202516672    18.41782218107048     2.1352141326335374     25    
54032.97202516672    20.27449290383378     2.1239002511776492     25    
54033.47202516672    22.244643531981467    2.1128123493347344     25    
54033.97202516672    24.335945889493637    2.101214824147166      25    
54034.47202516672    26.430465649686713    2.0995058161441422     25    
54034.97202516672    28.545192995849444    2.1132603581935947     25    
54035.47202516672    30.576871300853618    2.1310398959806336     25    
54035.97202516672    32.438066813309206    2.1453368984698296     25    
54036.47202516672    34.13284363080303     2.1577206604662535     25    
54036.97202516672    35.51738040990468     2.1609893898218653     25    
54037.47202516672    36.60053168206782     2.1540825324326343     25    
54037.97202516672    37.445391322367634    2.152948376112236      25    
54038.47202516672    38.02804822246383     2.162923700306689      25    
54038.97202516672    38.43824964298386     2.178477930794139      25    
54039.47202516672    38.760159762937796    2.2012054138395154     25    
54039.97202516672    38.98517496606093     2.2268794120540067     25    
54040.47202516672    39.24254148950361     2.2410884942621783     25    
54040.97202516672    39.524175385571226    2.2583214369841986     25    
54041.47202516672    39.823629820317116    2.188630874204843      25    
54041.97202516672    40.159484177768185    1.9114596900577738     25    
54042.47202516672    40.49283261432782     1.5666426848352561     25    
54042.97202516672    40.78606270410434     1.4634340811099495     25    
54043.47202516672    41.044647439101055    1.5342340541482153     25    
54043.97202516672    41.21388935133792     1.564806267185666      25    
54044.47202516672    41.29939368621865     1.5566638040790686     25    
54044.97202516672    41.27971375924051     1.5427102440524756     25    
54045.47202516672    41.14570305354438     1.5221018704809286     25    
54045.97202516672    40.89633992096578     1.5034722250716948     25    
54046.47202516672    40.52085116656242     1.5085504881529819     25    
54046.97202516672    40.02151780638939     1.5296711217308747     25    
54047.47202516672    39.386491737067686    1.5367583620959029     25    
54047.97202516672    38.607404329367355    1.528090623465846      25    
54048.47202516672    37.71984775106375     1.5100001761880362     25    
54048.97202516672    36.72496393940142     1.4759754858901637     25    
54049.47202516672    35.648380107063446    1.4397765862375476     25    
54049.97202516672    34.54410174175557     1.433795855586629      25    
54050.47202516672    33.40080245434225     1.4506625001102136     25    
54050.97202516672    32.284919164597035    1.4569746490882474     25    
54051.47202516672    31.195118907570567    1.4485148376305854     25    
54051.97202516672    30.152274184459724    1.434095395820562      25    
54052.47202516672    29.17450337963858     1.411428378764877      25    
54052.97202516672    28.257357154079493    1.387862117460292      25    
54053.47202516672    27.41137328476575     1.3865002889498663     25    
54053.97202516672    26.63425606026028     1.4038595278970807     25    
54054.47202516672    25.936701028987876    1.4131870478911503     25    
54054.97202516672    25.32265643654375     1.4149089813193196     25    
54055.47202516672    24.78338488280438     1.3991481359203433     25    
54055.97202516672    24.31899209408552     1.3387464970877705     25    
54056.47202516672    23.92285788503651     1.258576033974479      25    
54056.97202516672    23.57347000828593     1.2331597138173598     25    
54057.47202516672    23.275696204339024    1.2586456648195832     25    
54057.97202516672    23.00629685012721     1.2784151892562456     25    
54058.47202516672    22.764087956503065    1.281665790790323      25    
54058.97202516672    22.54092912464839     1.277618927335853      25    
54059.47202516672    22.326817437021216    1.260922208282184      25    
54059.97202516672    22.12364945190197     1.2384889067996154     25    
54060.47202516672    21.92296382728077     1.237479197216159      25    
54060.97202516672    21.726591913342954    1.2578187064410924     25    
54061.47202516672    21.526541964174477    1.274183775924508      25    
54061.97202516672    21.32086005201232     1.2802019546931387     25    
54062.47202516672    21.1096825932383      1.2804595911297953     25    
54062.97202516672    20.890334420990705    1.2697399406829322     25    
54063.47202516672    20.664457394270215    1.2539203142660131     25    
54063.97202516672    20.436243569824484    1.2628668686641353     25    
54064.47202516672    20.204820548048243    1.2994518488002658     25    
54064.97202516672    19.97409907494435     1.3273737930548615     25    
54065.47202516672    19.746675594683705    1.334335476681816      25    
54065.97202516672    19.519298406787442    1.3303666031707377     25    
54066.47202516672    19.291339697749805    1.313201667284132      25    
54066.97202516672    19.061569014884572    1.2863656022167373     25    
54067.47202516672    18.81750052847419     1.2830041953288631     25    
54067.97202516672    18.56154895726585     1.3080060419219064     25    
54068.47202516672    18.282799739950725    1.331558459910006      25    
54068.97202516672    17.97638695793825     1.344459570468018      25    
54069.47202516672    17.64358427993244     1.3488059736710285     25    
54069.97202516672    17.27998722301758     1.3314125481360273     25    
54070.47202516672    16.887386261228425    1.2977160729104567     25    
54070.97202516672    16.475576209501764    1.2940506463605617     25    
54071.47202516672    16.042817146216844    1.3311998971936334     25    
54071.97202516672    15.597375933084294    1.3654996397055177     25    
54072.47202516672    15.142795037355397    1.3781144739519886     25    
54072.97202516672    14.679986623479307    1.3784892228752474     25    
54073.47202516672    14.215224940670788    1.359669964681202      25    
54073.97202516672    13.747108303488108    1.3229909594671065     25    
54074.47202516672    13.277532022653741    1.3057471839776884     25    
54074.97202516672    12.806292854861539    1.3167630784643656     25    
54075.47202516672    12.334659706092763    1.3347014821220302     25    
54075.97202516672    11.862042573862313    1.3551842487838544     25    
54076.47202516672    11.390937236248801    1.3720594263438686     25    
54076.97202516672    10.926053970734033    1.3684541695982804     25    
54077.47202516672    10.466054797177218    1.3490705833177048     25    
54077.97202516672    10.026082554055767    1.251870622568601      25    
54078.47202516672    9.60460887378781      0.9866127639899225     25    
54078.97202516672    9.212110820749084     0.662088683623536      25    
54079.47202516672    8.85776562094088      0.5633801790970122     25    
54079.97202516672    8.539158750181446     0.6234656645845006     25    
54080.47202516672    8.263241537252833     0.627907056276146      25    
54080.97202516672    8.030013034147796     0.6079138890136906     25    
54081.47202516672    7.824996136513146     0.5928727684587739     25    
54081.97202516672    7.649291584769294     0.5865982376618698     25    
54082.47202516672    7.493253633973521     0.5864536062575247     25    
54082.97202516672    7.347683876262226     0.5959536644274138     25    
54083.47202516672    7.2138354225195185    0.6097187089062515     25    
54083.97202516672    7.080872920874942     0.6096198842113566     25    
54084.47202516672    6.9498617514634535    0.5961381618389778     25    
54084.97202516672    6.82194839512161      0.5827339141506616     25    
54085.47202516672    6.696744924894884     0.576128422264145      25    
54085.97202516672    6.575344721522035     0.5663915168042591     25    
54086.47202516672    6.458797501634486     0.5400039142338746     25    
54086.97202516672    6.346888607844173     0.5039319979712095     25    
54087.47202516672    6.240607996846886     0.48823457663884745    25    
54087.97202516672    6.139994355265052     0.4967753132722141     25    
54088.47202516672    6.044339790732931     0.5027442345993903     25    
54088.97202516672    5.953652251381327     0.4960013046403665     25    
54089.47202516672    5.867521170381689     0.48517824653532726    25    
54089.97202516672    5.785392054665324     0.4737557356197767     25    
54090.47202516672    5.707342500506272     0.46101803479790987    25    
54090.97202516672    5.632556812609972     0.45174672352950107    25    
54091.47202516672    5.561191712078822     0.44619507042373713    25    
54091.97202516672    5.492541902357298     0.44357223594600353    25    
54092.47202516672    5.426464182241362     0.4422534478498974     25    
54092.97202516672    5.362672154206129     0.4455636141190248     25    
54093.47202516672    5.30055528813591      0.4603158682145696     25    
54093.97202516672    5.240225751732886     0.4828812893162466     25    
54094.47202516672    5.180860406904491     0.49721304831144564    25    
54094.97202516672    5.122596288920983     0.4971480223288684     25    
54095.47202516672    5.064774912317259     0.5115574956496509     25    
54095.97202516672    5.007179142912459     0.5387788817732073     25    