54018.682784966644    6.7361626754931105    1.7498165358716207     25    
54019.182784966644    7.975842359140766     1.7087079998846884     25    
54019.682784966644    9.313873634521391     1.7265528293979904     25    
54020.182784966644    10.747619027922253    2.0132117683122344     25    
54020.682784966644    12.277239805494553    2.3905201545249373     25    
54021.182784966644    13.899246844152216    2.54884334000052       25    
54021.682784966644    15.61421488297287     2.5373206982014778     25    
54022.182784966644    17.41867950239092     2.519878585265244      25    
54022.682784966644    19.31275256151668     2.5249026872810405     25    
54023.182784966644    21.293870000830918    2.52923432972156       25    
54023.682784966644    23.360806535686244    2.532683577590291      25    
54024.182784966644    25.512529635024137    2.535477593284216      25    
54024.682784966644    27.74633050004179     2.53764137514641       25    
54025.182784966644    30.06241701846014     2.539371716865515      25    
54025.682784966644    32.45848931104088     2.546816931813951      25    
54026.182784966644    34.93653386785049     2.56573904862505       25    
54026.682784966644    37.48024578339741     2.530467560433062      25    
54027.182784966644    40.11495593447188     2.3902909285418374     25    
54027.682784966644    42.74363983205319     2.2616381349984995     25    
54028.182784966644    45.33458134002664     2.2533899035930527     25    
54028.682784966644    47.83658460937692     2.2926286005780105     25    
54029.182784966644    50.1269507505887      2.3105852178075152     25    
54029.682784966644    52.21999654758957     2.324218108217062      25    
54030.182784966644    53.972187761444026    2.3323812277204707     25    
54030.682784966644    55.3858406024944      2.3341277476438314     25    
54031.182784966644    56.507580732670455    2.3386242369864543     25    
54031.682784966644    57.31675012242855     2.3484556884699224     25    
54032.182784966644    57.9025855629226      2.3603009615556774     25    
54032.682784966644    58.310990611434555    2.3757071215687664     25    
54033.182784966644    58.56325614102132     2.3894303850350664     25    
54033.682784966644    58.75384558754118     2.404162058858945      25    
54034.182784966644    58.86122748385915     2.4103324363847087     25    
54034.682784966644    58.89722804781981     2.301727651967233      25    
54035.182784966644    58.86598783325712     2.035268697070598      25    
54035.682784966644    58.72853928614751     1.8332008551927599     25    
54036.182784966644    58.483183735364626    1.8284771555976047     25    
54036.682784966644    58.11024810655094     1.8692903403003662     25    
54037.182784966644    57.58417804218129     1.8656122857760635     25    
54037.682784966644    56.92281100942811     1.8570985508633922     25    
54038.182784966644    56.13659130523805     1.8481092799804992     25    
54038.682784966644    55.227707011549676    1.8384420695998134     25    
54039.182784966644    54.24561940606796     1.837686410954785      25    
54039.682784966644    53.183215975802675    1.847970006282645      25    
54040.182784966644    52.0839164970211      1.8525049959742481     25    
54040.682784966644    50.957361344072616    1.8649797131336294     25    
54041.182784966644    49.80780599984748     1.8320137388060476     25    
54041.682784966644    48.647415435728085    1.6587685532056886     25    
54042.182784966644    47.46987484521384     1.4168642559622628     25    
54042.682784966644    46.27205628984874     1.3215465355216667     25    
54043.182784966644    45.05434994284413     1.3448284825735926     25    
54043.682784966644    43.81270220744249     1.3516526406241611     25    
54044.182784966644    42.5466321402187      1.342345731731044      25    
54044.682784966644    41.25985827565274     1.329543920287304      25    
54045.182784966644    39.95112548355098     1.3095585447632605     25    
54045.682784966644    38.62658431575911     1.2923963347942222     25    
54046.182784966644    37.29007828977442     1.290143496160601      25    
54046.682784966644    35.943183247213       1.2936906710863374     25    
54047.182784966644    34.592571310005475    1.2977833027216936     25    
54047.682784966644    33.237747544112224    1.300139277751987      25    
54048.182784966644    31.892542292359064    1.2347453989972352     25    
54048.682784966644    30.55426732363528     1.0665244905994444     25    
54049.182784966644    29.239990408539185    0.9238583284757306     25    
54049.682784966644    27.951061425989543    0.9029571086201833     25    
54050.182784966644    26.697776050369363    0.9182058065558115     25    
54050.682784966644    25.491605602621544    0.9119162662808675     25    
54051.182784966644    24.33021475470335     0.904697957764345      25    
54051.682784966644    23.220464306778652    0.8904769916271498     25    
54052.182784966644    22.160759561263983    0.8707007661497828     25    
54052.682784966644    21.145947996947914    0.8583414759004442     25    
54053.182784966644    20.17672710466723     0.855184340395258      25    
54053.682784966644    19.24858929143492     0.853159795926684      25    
54054.182784966644    18.36041320334904     0.8508466449867692     25    
54054.682784966644    17.511342553955284    0.8468253906255332     25    
54055.182784966644    16.699493469081027    0.8467316312425078     25    
54055.682784966644    15.925616260110099    0.8365716261659867     25    
54056.182784966644    15.189835140819486    0.7628944955419193     25    
54056.682784966644    14.492135979136577    0.6196289993408227     25    
54057.182784966644    13.832845582476434    0.525330484125887      25    
54057.682784966644    13.212422909378004    0.5290033123455719     25    
54058.182784966644    12.62833353454849     0.5417368393090424     25    
54058.682784966644    12.081196444147512    0.5316555614878633     25    
54059.182784966644    11.56726888424439     0.5227481703300882     25    
54059.682784966644    11.083508699013278    0.5246839581255346     25    
54060.182784966644    10.629285577212116    0.531347082089775      25    
54060.682784966644    10.199246917637288    0.5343105131675765     25    
54061.182784966644    9.794239932015953     0.534976770768471      25    
54061.682784966644    9.410028021942852     0.5295525758668097     25    
54062.182784966644    9.04673848804612      0.5170242378861825     25    
54062.682784966644    8.70282674222243      0.5003519438977344     25    
54063.182784966644    8.37798304922371      0.47619743182477675    25    
54063.682784966644    8.07123009389639      0.45429061487396555    25    
54064.182784966644    7.781484130143291     0.45137692301643006    25    
54064.682784966644    7.508531249600505     0.45741321710454197    25    
54065.182784966644    7.250496471223013     0.4531250480775144     25    
54065.682784966644    7.00766975211672      0.4414862537389233     25    
54066.182784966644    6.777707594988504     0.4347382839785639     25    
54066.682784966644    6.5608858672143695    0.43449951635896833    25    
54067.182784966644    6.355200155119989     0.4365083153411693     25    
54067.682784966644    6.160104253356238     0.4412572179973983     25    
54068.182784966644    5.974959326318282     0.44492614831231714    25    
54068.682784966644    5.798549698280844     0.4462145008953949     25    
54069.182784966644    5.6311711471083346    0.44114048101501646    25    
54069.682784966644    5.472398766620667     0.4050732685642431     25    
54070.182784966644    5.322301448173998     0.3320458267423686     25    
54070.682784966644    5.180535947542272     0.28149716449737733    25    
54071.182784966644    5.047151191473762     0.2825671965335724     25    
54071.682784966644    4.921801622716832     0.2893225599850891     25    
54072.182784966644    4.804444235209918     0.2814456275978787     25    
54072.682784966644    4.694826025053467     0.2741181629922417     25    
54073.182784966644    4.592644972439712     0.27551184026930886    25    
54073.682784966644    4.497874856509482     0.2818808340690832     25    
54074.182784966644    4.410090334954197     0.28975225660957976    25    
54074.682784966644    4.329369281885517     0.29958296337718926    25    
54075.182784966644    4.254826649698374     0.3021560929107108     25    
54075.682784966644    4.1867304727370245    0.29524301594846675    25    
54076.182784966644    4.123539522970438     0.286330159504903      25    
54076.682784966644    4.064947698472711     0.2781845806369285     25    
54077.182784966644    4.010129059730515     0.27013578149483797    25    
54077.682784966644    3.957826315895176     0.26318693922919545    25    
54078.182784966644    3.908136729805919     0.25747618192579147    25    
54078.682784966644    3.8596916997961657    0.2553350015641624     25    
54079.182784966644    3.812672751449895     0.2567333336652084     25    
54079.682784966644    3.7670105534472333    0.2562661329672885     25    
54080.182784966644    3.7226795940843322    0.25286144779071723    25    
54080.682784966644    3.679725508978442     0.24898467398640522    25    
54081.182784966644    3.638153235111858     0.24522414747170238    25    
54081.682784966644    3.5979721118556545    0.2419140383619897     25    
54082.182784966644    3.559196976856937     0.24026010957573057    25    
54082.682784966644    3.5218280671494324    0.2397669075453293     25    
54083.182784966644    3.4858866856491737    0.23922829392297523    25    
54083.682784966644    3.4513693024491285    0.23859546959032715    25    
54084.182784966644    3.4182982278181897    0.24244949026230098    25    
54084.682784966644    3.3866716840843543    0.2522728090716605     25    
54085.182784966644    3.3565074696935877    0.26246495679382065    25    
54085.682784966644    3.3278110783847286    0.2652219201730953     25    
54086.182784966644    3.300591264376015     0.27466995479863376    25    
54086.682784966644    3.274863351679854     0.29935654176696846    25    