#Date  :
#Flux  :
#Fluxerr  :
#ZP  :
#end  :
@INSTRUMENT  PS
@BAND  PS_i
@MAGSYS  AB
54873.1477625  0.0  0.8781908314731923  25.0
54878.134107499995  0.0  0.8781908314731923  25.0
54883.12045249999  0.0  0.8781908314731923  25.0
54888.10679749999  0.0  0.8781908314731923  25.0
54893.09314249999  0.0  0.8781908314731923  25.0
54898.079487499985  0.0  0.8781908314731923  25.0
54903.06583249998  0.0  0.8781908314731923  25.0
54908.05217749998  0.0  0.8781908314731923  25.0
54913.03852249998  0.0  0.8781908314731923  25.0
54918.024867499975  0.0  0.8781908314731923  25.0
54923.01121249997  0.0  0.8781908314731923  25.0
54927.99755749997  0.0  0.8781908314731923  25.0
54932.98390249997  0.0  0.8781908314731923  25.0
54937.970247499965  0.0  0.8781908314731923  25.0
54942.95659249996  0.0  0.8781908314731923  25.0
54947.94293749996  0.0  0.8781908314731923  25.0
54952.92928249996  0.0  0.8781908314731923  25.0
54957.915627499955  0.0  0.8781908314731923  25.0
54962.90197249995  0.0  0.8781908314731923  25.0
54967.88831749995  0.0  0.8781908314731923  25.0
54972.87466249995  0.0  0.8781908314731923  25.0
54977.861007499945  0.0  0.8781908314731923  25.0
54982.84735249994  0.0  0.8781908314731923  25.0
54987.83369749994  0.0  0.8781908314731923  25.0
54992.82004249994  0.0  0.8781908314731923  25.0
54997.806387499935  0.0  0.8781908314731923  25.0
55002.79273249993  0.0  0.8781908314731923  25.0
55007.77907749993  0.0  0.8781908314731923  25.0
55012.76542249993  0.0  0.8781908314731923  25.0
55017.751767499925  0.0  0.8781908314731923  25.0
55022.73811249992  0.0  0.8781908314731923  25.0
55027.72445749992  0.0  0.8781908314731923  25.0
55032.71080249992  0.0  0.8781908314731923  25.0
55037.697147499915  0.0  0.8781908314731923  25.0
55042.68349249991  0.0  0.8781908314731923  25.0
55047.66983749991  0.0  0.8781908314731923  25.0
55052.65618249991  0.0  0.8781908314731923  25.0
55057.642527499906  0.0  0.8781908314731923  25.0
55062.6288724999  0.0  0.8781908314731923  25.0
55067.6152174999  0.0  0.8781908314731923  25.0
55072.6015624999  0.0  0.8781908314731923  25.0
55077.587907499896  0.0  0.8781908314731923  25.0
55082.57425249989  0.0  0.8781908314731923  25.0
55087.56059749989  0.0  0.8781908314731923  25.0
55092.54694249989  0.0  0.8781908314731923  25.0
55097.533287499886  0.0  0.8781908314731923  25.0
55102.51963249988  0.0  0.8781908314731923  25.0
55107.50597749988  0.0  0.8781908314731923  25.0
55112.49232249988  0.0  0.8781908314731923  25.0
55117.478667499876  0.0  0.8781908314731923  25.0
55122.46501249987  0.0  0.8781908314731923  25.0
55127.45135749987  0.0  0.8781908314731923  25.0
55132.43770249987  0.0  0.8781908314731923  25.0
55137.424047499866  0.0  0.8781908314731923  25.0
55142.41039249986  0.0  0.8781908314731923  25.0
55147.39673749986  0.0  0.8781908314731923  25.0
55152.38308249986  0.0  0.8781908314731923  25.0
55157.369427499856  0.0  0.8781908314731923  25.0
55162.35577249985  0.0  0.8781908314731923  25.0
55167.34211749985  0.0  0.8781908314731923  25.0
55172.32846249985  0.0  0.8781908314731923  25.0
55177.314807499846  0.0  0.8781908314731923  25.0
55182.301152499844  0.0  0.8781908314731923  25.0
55187.28749749984  0.0  0.8781908314731923  25.0
55192.27384249984  0.0  0.8781908314731923  25.0
55197.260187499836  0.0  0.8781908314731923  25.0
55202.246532499834  0.0  0.8781908314731923  25.0
55207.23287749983  0.0  0.8781908314731923  25.0
55212.21922249983  0.0  0.8781908314731923  25.0
55217.20556749983  0.0  0.8781908314731923  25.0
55222.191912499824  0.0  0.8781908314731923  25.0
55227.17825749982  0.0  0.8781908314731923  25.0
55232.16460249982  0.0  0.8781908314731923  25.0
55237.15094749982  0.0  0.8781908314731923  25.0
55242.137292499814  0.0  0.8781908314731923  25.0
55247.12363749981  0.0  0.8781908314731923  25.0
55252.10998249981  0.0  0.8781908314731923  25.0
55257.09632749981  0.0  0.8781908314731923  25.0
55262.082672499804  0.0  0.8781908314731923  25.0
55267.0690174998  0.0  0.8781908314731923  25.0
55272.0553624998  0.0  0.8781908314731923  25.0
55277.0417074998  0.0  0.8781908314731923  25.0
55282.028052499794  0.0  0.8781908314731923  25.0
55287.01439749979  0.0  0.8781908314731923  25.0
55292.00074249979  0.0  0.8781908314731923  25.0
55296.98708749979  0.0  0.8781908314731923  25.0
55301.973432499784  0.0  0.8781908314731923  25.0
55306.95977749978  0.0  0.8781908314731923  25.0
55311.94612249978  0.0  0.8781908314731923  25.0
55316.93246749978  0.0  0.8781908314731923  25.0
55321.918812499775  0.0  0.8781908314731923  25.0
55326.90515749977  0.0  0.8781908314731923  25.0
55331.89150249977  0.0  0.8781908314731923  25.0
55336.87784749977  0.0  0.8781908314731923  25.0
55341.864192499765  0.0  0.8781908314731923  25.0
55346.85053749976  0.0  0.8781908314731923  25.0
55351.83688249976  0.0  0.8781908314731923  25.0
55356.82322749976  0.0  0.8781908314731923  25.0
55361.809572499755  0.0  0.8781908314731923  25.0
55366.79591749975  0.0  0.8781908314731923  25.0
55371.78226249975  0.0  0.8781908314731923  25.0
55376.76860749975  0.0  0.8781908314731923  25.0
55381.754952499745  0.0  0.8781908314731923  25.0
55386.74129749974  0.0  0.8781908314731923  25.0
55391.72764249974  0.0  0.8781908314731923  25.0
55396.71398749974  0.0  0.8781908314731923  25.0
55401.700332499735  0.0  0.8781908314731923  25.0
55406.68667749973  0.0  0.8781908314731923  25.0
55411.67302249973  0.0  0.8781908314731923  25.0
55416.65936749973  0.0  0.8781908314731923  25.0
55421.645712499725  0.0  0.8781908314731923  25.0
55426.63205749972  0.0  0.8781908314731923  25.0
55431.61840249972  0.0  0.8781908314731923  25.0
55436.60474749972  0.0  0.8781908314731923  25.0
55441.591092499715  0.0  0.8781908314731923  25.0
55446.57743749971  0.0  0.8781908314731923  25.0
55451.56378249971  0.0  0.8781908314731923  25.0
55456.55012749971  0.0  0.8781908314731923  25.0
55461.536472499705  0.0  0.8781908314731923  25.0
55466.5228174997  0.0  0.8781908314731923  25.0
55471.5091624997  0.0  0.8781908314731923  25.0
55476.4955074997  0.0  0.8781908314731923  25.0
55481.481852499695  0.0  0.8781908314731923  25.0
55486.46819749969  0.0  0.8781908314731923  25.0
55491.45454249969  0.0  0.8781908314731923  25.0
55496.44088749969  0.0  0.8781908314731923  25.0
55501.427232499685  0.0  0.8781908314731923  25.0
55506.41357749968  0.0  0.8781908314731923  25.0
55511.39992249968  0.0  0.8781908314731923  25.0
55072.6015625  0.9428820076882526  1.1032849236422717  25.0
55075.6015625  -0.005104619234575849  1.2205929679048506  25.0
55087.5  0.3664527579610105  1.799868981951534  25.0
55090.6015625  1.1977203670482635  0.8083949380170482  25.0
55093.5  -0.7623552135822783  0.7484157040658134  25.0
55096.5  -0.46589464294788424  0.6769510201539145  25.0
55102.5  -0.44959913889496733  0.99618603300739  25.0
55180.30078125  -0.14076969056235736  0.6811721692302112  25.0
55183.30078125  -0.11475576755792419  0.8016215707474449  25.0
55186.3984375  -0.34034066461680196  2.509705626551035  25.0
55189.30078125  -0.6026395485180348  0.6049955430544868  25.0
55204.30078125  0.32384881988433434  0.7365376195551263  25.0
55213.19921875  0.1196640505013004  0.8003453680326347  25.0
55222.19921875  -0.30617897788364073  1.1086839763686376  25.0
55414.6015625  -0.9218745613715102  0.5008416923992484  25.0
55417.6015625  -0.13939536431685023  0.5698521763281111  25.0
55423.6015625  0.8779945141981808  0.6959952001023848  25.0
55426.6015625  0.4167136080675379  0.6253158320996104  25.0
55435.5  -0.24924284893139823  0.982050159406835  25.0
55441.6015625  -0.23176934761025536  0.6433783320548663  25.0
55444.6015625  0.1505862681513794  1.0418331228921367  25.0
55447.6015625  -0.9205984522748569  0.48562598016797326  25.0
55453.6015625  0.7471395481600817  0.8098674580068699  25.0
55456.6015625  0.5712264908713486  0.6020505498839218  25.0
55468.6015625  2.020349290494294  1.3301459649046117  25.0
55477.5  0.6438691720514735  0.6751840242515755  25.0
55480.6015625  2.3535239532914694  1.6449635114067789  25.0
55483.6015625  -0.029351559501723353  0.9205984522748569  25.0
55498.5  -0.2870366627022039  0.6438691720514735  25.0
55501.3984375  -1.670584741349841  2.1803595718982898  25.0
55504.3984375  1.4369502391997409  1.9105999762195212  25.0
55507.3984375  0.5365740109506586  0.6689996088070068  25.0
55510.3984375  0.8502136069936783  0.49043608106930453  25.0
55516.3984375  -1.3394717376038352  0.9156901459269415  25.0
55534.3984375  42.5310971590488  1.4605100909461035  25.0
55555.3984375  49.414086796706094  2.0328164204481722  25.0
55561.30078125  35.781614502578165  0.6247268334654974  25.0
55570.30078125  33.04426153586501  2.449726345790722  25.0
55588.30078125  20.15882768228772  1.1233106899657996  25.0
55594.30078125  14.43723793705658  0.5325492259584519  25.0
55597.30078125  12.973683570884521  1.0023705420701154  25.0
55777.6015625  -0.07126833738121335  0.6947190441966531  25.0
55813.5  0.7521460131455029  2.3869984359439336  25.0
55822.6015625  0.7637295749345943  0.5995963967099641  25.0
55825.6015625  0.20418475768076433  1.1050518727355323  25.0
55829.6015625  0.8877129214474275  0.9299241313559237  25.0
55831.6015625  -0.43909541573659616  0.5944918198961157  25.0
55834.5  1.5400242980333374  0.9347343258754118  25.0
55837.6015625  0.6938355228409444  0.4202475998722158  25.0
55850.6015625  0.3257139744241791  1.4042611192654797  25.0
55853.5  -0.6633059865499669  0.6311076129941561  25.0
55859.5  -1.9891326905498545  0.8071188289203949  25.0
55871.5  0.12898979979598482  3.572153561209891  25.0
55879.3984375  0.673220711074225  1.1046592381855092  25.0
55885.30078125  -1.8283371400458124  0.8311694270452079  25.0
55888.5  0.15196058269461687  1.8338343982187624  25.0
55890.3984375  0.18023231819345703  0.6672326129046678  25.0
55893.30078125  1.4455888546273457  1.272424473234166  25.0
55896.30078125  -1.3804068384156782  0.7443909190736067  25.0
55912.30078125  -0.4988783324128194  1.1516806426134936  25.0
55915.30078125  -0.040542454559550294  1.7831809837758297  25.0
55918.19921875  0.8444218260991326  0.8406915170194431  25.0
56156.6015625  0.8647421151442561  0.5938046158154184  25.0
56166.6015625  0.6029340712396306  1.0405570137954834  25.0
56207.6015625  0.15618170836637435  0.7437037618019879  25.0
56210.5  -0.7182788023248589  0.37931247565583365  25.0
56213.3984375  1.4388153937395856  1.2535767041788641  25.0
56215.5  0.49033792243179875  0.7572506367684297  25.0
56218.5  -0.0011779890400676603  0.5267574450639062  25.0
56221.5  -0.40179241855785847  0.9197149777282267  25.0
56225.5  0.1422421754453702  2.840131473025422  25.0
56233.5  0.011878055986404942  0.9320838086173642  25.0
56236.3984375  0.24207675349361502  0.976160266683862  25.0
56239.5  -0.7333963559186283  1.100143566387617  25.0
56242.3984375  -1.3334835458161212  1.4744496472716468  25.0
56272.3984375  3.521500146766958  3.5462378085452335  25.0
56293.30078125  0.3276772876015296  2.4224362785828264  25.0
56299.30078125  2.2809794307488502  1.2723263614057387  25.0
56302.30078125  0.05516915060330799  1.1406860326494368  25.0
56314.30078125  1.7587376574828366  2.3109200152147933  25.0
56499.6015625  0.05575814923742098  1.2701666841442985  25.0
56513.6015625  -0.23883728441053279  0.5358868536790399  25.0
56516.6015625  -0.9889218257411794  0.5889945149140872  25.0
56520.6015625  -0.30558997924952774  0.6876511073963756  25.0
56532.6015625  -0.8096711407318584  0.6896144205737261  25.0
56538.6015625  0.32198366534448963  0.5307822300561129  25.0
56543.6015625  0.31344325536346895  0.7756076126362029  25.0
56550.6015625  0.11711173868983692  1.086793055505265  25.0
56564.6015625  -0.5917431440005622  1.1303786735751555  25.0
56567.5  -3.8465266596605088  1.6349506750540934  25.0
56569.6015625  1.3031503268001552  0.7235797432227974  25.0
56588.5  0.41013651126386763  0.6612445147351106  25.0
56594.5  0.16864876810663523  2.167401695565961  25.0
56597.5  0.5107564169235066  0.738010139544948  25.0
56599.5  -0.14970277020020992  1.27124647596594  25.0
56620.3984375  0.3250268171525603  0.7649075253937417  25.0
56623.30078125  -1.0393790165272574  0.5054554760255681  25.0
56626.30078125  0.20389025836370783  0.7935719071448746  25.0
56631.30078125  1.1787743925463774  0.6792088560528607  25.0
56656.30078125  -0.2675016661616656  0.3939391658484565  25.0
56661.30078125  0.43948809709569764  0.9778291039486953  25.0
56677.30078125  -0.39992726401801376  0.9580977667286061  25.0
