#Date  :
#Flux  :
#Fluxerr  :
#ZP  :
#end  :
@INSTRUMENT  PS
@BAND  PS_g
@MAGSYS  AB
54812.1477625  0.0  2.198095119655383  25.0
54817.134107499995  0.0  2.198095119655383  25.0
54822.12045249999  0.0  2.198095119655383  25.0
54827.10679749999  0.0  2.198095119655383  25.0
54832.09314249999  0.0  2.198095119655383  25.0
54837.079487499985  0.0  2.198095119655383  25.0
54842.06583249998  0.0  2.198095119655383  25.0
54847.05217749998  0.0  2.198095119655383  25.0
54852.03852249998  0.0  2.198095119655383  25.0
54857.024867499975  0.0  2.198095119655383  25.0
54862.01121249997  0.0  2.198095119655383  25.0
54866.99755749997  0.0  2.198095119655383  25.0
54871.98390249997  0.0  2.198095119655383  25.0
54876.970247499965  0.0  2.198095119655383  25.0
54881.95659249996  0.0  2.198095119655383  25.0
54886.94293749996  0.0  2.198095119655383  25.0
54891.92928249996  0.0  2.198095119655383  25.0
54896.915627499955  0.0  2.198095119655383  25.0
54901.90197249995  0.0  2.198095119655383  25.0
54906.88831749995  0.0  2.198095119655383  25.0
54911.87466249995  0.0  2.198095119655383  25.0
54916.861007499945  0.0  2.198095119655383  25.0
54921.84735249994  0.0  2.198095119655383  25.0
54926.83369749994  0.0  2.198095119655383  25.0
54931.82004249994  0.0  2.198095119655383  25.0
54936.806387499935  0.0  2.198095119655383  25.0
54941.79273249993  0.0  2.198095119655383  25.0
54946.77907749993  0.0  2.198095119655383  25.0
54951.76542249993  0.0  2.198095119655383  25.0
54956.751767499925  0.0  2.198095119655383  25.0
54961.73811249992  0.0  2.198095119655383  25.0
54966.72445749992  0.0  2.198095119655383  25.0
54971.71080249992  0.0  2.198095119655383  25.0
54976.697147499915  0.0  2.198095119655383  25.0
54981.68349249991  0.0  2.198095119655383  25.0
54986.66983749991  0.0  2.198095119655383  25.0
54991.65618249991  0.0  2.198095119655383  25.0
54996.642527499906  0.0  2.198095119655383  25.0
55001.6288724999  0.0  2.198095119655383  25.0
55006.6152174999  0.0  2.198095119655383  25.0
55011.6015624999  0.0  2.198095119655383  25.0
55016.587907499896  0.0  2.198095119655383  25.0
55021.57425249989  0.0  2.198095119655383  25.0
55026.56059749989  0.0  2.198095119655383  25.0
55031.54694249989  0.0  2.198095119655383  25.0
55036.533287499886  0.0  2.198095119655383  25.0
55041.51963249988  0.0  2.198095119655383  25.0
55046.50597749988  0.0  2.198095119655383  25.0
55051.49232249988  0.0  2.198095119655383  25.0
55056.478667499876  0.0  2.198095119655383  25.0
55061.46501249987  0.0  2.198095119655383  25.0
55066.45135749987  0.0  2.198095119655383  25.0
55071.43770249987  0.0  2.198095119655383  25.0
55076.424047499866  0.0  2.198095119655383  25.0
55081.41039249986  0.0  2.198095119655383  25.0
55086.39673749986  0.0  2.198095119655383  25.0
55091.38308249986  0.0  2.198095119655383  25.0
55096.369427499856  0.0  2.198095119655383  25.0
55101.35577249985  0.0  2.198095119655383  25.0
55106.34211749985  0.0  2.198095119655383  25.0
55111.32846249985  0.0  2.198095119655383  25.0
55116.314807499846  0.0  2.198095119655383  25.0
55121.301152499844  0.0  2.198095119655383  25.0
55126.28749749984  0.0  2.198095119655383  25.0
55131.27384249984  0.0  2.198095119655383  25.0
55136.260187499836  0.0  2.198095119655383  25.0
55141.246532499834  0.0  2.198095119655383  25.0
55146.23287749983  0.0  2.198095119655383  25.0
55151.21922249983  0.0  2.198095119655383  25.0
55156.20556749983  0.0  2.198095119655383  25.0
55161.191912499824  0.0  2.198095119655383  25.0
55166.17825749982  0.0  2.198095119655383  25.0
55171.16460249982  0.0  2.198095119655383  25.0
55176.15094749982  0.0  2.198095119655383  25.0
55181.137292499814  0.0  2.198095119655383  25.0
55186.12363749981  0.0  2.198095119655383  25.0
55191.10998249981  0.0  2.198095119655383  25.0
55196.09632749981  0.0  2.198095119655383  25.0
55201.082672499804  0.0  2.198095119655383  25.0
55206.0690174998  0.0  2.198095119655383  25.0
55211.0553624998  0.0  2.198095119655383  25.0
55216.0417074998  0.0  2.198095119655383  25.0
55221.028052499794  0.0  2.198095119655383  25.0
55226.01439749979  0.0  2.198095119655383  25.0
55231.00074249979  0.0  2.198095119655383  25.0
55235.98708749979  0.0  2.198095119655383  25.0
55240.973432499784  0.0  2.198095119655383  25.0
55245.95977749978  0.0  2.198095119655383  25.0
55250.94612249978  0.0  2.198095119655383  25.0
55255.93246749978  0.0  2.198095119655383  25.0
55260.918812499775  0.0  2.198095119655383  25.0
55265.90515749977  0.0  2.198095119655383  25.0
55270.89150249977  0.0  2.198095119655383  25.0
55275.87784749977  0.0  2.198095119655383  25.0
55280.864192499765  0.0  2.198095119655383  25.0
55285.85053749976  0.0  2.198095119655383  25.0
55290.83688249976  0.0  2.198095119655383  25.0
55295.82322749976  0.0  2.198095119655383  25.0
55300.809572499755  0.0  2.198095119655383  25.0
55305.79591749975  0.0  2.198095119655383  25.0
55310.78226249975  0.0  2.198095119655383  25.0
55315.76860749975  0.0  2.198095119655383  25.0
55320.754952499745  0.0  2.198095119655383  25.0
55325.74129749974  0.0  2.198095119655383  25.0
55330.72764249974  0.0  2.198095119655383  25.0
55335.71398749974  0.0  2.198095119655383  25.0
55340.700332499735  0.0  2.198095119655383  25.0
55345.68667749973  0.0  2.198095119655383  25.0
55350.67302249973  0.0  2.198095119655383  25.0
55355.65936749973  0.0  2.198095119655383  25.0
55360.645712499725  0.0  2.198095119655383  25.0
55365.63205749972  0.0  2.198095119655383  25.0
55370.61840249972  0.0  2.198095119655383  25.0
55375.60474749972  0.0  2.198095119655383  25.0
55380.591092499715  0.0  2.198095119655383  25.0
55385.57743749971  0.0  2.198095119655383  25.0
55390.56378249971  0.0  2.198095119655383  25.0
55395.55012749971  0.0  2.198095119655383  25.0
55400.536472499705  0.0  2.198095119655383  25.0
55405.5228174997  0.0  2.198095119655383  25.0
55011.6015625  -3.3959743411157364  2.262983182516187  25.0
55014.6015625  -2.3833608626529625  2.430952078434888  25.0
55029.6015625  3.6047360073756662  2.3196726825050016  25.0
55038.6015625  -8.23408336684388  6.627279463773091  25.0
55074.3984375  0.7801562739961736  3.619633089028859  25.0
55086.3984375  -7.304554138256226  2.5722260630893405  25.0
55089.3984375  0.4696134887008177  2.2473860421473475  25.0
55092.3984375  -0.4087246852666493  2.52613470069847  25.0
55095.3984375  0.9069329313103388  2.026326722279166  25.0
55098.30078125  -4.155134336259807  2.1774987858159163  25.0
55389.5  0.23125739326615638  1.9387429122308837  25.0
55398.5  0.05428999677525972  3.5791406707653044  25.0
55410.5  0.1509721863802979  2.196095442267132  25.0
55413.5  -2.2916777711686858  2.344268180421238  25.0
55416.5  -0.09428263275718342  1.923945566537452  25.0
55422.5  12.296634508885045  2.139105971600106  25.0
55425.3984375  35.048444366333435  2.068918935290196  25.0
55428.5  57.31934153759382  2.5344331902299517  25.0
55437.5  95.52000060119376  4.784518587081733  25.0
55440.5  90.73018475696051  2.122209021858931  25.0
55443.5  84.53022830352793  2.3846606720252987  25.0
55446.5  75.11256018572423  3.0619359186076287  25.0
55449.3984375  56.99800181023006  2.270181715994319  25.0
55452.3984375  45.528911076134555  2.1070117788277956  25.0
55455.3984375  34.83448231838577  2.1644013375322566  25.0
55458.30078125  23.800215959283104  5.298223999159836  25.0
55467.30078125  9.817191684033064  2.405956683180948  25.0
55473.30078125  8.215186549014721  2.090014902427127  25.0
55479.19921875  9.967663688854167  2.198095119655383  25.0
55482.19921875  3.343883946560113  2.543331430418124  25.0
55500.19921875  3.5589444249632742  2.1828978766242475  25.0
55503.30078125  6.032788687087402  2.2008945917190412  25.0
55512.30078125  -3.0326413885987082  2.9916489556382255  25.0
55530.19921875  -9.219001713948815  2.881569061021719  25.0
55536.30078125  -1.4404345965029024  2.6574104891114003  25.0
55743.6015625  1.0020154362146958  2.109311426894257  25.0
55764.6015625  -0.6399821023702721  2.419554336861268  25.0
55767.6015625  -1.8369615071458596  1.9986317816210608  25.0
55770.5  -9.678716980742538  2.47614391019059  25.0
55773.6015625  -0.1068803106779459  1.960938835421165  25.0
55776.6015625  -0.03359381076838327  2.0334253290978053  25.0
55779.6015625  -2.5015392027822334  1.9421421349512318  25.0
55782.3984375  3.856789563962808  2.8188807195678836  25.0
55794.5  -1.5430157009134682  2.071818334013347  25.0
55797.5  -1.7054858654139429  2.0575210030168445  25.0
55800.30078125  4.090546244077214  3.1132265184878447  25.0
55803.5  -4.267813849620986  2.063519844481865  25.0
55806.3984375  -2.1113111042825077  2.472844423430003  25.0
55809.30078125  2.7469939765479334  2.1981950463148756  25.0
55812.3984375  -1.0380087710544175  2.634814668583415  25.0
55821.30078125  2.0081299631656546  2.15630270131976  25.0
55824.30078125  4.88190054935282  2.3024757620856153  25.0
55828.30078125  -0.13907438243481665  1.857457723626101  25.0
55830.30078125  2.9287603794659405  2.1915962634934334  25.0
55833.30078125  0.38952823048381113  2.178198653831831  25.0
55836.19921875  2.3627647195132284  2.1758991964651013  25.0
55839.3984375  -6.229352435698841  2.844575982837738  25.0
55852.30078125  -0.3528350037907084  2.013429127314492  25.0
55855.19921875  0.9379271680292992  1.8944509925098139  25.0
55858.19921875  1.0815008007502138  1.8586576063389442  25.0
55863.30078125  0.9384270873763619  1.9465413870654373  25.0
56147.5  -0.021995947704279716  1.9387429122308837  25.0
56150.5  -0.5211039895749525  1.9864340546723016  25.0
56153.6015625  -2.851474736337391  2.2596836957555997  25.0
56155.5  -1.4710290312340248  1.9059488514426584  25.0
56161.30078125  -0.3395374399759315  2.482942546331018  25.0
56164.3984375  0.9016338625113668  2.6417134220830683  25.0
56176.3984375  -0.44311838308062274  1.9924328961373223  25.0
56206.19921875  1.5210198217419046  2.146804519775167  25.0
56214.19921875  -14.673096427338622  11.64605474566616  25.0
56217.30078125  -0.35533452901362256  1.9098480888599352  25.0
56220.30078125  -3.857589358638216  2.356165936691786  25.0
56475.5  2.11960959381399  2.0593206363863774  25.0
56480.5  0.9760202022666306  2.0850158996562316  25.0
56486.6015625  -3.9956639738913062  1.90654879279908  25.0
56489.5  3.1690161064420272  2.1191095791170613  25.0
56501.3984375  2.091714609137167  2.387260290769971  25.0
56507.6015625  0.8979345737629418  2.0949139785385293  25.0
56512.5  -1.8635566824503464  2.1686005456277444  25.0
56518.5  -0.15947062458063208  2.0827162515897704  25.0
56531.5  -0.3908279921812144  2.6147183494408774  25.0
56534.5  -2.4930406692320335  1.9510405658391357  25.0
56539.3984375  0.13277553453538546  2.0690188619496888  25.0
56545.30078125  2.1423053410014683  2.6251164430201035  25.0
56548.30078125  -0.652579774331668  2.4454494534501086  25.0
56563.30078125  0.6744757268437386  2.4448495120936866  25.0
56571.19921875  3.6432287482509693  1.9848342746217547  25.0
56574.19921875  3.843191910282488  2.853674267044628  25.0
56590.30078125  -0.10098139587241825  2.021827543505468  25.0
56593.30078125  2.445849350787812  2.2582839597237707  25.0
56596.19921875  0.5736943034776387  2.2303891657466792  25.0
56601.19921875  2.5931223676070174  2.626516179051933  25.0
56628.30078125  9.609629519086514  9.109421834029238  25.0
