55420.58270402601    9.63118680885674      1.9077297471797525    25    
55421.08270402601    11.286296898855623    1.8930710869894845    25    
55421.58270402601    13.055958037939293    1.9050847689704424    25    
55422.08270402601    14.932455068870794    2.0556809873724964    25    
55422.58270402601    16.917288865357353    2.2898694805123965    25    
55423.08270402601    19.000744274163498    2.4190899740975587    25    
55423.58270402601    21.184235749416214    2.430398078206701     25    
55424.08270402601    23.460219183284444    2.419856979865512     25    
55424.58270402601    25.82585514842121     2.4290605146209767    25    
55425.08270402601    28.278810206678553    2.437464524050995     25    
55425.58270402601    30.811203520677587    2.4446440971014956    25    
55426.08270402601    33.424615224687265    2.450786824433732     25    
55426.58270402601    36.10933732449069     2.456333092394071     25    
55427.08270402601    38.86669069561604     2.46095155285713      25    
55427.58270402601    41.6893058591473      2.4663038742523256    25    
55428.08270402601    44.57801359110959     2.47932344581421      25    
55428.58270402601    47.52328754468655     2.4884397814194883    25    
55429.08270402601    50.518728849011566    2.4648626521303987    25    
55429.58270402601    53.564941027405865    2.4143049669071814    25    
55430.08270402601    56.53066831900589     2.39659478513324      25    
55430.58270402601    59.442378978517844    2.42738879827276      25    
55431.08270402601    62.16695533883159     2.4649379722873106    25    
55431.58270402601    64.63873805743195     2.4887647298377242    25    
55432.08270402601    66.83845181049823     2.5074047451961916    25    
55432.58270402601    68.61683783086016     2.5157739203266374    25    
55433.08270402601    70.0033537707218      2.5146627069362784    25    
55433.58270402601    71.08442449700134     2.5215951148328073    25    
55434.08270402601    71.82524381198239     2.5396769510972765    25    
55434.58270402601    72.37393972554572     2.562068569956063     25    
55435.08270402601    72.80169513822344     2.5911384525566055    25    
55435.58270402601    73.13077825627019     2.618631797087945     25    
55436.08270402601    73.52256262542531     2.622647210992128     25    
55436.58270402601    73.94650143647242     2.6072106958093535    25    
55437.08270402601    74.39374787079933     2.587984249048419     25    
55437.58270402601    74.886872627292       2.5617316157230015    25    
55438.08270402601    75.34822632854474     2.5442069945818275    25    
55438.58270402601    75.74153209121098     2.5557284660012587    25    
55439.08270402601    76.05626168374492     2.578388667692455     25    
55439.58270402601    76.2115831510161      2.5839505234438316    25    
55440.08270402601    76.22252167544455     2.5772438743850254    25    
55440.58270402601    76.0724618668277      2.5683667157723766    25    
55441.08270402601    75.75323981993765     2.5554619838622776    25    
55441.58270402601    75.28402991508236     2.547735181548074     25    
55442.08270402601    74.67234371687373     2.558950197471501     25    
55442.58270402601    73.92049359328672     2.5760382174793475    25    
55443.08270402601    73.04513776345382     2.5863021867242786    25    
55443.58270402601    72.04281209640105     2.595918366974241     25    
55444.08270402601    70.92851739820595     2.5054699054650027    25    
55444.58270402601    69.70161067282626     2.221615534705602     25    
55445.08270402601    68.37059158868189     1.9223693659338554    25    
55445.58270402601    66.9407561294226      1.8458020424552006    25    
55446.08270402601    65.41444293353366     1.883506394488687     25    
55446.58270402601    63.801695535960874    1.882233796331169     25    
55447.08270402601    62.097856777362715    1.865526822034116     25    
55447.58270402601    60.35782564025694     1.8442101132639837    25    
55448.08270402601    58.570496656676696    1.8134534026267914    25    
55448.58270402601    56.79422193539162     1.7876731903832883    25    
55449.08270402601    55.06798472192014     1.7839406810942853    25    
55449.58270402601    53.39722718204875     1.7903742748287874    25    
55450.08270402601    51.86105635725257     1.789265692486991     25    
55450.58270402601    50.447067004388884    1.7841002617880177    25    
55451.08270402601    49.16765942304956     1.7583595854724834    25    
55451.58270402601    48.03659359224653     1.6930708132033545    25    
55452.08270402601    47.02102051776075     1.631409679120564     25    
55452.58270402601    46.103367131396524    1.6213262412259932    25    
55453.08270402601    45.28125407889814     1.6360700085578161    25    
55453.58270402601    44.51847070531932     1.6383278532806567    25    
55454.08270402601    43.821063568696836    1.6329670190218357    25    
55454.58270402601    43.17449886021822     1.6214175410863025    25    
55455.08270402601    42.573900583384955    1.598141249129766     25    
55455.58270402601    42.02494010655262     1.5778659590332789    25    
55456.08270402601    41.5291291829479      1.5778307038725246    25    
55456.58270402601    41.08662894000399     1.587748249988666     25    
55457.08270402601    40.701977502811474    1.591817665525733     25    
55457.58270402601    40.375860274082406    1.592114617012341     25    
55458.08270402601    40.09459912956329     1.587858956899227     25    
55458.58270402601    39.863230154684636    1.5883681305246995    25    
55459.08270402601    39.66071560074149     1.5661629909749524    25    
55459.58270402601    39.47099105579758     1.4718626707601732    25    
55460.08270402601    39.293327927136275    1.3349585935935246    25    
55460.58270402601    39.097358818732374    1.26959041878676      25    
55461.08270402601    38.88766446282734     1.280903269231263     25    
55461.58270402601    38.65295410567771     1.2908855473301892    25    
55462.08270402601    38.387402195437666    1.2754100469652665    25    
55462.58270402601    38.09935044391978     1.2633543311458413    25    
55463.08270402601    37.79261535304452     1.2751108057399487    25    
55463.58270402601    37.46752555648474     1.2981632192974752    25    
55464.08270402601    37.13249297270317     1.309150051009026     25    
55464.58270402601    36.78639586041475     1.3106501032241047    25    
55465.08270402601    36.43160143348516     1.3022651221505408    25    
55465.58270402601    36.07019947560158     1.262250586080375     25    
55466.08270402601    35.69843391826548     1.24567200812146      25    
55466.58270402601    35.31399954303604     1.332916157723088     25    
55467.08270402601    34.916828620509015    1.4622692099592383    25    
55467.58270402601    34.50235650661713     1.5238356131661246    25    
55468.08270402601    34.07134844714562     1.530574988418414     25    
55468.58270402601    33.62097094736535     1.5202042824217896    25    
55469.08270402601    33.15048408951013     1.4929419141524978    25    
55469.58270402601    32.65984836436688     1.4630973947132442    25    
55470.08270402601    32.148420154689305    1.4558933381329546    25    
55470.58270402601    31.61628513993782     1.4611492279183487    25    
55471.08270402601    31.062412423351745    1.4692476214360108    25    
55471.58270402601    30.48650223943901     1.4833543578662436    25    
55472.08270402601    29.891355500658438    1.485256371453096     25    
55472.58270402601    29.27545157802187     1.4887076785296416    25    
55473.08270402601    28.644272930812317    1.4472094903110218    25    
55473.58270402601    28.00298332153797     1.2513149741492882    25    
55474.08270402601    27.351318686034034    0.9009945493160186    25    
55474.58270402601    26.698181288072306    0.6598371553764772    25    
55475.08270402601    26.041931216253467    0.6689197693842306    25    
55475.58270402601    25.38965160761841     0.7026723938902213    25    
55476.08270402601    24.7425724732377      0.6813825197968922    25    
55476.58270402601    24.10286854876673     0.6610964178369707    25    
55477.08270402601    23.474242965734422    0.6536360078585697    25    
55477.58270402601    22.856296923639025    0.6550085615848982    25    
55478.08270402601    22.254463243539114    0.6616098520229784    25    
55478.58270402601    21.667861811186704    0.6760710811274004    25    
55479.08270402601    21.10014764479214     0.6814136405072911    25    
55479.58270402601    20.552496825608532    0.6681318246726546    25    
55480.08270402601    20.02496656633603     0.64706535856437      25    
55480.58270402601    19.51863395268268     0.6236576325860427    25    
55481.08270402601    19.03331773843379     0.5984555813956305    25    
55481.58270402601    18.570259018988       0.5968596459533896    25    
55482.08270402601    18.129416913991218    0.6234282040383099    25    
55482.58270402601    17.710707563645652    0.6439429350726326    25    
55483.08270402601    17.314923601456094    0.6449506002822726    25    
55483.58270402601    16.940273085551038    0.6392732386773544    25    
55484.08270402601    16.584992867033883    0.6336625569068278    25    
55484.58270402601    16.24925069792789     0.6263053330561454    25    
55485.08270402601    15.92997003190291     0.6197349786110067    25    
55485.58270402601    15.627735874482601    0.6135905436523635    25    
55486.08270402601    15.339837185944269    0.609512308402217     25    
55486.58270402601    15.06583804900119     0.6086402698284027    25    
55487.08270402601    14.80450821799343     0.6099194223433487    25    
55487.58270402601    14.5536774010549      0.6109397966604803    25    
55488.08270402601    14.313658550439785    0.6133690382146888    25    
55488.58270402601    14.081374110215016    0.6279387033315404    25    
55489.08270402601    13.857393248784067    0.6564949486818122    25    
55489.58270402601    13.639048356052811    0.6828539284177708    25    
55490.08270402601    13.425832492597568    0.6927006253770736    25    
55490.58270402601    13.216591741147013    0.7089758141628558    25    
55491.08270402601    13.009096461451573    0.7484541815833188    25    