#Date  :
#Flux  :
#Fluxerr  :
#ZP  :
#end  :
@INSTRUMENT  SDSS
@BAND  SDSS_i
@MAGSYS  AB
53775.764446999994  0.0  4.341620879942232  25.0
53780.75079199999  0.0  4.341620879942232  25.0
53785.73713699999  0.0  4.341620879942232  25.0
53790.72348199999  0.0  4.341620879942232  25.0
53795.709826999984  0.0  4.341620879942232  25.0
53800.69617199998  0.0  4.341620879942232  25.0
53805.68251699998  0.0  4.341620879942232  25.0
53810.66886199998  0.0  4.341620879942232  25.0
53815.655206999974  0.0  4.341620879942232  25.0
53820.64155199997  0.0  4.341620879942232  25.0
53825.62789699997  0.0  4.341620879942232  25.0
53830.61424199997  0.0  4.341620879942232  25.0
53835.600586999964  0.0  4.341620879942232  25.0
53840.58693199996  0.0  4.341620879942232  25.0
53845.57327699996  0.0  4.341620879942232  25.0
53850.55962199996  0.0  4.341620879942232  25.0
53855.545966999955  0.0  4.341620879942232  25.0
53860.53231199995  0.0  4.341620879942232  25.0
53865.51865699995  0.0  4.341620879942232  25.0
53870.50500199995  0.0  4.341620879942232  25.0
53875.491346999945  0.0  4.341620879942232  25.0
53880.47769199994  0.0  4.341620879942232  25.0
53885.46403699994  0.0  4.341620879942232  25.0
53890.45038199994  0.0  4.341620879942232  25.0
53895.436726999935  0.0  4.341620879942232  25.0
53900.42307199993  0.0  4.341620879942232  25.0
53905.40941699993  0.0  4.341620879942232  25.0
53910.39576199993  0.0  4.341620879942232  25.0
53915.382106999925  0.0  4.341620879942232  25.0
53920.36845199992  0.0  4.341620879942232  25.0
53925.35479699992  0.0  4.341620879942232  25.0
53930.34114199992  0.0  4.341620879942232  25.0
53935.327486999915  0.0  4.341620879942232  25.0
53940.31383199991  0.0  4.341620879942232  25.0
53945.30017699991  0.0  4.341620879942232  25.0
53950.28652199991  0.0  4.341620879942232  25.0
53955.272866999905  0.0  4.341620879942232  25.0
53960.2592119999  0.0  4.341620879942232  25.0
53965.2455569999  0.0  4.341620879942232  25.0
53970.2319019999  0.0  4.341620879942232  25.0
53975.218246999895  0.0  4.341620879942232  25.0
53980.20459199989  0.0  4.341620879942232  25.0
53985.19093699989  0.0  4.341620879942232  25.0
53990.17728199989  0.0  4.341620879942232  25.0
53995.163626999885  0.0  4.341620879942232  25.0
53975.218247  1.4486641853652433  3.125748449750732  25.0
53993.28577  4.633976722707379  3.330670769445929  25.0
53996.224544  2.3251852541414975  2.961810593994575  25.0
53998.192946  -2.1497717484824093  2.8716447733286885  25.0
54008.183401  13.276234018652804  3.5355930891411256  25.0
54010.178097  15.248952882918564  3.270560222335338  25.0
54012.170707  40.60194227560829  5.66678521397117  25.0
54020.17624  79.64647492153308  3.972760704490878  25.0
54022.225068  90.76692613699241  5.218688408237673  25.0
54028.16597  94.86537253089635  4.415392915032503  25.0
54030.168902  76.20377995065378  5.174971646702698  25.0
54035.244201  73.0069917634087  5.00556919575467  25.0
54037.149587  76.55897863812545  4.699551865009842  25.0
54040.16366  56.72249809163043  5.240546789005161  25.0
54050.14731  43.115656063869366  4.267848844851962  25.0
54053.153083  45.05558735698389  4.090249501116125  25.0
54056.154823  50.71144338057132  6.068432960573756  25.0
54057.123394  40.274066564095975  3.7432477064322582  25.0
54059.148786  38.197520391184646  4.4618419741634145  25.0
54061.159565  37.18657028068834  4.229596678508858  25.0
54062.153352  30.629056050442056  4.6230475323236355  25.0
54068.142811  21.885703743446996  7.691417732559713  25.0
