#Date  :
#Flux  :
#Fluxerr  :
#ZP  :
#end  :
@INSTRUMENT  PS
@BAND  PS_r
@MAGSYS  AB
54962.0462  0.0  0.8561696095541088  25.0
54967.032544999995  0.0  0.8561696095541088  25.0
54972.01888999999  0.0  0.8561696095541088  25.0
54977.00523499999  0.0  0.8561696095541088  25.0
54981.99157999999  0.0  0.8561696095541088  25.0
54986.977924999985  0.0  0.8561696095541088  25.0
54991.96426999998  0.0  0.8561696095541088  25.0
54996.95061499998  0.0  0.8561696095541088  25.0
55001.93695999998  0.0  0.8561696095541088  25.0
55006.923304999975  0.0  0.8561696095541088  25.0
55011.90964999997  0.0  0.8561696095541088  25.0
55016.89599499997  0.0  0.8561696095541088  25.0
55021.88233999997  0.0  0.8561696095541088  25.0
55026.868684999965  0.0  0.8561696095541088  25.0
55031.85502999996  0.0  0.8561696095541088  25.0
55036.84137499996  0.0  0.8561696095541088  25.0
55041.82771999996  0.0  0.8561696095541088  25.0
55046.814064999955  0.0  0.8561696095541088  25.0
55051.80040999995  0.0  0.8561696095541088  25.0
55056.78675499995  0.0  0.8561696095541088  25.0
55061.77309999995  0.0  0.8561696095541088  25.0
55066.759444999945  0.0  0.8561696095541088  25.0
55071.74578999994  0.0  0.8561696095541088  25.0
55076.73213499994  0.0  0.8561696095541088  25.0
55081.71847999994  0.0  0.8561696095541088  25.0
55086.704824999935  0.0  0.8561696095541088  25.0
55091.69116999993  0.0  0.8561696095541088  25.0
55096.67751499993  0.0  0.8561696095541088  25.0
55101.66385999993  0.0  0.8561696095541088  25.0
55106.650204999925  0.0  0.8561696095541088  25.0
55111.63654999992  0.0  0.8561696095541088  25.0
55116.62289499992  0.0  0.8561696095541088  25.0
55121.60923999992  0.0  0.8561696095541088  25.0
55126.595584999915  0.0  0.8561696095541088  25.0
55131.58192999991  0.0  0.8561696095541088  25.0
55136.56827499991  0.0  0.8561696095541088  25.0
55141.55461999991  0.0  0.8561696095541088  25.0
55146.540964999906  0.0  0.8561696095541088  25.0
55151.5273099999  0.0  0.8561696095541088  25.0
55156.5136549999  0.0  0.8561696095541088  25.0
55161.4999999999  0.0  0.8561696095541088  25.0
55166.486344999896  0.0  0.8561696095541088  25.0
55171.47268999989  0.0  0.8561696095541088  25.0
55176.45903499989  0.0  0.8561696095541088  25.0
55181.44537999989  0.0  0.8561696095541088  25.0
55186.431724999886  0.0  0.8561696095541088  25.0
55191.41806999988  0.0  0.8561696095541088  25.0
55196.40441499988  0.0  0.8561696095541088  25.0
55201.39075999988  0.0  0.8561696095541088  25.0
55206.377104999876  0.0  0.8561696095541088  25.0
55211.36344999987  0.0  0.8561696095541088  25.0
55216.34979499987  0.0  0.8561696095541088  25.0
55221.33613999987  0.0  0.8561696095541088  25.0
55226.322484999866  0.0  0.8561696095541088  25.0
55231.30882999986  0.0  0.8561696095541088  25.0
55236.29517499986  0.0  0.8561696095541088  25.0
55241.28151999986  0.0  0.8561696095541088  25.0
55246.267864999856  0.0  0.8561696095541088  25.0
55251.25420999985  0.0  0.8561696095541088  25.0
55256.24055499985  0.0  0.8561696095541088  25.0
55261.22689999985  0.0  0.8561696095541088  25.0
55266.213244999846  0.0  0.8561696095541088  25.0
55271.199589999844  0.0  0.8561696095541088  25.0
55276.18593499984  0.0  0.8561696095541088  25.0
55281.17227999984  0.0  0.8561696095541088  25.0
55286.158624999836  0.0  0.8561696095541088  25.0
55291.144969999834  0.0  0.8561696095541088  25.0
55296.13131499983  0.0  0.8561696095541088  25.0
55301.11765999983  0.0  0.8561696095541088  25.0
55306.10400499983  0.0  0.8561696095541088  25.0
55311.090349999824  0.0  0.8561696095541088  25.0
55316.07669499982  0.0  0.8561696095541088  25.0
55321.06303999982  0.0  0.8561696095541088  25.0
55326.04938499982  0.0  0.8561696095541088  25.0
55331.035729999814  0.0  0.8561696095541088  25.0
55336.02207499981  0.0  0.8561696095541088  25.0
55341.00841999981  0.0  0.8561696095541088  25.0
55345.99476499981  0.0  0.8561696095541088  25.0
55350.981109999804  0.0  0.8561696095541088  25.0
55355.9674549998  0.0  0.8561696095541088  25.0
55360.9537999998  0.0  0.8561696095541088  25.0
55365.9401449998  0.0  0.8561696095541088  25.0
55370.926489999794  0.0  0.8561696095541088  25.0
55375.91283499979  0.0  0.8561696095541088  25.0
55380.89917999979  0.0  0.8561696095541088  25.0
55385.88552499979  0.0  0.8561696095541088  25.0
55390.871869999784  0.0  0.8561696095541088  25.0
55395.85821499978  0.0  0.8561696095541088  25.0
55400.84455999978  0.0  0.8561696095541088  25.0
55405.83090499978  0.0  0.8561696095541088  25.0
55410.817249999775  0.0  0.8561696095541088  25.0
55415.80359499977  0.0  0.8561696095541088  25.0
55420.78993999977  0.0  0.8561696095541088  25.0
55425.77628499977  0.0  0.8561696095541088  25.0
55430.762629999765  0.0  0.8561696095541088  25.0
55435.74897499976  0.0  0.8561696095541088  25.0
55440.73531999976  0.0  0.8561696095541088  25.0
55445.72166499976  0.0  0.8561696095541088  25.0
55450.708009999755  0.0  0.8561696095541088  25.0
55455.69435499975  0.0  0.8561696095541088  25.0
55460.68069999975  0.0  0.8561696095541088  25.0
55465.66704499975  0.0  0.8561696095541088  25.0
55470.653389999745  0.0  0.8561696095541088  25.0
55475.63973499974  0.0  0.8561696095541088  25.0
55480.62607999974  0.0  0.8561696095541088  25.0
55485.61242499974  0.0  0.8561696095541088  25.0
55490.598769999735  0.0  0.8561696095541088  25.0
55495.58511499973  0.0  0.8561696095541088  25.0
55500.57145999973  0.0  0.8561696095541088  25.0
55505.55780499973  0.0  0.8561696095541088  25.0
55510.544149999725  0.0  0.8561696095541088  25.0
55515.53049499972  0.0  0.8561696095541088  25.0
55520.51683999972  0.0  0.8561696095541088  25.0
55525.50318499972  0.0  0.8561696095541088  25.0
55530.489529999715  0.0  0.8561696095541088  25.0
55535.47587499971  0.0  0.8561696095541088  25.0
55540.46221999971  0.0  0.8561696095541088  25.0
55545.44856499971  0.0  0.8561696095541088  25.0
55550.434909999705  0.0  0.8561696095541088  25.0
55555.4212549997  0.0  0.8561696095541088  25.0
55560.4075999997  0.0  0.8561696095541088  25.0
55565.3939449997  0.0  0.8561696095541088  25.0
55570.380289999695  0.0  0.8561696095541088  25.0
55575.36663499969  0.0  0.8561696095541088  25.0
55580.35297999969  0.0  0.8561696095541088  25.0
55585.33932499969  0.0  0.8561696095541088  25.0
55590.325669999685  0.0  0.8561696095541088  25.0
55595.31201499968  0.0  0.8561696095541088  25.0
55600.29835999968  0.0  0.8561696095541088  25.0
55605.28470499968  0.0  0.8561696095541088  25.0
55610.271049999676  0.0  0.8561696095541088  25.0
55615.25739499967  0.0  0.8561696095541088  25.0
55620.24373999967  0.0  0.8561696095541088  25.0
55625.23008499967  0.0  0.8561696095541088  25.0
55630.216429999666  0.0  0.8561696095541088  25.0
55635.20277499966  0.0  0.8561696095541088  25.0
55640.18911999966  0.0  0.8561696095541088  25.0
55645.17546499966  0.0  0.8561696095541088  25.0
55650.161809999656  0.0  0.8561696095541088  25.0
55655.14815499965  0.0  0.8561696095541088  25.0
55660.13449999965  0.0  0.8561696095541088  25.0
55665.12084499965  0.0  0.8561696095541088  25.0
55670.107189999646  0.0  0.8561696095541088  25.0
55675.09353499964  0.0  0.8561696095541088  25.0
55680.07987999964  0.0  0.8561696095541088  25.0
55685.06622499964  0.0  0.8561696095541088  25.0
55690.052569999636  0.0  0.8561696095541088  25.0
55695.03891499963  0.0  0.8561696095541088  25.0
55700.02525999963  0.0  0.8561696095541088  25.0
55705.01160499963  0.0  0.8561696095541088  25.0
55709.997949999626  0.0  0.8561696095541088  25.0
55714.984294999624  0.0  0.8561696095541088  25.0
55719.97063999962  0.0  0.8561696095541088  25.0
55724.95698499962  0.0  0.8561696095541088  25.0
55729.943329999616  0.0  0.8561696095541088  25.0
55734.929674999614  0.0  0.8561696095541088  25.0
55739.91601999961  0.0  0.8561696095541088  25.0
55744.90236499961  0.0  0.8561696095541088  25.0
55749.88870999961  0.0  0.8561696095541088  25.0
55754.875054999604  0.0  0.8561696095541088  25.0
55759.8613999996  0.0  0.8561696095541088  25.0
55764.8477449996  0.0  0.8561696095541088  25.0
55769.8340899996  0.0  0.8561696095541088  25.0
55774.820434999594  0.0  0.8561696095541088  25.0
55779.80677999959  0.0  0.8561696095541088  25.0
55784.79312499959  0.0  0.8561696095541088  25.0
55789.77946999959  0.0  0.8561696095541088  25.0
55794.765814999584  0.0  0.8561696095541088  25.0
55799.75215999958  0.0  0.8561696095541088  25.0
55804.73850499958  0.0  0.8561696095541088  25.0
55809.72484999958  0.0  0.8561696095541088  25.0
55814.711194999574  0.0  0.8561696095541088  25.0
55819.69753999957  0.0  0.8561696095541088  25.0
55824.68388499957  0.0  0.8561696095541088  25.0
55829.67022999957  0.0  0.8561696095541088  25.0
55834.656574999564  0.0  0.8561696095541088  25.0
55839.64291999956  0.0  0.8561696095541088  25.0
55844.62926499956  0.0  0.8561696095541088  25.0
55849.61560999956  0.0  0.8561696095541088  25.0
55854.601954999554  0.0  0.8561696095541088  25.0
55859.58829999955  0.0  0.8561696095541088  25.0
55864.57464499955  0.0  0.8561696095541088  25.0
55869.56098999955  0.0  0.8561696095541088  25.0
55874.547334999545  0.0  0.8561696095541088  25.0
55879.53367999954  0.0  0.8561696095541088  25.0
55884.52002499954  0.0  0.8561696095541088  25.0
55889.50636999954  0.0  0.8561696095541088  25.0
55894.492714999535  0.0  0.8561696095541088  25.0
55899.47905999953  0.0  0.8561696095541088  25.0
55161.5  0.30673291408268344  1.6282398407102843  25.0
55173.5  -0.05335762808486645  0.571171373609932  25.0
55179.5  0.35979683424373715  0.5026386143780374  25.0
55182.5  -0.2654174742689031  0.659970218841524  25.0
55188.6015625  0.7599300935596001  0.9202966390537939  25.0
55191.5  -1.304177884852867  0.6272703048280204  25.0
55203.5  -0.9516259511026685  0.6539001500432363  25.0
55206.5  0.4646518993806317  0.43028764630105  25.0
55212.3984375  -1.14048256785808  0.4877572261679857  25.0
55215.3984375  0.285291973045626  0.3366915074563832  25.0
55221.5  0.13099542632339237  1.29497493153391  25.0
55230.5  1.039347838102644  1.5048809021034049  25.0
55233.3984375  -0.12844992263718497  0.8770231697567045  25.0
55236.30078125  -0.5212403613116565  1.1738677595117892  25.0
55239.3984375  -0.048756142672097116  0.8809393220917592  25.0
55242.30078125  -0.05551150953493565  0.5026386143780374  25.0
55248.3984375  0.18033898776087862  0.8561696095541088  25.0
55275.3984375  -0.4466375799656926  0.5912416659981421  25.0
55482.6015625  -0.6322634153946916  0.6305011328386515  25.0
55485.6015625  -1.4220541354959204  1.0998524523687234  25.0
55503.6015625  0.005874233973388946  0.33678942760423597  25.0
55509.6015625  -0.2968446364393029  0.5809617544475688  25.0
55515.6015625  -1.5431613075180415  0.7310484350754076  25.0
55518.6015625  -1.7985926073378204  1.2204700003094715  25.0
55530.6015625  -0.24358489932465283  1.3973823664482319  25.0
55545.5  1.6092464598694722  0.7156775161524196  25.0
55548.6015625  -1.0654881992891416  0.7931194916018218  25.0
55560.3984375  -0.008517639206705903  0.6187526758334873  25.0
55563.6015625  0.7246846758598892  1.0158509240923155  25.0
55566.6015625  0.7912593122400381  0.8538198994793886  25.0
55584.5  -0.2000176695840051  1.751500742458765  25.0
55587.6015625  -0.10103682127863804  1.0481592041986263  25.0
55590.6015625  0.030839728816192534  0.5343595136498864  25.0
55593.6015625  0.6017173711602026  0.641564265519392  25.0
55596.30078125  0.5845842163653927  0.8754567274963699  25.0
55602.30078125  0.9673884105644127  0.6337319608492825  25.0
55632.30078125  0.14274388332855661  0.8358055800644495  25.0
55632.30078125  -0.39954580845507376  0.8536241058679014  25.0
55653.30078125  -1.285282447502017  0.5815491819662488  25.0
55665.30078125  1.543650838230978  1.185518366395428  25.0
55888.5  -0.2952781708368592  0.8392322016865678  25.0
55892.5  -0.35891569296571707  0.8107422237937865  25.0
55895.6015625  0.6073958060512975  0.6606555431659477  25.0
55911.6015625  1.041697548177364  0.9813887275227718  25.0
55947.3984375  7.556223166541963  0.9567169584750832  25.0
55948.3984375  8.78893152804328  1.4354669782513811  25.0
55952.6015625  6.98612893790052  0.6735788552084719  25.0
55955.30078125  4.663652195285346  0.9539756611773886  25.0
55970.3984375  1.0258370518572213  0.7516082581765542  25.0
55984.30078125  2.0261212167308433  0.8134835210914811  25.0
56000.3984375  1.1134610887356715  0.6140532556840469  25.0
56006.3984375  1.4280263541726828  0.774419847862459  25.0
56238.6015625  0.6410747348064556  0.9146182508469173  25.0
56242.6015625  0.27608899638456  1.1468462803893804  25.0
56268.6015625  0.1368696548259745  1.0101724425170022  25.0
56271.6015625  0.04944146991428443  0.7542516586685052  25.0
56282.6015625  0.044546276577702354  0.9071775333997824  25.0
56295.5  -0.6293262778012914  1.3913123910183807  25.0
56302.3984375  -0.02232208960948663  0.7387828429397735  25.0
56309.6015625  1.6257922805140386  0.7928257545003726  25.0
56325.5  -2.0917168383693374  1.4279284106827208  25.0
56328.3984375  -0.597507528407917  1.07008967594862  25.0
56331.5  -0.1694716486916253  0.8757503712293825  25.0
56332.5  -0.198842814546645  0.5467932949794743  25.0
56354.3984375  1.3486262091873165  1.4499568259226765  25.0
56357.30078125  0.3872099239312295  0.6216897667426692  25.0
56360.30078125  -0.3409013968928871  1.210679666156053  25.0
56371.30078125  -1.0227041673365522  1.907657585253328  25.0
56384.30078125  1.2677576588000141  1.3752561010867508  25.0
56387.30078125  1.2374074081770126  0.9835425506175681  25.0
56391.30078125  -0.24759897180756035  0.8433442410015464  25.0
56395.30078125  -0.04239238929210587  0.9408564621549405  25.0
56398.30078125  -18.60879102194776  15.73256961088204  25.0
56420.30078125  0.8594004375647398  0.6630052065564495  25.0
56622.6015625  0.06755369197049448  1.1218807742402428  25.0
56630.6015625  0.25827049392321727  0.8150499633518157  25.0
56656.6015625  -0.19805959341647772  0.9714025063894294  25.0
56663.5  1.658002523761951  1.724773093806242  25.0
56666.6015625  0.36488784161615195  1.2284002484695429  25.0
56682.3984375  -0.1982554103700741  0.9256813835276579  25.0
56709.30078125  0.40316827037289765  1.8637966417533403  25.0
