56627.08748343649    0.7705550586533413     0.32470759607003763    25    
56627.58748343649    0.9174231076453808     0.31231969568588097    25    
56628.08748343649    1.080236675088428      0.3065137740023874     25    
56628.58748343649    1.2613070835217397     0.3781291790741766     25    
56629.08748343649    1.4600089627511466     0.5274535541131965     25    
56629.58748343649    1.677490417045325      0.6536507540642157     25    
56630.08748343649    1.9156714897135583     0.7083564253067139     25    
56630.58748343649    2.1736269921752394     0.7132430242894177     25    
56631.08748343649    2.4531961263154543     0.7057374620046617     25    
56631.58748343649    2.7556468033935304     0.7092296408706246     25    
56632.08748343649    3.0802757220823835     0.7134312243832299     25    
56632.58748343649    3.429352329063544      0.7170524835029494     25    
56633.08748343649    3.8032315507263905     0.7200222170487877     25    
56633.58748343649    4.201953678637322      0.7224785788255057     25    
56634.08748343649    4.627863180319525      0.7244789807678238     25    
56634.58748343649    5.080424257876863      0.7259171518737036     25    
56635.08748343649    5.560659388004775      0.7271776755213237     25    
56635.58748343649    6.070933659667399      0.7293369564526032     25    
56636.08748343649    6.611431388683331      0.7339968272319691     25    
56636.58748343649    7.179897437967831      0.7353081320644278     25    
56637.08748343649    7.780332083739224      0.7254065379356398     25    
56637.58748343649    8.414127272713696      0.7057277089158789     25    
56638.08748343649    9.047939790648403      0.6929804699254544     25    
56638.58748343649    9.678039049671199      0.6989710309016172     25    
56639.08748343649    10.302184323575345     0.7148109077058729     25    
56639.58748343649    10.87290284346029      0.7291381679669219     25    
56640.08748343649    11.396619619279868     0.740960142487609      25    
56640.58748343649    11.859603242820622     0.7514543825883722     25    
56641.08748343649    12.22282779765825      0.7584576946687217     25    
56641.58748343649    12.487835551322007     0.7613183078456616     25    
56642.08748343649    12.670472667845969     0.7628322595704085     25    
56642.58748343649    12.774895882325957     0.7653643742708636     25    
56643.08748343649    12.795207301135672     0.7679414656336138     25    
56643.58748343649    12.767311390500383     0.770492826048211      25    
56644.08748343649    12.702504414409567     0.7739859383227563     25    
56644.58748343649    12.596250060377349     0.7775468587627561     25    
56645.08748343649    12.483460435654731     0.7777180757618507     25    
56645.58748343649    12.36973176409708      0.7789738384417542     25    
56646.08748343649    12.24876576399189      0.7735227282098582     25    
56646.58748343649    12.124932083498113     0.7437509384642702     25    
56647.08748343649    12.001373782701247     0.675539220643939      25    
56647.58748343649    11.867511971009693     0.6007222081927619     25    
56648.08748343649    11.714737375050994     0.5669688310143767     25    
56648.58748343649    11.54747957002884      0.5697317351953298     25    
56649.08748343649    11.35606197830145      0.5771958768138417     25    
56649.58748343649    11.132604133901372     0.5714793835648974     25    
56650.08748343649    10.88198621936444      0.5630542005381156     25    
56650.58748343649    10.610867037441425     0.5537458919890227     25    
56651.08748343649    10.31524904001345      0.5427472680750479     25    
56651.58748343649    10.002223051615927     0.5314957316536826     25    
56652.08748343649    9.68749236428481       0.5238555353144931     25    
56652.58748343649    9.365556716816787      0.5211354621763801     25    
56653.08748343649    9.04608681318896       0.5192938588493443     25    
56653.58748343649    8.74222339742512       0.5153293122385627     25    
56654.08748343649    8.449704946627508      0.5112219889139101     25    
56654.58748343649    8.169274089876698      0.500830627519346      25    
56655.08748343649    7.903819277800414      0.4747219284442909     25    
56655.58748343649    7.651655763187137      0.4358628835977885     25    
56656.08748343649    7.405325634855139      0.4056051167440459     25    
56656.58748343649    7.164917337472139      0.3982695605558959     25    
56657.08748343649    6.929145620253303      0.40145874699647466    25    
56657.58748343649    6.691096282819363      0.40031659340726533    25    
56658.08748343649    6.450830503837648      0.39466404512534486    25    
56658.58748343649    6.209550608292575      0.387705237071067      25    
56659.08748343649    5.966652182397168      0.37971491489992804    25    
56659.58748343649    5.721292774569836      0.3697048639551904     25    
56660.08748343649    5.478294648382162      0.36157462449570915    25    
56660.58748343649    5.240037856456926      0.35961227069793444    25    
56661.08748343649    5.005258660630746      0.3618955421009131     25    
56661.58748343649    4.779053956761888      0.3626315968562145     25    
56662.08748343649    4.562824736310522      0.36220916395165115    25    
56662.58748343649    4.3556066231975406     0.35906232404401667    25    
56663.08748343649    4.158739660369249      0.34470031591119227    25    
56663.58748343649    3.9729023367842338     0.3099304958794648     25    
56664.08748343649    3.796447495251487      0.2681192601420466     25    
56664.58748343649    3.6278168294826054     0.2446641429396769     25    
56665.08748343649    3.46779847139948       0.24181477825236128    25    
56665.58748343649    3.314750217060803      0.24423722773071027    25    
56666.08748343649    3.1674690290756216     0.24155568593287807    25    
56666.58748343649    3.026562151059098      0.23862830471395652    25    
56667.08748343649    2.890972900335385      0.23416289715014887    25    
56667.58748343649    2.760324466518707      0.22569870736656403    25    
56668.08748343649    2.634871740402376      0.21548262580719438    25    
56668.58748343649    2.514382195303933      0.20944621191570362    25    
56669.08748343649    2.3989011865271928     0.20970034580701374    25    
56669.58748343649    2.288347422087439      0.212455548327238      25    
56670.08748343649    2.1825421773368547     0.21436668813370136    25    
56670.58748343649    2.081508354579638      0.21664499929826397    25    
56671.08748343649    1.9853077932564422     0.21752846454732527    25    
56671.58748343649    1.8939212722122838     0.21555669340757677    25    
56672.08748343649    1.8073362773128303     0.21141741628443228    25    
56672.58748343649    1.725848147664536      0.20300001009082247    25    
56673.08748343649    1.6495137541266576     0.18526275133285375    25    
56673.58748343649    1.5783259448138027     0.16043359689026987    25    
56674.08748343649    1.512580335291555      0.1418313689437766     25    
56674.58748343649    1.452565641230677      0.13802417312694926    25    
56675.08748343649    1.397736692213225      0.1399343382603217     25    
56675.58748343649    1.3475359112312453     0.13681758292319865    25    
56676.08748343649    1.3025559365461137     0.12881810862687212    25    
56676.58748343649    1.261188378032634      0.12104331077610714    25    
56677.08748343649    1.2222414263333106     0.11827236097094922    25    
56677.58748343649    1.18638246830281       0.11938415195341752    25    
56678.08748343649    1.1517107426519724     0.12076439407092168    25    
56678.58748343649    1.117351250747963      0.12108992170905199    25    
56679.08748343649    1.0838288467087418     0.1211047927083999     25    
56679.58748343649    1.0505839986509597     0.11928528754264982    25    
56680.08748343649    1.0170409405092613     0.11352554005921395    25    
56680.58748343649    0.9841841151779355     0.10693205036924582    25    
56681.08748343649    0.9532812269810264     0.10516015782768341    25    
56681.58748343649    0.9237648626712993     0.10886823705507334    25    
56682.08748343649    0.8967218239471016     0.11391419939603893    25    
56682.58748343649    0.8733857108904348     0.11784109357096112    25    
56683.08748343649    0.8533139628176183     0.12194066020233764    25    
56683.58748343649    0.8364196297316216     0.12345525210497484    25    
56684.08748343649    0.8232846911564118     0.1194464684099991     25    
56684.58748343649    0.813402977024721      0.11168808194484403    25    
56685.08748343649    0.8044205343713455     0.10563358599569157    25    
56685.58748343649    0.7966736405447068     0.10325907975858808    25    
56686.08748343649    0.7893708711737195     0.10273940414667865    25    
56686.58748343649    0.7801546318563317     0.10330419722005771    25    
56687.08748343649    0.7694266246205667     0.1058832287810138     25    
56687.58748343649    0.7569394323467112     0.10812285767353176    25    
56688.08748343649    0.7417710055743802     0.10745739925061586    25    
56688.58748343649    0.7239055514174971     0.1045406975259538     25    
56689.08748343649    0.705386337346204      0.10040899572975151    25    
56689.58748343649    0.6868979122488249     0.09458338844471487    25    
56690.08748343649    0.6681358508467348     0.08707247745766998    25    
56690.58748343649    0.6514802966611476     0.08249563860967074    25    
56691.08748343649    0.6372499174703732     0.08413466861449258    25    
56691.58748343649    0.6252822379259854     0.08840511667264013    25    
56692.08748343649    0.61655737902898       0.0909359817925461     25    
56692.58748343649    0.611582376999294      0.09132596645371291    25    
56693.08748343649    0.6088299117535441     0.0920113933803092     25    
56693.58748343649    0.6070285136667868     0.09521123761392078    25    
56694.08748343649    0.606909014708382      0.10056551647605563    25    
56694.58748343649    0.6066561962644051     0.10518343770821251    25    
56695.08748343649    0.605194783986448      0.1078539717098715     25    
56695.58748343649    0.6030865487980598     0.1093999667585462     25    
56696.08748343649    0.5992257048890844     0.10850422923510462    25    
56696.58748343649    0.5929575801399654     0.10277604527531471    25    
56697.08748343649    0.5850282072785413     0.09472283971802338    25    
56697.58748343649    0.5763254426820082     0.0905271012864416     25    
56698.08748343649    0.566475802455062      0.09056428525069854    25    
56698.58748343649    0.5561952169665286     0.09417409558388062    25    
56699.08748343649    0.5464468159338548     0.1021556837851777     25    
56699.58748343649    0.5368271051636634     0.11440170915739546    25    
56700.08748343649    0.5279739757399592     0.12535027908501623    25    
56700.58748343649    0.5204580169908134     0.13249436656814756    25    
56701.08748343649    0.514000937033386      0.13779391906375338    25    
56701.58748343649    0.5084595169932836     0.1404768081475991     25    
56702.08748343649    0.5038692882068736     0.13991962309141595    25    
56702.58748343649    0.5001606334003227     0.13690257789072505    25    
56703.08748343649    0.4970789765313363     0.13249646777557691    25    
56703.58748343649    0.4946971797423451     0.12612990578070338    25    
56704.08748343649    0.4928826851369643     0.11833234820815884    25    
56704.58748343649    0.4914259864407525     0.11024091488277206    25    
56705.08748343649    0.4904298322733542     0.10118056797147729    25    
56705.58748343649    0.48968670849331913    0.09188362425874058    25    
56706.08748343649    0.4890611048631697     0.08299573725197695    25    
56706.58748343649    0.4886278039415392     0.07419662874033492    25    
56707.08748343649    0.4881332616110245     0.06774882406965371    25    
56707.58748343649    0.4875448899402247     0.06252087750672995    25    
56708.08748343649    0.48685165288853716    0.06166489982465173    25    
56708.58748343649    0.4857948457180366     0.0738396048708245     25    
56709.08748343649    0.4844378998135566     0.08953637525786895    25    
56709.58748343649    0.48266193725598605    0.11464643077633813    25    
56710.08748343649    0.4802488816147419     0.15150445074070104    25    