#Date  :
#Flux  :
#Fluxerr  :
#ZP  :
#end  :
@INSTRUMENT  SDSS
@BAND  SDSS_r
@MAGSYS  AB
53775.821548  0.0  2.982865960842148  25.0
53780.807893  0.0  2.982865960842148  25.0
53785.794237999995  0.0  2.982865960842148  25.0
53790.78058299999  0.0  2.982865960842148  25.0
53795.76692799999  0.0  2.982865960842148  25.0
53800.75327299999  0.0  2.982865960842148  25.0
53805.739617999985  0.0  2.982865960842148  25.0
53810.72596299998  0.0  2.982865960842148  25.0
53815.71230799998  0.0  2.982865960842148  25.0
53820.69865299998  0.0  2.982865960842148  25.0
53825.684997999975  0.0  2.982865960842148  25.0
53830.67134299997  0.0  2.982865960842148  25.0
53835.65768799997  0.0  2.982865960842148  25.0
53840.64403299997  0.0  2.982865960842148  25.0
53845.630377999965  0.0  2.982865960842148  25.0
53850.61672299996  0.0  2.982865960842148  25.0
53855.60306799996  0.0  2.982865960842148  25.0
53860.58941299996  0.0  2.982865960842148  25.0
53865.575757999955  0.0  2.982865960842148  25.0
53870.56210299995  0.0  2.982865960842148  25.0
53875.54844799995  0.0  2.982865960842148  25.0
53880.53479299995  0.0  2.982865960842148  25.0
53885.521137999945  0.0  2.982865960842148  25.0
53890.50748299994  0.0  2.982865960842148  25.0
53895.49382799994  0.0  2.982865960842148  25.0
53900.48017299994  0.0  2.982865960842148  25.0
53905.466517999936  0.0  2.982865960842148  25.0
53910.45286299993  0.0  2.982865960842148  25.0
53915.43920799993  0.0  2.982865960842148  25.0
53920.42555299993  0.0  2.982865960842148  25.0
53925.411897999926  0.0  2.982865960842148  25.0
53930.39824299992  0.0  2.982865960842148  25.0
53935.38458799992  0.0  2.982865960842148  25.0
53940.37093299992  0.0  2.982865960842148  25.0
53945.357277999916  0.0  2.982865960842148  25.0
53950.34362299991  0.0  2.982865960842148  25.0
53955.32996799991  0.0  2.982865960842148  25.0
53960.31631299991  0.0  2.982865960842148  25.0
53965.302657999906  0.0  2.982865960842148  25.0
53970.2890029999  0.0  2.982865960842148  25.0
53975.2753479999  0.0  2.982865960842148  25.0
53980.2616929999  0.0  2.982865960842148  25.0
53975.275348  1.715491575636406  2.4096608430213298  25.0
53996.282336  36.509179686620946  2.5003839551944087  25.0
53998.251218  51.95960060821806  2.1229208248500524  25.0
54005.281063  110.13235980768337  2.826162403452284  25.0
54008.241562  124.12571256407648  2.6969506982360802  25.0
54010.236313  122.64115254669883  2.7711786991049636  25.0
54012.22898  123.87828589451355  4.695608351261188  25.0
54020.234725  97.40363225127862  2.971869219972684  25.0
54028.224646  69.3344511819714  3.510709522576427  25.0
54030.227622  61.96663479943043  2.3148139530222016  25.0
54035.303024  49.12793983433105  3.6124293756189703  25.0
54037.208444  49.76025243432524  2.982865960842148  25.0
54040.222568  40.4954982518017  4.514162126915029  25.0
54049.248549  29.031395895385334  4.464676793002441  25.0
54050.206358  35.272046338806234  4.239243605178427  25.0
54053.212586  27.821754399744275  2.7205936911054285  25.0
54056.213924  19.74739741634023  4.8193216860426595  25.0
54059.207909  19.010615778086134  3.491465226054865  25.0
54062.212488  18.147371619833198  3.285276334752412  25.0
