53993.20313633715    16.394264362800826    4.080483887559585     25    
53993.70313633715    19.24466088159686     4.050170814249311     25    
53994.20313633715    22.2908396909605      4.078044785298126     25    
53994.70313633715    25.518470117843385    4.3938196498828015    25    
53995.20313633715    28.929529786705697    4.862185601406583     25    
53995.70313633715    32.50543538621763     5.098262208241995     25    
53996.20313633715    36.24929597074273     5.106918618112748     25    
53996.70313633715    40.144518007425816    5.088615549880999     25    
53997.20313633715    44.18909956377761     5.103867159189178     25    
53997.70313633715    48.37404505769261     5.116668947481872     25    
53998.20313633715    52.68790188651658     5.126143781069858     25    
53998.70313633715    57.1306959640232      5.132860229021174     25    
53999.20313633715    61.684664259665766    5.13726639632271      25    
53999.70313633715    66.353226976928       5.139096111750482     25    
54000.20313633715    71.11881559597924     5.144994830133571     25    
54000.70313633715    75.98832295872958     5.193556651144964     25    
54001.20313633715    80.92973619076874     5.165886603938184     25    
54001.70313633715    85.96283124737381     4.888670874870628     25    
54002.20313633715    91.0126196992234      4.5099318247963485    25    
54002.70313633715    95.91308291447541     4.392370070197912     25    
54003.20313633715    100.69350109321549    4.486009417584377     25    
54003.70313633715    105.0801926486773     4.5608671191116       25    
54004.20313633715    109.09809909048225    4.600811945354034     25    
54004.70313633715    112.56840373419195    4.628405195154475     25    
54005.20313633715    115.3534823086912     4.631073093301264     25    
54005.70313633715    117.55377676436464    4.630222949610248     25    
54006.20313633715    119.19550480750834    4.657881837212621     25    
54006.70313633715    120.29597435589825    4.703279526594739     25    
54007.20313633715    121.06786996000855    4.7557013870188225    25    
54007.70313633715    121.47727219066297    4.822202575102252     25    
54008.20313633715    121.69840248716285    4.85631097945546      25    
54008.70313633715    121.79173913735939    4.864947362219068     25    
54009.20313633715    121.73434741187486    4.798559076265353     25    
54009.70313633715    121.55966181250918    4.528224271516469     25    
54010.20313633715    121.24112234279785    4.138770660835407     25    
54010.70313633715    120.71905715925352    3.9762984055391994    25    
54011.20313633715    120.00422447139017    4.0384067010504925    25    
54011.70313633715    119.04209482598509    4.081768167158205     25    
54012.20313633715    117.81231460956216    4.061056319351111     25    
54012.70313633715    116.35602270766984    4.031675047262071     25    
54013.20313633715    114.67392902369171    4.000632975071994     25    
54013.70313633715    112.79806090105194    3.975460364206854     25    
54014.20313633715    110.80389938255611    3.994136328680871     25    
54014.70313633715    108.67841163513971    4.046226300183465     25    
54015.20313633715    106.50989092091872    4.065636564652886     25    
54015.70313633715    104.29814114052441    4.066584560097966     25    
54016.20313633715    102.05895621209264    3.9727051189013114    25    
54016.70313633715    99.80863607888799     3.653837385523569     25    
54017.20313633715    97.53404575606139     3.2765509875246606    25    
54017.70313633715    95.22866654788106     3.158629945302864     25    
54018.20313633715    92.89304227098751     3.209237625032257     25    
54018.70313633715    90.5171738219633      3.219420028155499     25    
54019.20313633715    88.10174049656891     3.199031716509002     25    
54019.70313633715    85.64611261362367     3.1663351152412473    25    
54020.20313633715    83.1485377712403      3.108270014587361     25    
54020.70313633715    80.61286048709948     3.0590008295926863    25    
54021.20313633715    78.04120276230287     3.064105136481411     25    
54021.70313633715    75.43430407909263     3.09375088865683      25    
54022.20313633715    72.79526164632787     3.1090529643560645    25    
54022.70313633715    70.12251586771607     3.120436774153832     25    
54023.20313633715    67.44202423186088     3.0033693698499837    25    
54023.70313633715    64.74759092006894     2.647175096359127     25    
54024.20313633715    62.07248102579485     2.286454547390785     25    
54024.70313633715    59.431231147398954    2.1964424837148426    25    
54025.20313633715    56.833391795944415    2.2291587843368617    25    
54025.70313633715    54.31546065695081     2.220462465496534     25    
54026.20313633715    51.87018278126288     2.207278429152804     25    
54026.70313633715    49.517819992066364    2.1739698594498313    25    
54027.20313633715    47.25912496421539     2.111275652496055     25    
54027.70313633715    45.091394079057764    2.059630425146224     25    
54028.20313633715    43.014876268222395    2.0434103987426897    25    
54028.70313633715    41.02897135154318     2.039958928555084     25    
54029.20313633715    39.1335702289051      2.034174260916815     25    
54029.70313633715    37.32811200032133     2.0286256642256633    25    
54030.20313633715    35.609453291418674    2.016309319947347     25    
54030.70313633715    33.97850993101668     2.005445958264215     25    
54031.20313633715    32.42921367026725     1.9189133948085497    25    
54031.70313633715    30.961602125561186    1.6649998064505425    25    
54032.20313633715    29.571791923730363    1.386768157731994     25    
54032.70313633715    28.257235231912315    1.318817476923617     25    
54033.20313633715    27.016379841410256    1.3628615347513886    25    
54033.70313633715    25.84181425458577     1.3553998053601275    25    
54034.20313633715    24.734994404387344    1.3222393103541277    25    
54034.70313633715    23.684335605422007    1.3103717222804205    25    
54035.20313633715    22.69102008207014     1.3318729940377365    25    
54035.70313633715    21.746301002316276    1.353526684063335     25    
54036.20313633715    20.845055264095787    1.3624009580131693    25    
54036.70313633715    19.98762602330302     1.3599276709352341    25    
54037.20313633715    19.168789581670325    1.3333160812334544    25    
54037.70313633715    18.39017911289827     1.2852400381162798    25    
54038.20313633715    17.655753128758047    1.2219509413795548    25    
54038.70313633715    16.964826258215457    1.1316040261198757    25    
54039.20313633715    16.321148259814958    1.0659294469865566    25    
54039.70313633715    15.727493066754622    1.0706597327682261    25    
54040.20313633715    15.180088216423572    1.0907484684430442    25    
54040.70313633715    14.678880136696774    1.069671830977062     25    
54041.20313633715    14.220635619709741    1.0324204202745837    25    
54041.70313633715    13.789902632423196    1.0195538563054014    25    
54042.20313633715    13.389702196540263    1.0294311528609343    25    
54042.70313633715    13.00344117254171     1.0445679275143085    25    
54043.20313633715    12.629141322458155    1.0675368378562637    25    
54043.70313633715    12.263386897294147    1.0821806319558072    25    
54044.20313633715    11.899062680696913    1.0789890309719743    25    
54044.70313633715    11.54144710956123     1.0550798155079406    25    
54045.20313633715    11.19657131024512     0.9740972352855785    25    
54045.70313633715    10.863355464192571    0.8275934528984968    25    
54046.20313633715    10.550570500529792    0.7291381046371722    25    
54046.70313633715    10.258255456070874    0.7312618114866827    25    
54047.20313633715    9.988644690081335     0.7442322191862487    25    
54047.70313633715    9.745122408944523     0.71750685672874      25    
54048.20313633715    9.523609239707797     0.6898203847681635    25    
54048.70313633715    9.320383784850609     0.6955777463263342    25    
54049.20313633715    9.135751988795976     0.7233106431072321    25    
54049.70313633715    8.963379157864853     0.7544078936745638    25    
54050.20313633715    8.804122880023874     0.7935833159400885    25    
54050.70313633715    8.653799671083044     0.8103038350970787    25    
54051.20313633715    8.511150697353019     0.7873317314753129    25    
54051.70313633715    8.376050554908701     0.7495501148057848    25    
54052.20313633715    8.247488721721636     0.7159149917039302    25    
54052.70313633715    8.12554823684237      0.6816189888227903    25    
54053.20313633715    8.009097110871954     0.6579717520379813    25    
54053.70313633715    7.898340740384212     0.6449429535600965    25    
54054.20313633715    7.792299448322525     0.6396273054259434    25    
54054.70313633715    7.690910706394461     0.6457813192029382    25    
54055.20313633715    7.593870581542277     0.6501096520284189    25    
54055.70313633715    7.5009388976365585    0.6407730239456921    25    
54056.20313633715    7.41204290693096      0.6251140934079391    25    
54056.70313633715    7.326765084808226     0.6091735490924938    25    
54057.20313633715    7.245177432238102     0.591715530992143     25    
54057.70313633715    7.166782314669456     0.5786542864100549    25    
54058.20313633715    7.091648608631983     0.5711460242030556    25    
54058.70313633715    7.019364931785757     0.5665287808505112    25    
54059.20313633715    6.949830780678149     0.5604361684030018    25    
54059.70313633715    6.882858124469273     0.5611516837477188    25    
54060.20313633715    6.8180982929421114    0.5819691706356701    25    
54060.70313633715    6.755583362715781     0.6152273839257847    25    
54061.20313633715    6.694825489989396     0.6384994341007614    25    
54061.70313633715    6.635913894142812     0.6440568223474343    25    
54062.20313633715    6.578386716385521     0.7045244338525918    25    