55550.4030129572    8.500770210884744     2.3505645811076854     25    
55550.9030129572    10.11261828910603     2.231554676972062      25    
55551.4030129572    11.87472263704921     2.2529923347703136     25    
55551.9030129572    13.792238929106018    2.9653000907775517     25    
55552.4030129572    15.864108244528493    3.9169415769730533     25    
55552.9030129572    18.096771601481706    4.387387223650103      25    
55553.4030129572    20.48934229848154     4.408430452869799      25    
55553.9030129572    23.046641745729023    4.342353000471625      25    
55554.4030129572    25.77084006406731     4.352394622252814      25    
55554.9030129572    28.6631452791154      4.360803441944433      25    
55555.4030129572    31.729016806444807    4.366534678315157      25    
55555.9030129572    34.96726420339153     4.3698592656954975     25    
55556.4030129572    38.384287790772895    4.370995255777102      25    
55556.9030129572    41.979413783716254    4.369556990585111      25    
55557.4030129572    45.757108979558204    4.367303864018834      25    
55557.9030129572    49.726651869821715    4.383626161305363      25    
55558.4030129572    53.87759256801586     4.387633518315454      25    
55558.9030129572    58.2128139981913      4.284612296712988      25    
55559.4030129572    62.74319598636571     4.073525159750345      25    
55559.9030129572    67.25259154102385     3.940637030968687      25    
55560.4030129572    71.77589550235037     3.9575898582772124     25    
55560.9030129572    76.11628189288825     4.012508484149875      25    
55561.4030129572    80.12808716285855     4.03910993569568       25    
55561.9030129572    83.80765025442996     4.062671610912039      25    
55562.4030129572    86.89523988164976     4.075488135801313      25    
55562.9030129572    89.4194985477221      4.077237574311994      25    
55563.4030129572    91.45074463554027     4.08197024370844       25    
55563.9030129572    92.94836788076452     4.093090228492828      25    
55564.4030129572    94.04995842721877     4.107252486769255      25    
55564.9030129572    94.86236332711294     4.127355213435762      25    
55565.4030129572    95.38145541296717     4.148680654219021      25    
55565.9030129572    95.78571247311243     4.169315592400573      25    
55566.4030129572    96.05717979375815     4.210393370715366      25    
55566.9030129572    96.19503375601721     4.089606944102058      25    
55567.4030129572    96.22394899241469     3.605079726050934      25    
55567.9030129572    96.09007400071557     3.0299680570560827     25    
55568.4030129572    95.74949085517954     2.8578148208737377     25    
55568.9030129572    95.20734763709059     2.945740324418331      25    
55569.4030129572    94.39706080389031     2.9750495937314416     25    
55569.9030129572    93.31622789207762     2.9621744349817796     25    
55570.4030129572    92.01045600951636     2.9453052205000225     25    
55570.9030129572    90.46612350998005     2.9231957937456143     25    
55571.4030129572    88.74042751693761     2.9034038878311574     25    
55571.9030129572    86.89952640752756     2.9015453826084525     25    
55572.4030129572    84.93409779529085     2.9102898405615103     25    
55572.9030129572    82.94068061710378     2.9130897049209823     25    
55573.4030129572    80.9126464320347      2.9289238178112758     25    
55573.9030129572    78.86856474208395     2.8561548764420133     25    
55574.4030129572    76.82523078751842     2.562427257397587      25    
55574.9030129572    74.76759017591793     2.1920174240064942     25    
55575.4030129572    72.68678925910146     2.053124709959555      25    
55575.9030129572    70.584391035214       2.088685187706944      25    
55576.4030129572    68.44786309495039     2.0998552161904205     25    
55576.9030129572    66.27516436098824     2.0814370038687895     25    
55577.4030129572    64.0756181708249      2.056988080867102      25    
55577.9030129572    61.84698674620767     2.0208488197242724     25    
55578.4030129572    59.59991156634199     1.9835699275933871     25    
55578.9030129572    57.3520416716791      1.9663226828429328     25    
55579.4030129572    55.09992122521786     1.9637408698671244     25    
55579.9030129572    52.866723812039105    1.9597579979793065     25    
55580.4030129572    50.64904699570425     1.9716756061278928     25    
55580.9030129572    48.464422417792655    1.9268648451521595     25    
55581.4030129572    46.319811437976426    1.7200585718808525     25    
55581.9030129572    44.22008708038921     1.432233631267526      25    
55582.4030129572    42.18391172368176     1.3015375560142617     25    
55582.9030129572    40.20730824965972     1.3178529681637219     25    
55583.4030129572    38.312351558551555    1.3292962309581688     25    
55583.9030129572    36.500761685125       1.32041310121809       25    
55584.4030129572    34.772783565058766    1.3076383888101208     25    
55584.9030129572    33.13409347221019     1.2826710177503662     25    
55585.4030129572    31.578249086941515    1.254232323241346      25    
55585.9030129572    30.094874507445425    1.2414103208007985     25    
55586.4030129572    28.686283081692082    1.2416487094860997     25    
55586.9030129572    27.34010930603386     1.240932682639669      25    
55587.4030129572    26.055714830496658    1.238736373353152      25    
55587.9030129572    24.830238695734018    1.2317252706064756     25    
55588.4030129572    23.659427211650307    1.2270960741823311     25    
55588.9030129572    22.545253876805692    1.2076952444359117     25    
55589.4030129572    21.48828202101951     1.1026276829630408     25    
55589.9030129572    20.488377831194555    0.8818580302321349     25    
55590.4030129572    19.54639572978659     0.6970252932882927     25    
55590.9030129572    18.663573970407796    0.6791120556835097     25    
55591.4030129572    17.83673473223875     0.710907197974306      25    
55591.9030129572    17.06511618439921     0.698971272984286      25    
55592.4030129572    16.346901256068413    0.6826278502351015     25    
55592.9030129572    15.673440289196272    0.6785559682876257     25    
55593.4030129572    15.046672149691164    0.6865385115013303     25    
55593.9030129572    14.457578740493094    0.6929672796665991     25    
55594.4030129572    13.905508495764044    0.6959257316236913     25    
55594.9030129572    13.386886492089465    0.6941050584827703     25    
55595.4030129572    12.896870669977499    0.6806690013008009     25    
55595.9030129572    12.436330274728155    0.6600880802492669     25    
55596.4030129572    12.000733430190316    0.6475426308256402     25    
55596.9030129572    11.591029538905914    0.642772665861005      25    
55597.4030129572    11.203063951729284    0.641745240606948      25    
55597.9030129572    10.836387017326047    0.6470303812855551     25    
55598.4030129572    10.489252237456101    0.65068925521702       25    
55598.9030129572    10.158965578779982    0.6399661756216738     25    
55599.4030129572    9.845970458133584     0.620660091276865      25    
55599.9030129572    9.547220401550328     0.6093342252922926     25    
55600.4030129572    9.263317005767506     0.6064923038261466     25    
55600.9030129572    8.99159006745622      0.6070565293542273     25    
55601.4030129572    8.731162807336396     0.6121727142633705     25    
55601.9030129572    8.481939969014753     0.616862119066591      25    
55602.4030129572    8.24252328942451      0.616939839090645      25    
55602.9030129572    8.013488834628902     0.6116555382498745     25    
55603.4030129572    7.796537975689074     0.5749596520672766     25    
55603.9030129572    7.591319198220137     0.48597351426930485    25    
55604.4030129572    7.399471624681838     0.4026084537470645     25    
55604.9030129572    7.2219023652226495    0.3909770370683835     25    
55605.4030129572    7.058106027907688     0.4076906086191067     25    
55605.9030129572    6.908635400492724     0.40389541496175413    25    
55606.4030129572    6.773133300449866     0.392823312745729      25    
55606.9030129572    6.647807043151409     0.3870966850361278     25    
55607.4030129572    6.53334068069484      0.38806868321555577    25    
55607.9030129572    6.426437746546549     0.39198425618293736    25    
55608.4030129572    6.3256875407743065    0.3998082823862298     25    
55608.9030129572    6.230687168765299     0.4074938207805175     25    
55609.4030129572    6.138771798235149     0.4060527628082731     25    
55609.9030129572    6.050546110215906     0.3976434276895212     25    
55610.4030129572    5.96584038286304      0.3901981206939973     25    
55610.9030129572    5.8846134821282625    0.3839052819052141     25    
55611.4030129572    5.806951637223838     0.38011698005652395    25    
55611.9030129572    5.732910851427386     0.3816828404376674     25    
55612.4030129572    5.66242533074855      0.3857516123313602     25    
55612.9030129572    5.595446969654991     0.38824992599460667    25    
55613.4030129572    5.531995288809417     0.3900245932556768     25    
55613.9030129572    5.4715550096545105    0.3892356553300977     25    
55614.4030129572    5.414191483447346     0.38489252792412965    25    
55614.9030129572    5.359513095035238     0.3794973741510297     25    
55615.4030129572    5.30729035893424      0.374376525212007      25    
55615.9030129572    5.257459437162665     0.36940380014195207    25    
55616.4030129572    5.2095268198366025    0.366286725447869      25    
55616.9030129572    5.163603098799414     0.36484335141605584    25    
55617.4030129572    5.119145649351035     0.3641833385625834     25    
55617.9030129572    5.076188863142107     0.36451147182067306    25    
55618.4030129572    5.034383369244033     0.3648845533492399     25    
55618.9030129572    4.993461513387355     0.3627692003740707     25    
55619.4030129572    4.953393124635397     0.36096577222541737    25    
55619.9030129572    4.913665832731764     0.36465618286791435    25    
55620.4030129572    4.874394283219794     0.37113649780218444    25    
55620.9030129572    4.835046604371961     0.4001721638906658     25    