56287.34199111728    -320.6417639567364     320.64176395673655    25    
56287.84199111728    -344.5387599417295     344.53875994172967    25    
56288.34199111728    -357.90722254042146    357.90722254042157    25    
56288.84199111728    -358.32411439586554    358.32411439586565    25    
56289.34199111728    -343.7641130067161     343.7641130067163     25    
56289.84199111728    -311.6108828848859     311.61088288488605    25    
56290.34199111728    -260.0279522228132     260.02795222281344    25    
56290.84199111728    -186.21458227598288    186.21458227598313    25    
56291.34199111728    -88.51425705590466     88.51425705590523     25    
56291.84199111728    36.04927056365185      36.04927056365324     25    
56292.34199111728    188.961455626818       188.96145562681826    25    
56292.84199111728    373.36515876682614     359.21450959753537    25    
56293.34199111728    590.583668958163       388.9860355568649     25    
56293.84199111728    844.8012090110798      406.0686085946937     25    
56294.34199111728    1135.0829067850616     412.3204329364994     25    
56294.84199111728    1467.5784977288342     394.99691557204517    25    
56295.34199111728    1829.0868534001481     368.95426294667607    25    
56295.84199111728    2200.192817040453      374.3294637970846     25    
56296.34199111728    2570.447998790572      395.10572728893135    25    
56296.84199111728    2907.0738380846196     407.4703339472842     25    
56297.34199111728    3205.574960308463      415.8239271819986     25    
56297.84199111728    3430.2029064536055     413.7093037695144     25    
56298.34199111728    3590.5843284054163     407.31799796019254    25    
56298.84199111728    3688.331587715467      412.9081653193482     25    
56299.34199111728    3730.163640309695      425.76228736887094    25    
56299.84199111728    3737.20540880052       444.6871007327044     25    
56300.34199111728    3711.0779857130137     463.9996372785856     25    
56300.84199111728    3673.785761556951      464.5395006580473     25    
56301.34199111728    3622.084771190087      448.33600918423014    25    
56301.84199111728    3559.883299436051      396.4643039447564     25    
56302.34199111728    3485.1087204087967     310.55005736625856    25    
56302.84199111728    3391.407678560207      284.46694078753046    25    
56303.34199111728    3278.7646620597043     310.0399145290523     25    
56303.84199111728    3140.5842309867107     314.7103957666009     25    
56304.34199111728    2979.0399925247343     308.77766842082434    25    
56304.84199111728    2801.5414509406464     298.60025809778625    25    
56305.34199111728    2609.3598490007535     285.3767456839552     25    
56305.84199111728    2418.586632689699      291.28964978020525    25    
56306.34199111728    2229.1898224193214     311.2891544967923     25    
56306.84199111728    2057.412658155071      314.5313722082129     25    
56307.34199111728    1902.010675455655      305.0885471260554     25    
56307.84199111728    1764.5202271085323     309.22274149804423    25    
56308.34199111728    1644.3687062056392     324.25252975153967    25    
56308.84199111728    1533.2984994809703     334.7865730390016     25    
56309.34199111728    1431.421105624875      341.5356262528099     25    
56309.84199111728    1330.8265820786282     341.96588973190995    25    
56310.34199111728    1231.6953699752057     336.27409267659704    25    
56310.84199111728    1133.4880696195933     327.8247923628163     25    
56311.34199111728    1036.1426568388788     316.2639590742828     25    
56311.84199111728    944.4578109223942      318.26306156758426    25    
56312.34199111728    858.3757183983208      333.95271138135803    25    
56312.84199111728    782.3971660916104      340.13298329306576    25    
56313.34199111728    716.7537532595387      337.6829816268183     25    
56313.84199111728    660.8115600014494      312.0824634522664     25    
56314.34199111728    614.8913272206682      252.54370709613957    25    
56314.84199111728    574.3216118002047      210.2371290256018     25    
56315.34199111728    539.0941739742594      204.69224940072252    25    
56315.84199111728    504.87202935809984     201.5443048502376     25    
56316.34199111728    471.23717671428955     197.89828349935885    25    
56316.84199111728    437.2770232360491      189.48951578929766    25    
56317.34199111728    402.5601697297414      172.87775742654514    25    
56317.84199111728    369.09793166720186     165.48070873285943    25    
56318.34199111728    336.9389373419229      171.84537989671858    25    
56318.84199111728    307.79681066251953     177.47838283517942    25    
56319.34199111728    281.9826392520946      181.60689152222105    25    
56319.84199111728    259.7744911791459      179.60165525685994    25    
56320.34199111728    241.46033279799278     170.17203216948465    25    
56320.84199111728    225.9969738318079      155.60004301846732    25    
56321.34199111728    213.31662739632924     132.33259185480887    25    
56321.84199111728    202.54583011045537     113.88164190130298    25    
56322.34199111728    193.46169031958675     110.89805972426585    25    
56322.84199111728    185.81170430140904     107.73383552874382    25    
56323.34199111728    179.39454363469753     97.52092887436713     25    
56323.84199111728    174.57365263565333     91.64879399122482     25    
56324.34199111728    171.3872977808477      96.36574211773849     25    
56324.84199111728    170.10276407177824     100.53703974513435    25    
56325.34199111728    170.9299909331184      101.20306029761153    25    
56325.84199111728    173.49503443150124     98.55111027557454     25    
56326.34199111728    177.94050512991188     88.65775624220628     25    
56326.84199111728    183.20079578598998     81.38515656465248     25    
56327.34199111728    189.00793840082216     85.2994420158239      25    
56327.84199111728    194.45636981610218     92.8937525522577      25    
56328.34199111728    199.06452627709595     104.01792741620997    25    
56328.84199111728    202.51068822572395     109.07781279435811    25    
56329.34199111728    204.37349620499435     99.14611487177073     25    
56329.84199111728    205.00079441662112     85.6609791395397      25    
56330.34199111728    204.45226572791012     76.89778814308137     25    
56330.84199111728    202.9352141431814      71.50481839333497     25    
56331.34199111728    200.5086976639665      72.68639938827259     25    
56331.84199111728    197.53037789459995     74.57225641033966     25    
56332.34199111728    194.12548195334716     71.44787110324101     25    
56332.84199111728    190.86624389366492     68.51621901983036     25    
56333.34199111728    188.15553927539838     69.68798791614348     25    
56333.84199111728    186.45937432345846     72.49332660311948     25    
56334.34199111728    186.44411315015324     74.74896224390315     25    
56334.84199111728    187.94366735063343     79.56447970273247     25    
56335.34199111728    191.38510555943074     88.00637745729998     25    
56335.84199111728    195.76222219716666     101.67454243832702    25    
56336.34199111728    200.25726731218214     125.73081116905847    25    
56336.84199111728    204.21604148792173     146.96143891990428    25    
56337.34199111728    206.4218895514127      157.46037416232295    25    
56337.84199111728    206.84414959406146     158.88667915774934    25    
56338.34199111728    204.57102932030875     141.76586674133338    25    
56338.84199111728    200.40771286987953     114.66496555258595    25    
56339.34199111728    195.0670952771102      96.23984925698569     25    
56339.84199111728    188.96210654496878     88.46647874214702     25    
56340.34199111728    183.14455125973794     104.96955548980445    25    
56340.84199111728    177.71883906496674     128.10770491975393    25    
56341.34199111728    173.56826530865678     144.17384633578456    25    
56341.84199111728    170.41818286891433     156.02445844626155    25    
56342.34199111728    168.19365640807345     159.46952586915336    25    
56342.84199111728    166.81194280607863     157.2308226485683     25    
56343.34199111728    166.054506420975       150.2394594247028     25    
56343.84199111728    165.88143284320307     138.70439932991613    25    
56344.34199111728    166.0698480216283      124.78582373886951    25    
56344.84199111728    166.58628288971667     107.71380458375107    25    
56345.34199111728    167.20167192256818     89.33239718302512     25    
56345.84199111728    167.88848365815434     69.13804903259133     25    
56346.34199111728    168.41196883633052     49.659634854827594    25    
56346.84199111728    168.7500258610521      38.443115554394204    25    
56347.34199111728    168.66272947545022     56.68861474242851     25    
56347.84199111728    168.13290021094508     92.75847614224129     25    
56348.34199111728    166.91594455246332     146.89591719877126    25    