55885.27857527866    1.3662023672617865    0.25556284636371907     25    
55885.77857527866    1.5983993987481513    0.2522626001636974      25    
55886.27857527866    1.8503503086232522    0.2515995822818417      25    
55886.77857527866    2.123034882994959     0.2737835179025311      25    
55887.27857527866    2.416136952515089     0.3214028555466482      25    
55887.77857527866    2.7303675435753747    0.36157046103053636     25    
55888.27857527866    3.0663236232811006    0.3752909285335658      25    
55888.77857527866    3.4237496529179943    0.37411876646664305     25    
55889.27857527866    3.8036716452650956    0.3722202040117298      25    
55889.77857527866    4.20607014170082      0.3734541983398066      25    
55890.27857527866    4.6312390535374774    0.3744762303388132      25    
55890.77857527866    5.080090334267651     0.37519262170371154     25    
55891.27857527866    5.5522759918347155    0.37562440555576176     25    
55891.77857527866    6.048606707954142     0.37581292985130943     25    
55892.27857527866    6.569550986481985     0.37572982641917546     25    
55892.77857527866    7.1149427272634       0.3754196771998707      25    
55893.27857527866    7.685870526983675     0.37512852831750393     25    
55893.77857527866    8.283301800450532     0.3742957337701436      25    
55894.27857527866    8.905432904782383     0.37413046401453526     25    
55894.77857527866    9.552836765704658     0.376666470139613       25    
55895.27857527866    10.229699882622413    0.38183986367092676     25    
55895.77857527866    10.911486530244526    0.3871064975533736      25    
55896.27857527866    11.592453029247656    0.3910441033886683      25    
55896.77857527866    12.27112421505785     0.3945245467682069      25    
55897.27857527866    12.911539011345528    0.39784073343889603     25    
55897.77857527866    13.520559379356769    0.40120261423989323     25    
55898.27857527866    14.08184628232421     0.40404335810149283     25    
55898.77857527866    14.568196839024694    0.4055462611157393      25    
55899.27857527866    14.987139169752613    0.4057719295825519      25    
55899.77857527866    15.346226073759414    0.40633677297466186     25    
55900.27857527866    15.641444931641098    0.4079896806897368      25    
55900.77857527866    15.880217230749782    0.41015581280903435     25    
55901.27857527866    16.084862449653095    0.4127397920741964      25    
55901.77857527866    16.24911274738199     0.4162944368859012      25    
55902.27857527866    16.38663243599958     0.41914101269415255     25    
55902.77857527866    16.513543924214513    0.4219989594726161      25    
55903.27857527866    16.623709640134894    0.42504467259433387     25    
55903.77857527866    16.71717958674556     0.4146672541271114      25    
55904.27857527866    16.79732578106192     0.3743259282766965      25    
55904.77857527866    16.858786058275307    0.3188595262558794      25    
55905.27857527866    16.89254683073572     0.28811761089469623     25    
55905.77857527866    16.90169776991051     0.2905951076237422      25    
55906.27857527866    16.879504493078738    0.30029392482459866     25    
55906.77857527866    16.81926720093879     0.300431837404634       25    
55907.27857527866    16.72417493490244     0.2988230968665154      25    
55907.77857527866    16.59702591359957     0.29686163516574776     25    
55908.27857527866    16.43529147672867     0.2942106027999888      25    
55908.77857527866    16.244347966015415    0.29168029214444313     25    
55909.27857527866    16.032050181595817    0.2910822022419597      25    
55909.77857527866    15.795169105474796    0.2925353094865213      25    
55910.27857527866    15.541649077001972    0.2934685542546535      25    
55910.77857527866    15.27556057016414     0.2907900996147326      25    
55911.27857527866    14.995363685898266    0.2869126615462106      25    
55911.77857527866    14.707000658893174    0.28899432309907946     25    
55912.27857527866    14.409929489006092    0.30030171080332213     25    
55912.77857527866    14.105578396423839    0.3125934379594111      25    
55913.27857527866    13.796572374561825    0.31833525834048915     25    
55913.77857527866    13.48177767126245     0.31975248866694933     25    
55914.27857527866    13.164302972852688    0.31948310639039906     25    
55914.77857527866    12.84536190768403     0.31828307623031576     25    
55915.27857527866    12.524438714630763    0.31580391103296535     25    
55915.77857527866    12.202956226739       0.3127470190686658      25    
55916.27857527866    11.880933863626483    0.30843241513448705     25    
55916.77857527866    11.558075124741636    0.3045904943828308      25    
55917.27857527866    11.234308723324924    0.30357787721523627     25    
55917.77857527866    10.909660763939215    0.30471341497531285     25    
55918.27857527866    10.584126642475614    0.3052013766235706      25    
55918.77857527866    10.257055618136437    0.3058189517925101      25    
55919.27857527866    9.9294840981897       0.30457946575328365     25    
55919.77857527866    9.603204945878574     0.2949962080939217      25    
55920.27857527866    9.277116261997358     0.27315640651926093     25    
55920.77857527866    8.954330532148097     0.2516944840580548      25    
55921.27857527866    8.636818859925134     0.24536175675756725     25    
55921.77857527866    8.323801179157918     0.24892867936769963     25    
55922.27857527866    8.019150209870306     0.25162550473064504     25    
55922.77857527866    7.723137415838071     0.2512629603044007      25    
55923.27857527866    7.435999031229979     0.2501006862764441      25    
55923.77857527866    7.159493127809527     0.24773008651080672     25    
55924.27857527866    6.8932903899400575    0.24363189174164915     25    
55924.77857527866    6.637258989994125     0.24048382960553127     25    
55925.27857527866    6.39144411804277      0.2407312796405576      25    
55925.77857527866    6.155816623544934     0.24285713570495823     25    
55926.27857527866    5.930340977703676     0.24418506348087848     25    
55926.77857527866    5.715307081156703     0.24461058016564888     25    
55927.27857527866    5.510062900845122     0.24423300354085395     25    
55927.77857527866    5.314018414769864     0.2429736529635387      25    
55928.27857527866    5.127575032566294     0.2412995925925172      25    
55928.77857527866    4.948954505810152     0.23569655827917185     25    
55929.27857527866    4.777728482998667     0.2207640233166291      25    
55929.77857527866    4.613831764332334     0.2002800077036469      25    
55930.27857527866    4.455362314306193     0.1875502276745343      25    
55930.77857527866    4.302497261563        0.18705629433371573     25    
55931.27857527866    4.154987200949437     0.1897448311533194      25    
55931.77857527866    4.012146462615801     0.1878303421454539      25    
55932.27857527866    3.874169005397609     0.18373668988637937     25    
55932.77857527866    3.7417733318901547    0.1810725206384337      25    
55933.27857527866    3.6149914179835836    0.18180215505218175     25    
55933.77857527866    3.493975846933988     0.18397152432443042     25    
55934.27857527866    3.3794740024649994    0.1854805113541732      25    
55934.77857527866    3.271533225067354     0.1868637727664825      25    
55935.27857527866    3.1696968670577967    0.18716568140542186     25    
55935.77857527866    3.074035258897672     0.18556695899024195     25    
55936.27857527866    2.9845014200012145    0.18236322834110735     25    
55936.77857527866    2.899107107327922     0.1761176419429126      25    
55937.27857527866    2.818009026385681     0.16342549966133657     25    
55937.77857527866    2.7405000539992024    0.1485422107984067      25    
55938.27857527866    2.664739446949893     0.14107782153372073     25    
55938.77857527866    2.591193522165206     0.14204543294304267     25    
55939.27857527866    2.519316426011454     0.14387763967380257     25    
55939.77857527866    2.448367413994885     0.1414355558833233      25    
55940.27857527866    2.378806324603996     0.13746469583367243     25    
55940.77857527866    2.311642436672525     0.1347654605177973      25    
55941.27857527866    2.2466586870949032    0.13403173787330583     25    
55941.77857527866    2.18441496219821      0.13423128292574735     25    
55942.27857527866    2.125865130794759     0.13491552318622246     25    
55942.77857527866    2.0707239001366395    0.13643112465829055     25    
55943.27857527866    2.0192416482960125    0.13716356072498023     25    
55943.77857527866    1.9718496275462274    0.13726625521938426     25    
55944.27857527866    1.9281363054657805    0.13602361915484773     25    
55944.77857527866    1.8871600157763568    0.12877704763892242     25    
55945.27857527866    1.8492033958158542    0.11019003253957614     25    
55945.77857527866    1.8136038220377477    0.08791193533889209     25    
55946.27857527866    1.77958720139041      0.07836464953646911     25    
55946.77857527866    1.7474645616412852    0.08125159027433883     25    
55947.27857527866    1.716555892906619     0.08435538252361043     25    
55947.77857527866    1.6865909006355564    0.08288636371921505     25    
55948.27857527866    1.6577459522768252    0.08066194906197754     25    
55948.77857527866    1.629947922113718     0.07929423759201366     25    
55949.27857527866    1.6032013624797474    0.07875037120288142     25    
55949.77857527866    1.5775154878751212    0.07875182804981164     25    
55950.27857527866    1.5528986131839821    0.07950706577001435     25    
55950.77857527866    1.529347672216511     0.08092057139922007     25    
55951.27857527866    1.5068116884777694    0.08154331256853715     25    
55951.77857527866    1.4853257903307924    0.08069262691936066     25    
55952.27857527866    1.4648163778939067    0.07924630049894851     25    
55952.77857527866    1.4451504845055427    0.07825214131272046     25    
55953.27857527866    1.4263829722920378    0.07783538468023668     25    
55953.77857527866    1.4083788593430506    0.07675169469550684     25    
55954.27857527866    1.3910583662032607    0.07348575481206304     25    
55954.77857527866    1.3744516491874197    0.06873143158318211     25    
55955.27857527866    1.3584239504287479    0.06567319132390577     25    
55955.77857527866    1.3429695092756735    0.06588704412280691     25    
55956.27857527866    1.3280839387116903    0.06707488327958451     25    
55956.77857527866    1.3137265968286915    0.06697528492825512     25    
55957.27857527866    1.2999127057386357    0.06604481687522597     25    
55957.77857527866    1.2866101662295997    0.06485224001490096     25    
55958.27857527866    1.273808020156128     0.06351522465980829     25    
55958.77857527866    1.2615072095665378    0.06200392577953046     25    
55959.27857527866    1.2496703308731512    0.06072839006659637     25    
55959.77857527866    1.2383065584918718    0.059712470167453895    25    
55960.27857527866    1.2273943663947147    0.05893104574723445     25    
55960.77857527866    1.2169076901026787    0.058440846333274364    25    
55961.27857527866    1.2068581165416028    0.058237126253636785    25    
55961.77857527866    1.197210080928851     0.05829027791824155     25    
55962.27857527866    1.1879584357599051    0.058551448660969875    25    
55962.77857527866    1.1790985990110059    0.059076740729729314    25    
55963.27857527866    1.1705948011466996    0.059866557486280385    25    
55963.77857527866    1.1624584725505156    0.06034387525296929     25    
55964.27857527866    1.1546639106057597    0.06223800639810329     25    
55964.77857527866    1.1471891786444601    0.06603634029539314     25    