55463.174173953645    0.7117914397958818    0.1982542477018828     25    
55463.674173953645    0.8258383335097526    0.19417752017109574    25    
55464.174173953645    0.9490581297374798    0.19092875643966226    25    
55464.674173953645    1.0819482286947557    0.206196686338531      25    
55465.174173953645    1.2244170542040531    0.24870715939250274    25    
55465.674173953645    1.376611897521926     0.2920058407261178     25    
55466.174173953645    1.5390026264385803    0.31491669283295315    25    
55466.674173953645    1.7114195296976749    0.31832060455400896    25    
55467.174173953645    1.8941155660600606    0.314733820135232      25    
55467.674173953645    2.0875147159401406    0.31401215044886543    25    
55468.174173953645    2.2914058429034005    0.31463008334292525    25    
55468.674173953645    2.5061292182646766    0.31510700858883645    25    
55469.174173953645    2.732044580112221     0.3153910281211107     25    
55469.674173953645    2.968936076734021     0.3155037882670143     25    
55470.174173953645    3.2172129370485507    0.3154534366958047     25    
55470.674173953645    3.477152301867611     0.31522053239881986    25    
55471.174173953645    3.74857031410232      0.3148042039834441     25    
55471.674173953645    4.031926805324475     0.31433304609834584    25    
55472.174173953645    4.3277645676374155    0.31422090139150166    25    
55472.674173953645    4.635779045970742     0.3142563996837617     25    
55473.174173953645    4.954905437417381     0.3130285485151571     25    
55473.674173953645    5.288187245804842     0.30882876496483597    25    
55474.174173953645    5.6323612246609684    0.3032003357902193     25    
55474.674173953645    5.975748351051688     0.29996321918456953    25    
55475.174173953645    6.3214108215944425    0.30086027309630387    25    
55475.674173953645    6.664395873608021     0.3036492956954304     25    
55476.174173953645    6.989240205552923     0.30595023381319325    25    
55476.674173953645    7.3001105923477985    0.3078145949865154     25    
55477.174173953645    7.59114254961717      0.3094587997431452     25    
55477.674173953645    7.849146478706048     0.31043654748075317    25    
55478.174173953645    8.074633110886737     0.3104965282633872     25    
55478.674173953645    8.272400206785676     0.31046057424630724    25    
55479.174173953645    8.444246847118581     0.31118049835195094    25    
55479.674173953645    8.586948747721166     0.3124488674485694     25    
55480.174173953645    8.710486742156867     0.31403826736340884    25    
55480.674173953645    8.822072237595378     0.316038905059348      25    
55481.174173953645    8.917216906246118     0.3185850751999855     25    
55481.674173953645    9.005336974317602     0.3204765851731523     25    
55482.174173953645    9.093104028245717     0.3221269694604694     25    
55482.674173953645    9.176809971909979     0.32356090544015886    25    
55483.174173953645    9.256011099080252     0.31943273974708747    25    
55483.674173953645    9.332279228932858     0.3028566607175233     25    
55484.174173953645    9.404149158993135     0.2778584442698282     25    
55484.674173953645    9.465613226131296     0.2595172517911767     25    
55485.174173953645    9.51696693713054      0.25731451756975265    25    
55485.674173953645    9.557384216006401     0.26261470554127264    25    
55486.174173953645    9.5813876187846       0.265558979759742      25    
55486.674173953645    9.58866581172636      0.26520044191490566    25    
55487.174173953645    9.580191675979941     0.2641075831690032     25    
55487.674173953645    9.555453606561143     0.26286927566143564    25    
55488.174173953645    9.513648289025353     0.2610854656241799     25    
55488.674173953645    9.456856025064374     0.2594781065081657     25    
55489.174173953645    9.387182435678232     0.25918700117046967    25    
55489.674173953645    9.303463704690273     0.26036132184633515    25    
55490.174173953645    9.207710341057755     0.26151616664431065    25    
55490.674173953645    9.101704234606153     0.26193259361070953    25    
55491.174173953645    8.984399840179043     0.2624925032368928     25    
55491.674173953645    8.85772951738188      0.25994750267207795    25    
55492.174173953645    8.722785818727127     0.24981109270948812    25    
55492.674173953645    8.578862870970617     0.23282682904383034    25    
55493.174173953645    8.427825236533826     0.21844184864206842    25    
55493.674173953645    8.270109229715267     0.2147089596832294     25    
55494.174173953645    8.105474782239282     0.2170445028507995     25    
55494.674173953645    7.936017891768863     0.21879143744937565    25    
55495.174173953645    7.761050166247241     0.21782667401619787    25    
55495.674173953645    7.581616606417278     0.21621832087344245    25    
55496.174173953645    7.401752034567122     0.21425911720272084    25    
55496.674173953645    7.2199938153621375    0.21148665719093998    25    
55497.174173953645    7.038653284417906     0.20862276470316557    25    
55497.674173953645    6.862935900980494     0.20711199271133007    25    
55498.174173953645    6.690866166299455     0.2074285411308075     25    
55498.674173953645    6.525359448967256     0.20820676837885535    25    
55499.174173953645    6.371239766557087     0.20823429981193736    25    
55499.674173953645    6.227448068697286     0.20832658516485       25    
55500.174173953645    6.093737614663987     0.20686712670462012    25    
55500.674173953645    5.970977398668257     0.20120180445488398    25    
55501.174173953645    5.859581769917371     0.19060610031551636    25    
55501.674173953645    5.756159459486345     0.1809071342396434     25    
55502.174173953645    5.658842833155011     0.17819470478350824    25    
55502.674173953645    5.568886869940935     0.18047028320959504    25    
55503.174173953645    5.482835888817667     0.18299711388781142    25    
55503.674173953645    5.399026986820936     0.18330704820101373    25    
55504.174173953645    5.318515869183129     0.18299853579817932    25    
55504.674173953645    5.239870655817303     0.18211465953794498    25    
55505.174173953645    5.162355812804878     0.18010584856309353    25    
55505.674173953645    5.0866605052145735    0.17755955395742573    25    
55506.174173953645    5.0134207362471495    0.17625714736591938    25    
55506.674173953645    4.942510703025751     0.1770699385484014     25    
55507.174173953645    4.874133400991837     0.17870900156229583    25    
55507.674173953645    4.80896251336954      0.17969071766720657    25    
55508.174173953645    4.747180649461059     0.18006709314612518    25    
55508.674173953645    4.688286610668501     0.18003971294118282    25    
55509.174173953645    4.6319112946666126    0.17948707069249842    25    
55509.674173953645    4.578639255602729     0.17841806011285263    25    
55510.174173953645    4.527067210724796     0.17685362831592946    25    
55510.674173953645    4.475880607434834     0.17462320080102647    25    
55511.174173953645    4.425872205805389     0.17142877490580644    25    
55511.674173953645    4.375531808055119     0.1685775280419179     25    
55512.174173953645    4.323640918261485     0.16751346709211837    25    
55512.674173953645    4.270835114702204     0.16786213327794086    25    
55513.174173953645    4.216440160200099     0.16785837294622563    25    
55513.674173953645    4.159880268191084     0.16595677111120585    25    
55514.174173953645    4.101487029055224     0.16298546944355288    25    
55514.674173953645    4.04174885316369      0.16109498495249128    25    
55515.174173953645    3.98070277986144      0.16174401249293863    25    
55515.674173953645    3.9183575642796056    0.16368342622739782    25    
55516.174173953645    3.8552639263254704    0.16518014210123494    25    
55516.674173953645    3.7913970787783566    0.16607726841046108    25    
55517.174173953645    3.726818852313826     0.16654707030813226    25    
55517.674173953645    3.6619378842408357    0.1659006496466108     25    
55518.174173953645    3.5966850083542834    0.16236126148628607    25    
55518.674173953645    3.5311388832357378    0.15928141607238938    25    
55519.174173953645    3.465521933200845     0.1619559476562357     25    
55519.674173953645    3.399734743200554     0.17165741403823215    25    
55520.174173953645    3.333929222449282     0.18161809286912198    25    
55520.674173953645    3.268284006727809     0.18620522009155088    25    
55521.174173953645    3.2026831774267293    0.186886422848452      25    
55521.674173953645    3.137359539976103     0.1859029477031771     25    
55522.174173953645    3.072477715400136     0.18427911042355336    25    
55522.674173953645    3.0079169129229184    0.18124900076676803    25    
55523.174173953645    2.944007515178836     0.17871629742039005    25    
55523.674173953645    2.88089920644455      0.1783081561785035     25    
55524.174173953645    2.8184913463518915    0.1792099004621525     25    
55524.674173953645    2.7571436148516577    0.18036613606262766    25    
55525.174173953645    2.6969284223953514    0.1817321604140437     25    
55525.674173953645    2.6378102146454547    0.1832585505518012     25    
55526.174173953645    2.5801481792419896    0.18344598981025048    25    
55526.674173953645    2.5239254136087577    0.18399517582347844    25    
55527.174173953645    2.4691910386224385    0.18253620285213773    25    
55527.674173953645    2.4162723111962925    0.17227067169211494    25    
55528.174173953645    2.3650821482229576    0.1437291609792521     25    
55528.674173953645    2.315750810257942     0.10212775597213367    25    
55529.174173953645    2.2685899900234796    0.06913764720271261    25    
55529.674173953645    2.2235532377145497    0.06550452202887695    25    
55530.174173953645    2.1806406688752094    0.07470322464466783    25    
55530.674173953645    2.139953955033007     0.07611015943324985    25    
55531.174173953645    2.1015772505807306    0.07443102396938509    25    
55531.674173953645    2.0651447777757195    0.07266520286993072    25    
55532.174173953645    2.0303932254980612    0.07150664124003982    25    
55532.674173953645    1.9975009607810215    0.07070571201237287    25    
55533.174173953645    1.9660547774837671    0.07032151230063156    25    
55533.674173953645    1.9358073445063424    0.07064275534526279    25    
55534.174173953645    1.9069106062121781    0.07159226770646564    25    
55534.674173953645    1.8790488552096531    0.0721620376815013     25    
55535.174173953645    1.8520626497471677    0.07165082266485147    25    
55535.674173953645    1.8260592694578648    0.07054869598275514    25    
55536.174173953645    1.8009956516997554    0.06960478813803274    25    
55536.674173953645    1.7768599978962738    0.0688992682097783     25    
55537.174173953645    1.7536626923989882    0.06841972128446448    25    
55537.674173953645    1.7313967672119424    0.06871941714884933    25    
55538.174173953645    1.7100812839540422    0.07026789729565135    25    
55538.674173953645    1.6896850649788107    0.07221317702526638    25    
55539.174173953645    1.6701600966715802    0.07345613401440378    25    
55539.674173953645    1.651565902664016     0.07405811559667484    25    
55540.174173953645    1.633785898110652     0.07425630162408105    25    
55540.674173953645    1.6166765951519757    0.07405955205297537    25    
55541.174173953645    1.600318045829823     0.0733708911851532     25    
55541.674173953645    1.5845708219018897    0.07245684239290012    25    
55542.174173953645    1.5693019006209397    0.07155871837397837    25    
55542.674173953645    1.5545932658866568    0.07054147238402551    25    
55543.174173953645    1.54028241328185      0.06961842146691159    25    
55543.674173953645    1.5262696383095615    0.06898836467992168    25    
55544.174173953645    1.512621713357771     0.06856913985766426    25    
55544.674173953645    1.4991580272707088    0.06832638018255315    25    
55545.174173953645    1.4858192801651664    0.06833142901427175    25    
55545.674173953645    1.472642860190489     0.06854013182127036    25    
55546.174173953645    1.4594371358157892    0.06860557764752058    25    
55546.674173953645    1.4461902981350772    0.06820682394086354    25    
55547.174173953645    1.4328961783321303    0.06766640740207287    25    
55547.674173953645    1.4193623739938341    0.0676012049229694     25    
55548.174173953645    1.4056221641666182    0.06762632151489173    25    
55548.674173953645    1.3916211397300202    0.06834258506241067    25    
55549.174173953645    1.3771771262086094    0.07093434853588318    25    