55869.66325863696    6.46225416838198      1.0238421762461163     25    
55870.16325863696    7.5298633449299865    1.0267967826571955     25    
55870.66325863696    8.670579763507167     1.0309896449946163     25    
55871.16325863696    9.879980741472883     1.041222625304219      25    
55871.66325863696    11.1593567652311      1.0573755917409957     25    
55872.16325863696    12.503831262093652    1.0701406362212913     25    
55872.66325863696    13.913226452932138    1.0757340738828371     25    
55873.16325863696    15.385495408547802    1.078658602644207      25    
55873.66325863696    16.91683010598868     1.0822617762517581     25    
55874.16325863696    18.508306672137103    1.0856776918383386     25    
55874.66325863696    20.15480900377905     1.08858908478625       25    
55875.16325863696    21.856852742359465    1.0909091339927648     25    
55875.66325863696    23.611536768465125    1.092918781083266      25    
55876.16325863696    25.415774898593327    1.0946736704293514     25    
55876.66325863696    27.270214540583428    1.0962819104560533     25    
55877.16325863696    29.170074535352736    1.0979153265778279     25    
55877.66325863696    31.118570514668       1.0936990976042995     25    
55878.16325863696    33.10440973634784     1.1039850422181112     25    
55878.66325863696    35.135129631611925    1.1531683119237803     25    
55879.16325863696    37.19287095660491     1.2186577554845648     25    
55879.66325863696    39.20768252791566     1.2577217777986391     25    
55880.16325863696    41.20239845289229     1.2722059576694262     25    
55880.66325863696    43.091538814745995    1.28097641921094       25    
55881.16325863696    44.84585819458097     1.291743540291489      25    
55881.66325863696    46.45539182379402     1.299970529609097      25    
55882.16325863696    47.83378979861896     1.303705396237555      25    
55882.66325863696    48.990970266369814    1.3022352462313562     25    
55883.16325863696    49.96232411976107     1.3040124024230715     25    
55883.66325863696    50.73419476493828     1.3128424908902414     25    
55884.16325863696    51.34848286493522     1.3248673876422172     25    
55884.66325863696    51.86863338478832     1.3390512984923477     25    
55885.16325863696    52.27658091831858     1.355902471665803      25    
55885.66325863696    52.64561080106631     1.3640274448823813     25    
55886.16325863696    52.9910200405663      1.3682627216044838     25    
55886.66325863696    53.30009951349188     1.3530213442259402     25    
55887.16325863696    53.58162323026434     1.2828511172021828     25    
55887.66325863696    53.83040991620025     1.166705787957197      25    
55888.16325863696    54.011356072300195    1.0956569981226527     25    
55888.66325863696    54.12949648107261     1.101475655148933      25    
55889.16325863696    54.164793825506564    1.1238831965979237     25    
55889.66325863696    54.09407938987125     1.1239865487000757     25    
55890.16325863696    53.9287732365541      1.1191769804074545     25    
55890.66325863696    53.676585334327044    1.113923296141746      25    
55891.16325863696    53.330552339265026    1.1066662532432985     25    
55891.66325863696    52.91988209452647     1.103364167784506      25    
55892.16325863696    52.454774496044394    1.1113920307187242     25    
55892.66325863696    51.938577318243574    1.123098184511218      25    
55893.16325863696    51.401492906770514    1.125467247926357      25    
55893.66325863696    50.8384917132508      1.120563126320322      25    
55894.16325863696    50.25463987451075     1.1072963503453792     25    
55894.66325863696    49.65533480044614     1.077790463438991      25    
55895.16325863696    49.03423877333901     1.0447981045193673     25    
55895.66325863696    48.385223184874256    1.0326882428511917     25    
55896.16325863696    47.71006153808377     1.0375951297878434     25    
55896.66325863696    47.001556275305774    1.040646285648303      25    
55897.16325863696    46.257331230855684    1.0374426916975563     25    
55897.66325863696    45.48019567822957     1.032025775137907      25    
55898.16325863696    44.67017771529503     1.0235738555108163     25    
55898.66325863696    43.8276258284964      1.012616774661797      25    
55899.16325863696    42.96133430386496     1.0081876632966063     25    
55899.66325863696    42.069882963027865    1.0141389510725984     25    
55900.16325863696    41.15906552229285     1.0205766389695747     25    
55900.66325863696    40.23282241751086     1.0258908316730642     25    
55901.16325863696    39.291309234318675    1.0267732106153653     25    
55901.66325863696    38.34633398456189     0.9902718252731694     25    
55902.16325863696    37.394571457177804    0.8959810530095907     25    
55902.66325863696    36.447880819836215    0.8052708884691878     25    
55903.16325863696    35.51144606814497     0.7827326588630946     25    
55903.66325863696    34.58635063259168     0.7942104303302893     25    
55904.16325863696    33.6867366413175      0.7956709439496392     25    
55904.66325863696    32.81025600489879     0.7922407070275926     25    
55905.16325863696    31.960722914413882    0.7859053718423081     25    
55905.66325863696    31.141421595453313    0.7730248761084064     25    
55906.16325863696    30.34918186042468     0.7587155713933169     25    
55906.66325863696    29.581303220231355    0.7522642857115875     25    
55907.16325863696    28.838604302342294    0.7524002573340889     25    
55907.66325863696    28.117573440452336    0.7523862606290523     25    
55908.16325863696    27.417921916958104    0.7509106316882804     25    
55908.66325863696    26.73876108668623     0.7483853712147944     25    
55909.16325863696    26.07814025132868     0.7449826071614978     25    
55909.66325863696    25.436611256229877    0.7404719133195903     25    
55910.16325863696    24.81284218784537     0.7250525452562027     25    
55910.66325863696    24.207001600137925    0.6894795355617865     25    
55911.16325863696    23.61828894905155     0.6540903067506343     25    
55911.66325863696    23.04602082281636     0.6437678754954901     25    
55912.16325863696    22.490268423462847    0.6482615060174348     25    
55912.66325863696    21.9494576376311      0.6474140374673915     25    
55913.16325863696    21.424002977646104    0.6386505404787289     25    
55913.66325863696    20.912427130292084    0.632638423076711      25    
55914.16325863696    20.413990543257718    0.6374414937062153     25    
55914.66325863696    19.928607290667816    0.647020153380565      25    
55915.16325863696    19.454423556300654    0.6520325043897045     25    
55915.66325863696    18.991830041517645    0.6538306360389345     25    
55916.16325863696    18.539710025695733    0.6507347089999092     25    
55916.66325863696    18.09758603556402     0.6409200337475321     25    
55917.16325863696    17.66552413820447     0.625624586867639      25    
55917.66325863696    17.242992005597515    0.6041031545403477     25    
55918.16325863696    16.83013903195712     0.57408233676337       25    
55918.66325863696    16.426436825695312    0.5530492272466838     25    
55919.16325863696    16.0317483514719      0.5534814747858425     25    
55919.66325863696    15.64611110284428     0.5596527363860461     25    
55920.16325863696    15.269326455010093    0.5538345872641544     25    
55920.66325863696    14.901447035730452    0.5406347547052153     25    
55921.16325863696    14.542967816847002    0.5322944869218897     25    
55921.66325863696    14.193828091112568    0.5320723282608133     25    
55922.16325863696    13.854324994708541    0.5351078618190639     25    
55922.66325863696    13.52495502560439     0.5398287965327276     25    
55923.16325863696    13.205486129208273    0.546110012057325      25    
55923.66325863696    12.895435460376131    0.5476299192655343     25    
55924.16325863696    12.595341846328129    0.547294631678505      25    
55924.66325863696    12.303302201289192    0.5347861888866341     25    
55925.16325863696    12.018375204694967    0.4903795561643384     25    
55925.66325863696    11.740497116411944    0.42416202086152466    25    
55926.16325863696    11.467199450272059    0.3864366861149977     25    
55926.66325863696    11.198711317576906    0.388256520970611      25    
55927.16325863696    10.93491050848904     0.3941670430502406     25    
55927.66325863696    10.674676294048895    0.38533831502744376    25    
55928.16325863696    10.419667729584113    0.3746073631772257     25    
55928.66325863696    10.172784044560956    0.3714246126321584     25    
55929.16325863696    9.933135531785398     0.3748523238636707     25    
55929.66325863696    9.70427559321906      0.38077144081123593    25    
55930.16325863696    9.487071809792257     0.39067363076554684    25    
55930.66325863696    9.281596340980805     0.3995618928338099     25    
55931.16325863696    9.089724623553037     0.3986998772489057     25    
55931.66325863696    8.911058562217201     0.39017910334154715    25    
55932.16325863696    8.742480693345223     0.3803134636934368     25    
55932.66325863696    8.584393276966177     0.37266373156847293    25    
55933.16325863696    8.434800003847876     0.3599387206543619     25    
55933.66325863696    8.291348661780473     0.32955163959627587    25    
55934.16325863696    8.154660294068492     0.2829203974229875     25    
55934.66325863696    8.02206695693042      0.2512390272208526     25    
55935.16325863696    7.893482064609497     0.2492206565231227     25    
55935.66325863696    7.768934913465407     0.25450727872293577    25    
55936.16325863696    7.648136182299401     0.2516979055109464     25    
55936.66325863696    7.5311835894483545    0.24763955967808565    25    
55937.16325863696    7.4179297648775835    0.2439597051970658     25    
55937.66325863696    7.308411671049791     0.24037614196432522    25    
55938.16325863696    7.202503437190839     0.23785149669275302    25    
55938.66325863696    7.100160186176919     0.23726019538510074    25    
55939.16325863696    7.001361212657891     0.23799674242814992    25    
55939.66325863696    6.905967106069053     0.23832130445183805    25    
55940.16325863696    6.814017466883987     0.23694391284751543    25    
55940.66325863696    6.725370401965492     0.2454365661583377     25    
55941.16325863696    6.640010171108446     0.2725963436206357     25    
55941.66325863696    6.5578866389317       0.3015548343913943     25    
55942.16325863696    6.478877296570584     0.31424306811913294    25    
55942.66325863696    6.403017934038518     0.31584775851040103    25    
55943.16325863696    6.3301568145096905    0.3285965646517821     25    