#Date  :
#Flux  :
#Fluxerr  :
#ZP  :
#end  :
@INSTRUMENT  PS
@BAND  PS_i
@MAGSYS  AB
54873.1477625  0.0  0.8792706701039126  25.0
54878.134107499995  0.0  0.8792706701039126  25.0
54883.12045249999  0.0  0.8792706701039126  25.0
54888.10679749999  0.0  0.8792706701039126  25.0
54893.09314249999  0.0  0.8792706701039126  25.0
54898.079487499985  0.0  0.8792706701039126  25.0
54903.06583249998  0.0  0.8792706701039126  25.0
54908.05217749998  0.0  0.8792706701039126  25.0
54913.03852249998  0.0  0.8792706701039126  25.0
54918.024867499975  0.0  0.8792706701039126  25.0
54923.01121249997  0.0  0.8792706701039126  25.0
54927.99755749997  0.0  0.8792706701039126  25.0
54932.98390249997  0.0  0.8792706701039126  25.0
54937.970247499965  0.0  0.8792706701039126  25.0
54942.95659249996  0.0  0.8792706701039126  25.0
54947.94293749996  0.0  0.8792706701039126  25.0
54952.92928249996  0.0  0.8792706701039126  25.0
54957.915627499955  0.0  0.8792706701039126  25.0
54962.90197249995  0.0  0.8792706701039126  25.0
54967.88831749995  0.0  0.8792706701039126  25.0
54972.87466249995  0.0  0.8792706701039126  25.0
54977.861007499945  0.0  0.8792706701039126  25.0
54982.84735249994  0.0  0.8792706701039126  25.0
54987.83369749994  0.0  0.8792706701039126  25.0
54992.82004249994  0.0  0.8792706701039126  25.0
54997.806387499935  0.0  0.8792706701039126  25.0
55002.79273249993  0.0  0.8792706701039126  25.0
55007.77907749993  0.0  0.8792706701039126  25.0
55012.76542249993  0.0  0.8792706701039126  25.0
55017.751767499925  0.0  0.8792706701039126  25.0
55022.73811249992  0.0  0.8792706701039126  25.0
55027.72445749992  0.0  0.8792706701039126  25.0
55032.71080249992  0.0  0.8792706701039126  25.0
55037.697147499915  0.0  0.8792706701039126  25.0
55042.68349249991  0.0  0.8792706701039126  25.0
55047.66983749991  0.0  0.8792706701039126  25.0
55052.65618249991  0.0  0.8792706701039126  25.0
55057.642527499906  0.0  0.8792706701039126  25.0
55062.6288724999  0.0  0.8792706701039126  25.0
55067.6152174999  0.0  0.8792706701039126  25.0
55072.6015624999  0.0  0.8792706701039126  25.0
55077.587907499896  0.0  0.8792706701039126  25.0
55082.57425249989  0.0  0.8792706701039126  25.0
55087.56059749989  0.0  0.8792706701039126  25.0
55092.54694249989  0.0  0.8792706701039126  25.0
55097.533287499886  0.0  0.8792706701039126  25.0
55102.51963249988  0.0  0.8792706701039126  25.0
55107.50597749988  0.0  0.8792706701039126  25.0
55112.49232249988  0.0  0.8792706701039126  25.0
55117.478667499876  0.0  0.8792706701039126  25.0
55122.46501249987  0.0  0.8792706701039126  25.0
55127.45135749987  0.0  0.8792706701039126  25.0
55132.43770249987  0.0  0.8792706701039126  25.0
55137.424047499866  0.0  0.8792706701039126  25.0
55142.41039249986  0.0  0.8792706701039126  25.0
55147.39673749986  0.0  0.8792706701039126  25.0
55152.38308249986  0.0  0.8792706701039126  25.0
55157.369427499856  0.0  0.8792706701039126  25.0
55162.35577249985  0.0  0.8792706701039126  25.0
55167.34211749985  0.0  0.8792706701039126  25.0
55172.32846249985  0.0  0.8792706701039126  25.0
55177.314807499846  0.0  0.8792706701039126  25.0
55182.301152499844  0.0  0.8792706701039126  25.0
55187.28749749984  0.0  0.8792706701039126  25.0
55192.27384249984  0.0  0.8792706701039126  25.0
55197.260187499836  0.0  0.8792706701039126  25.0
55202.246532499834  0.0  0.8792706701039126  25.0
55207.23287749983  0.0  0.8792706701039126  25.0
55212.21922249983  0.0  0.8792706701039126  25.0
55217.20556749983  0.0  0.8792706701039126  25.0
55222.191912499824  0.0  0.8792706701039126  25.0
55227.17825749982  0.0  0.8792706701039126  25.0
55232.16460249982  0.0  0.8792706701039126  25.0
55237.15094749982  0.0  0.8792706701039126  25.0
55242.137292499814  0.0  0.8792706701039126  25.0
55247.12363749981  0.0  0.8792706701039126  25.0
55252.10998249981  0.0  0.8792706701039126  25.0
55257.09632749981  0.0  0.8792706701039126  25.0
55262.082672499804  0.0  0.8792706701039126  25.0
55267.0690174998  0.0  0.8792706701039126  25.0
55272.0553624998  0.0  0.8792706701039126  25.0
55277.0417074998  0.0  0.8792706701039126  25.0
55282.028052499794  0.0  0.8792706701039126  25.0
55287.01439749979  0.0  0.8792706701039126  25.0
55292.00074249979  0.0  0.8792706701039126  25.0
55296.98708749979  0.0  0.8792706701039126  25.0
55301.973432499784  0.0  0.8792706701039126  25.0
55306.95977749978  0.0  0.8792706701039126  25.0
55311.94612249978  0.0  0.8792706701039126  25.0
55316.93246749978  0.0  0.8792706701039126  25.0
55321.918812499775  0.0  0.8792706701039126  25.0
55326.90515749977  0.0  0.8792706701039126  25.0
55331.89150249977  0.0  0.8792706701039126  25.0
55336.87784749977  0.0  0.8792706701039126  25.0
55341.864192499765  0.0  0.8792706701039126  25.0
55346.85053749976  0.0  0.8792706701039126  25.0
55351.83688249976  0.0  0.8792706701039126  25.0
55356.82322749976  0.0  0.8792706701039126  25.0
55361.809572499755  0.0  0.8792706701039126  25.0
55366.79591749975  0.0  0.8792706701039126  25.0
55371.78226249975  0.0  0.8792706701039126  25.0
55376.76860749975  0.0  0.8792706701039126  25.0
55381.754952499745  0.0  0.8792706701039126  25.0
55386.74129749974  0.0  0.8792706701039126  25.0
55391.72764249974  0.0  0.8792706701039126  25.0
55396.71398749974  0.0  0.8792706701039126  25.0
55401.700332499735  0.0  0.8792706701039126  25.0
55406.68667749973  0.0  0.8792706701039126  25.0
55411.67302249973  0.0  0.8792706701039126  25.0
55416.65936749973  0.0  0.8792706701039126  25.0
55421.645712499725  0.0  0.8792706701039126  25.0
55426.63205749972  0.0  0.8792706701039126  25.0
55431.61840249972  0.0  0.8792706701039126  25.0
55436.60474749972  0.0  0.8792706701039126  25.0
55441.591092499715  0.0  0.8792706701039126  25.0
55446.57743749971  0.0  0.8792706701039126  25.0
55451.56378249971  0.0  0.8792706701039126  25.0
55456.55012749971  0.0  0.8792706701039126  25.0
55461.536472499705  0.0  0.8792706701039126  25.0
55466.5228174997  0.0  0.8792706701039126  25.0
55471.5091624997  0.0  0.8792706701039126  25.0
55476.4955074997  0.0  0.8792706701039126  25.0
55481.481852499695  0.0  0.8792706701039126  25.0
55486.46819749969  0.0  0.8792706701039126  25.0
55491.45454249969  0.0  0.8792706701039126  25.0
55496.44088749969  0.0  0.8792706701039126  25.0
55501.427232499685  0.0  0.8792706701039126  25.0
55506.41357749968  0.0  0.8792706701039126  25.0
55511.39992249968  0.0  0.8792706701039126  25.0
55516.38626749968  0.0  0.8792706701039126  25.0
55521.372612499676  0.0  0.8792706701039126  25.0
55526.35895749967  0.0  0.8792706701039126  25.0
55531.34530249967  0.0  0.8792706701039126  25.0
55536.33164749967  0.0  0.8792706701039126  25.0
55541.317992499666  0.0  0.8792706701039126  25.0
55546.30433749966  0.0  0.8792706701039126  25.0
55551.29068249966  0.0  0.8792706701039126  25.0
55556.27702749966  0.0  0.8792706701039126  25.0
55561.263372499656  0.0  0.8792706701039126  25.0
55566.24971749965  0.0  0.8792706701039126  25.0
55571.23606249965  0.0  0.8792706701039126  25.0
55576.22240749965  0.0  0.8792706701039126  25.0
55581.208752499646  0.0  0.8792706701039126  25.0
55586.19509749964  0.0  0.8792706701039126  25.0
55591.18144249964  0.0  0.8792706701039126  25.0
55596.16778749964  0.0  0.8792706701039126  25.0
55601.154132499636  0.0  0.8792706701039126  25.0
55606.14047749963  0.0  0.8792706701039126  25.0
55611.12682249963  0.0  0.8792706701039126  25.0
55616.11316749963  0.0  0.8792706701039126  25.0
55621.099512499626  0.0  0.8792706701039126  25.0
55626.085857499624  0.0  0.8792706701039126  25.0
55631.07220249962  0.0  0.8792706701039126  25.0
55636.05854749962  0.0  0.8792706701039126  25.0
55641.044892499616  0.0  0.8792706701039126  25.0
55646.031237499614  0.0  0.8792706701039126  25.0
55651.01758249961  0.0  0.8792706701039126  25.0
55656.00392749961  0.0  0.8792706701039126  25.0
55660.99027249961  0.0  0.8792706701039126  25.0
55665.976617499604  0.0  0.8792706701039126  25.0
55670.9629624996  0.0  0.8792706701039126  25.0
55675.9493074996  0.0  0.8792706701039126  25.0
55680.9356524996  0.0  0.8792706701039126  25.0
55685.921997499594  0.0  0.8792706701039126  25.0
55690.90834249959  0.0  0.8792706701039126  25.0
55695.89468749959  0.0  0.8792706701039126  25.0
55700.88103249959  0.0  0.8792706701039126  25.0
55705.867377499584  0.0  0.8792706701039126  25.0
55710.85372249958  0.0  0.8792706701039126  25.0
55715.84006749958  0.0  0.8792706701039126  25.0
55720.82641249958  0.0  0.8792706701039126  25.0
55725.812757499574  0.0  0.8792706701039126  25.0
55730.79910249957  0.0  0.8792706701039126  25.0
55735.78544749957  0.0  0.8792706701039126  25.0
55740.77179249957  0.0  0.8792706701039126  25.0
55745.758137499564  0.0  0.8792706701039126  25.0
55750.74448249956  0.0  0.8792706701039126  25.0
55755.73082749956  0.0  0.8792706701039126  25.0
55760.71717249956  0.0  0.8792706701039126  25.0
55765.703517499554  0.0  0.8792706701039126  25.0
55770.68986249955  0.0  0.8792706701039126  25.0
55775.67620749955  0.0  0.8792706701039126  25.0
55780.66255249955  0.0  0.8792706701039126  25.0
55785.648897499545  0.0  0.8792706701039126  25.0
55790.63524249954  0.0  0.8792706701039126  25.0
55072.6015625  0.30343034879716574  0.742918399083785  25.0
55075.6015625  -0.050064532831515844  1.4432328600908937  25.0
55087.5  4.321060245699547  2.3333999815213575  25.0
55090.6015625  0.8323474243134339  0.8128124043683564  25.0
55093.5  -0.023265283678472262  1.2617243859917049  25.0
55096.5  -1.0933701054998566  0.6068606975943315  25.0
55102.5  0.12781181423002846  0.9695831230711134  25.0
55180.30078125  0.5271500796139292  0.6213892057449094  25.0
55183.30078125  0.5433474250293403  0.8021123171258953  25.0
55186.3984375  1.6222871342070464  1.7803340556246134  25.0
55189.30078125  0.42201454896547635  0.6699812419911428  25.0
55204.30078125  -0.24276391076523376  0.6317947702657749  25.0
55213.19921875  -1.502819506301184  0.6796014906028837  25.0
55222.19921875  -0.184747943182271  0.8361758452215508  25.0
55414.6015625  1.4824010118094761  0.799658210761016  25.0
55417.6015625  -0.32659744897080933  0.786700334428687  25.0
55423.6015625  0.13968986363390673  0.8904615505339025  25.0
55426.6015625  0.41985491851311435  0.6435746961389562  25.0
55435.5  -0.9206965641032843  1.3458524703234156  25.0
55441.6015625  -0.18739842533350984  0.7007071423662102  25.0
55444.6015625  -0.2059517535831033  0.818996913431082  25.0
55447.6015625  0.1969205036054754  0.7142540173326521  25.0
55453.6015625  0.6787180160562535  0.7841480226172236  25.0
55456.6015625  -0.13507608000758703  0.7062044005391602  25.0
55468.6015625  1.9349451906840869  1.0987692518443792  25.0
55477.5  0.1315421116074483  0.6329727675340009  25.0
55480.6015625  -1.7714010110935698  1.3556690830192464  25.0
55483.6015625  0.7654965240278547  1.0329981901895204  25.0
55498.5  0.2839935108941332  0.7405624513564114  25.0
55501.3984375  -1.3489937339599136  2.7892816476893207  25.0
55507.3984375  0.6079404894159733  0.7111127068870757  25.0
55510.3984375  -0.2920431042830859  0.4879819747044252  25.0
55516.3984375  -0.9074442586675165  0.6529004220291014  25.0
55534.3984375  -1.2670253268896434  1.2426802996613915  25.0
55555.3984375  1.6872729267618594  1.7587376574828366  25.0
55561.30078125  -0.9412132640415762  0.7225981100386614  25.0
55570.30078125  -1.6889417640266924  2.0687450094655158  25.0
55588.30078125  -0.36821973045881023  0.8208620679709268  25.0
55597.30078125  1.2327654815189766  1.0152302129558601  25.0
55777.6015625  0.12417967549011437  0.880055986013037  25.0
55810.6015625  6.728967548041011  0.6719445551684933  25.0
55813.5  9.400156444076648  0.9795960530419557  25.0
55822.6015625  18.923902336270988  0.9002780696115764  25.0
55825.6015625  17.614960228576287  0.976552901233885  25.0
55829.6015625  18.110403991667052  0.9233470813613319  25.0
55831.6015625  17.71823079192121  0.7422312418121662  25.0
55834.5  16.482520551277062  1.039575333802269  25.0
55837.6015625  14.202227903327202  0.6241378348313844  25.0
55850.6015625  10.498042034138084  1.4855423690641312  25.0
55853.5  9.185761877441088  0.7533239636046504  25.0
55859.5  7.400225460837748  0.5861477271901064  25.0
55871.5  2.1731934764605065  1.706906152153521  25.0
55879.3984375  4.282480952187842  0.9294333849774734  25.0
55885.30078125  2.224534048175058  1.4100529001600255  25.0
55888.5  3.777418110712297  1.5195076917132024  25.0
55890.3984375  3.209333023904682  0.7471395481600817  25.0
55893.30078125  2.8968713783208098  1.2093039288373548  25.0
55896.30078125  4.387812987347621  0.6911850523919751  25.0
55912.30078125  1.8833099090116259  0.7433110804428864  25.0
55915.30078125  4.677990703045469  1.68481882039698  25.0
55918.19921875  0.8868294469007972  0.878485354194788  25.0
56156.6015625  -0.2501263468825677  0.78748569714689  25.0
56166.6015625  1.0842407436938013  0.8650366378658519  25.0
56207.6015625  0.6919703683010996  0.9018487950479823  25.0
56213.3984375  -0.03573233317924724  1.091603156406596  25.0
56215.5  -0.4300641657589682  0.7319238359288065  25.0
56218.5  0.615499266212858  0.8281262752371372  25.0
56221.5  0.24060425690833254  0.9081314159391353  25.0
56225.5  3.9268263230841027  2.439320874888013  25.0
56233.5  0.6856877942190251  0.9098001595858116  25.0
56236.3984375  -0.1742442083216302  0.43163479757721723  25.0
56239.5  1.1634605216775964  1.2173534988217682  25.0
56242.3984375  0.7400716113598043  1.266829009614632  25.0
56272.3984375  -4.739933343792211  3.3789635071113406  25.0
56293.30078125  -0.369594068406587  2.339780620622781  25.0
56299.30078125  2.895398951949145  1.728993483910062  25.0
56302.30078125  -0.8505080360971171  0.8154629216264041  25.0
56499.6015625  -0.9488701994759667  1.8891016899061717  25.0
56513.6015625  -0.3519242264058934  0.6159901062094653  25.0
56516.6015625  -0.22371975422130266  0.8255739634256738  25.0
56520.6015625  0.005399116357456792  0.8766201996549433  25.0
56532.6015625  1.2875420268279354  0.7318256772913008  25.0
56538.6015625  -0.434088950751175  0.6325800861748994  25.0
56543.6015625  1.4883891099790334  0.8312676324917921  25.0
56550.6015625  -1.7323309712034147  0.9635950249015561  25.0
56564.6015625  -1.7495100902301972  1.128218996313715  25.0
56567.5  -0.309418446966723  1.8828191626331756  25.0
56569.6015625  -1.28940718136778  0.7417404486246374  25.0
56588.5  -1.7450926238788889  0.9535820949307138  25.0
56594.5  -1.167583465307309  1.668228746813389  25.0
56597.5  0.7465505495259687  0.913923196833681  25.0
56599.5  0.5011361683117657  0.9932410866459034  25.0
56620.3984375  -0.5918413026380679  1.1071133445503885  25.0
56623.30078125  -0.25159882006331097  0.7864058117070913  25.0
56626.30078125  -0.22313075558718967  1.247883035112746  25.0
56631.30078125  1.4391099164611814  0.8395135197512171  25.0
56656.30078125  0.8682761069489341  0.6544710538473504  25.0
56661.30078125  0.02856623481589664  0.8803505087346327  25.0
