55805.33368705498    2.0055011276428765    0.43696516239934047    25    
55805.83368705498    2.31725816555705      0.43251114266396284    25    
55806.33368705498    2.64978305002909      0.4315743875840195     25    
55806.83368705498    3.0020229038553556    0.4610309846567375     25    
55807.33368705498    3.374317838081569     0.5258065289153915     25    
55807.83368705498    3.765900569554955     0.5816352561891163     25    
55808.33368705498    4.176133436798439     0.600910738787107      25    
55808.83368705498    4.605287424367153     0.5993791654969541     25    
55809.33368705498    5.05225779117783      0.5969874870559301     25    
55809.83368705498    5.517073008047897     0.5990524140866879     25    
55810.33368705498    5.9994072059895815    0.600912829527153      25    
55810.83368705498    6.4982852655953085    0.6024677714541692     25    
55811.33368705498    7.014081899179494     0.6037367914219286     25    
55811.83368705498    7.5459174645246065    0.6047895372010715     25    
55812.33368705498    8.093301184440234     0.6055985653196491     25    
55812.83368705498    8.656400391769        0.6062174012097691     25    
55813.33368705498    9.234139989262289     0.6070713545542974     25    
55813.83368705498    9.827724608602571     0.6098272443179499     25    
55814.33368705498    10.43452496787194     0.6111223779910268     25    
55814.83368705498    11.053542069592597    0.6051633486853975     25    
55815.33368705498    11.689169600306549    0.5912323004248297     25    
55815.83368705498    12.316423881607983    0.5808551763086649     25    
55816.33368705498    12.929875253725099    0.5828003320502737     25    
55816.83368705498    13.527539194628456    0.5910326762392071     25    
55817.33368705498    14.07374459124467     0.5976924661461402     25    
55817.83368705498    14.575366187310397    0.6026257815347046     25    
55818.33368705498    15.016497928505455    0.6065284206460715     25    
55818.83368705498    15.36983093874705     0.6083014496113172     25    
55819.33368705498    15.642331837863022    0.6080255112005967     25    
55819.83368705498    15.853212887875758    0.60832691999463       25    
55820.33368705498    15.998279164918841    0.6103764913299421     25    
55820.83368705498    16.089177566350955    0.6132593556911669     25    
55821.33368705498    16.163870306533795    0.6168203131716282     25    
55821.83368705498    16.211233109898224    0.6218574046575179     25    
55822.33368705498    16.255377845453012    0.6258557816135647     25    
55822.83368705498    16.32363736940471     0.6269978174841918     25    
55823.33368705498    16.405163117138443    0.6260724460041206     25    
55823.83368705498    16.497058546768795    0.6206015224050506     25    
55824.33368705498    16.60569487434518     0.6058336829319938     25    
55824.83368705498    16.719622882328547    0.5887260317275641     25    
55825.33368705498    16.819658173046587    0.5822935089728692     25    
55825.83368705498    16.912865021480528    0.5871909750451599     25    
55826.33368705498    16.98320451198047     0.5932152267787073     25    
55826.83368705498    17.018291610392215    0.593784250436626      25    
55827.33368705498    17.023804400960454    0.592204716507852      25    
55827.83368705498    16.994705240197238    0.5900010385548492     25    
55828.33368705498    16.92882199061852     0.5866332673540859     25    
55828.83368705498    16.829956375136184    0.5833779916825491     25    
55829.33368705498    16.701329935768513    0.5828266431721871     25    
55829.83368705498    16.54153223772283     0.5849584184060687     25    
55830.33368705498    16.354362095344214    0.5862477540384384     25    
55830.83368705498    16.14079685553391     0.5885513614819531     25    
55831.33368705498    15.901055141002674    0.5887075698062206     25    
55831.83368705498    15.640550135102508    0.5703073062596886     25    
55832.33368705498    15.357721268429312    0.5192000272909123     25    
55832.83368705498    15.05627903951012     0.46085348366038686    25    
55833.33368705498    14.740496418970325    0.43560596268152274    25    
55833.83368705498    14.408450584927076    0.43854814699040556    25    
55834.33368705498    14.066310348779005    0.4435354169518004     25    
55834.83368705498    13.713873633065617    0.44030132228276414    25    
55835.33368705498    13.35349832678601     0.4360141677209887     25    
55835.83368705498    12.994629588023509    0.43085375441750934    25    
55836.33368705498    12.633461731954156    0.4239647947435037     25    
55836.83368705498    12.279241270806262    0.4178202783608245     25    
55837.33368705498    11.93944139077265     0.4153692755428208     25    
55837.83368705498    11.610894174197709    0.4155608030246741     25    
55838.33368705498    11.305869173333118    0.41520097077951423    25    
55838.83368705498    11.02723598656114     0.41481039087537447    25    
55839.33368705498    10.773122155569597    0.4126864048616788     25    
55839.83368705498    10.546250826470416    0.4033870273895147     25    
55840.33368705498    10.347571001433792    0.384292673564061      25    
55840.83368705498    10.17132114123834     0.36714187322890945    25    
55841.33368705498    10.014838807329806    0.3636330774597281     25    
55841.83368705498    9.879018557813245     0.36824738069198476    25    
55842.33368705498    9.757496857627732     0.37126244611942927    25    
55842.83368705498    9.650622599462757     0.371166728830188      25    
55843.33368705498    9.556844181416107     0.3699601464947176     25    
55843.83368705498    9.472451265419965     0.3672927206848942     25    
55844.33368705498    9.398710335670154     0.3626511990039691     25    
55844.83368705498    9.333392665679645     0.3593696992876592     25    
55845.33368705498    9.27567868973966      0.3602408413319192     25    
55845.83368705498    9.225667023506045     0.3632227878479889     25    
55846.33368705498    9.180740572731498     0.3650931608075594     25    
55846.83368705498    9.141411780732806     0.3657765003973345     25    
55847.33368705498    9.106491339986414     0.3656200364249857     25    
55847.83368705498    9.074388601213721     0.36506927352187835    25    
55848.33368705498    9.04576103109676      0.3644151437073425     25    
55848.83368705498    9.018952904136457     0.3588523120175762     25    
55849.33368705498    8.993725836906355     0.34208401710551567    25    
55849.83368705498    8.969858986598597     0.3200919614203048     25    
55850.33368705498    8.945695716514171     0.30773796298516326    25    
55850.83368705498    8.92183665182353      0.30812424533501226    25    
55851.33368705498    8.896868813438688     0.31109497673391584    25    
55851.83368705498    8.869692303419024     0.3084941382566948     25    
55852.33368705498    8.840781251882019     0.3034293090961312     25    
55852.83368705498    8.807856515839974     0.30075370586480055    25    
55853.33368705498    8.770967381123839     0.30304614143495295    25    
55853.83368705498    8.7294572905867       0.3070483269050084     25    
55854.33368705498    8.68122730328648      0.3092300563106745     25    
55854.83368705498    8.626769483733481     0.3103042164811747     25    
55855.33368705498    8.565483206930221     0.3098707553022329     25    
55855.83368705498    8.496567534286298     0.3042216012502118     25    
55856.33368705498    8.420460400101783     0.29584337535856564    25    
55856.83368705498    8.338004216846484     0.30033708858851305    25    
55857.33368705498    8.249040540622623     0.32628362071838796    25    
55857.83368705498    8.154003352555927     0.35410278430003367    25    
55858.33368705498    8.05364588838082      0.36622842610164696    25    
55858.83368705498    7.947674097997142     0.3672765087194487     25    
55859.33368705498    7.8367619971933       0.36456163859264973    25    
55859.83368705498    7.7211968205033115    0.3600967018810194     25    
55860.33368705498    7.600893412310749     0.35326307073167657    25    
55860.83368705498    7.476412870227752     0.3489132464809889     25    
55861.33368705498    7.347621432200437     0.3478692604490954     25    
55861.83368705498    7.214833978753727     0.34818381231509465    25    
55862.33368705498    7.078355136277421     0.34907897792839465    25    
55862.83368705498    6.937989643587788     0.35108055923378056    25    
55863.33368705498    6.794810850386448     0.3510960254103259     25    
55863.83368705498    6.648697226940871     0.3520238342501216     25    
55864.33368705498    6.500174723302234     0.34868835102855766    25    
55864.83368705498    6.3511568209708456    0.32356955906085566    25    
55865.33368705498    6.201004393641739     0.2589997393593037     25    
55865.83368705498    6.051179371057396     0.17669529245190962    25    
55866.33368705498    5.90297416848936      0.13623836565254907    25    
55866.83368705498    5.755848252594813     0.1442713813830521     25    
55867.33368705498    5.6114427090762655    0.1529917949753796     25    
55867.83368705498    5.469983715059835     0.14921812576235874    25    
55868.33368705498    5.331498360707062     0.1450883147589274     25    
55868.83368705498    5.196722015433046     0.14202416187278785    25    
55869.33368705498    5.065395192885731     0.13988219704248217    25    
55869.83368705498    4.938086751187939     0.13857242143418455    25    
55870.33368705498    4.8152016083026625    0.13859152572146163    25    
55870.83368705498    4.696566979551244     0.13958193719254014    25    
55871.33368705498    4.582560395639198     0.1394031086272622     25    
55871.83368705498    4.473375411926919     0.13727446497284376    25    
55872.33368705498    4.368663748032863     0.1344483616115518     25    
55872.83368705498    4.268112625565298     0.13164978678898456    25    
55873.33368705498    4.171872994000814     0.1280091971592541     25    
55873.83368705498    4.079492710503828     0.12759402251847204    25    
55874.33368705498    3.9908120386093815    0.1347925410022098     25    
55874.83368705498    3.9058560975831473    0.14520061830258818    25    
55875.33368705498    3.824154234225996     0.15101017321360177    25    
55875.83368705498    3.7457939343818945    0.15151151513519093    25    
55876.33368705498    3.6705725730736383    0.15015940254955287    25    
55876.83368705498    3.5982231477629574    0.14917871316580864    25    
55877.33368705498    3.5288625735455184    0.1478216855035529     25    
55877.83368705498    3.462141717549703     0.1464233746509195     25    
55878.33368705498    3.398011144677478     0.14509434995570605    25    
55878.83368705498    3.3364242024665365    0.1438340916074083     25    
55879.33368705498    3.2770300458439627    0.14300402115676691    25    
55879.83368705498    3.2199414626652434    0.14261944856552064    25    
55880.33368705498    3.164904030296166     0.14255674050057945    25    
55880.83368705498    3.1117045572118225    0.14282122679008247    25    
55881.33368705498    3.0604338429553803    0.14341520758791865    25    
55881.83368705498    3.0107245451722915    0.14391734522431096    25    
55882.33368705498    2.962584994275828     0.14386827555216025    25    
55882.83368705498    2.9159080267770316    0.1439595004050715     25    
55883.33368705498    2.870368543323521     0.14498974955926278    25    
55883.83368705498    2.8260910982651195    0.14621843801552364    25    
55884.33368705498    2.782783755359336     0.15002794476734582    25    
55884.83368705498    2.7402820717938057    0.15644182910319498    25    