#Date  :
#Flux  :
#Fluxerr  :
#ZP  :
#end  :
@INSTRUMENT  PS
@BAND  PS_z
@MAGSYS  AB
54757.0462  0.0  1.9189834840308735  25.0
54762.032544999995  0.0  1.9189834840308735  25.0
54767.01888999999  0.0  1.9189834840308735  25.0
54772.00523499999  0.0  1.9189834840308735  25.0
54776.99157999999  0.0  1.9189834840308735  25.0
54781.977924999985  0.0  1.9189834840308735  25.0
54786.96426999998  0.0  1.9189834840308735  25.0
54791.95061499998  0.0  1.9189834840308735  25.0
54796.93695999998  0.0  1.9189834840308735  25.0
54801.923304999975  0.0  1.9189834840308735  25.0
54806.90964999997  0.0  1.9189834840308735  25.0
54811.89599499997  0.0  1.9189834840308735  25.0
54816.88233999997  0.0  1.9189834840308735  25.0
54821.868684999965  0.0  1.9189834840308735  25.0
54826.85502999996  0.0  1.9189834840308735  25.0
54831.84137499996  0.0  1.9189834840308735  25.0
54836.82771999996  0.0  1.9189834840308735  25.0
54841.814064999955  0.0  1.9189834840308735  25.0
54846.80040999995  0.0  1.9189834840308735  25.0
54851.78675499995  0.0  1.9189834840308735  25.0
54856.77309999995  0.0  1.9189834840308735  25.0
54861.759444999945  0.0  1.9189834840308735  25.0
54866.74578999994  0.0  1.9189834840308735  25.0
54871.73213499994  0.0  1.9189834840308735  25.0
54876.71847999994  0.0  1.9189834840308735  25.0
54881.704824999935  0.0  1.9189834840308735  25.0
54886.69116999993  0.0  1.9189834840308735  25.0
54891.67751499993  0.0  1.9189834840308735  25.0
54896.66385999993  0.0  1.9189834840308735  25.0
54901.650204999925  0.0  1.9189834840308735  25.0
54906.63654999992  0.0  1.9189834840308735  25.0
54911.62289499992  0.0  1.9189834840308735  25.0
54916.60923999992  0.0  1.9189834840308735  25.0
54921.595584999915  0.0  1.9189834840308735  25.0
54926.58192999991  0.0  1.9189834840308735  25.0
54931.56827499991  0.0  1.9189834840308735  25.0
54936.55461999991  0.0  1.9189834840308735  25.0
54941.540964999906  0.0  1.9189834840308735  25.0
54946.5273099999  0.0  1.9189834840308735  25.0
54951.5136549999  0.0  1.9189834840308735  25.0
54956.4999999999  0.0  1.9189834840308735  25.0
54961.486344999896  0.0  1.9189834840308735  25.0
54966.47268999989  0.0  1.9189834840308735  25.0
54971.45903499989  0.0  1.9189834840308735  25.0
54976.44537999989  0.0  1.9189834840308735  25.0
54981.431724999886  0.0  1.9189834840308735  25.0
54986.41806999988  0.0  1.9189834840308735  25.0
54991.40441499988  0.0  1.9189834840308735  25.0
54996.39075999988  0.0  1.9189834840308735  25.0
55001.377104999876  0.0  1.9189834840308735  25.0
55006.36344999987  0.0  1.9189834840308735  25.0
55011.34979499987  0.0  1.9189834840308735  25.0
55016.33613999987  0.0  1.9189834840308735  25.0
55021.322484999866  0.0  1.9189834840308735  25.0
55026.30882999986  0.0  1.9189834840308735  25.0
55031.29517499986  0.0  1.9189834840308735  25.0
55036.28151999986  0.0  1.9189834840308735  25.0
55041.267864999856  0.0  1.9189834840308735  25.0
55046.25420999985  0.0  1.9189834840308735  25.0
55051.24055499985  0.0  1.9189834840308735  25.0
55056.22689999985  0.0  1.9189834840308735  25.0
55061.213244999846  0.0  1.9189834840308735  25.0
55066.199589999844  0.0  1.9189834840308735  25.0
55071.18593499984  0.0  1.9189834840308735  25.0
55076.17227999984  0.0  1.9189834840308735  25.0
55081.158624999836  0.0  1.9189834840308735  25.0
55086.144969999834  0.0  1.9189834840308735  25.0
55091.13131499983  0.0  1.9189834840308735  25.0
55096.11765999983  0.0  1.9189834840308735  25.0
55101.10400499983  0.0  1.9189834840308735  25.0
55106.090349999824  0.0  1.9189834840308735  25.0
55111.07669499982  0.0  1.9189834840308735  25.0
55116.06303999982  0.0  1.9189834840308735  25.0
55121.04938499982  0.0  1.9189834840308735  25.0
55126.035729999814  0.0  1.9189834840308735  25.0
55131.02207499981  0.0  1.9189834840308735  25.0
55136.00841999981  0.0  1.9189834840308735  25.0
55140.99476499981  0.0  1.9189834840308735  25.0
55145.981109999804  0.0  1.9189834840308735  25.0
55150.9674549998  0.0  1.9189834840308735  25.0
55155.9537999998  0.0  1.9189834840308735  25.0
55160.9401449998  0.0  1.9189834840308735  25.0
55165.926489999794  0.0  1.9189834840308735  25.0
55170.91283499979  0.0  1.9189834840308735  25.0
55175.89917999979  0.0  1.9189834840308735  25.0
55180.88552499979  0.0  1.9189834840308735  25.0
55185.871869999784  0.0  1.9189834840308735  25.0
55190.85821499978  0.0  1.9189834840308735  25.0
55195.84455999978  0.0  1.9189834840308735  25.0
55200.83090499978  0.0  1.9189834840308735  25.0
55205.817249999775  0.0  1.9189834840308735  25.0
55210.80359499977  0.0  1.9189834840308735  25.0
55215.78993999977  0.0  1.9189834840308735  25.0
55220.77628499977  0.0  1.9189834840308735  25.0
55225.762629999765  0.0  1.9189834840308735  25.0
55230.74897499976  0.0  1.9189834840308735  25.0
55235.73531999976  0.0  1.9189834840308735  25.0
55240.72166499976  0.0  1.9189834840308735  25.0
55245.708009999755  0.0  1.9189834840308735  25.0
55250.69435499975  0.0  1.9189834840308735  25.0
55255.68069999975  0.0  1.9189834840308735  25.0
55260.66704499975  0.0  1.9189834840308735  25.0
55265.653389999745  0.0  1.9189834840308735  25.0
55270.63973499974  0.0  1.9189834840308735  25.0
55275.62607999974  0.0  1.9189834840308735  25.0
55280.61242499974  0.0  1.9189834840308735  25.0
55285.598769999735  0.0  1.9189834840308735  25.0
55290.58511499973  0.0  1.9189834840308735  25.0
55295.57145999973  0.0  1.9189834840308735  25.0
55300.55780499973  0.0  1.9189834840308735  25.0
55305.544149999725  0.0  1.9189834840308735  25.0
55310.53049499972  0.0  1.9189834840308735  25.0
55315.51683999972  0.0  1.9189834840308735  25.0
55320.50318499972  0.0  1.9189834840308735  25.0
55325.489529999715  0.0  1.9189834840308735  25.0
55330.47587499971  0.0  1.9189834840308735  25.0
55335.46221999971  0.0  1.9189834840308735  25.0
55340.44856499971  0.0  1.9189834840308735  25.0
55345.434909999705  0.0  1.9189834840308735  25.0
55350.4212549997  0.0  1.9189834840308735  25.0
55355.4075999997  0.0  1.9189834840308735  25.0
55360.3939449997  0.0  1.9189834840308735  25.0
55365.380289999695  0.0  1.9189834840308735  25.0
55370.36663499969  0.0  1.9189834840308735  25.0
55375.35297999969  0.0  1.9189834840308735  25.0
55380.33932499969  0.0  1.9189834840308735  25.0
55385.325669999685  0.0  1.9189834840308735  25.0
55390.31201499968  0.0  1.9189834840308735  25.0
55395.29835999968  0.0  1.9189834840308735  25.0
55400.28470499968  0.0  1.9189834840308735  25.0
55405.271049999676  0.0  1.9189834840308735  25.0
55410.25739499967  0.0  1.9189834840308735  25.0
55415.24373999967  0.0  1.9189834840308735  25.0
55420.23008499967  0.0  1.9189834840308735  25.0
55425.216429999666  0.0  1.9189834840308735  25.0
55430.20277499966  0.0  1.9189834840308735  25.0
55435.18911999966  0.0  1.9189834840308735  25.0
55440.17546499966  0.0  1.9189834840308735  25.0
55445.161809999656  0.0  1.9189834840308735  25.0
55450.14815499965  0.0  1.9189834840308735  25.0
55455.13449999965  0.0  1.9189834840308735  25.0
55460.12084499965  0.0  1.9189834840308735  25.0
55465.107189999646  0.0  1.9189834840308735  25.0
55470.09353499964  0.0  1.9189834840308735  25.0
55475.07987999964  0.0  1.9189834840308735  25.0
55480.06622499964  0.0  1.9189834840308735  25.0
55485.052569999636  0.0  1.9189834840308735  25.0
55490.03891499963  0.0  1.9189834840308735  25.0
55495.02525999963  0.0  1.9189834840308735  25.0
55500.01160499963  0.0  1.9189834840308735  25.0
55504.997949999626  0.0  1.9189834840308735  25.0
55509.984294999624  0.0  1.9189834840308735  25.0
55514.97063999962  0.0  1.9189834840308735  25.0
55519.95698499962  0.0  1.9189834840308735  25.0
55524.943329999616  0.0  1.9189834840308735  25.0
55529.929674999614  0.0  1.9189834840308735  25.0
55534.91601999961  0.0  1.9189834840308735  25.0
55539.90236499961  0.0  1.9189834840308735  25.0
55544.88870999961  0.0  1.9189834840308735  25.0
55549.875054999604  0.0  1.9189834840308735  25.0
55554.8613999996  0.0  1.9189834840308735  25.0
55559.8477449996  0.0  1.9189834840308735  25.0
55564.8340899996  0.0  1.9189834840308735  25.0
55569.820434999594  0.0  1.9189834840308735  25.0
55574.80677999959  0.0  1.9189834840308735  25.0
55579.79312499959  0.0  1.9189834840308735  25.0
55584.77946999959  0.0  1.9189834840308735  25.0
55589.765814999584  0.0  1.9189834840308735  25.0
55594.75215999958  0.0  1.9189834840308735  25.0
55599.73850499958  0.0  1.9189834840308735  25.0
55604.72484999958  0.0  1.9189834840308735  25.0
55609.711194999574  0.0  1.9189834840308735  25.0
55614.69753999957  0.0  1.9189834840308735  25.0
55619.68388499957  0.0  1.9189834840308735  25.0
55624.67022999957  0.0  1.9189834840308735  25.0
55629.656574999564  0.0  1.9189834840308735  25.0
55634.64291999956  0.0  1.9189834840308735  25.0
55639.62926499956  0.0  1.9189834840308735  25.0
55644.61560999956  0.0  1.9189834840308735  25.0
55649.601954999554  0.0  1.9189834840308735  25.0
55654.58829999955  0.0  1.9189834840308735  25.0
55659.57464499955  0.0  1.9189834840308735  25.0
55664.56098999955  0.0  1.9189834840308735  25.0
55669.547334999545  0.0  1.9189834840308735  25.0
55674.53367999954  0.0  1.9189834840308735  25.0
55679.52002499954  0.0  1.9189834840308735  25.0
55684.50636999954  0.0  1.9189834840308735  25.0
55689.492714999535  0.0  1.9189834840308735  25.0
55694.47905999953  0.0  1.9189834840308735  25.0
55699.46540499953  0.0  1.9189834840308735  25.0
55704.45174999953  0.0  1.9189834840308735  25.0
55709.438094999525  0.0  1.9189834840308735  25.0
55714.42443999952  0.0  1.9189834840308735  25.0
55719.41078499952  0.0  1.9189834840308735  25.0
55724.39712999952  0.0  1.9189834840308735  25.0
55729.383474999515  0.0  1.9189834840308735  25.0
55734.36981999951  0.0  1.9189834840308735  25.0
55739.35616499951  0.0  1.9189834840308735  25.0
55744.34250999951  0.0  1.9189834840308735  25.0
55749.328854999505  0.0  1.9189834840308735  25.0
55754.3151999995  0.0  1.9189834840308735  25.0
55759.3015449995  0.0  1.9189834840308735  25.0
55764.2878899995  0.0  1.9189834840308735  25.0
55769.274234999495  0.0  1.9189834840308735  25.0
55774.26057999949  0.0  1.9189834840308735  25.0
55779.24692499949  0.0  1.9189834840308735  25.0
55784.23326999949  0.0  1.9189834840308735  25.0
55789.219614999485  0.0  1.9189834840308735  25.0
55794.20595999948  0.0  1.9189834840308735  25.0
55799.19230499948  0.0  1.9189834840308735  25.0
55804.17864999948  0.0  1.9189834840308735  25.0
55809.164994999475  0.0  1.9189834840308735  25.0
55814.15133999947  0.0  1.9189834840308735  25.0
55819.13768499947  0.0  1.9189834840308735  25.0
55824.12402999947  0.0  1.9189834840308735  25.0
55829.110374999465  0.0  1.9189834840308735  25.0
55834.09671999946  0.0  1.9189834840308735  25.0
55839.08306499946  0.0  1.9189834840308735  25.0
55844.06940999946  0.0  1.9189834840308735  25.0
55849.055754999456  0.0  1.9189834840308735  25.0
55854.04209999945  0.0  1.9189834840308735  25.0
55859.02844499945  0.0  1.9189834840308735  25.0
55864.01478999945  0.0  1.9189834840308735  25.0
55869.001134999446  0.0  1.9189834840308735  25.0
55873.98747999944  0.0  1.9189834840308735  25.0
55878.97382499944  0.0  1.9189834840308735  25.0
55883.96016999944  0.0  1.9189834840308735  25.0
55888.946514999436  0.0  1.9189834840308735  25.0
55893.93285999943  0.0  1.9189834840308735  25.0
55898.91920499943  0.0  1.9189834840308735  25.0
55903.90554999943  0.0  1.9189834840308735  25.0
55908.891894999426  0.0  1.9189834840308735  25.0
55913.87823999942  0.0  1.9189834840308735  25.0
55918.86458499942  0.0  1.9189834840308735  25.0
55923.85092999942  0.0  1.9189834840308735  25.0
55928.837274999416  0.0  1.9189834840308735  25.0
55933.82361999941  0.0  1.9189834840308735  25.0
55938.80996499941  0.0  1.9189834840308735  25.0
55943.79630999941  0.0  1.9189834840308735  25.0
55948.782654999406  0.0  1.9189834840308735  25.0
55953.7689999994  0.0  1.9189834840308735  25.0
55958.7553449994  0.0  1.9189834840308735  25.0
55963.7416899994  0.0  1.9189834840308735  25.0
55968.728034999396  0.0  1.9189834840308735  25.0
55973.714379999394  0.0  1.9189834840308735  25.0
55978.70072499939  0.0  1.9189834840308735  25.0
55983.68706999939  0.0  1.9189834840308735  25.0
55988.673414999386  0.0  1.9189834840308735  25.0
55993.659759999384  0.0  1.9189834840308735  25.0
55998.64610499938  0.0  1.9189834840308735  25.0
56003.63244999938  0.0  1.9189834840308735  25.0
56008.61879499938  0.0  1.9189834840308735  25.0
56013.605139999374  0.0  1.9189834840308735  25.0
56018.59148499937  0.0  1.9189834840308735  25.0
56023.57782999937  0.0  1.9189834840308735  25.0
56028.56417499937  0.0  1.9189834840308735  25.0
56033.550519999364  0.0  1.9189834840308735  25.0
56038.53686499936  0.0  1.9189834840308735  25.0
56043.52320999936  0.0  1.9189834840308735  25.0
56048.50955499936  0.0  1.9189834840308735  25.0
56053.495899999354  0.0  1.9189834840308735  25.0
56058.48224499935  0.0  1.9189834840308735  25.0
56063.46858999935  0.0  1.9189834840308735  25.0
56068.45493499935  0.0  1.9189834840308735  25.0
56073.441279999344  0.0  1.9189834840308735  25.0
56078.42762499934  0.0  1.9189834840308735  25.0
56083.41396999934  0.0  1.9189834840308735  25.0
56088.40031499934  0.0  1.9189834840308735  25.0
56093.386659999334  0.0  1.9189834840308735  25.0
56098.37300499933  0.0  1.9189834840308735  25.0
56103.35934999933  0.0  1.9189834840308735  25.0
56108.34569499933  0.0  1.9189834840308735  25.0
56113.332039999324  0.0  1.9189834840308735  25.0
56118.31838499932  0.0  1.9189834840308735  25.0
56123.30472999932  0.0  1.9189834840308735  25.0
56128.29107499932  0.0  1.9189834840308735  25.0
56133.277419999315  0.0  1.9189834840308735  25.0
56138.26376499931  0.0  1.9189834840308735  25.0
56143.25010999931  0.0  1.9189834840308735  25.0
56148.23645499931  0.0  1.9189834840308735  25.0
56153.222799999305  0.0  1.9189834840308735  25.0
56158.2091449993  0.0  1.9189834840308735  25.0
56163.1954899993  0.0  1.9189834840308735  25.0
56168.1818349993  0.0  1.9189834840308735  25.0
56173.168179999295  0.0  1.9189834840308735  25.0
56178.15452499929  0.0  1.9189834840308735  25.0
56183.14086999929  0.0  1.9189834840308735  25.0
56188.12721499929  0.0  1.9189834840308735  25.0
56193.113559999285  0.0  1.9189834840308735  25.0
56198.09990499928  0.0  1.9189834840308735  25.0
56203.08624999928  0.0  1.9189834840308735  25.0
56208.07259499928  0.0  1.9189834840308735  25.0
56213.058939999275  0.0  1.9189834840308735  25.0
56218.04528499927  0.0  1.9189834840308735  25.0
56223.03162999927  0.0  1.9189834840308735  25.0
56228.01797499927  0.0  1.9189834840308735  25.0
56233.004319999265  0.0  1.9189834840308735  25.0
56237.99066499926  0.0  1.9189834840308735  25.0
56242.97700999926  0.0  1.9189834840308735  25.0
56247.96335499926  0.0  1.9189834840308735  25.0
56252.949699999255  0.0  1.9189834840308735  25.0
56257.93604499925  0.0  1.9189834840308735  25.0
56262.92238999925  0.0  1.9189834840308735  25.0
56267.90873499925  0.0  1.9189834840308735  25.0
56272.895079999245  0.0  1.9189834840308735  25.0
56277.88142499924  0.0  1.9189834840308735  25.0
56282.86776999924  0.0  1.9189834840308735  25.0
56287.85411499924  0.0  1.9189834840308735  25.0
56292.840459999235  0.0  1.9189834840308735  25.0
56297.82680499923  0.0  1.9189834840308735  25.0
56302.81314999923  0.0  1.9189834840308735  25.0
56307.79949499923  0.0  1.9189834840308735  25.0
56312.785839999226  0.0  1.9189834840308735  25.0
56317.77218499922  0.0  1.9189834840308735  25.0
56322.75852999922  0.0  1.9189834840308735  25.0
56327.74487499922  0.0  1.9189834840308735  25.0
56332.731219999216  0.0  1.9189834840308735  25.0
56337.71756499921  0.0  1.9189834840308735  25.0
56342.70390999921  0.0  1.9189834840308735  25.0
56347.69025499921  0.0  1.9189834840308735  25.0
56352.676599999206  0.0  1.9189834840308735  25.0
56357.6629449992  0.0  1.9189834840308735  25.0
56362.6492899992  0.0  1.9189834840308735  25.0
56367.6356349992  0.0  1.9189834840308735  25.0
56372.621979999196  0.0  1.9189834840308735  25.0
56377.60832499919  0.0  1.9189834840308735  25.0
56382.59466999919  0.0  1.9189834840308735  25.0
56387.58101499919  0.0  1.9189834840308735  25.0
56392.567359999186  0.0  1.9189834840308735  25.0
56397.55370499918  0.0  1.9189834840308735  25.0
56402.54004999918  0.0  1.9189834840308735  25.0
54956.5  -0.5641180868512835  2.825794701119357  25.0
54957.6015625  0.3947353774684665  3.7353554005175615  25.0
54995.3984375  -0.3967974189677364  2.623419093638151  25.0
54998.3984375  2.348086360286547  2.8799971756133806  25.0
55004.3984375  3.1376553478089813  9.362592860530928  25.0
55007.3984375  -2.9048399998341483  4.609762880910592  25.0
55010.3984375  -2.1058444298647343  2.3700814696120927  25.0
55013.3984375  0.6622127815209674  1.7425308846348355  25.0
55034.3984375  -4.675748583463341  12.280296553220285  25.0
55094.19921875  -2.6870481505791552  8.369273945770555  25.0
55103.19921875  0.19776045519918842  2.235655467241433  25.0
55295.6015625  0.3445588236205026  3.019921955315427  25.0
55298.6015625  -0.9511944597256067  1.61075594470034  25.0
55304.6015625  -0.2607020947407479  2.2025644770235857  25.0
55328.6015625  0.732224287664741  2.469060023441216  25.0
55331.5  -3.7809169659605573  1.938131159393281  25.0
55337.5  1.988013085717763  2.1480673984170866  25.0
55352.5  2.875971231556314  1.531219763990127  25.0
55358.5  -5.242812617795348  2.597299901314066  25.0
55361.3984375  2.8530923098933427  1.9669016014415865  25.0
55364.3984375  -3.711690805458638  3.464342840759387  25.0
55367.30078125  0.35673472450015487  1.6692789673639055  25.0
55376.3984375  0.17134657682410337  1.8425893413962742  25.0
55379.30078125  -0.19010141548853457  1.722695955750033  25.0
55406.3984375  -0.6067337984575841  1.9687671777698543  25.0
55409.30078125  -1.302135755959886  2.114289061032816  25.0
55412.3984375  0.7901581021033564  2.0237553256598306  25.0
55424.30078125  0.13010557125615285  1.720928331075182  25.0
55427.30078125  3.350439114439953  1.773167090299465  25.0
55439.19921875  -0.004222294002018768  1.626859720928607  25.0
55442.19921875  3.031705183374152  1.613505333366033  25.0
55445.19921875  -0.5774723339478154  2.121555463039053  25.0
55448.19921875  -0.22005023887023015  2.0399570535415146  25.0
55451.30078125  -2.4214364164989504  3.4868290193684097  25.0
55454.19921875  -0.3674377686944806  1.9707310803276512  25.0
55457.19921875  0.36733955951998654  2.7795457885099375  25.0
55595.69921875  -3.000185352660153  1.8425893413962742  25.0
55673.6015625  0.4618993091830599  1.5179637026570822  25.0
55694.5  -13.851087474174378  12.037956296568945  25.0
55736.5  1.574228218650376  1.6582814127011327  25.0
55739.5  -3.9387127719896093  2.5716715909854018  25.0
55742.30078125  0.4434390278090898  1.466412477887279  25.0
55745.30078125  4.351515875066154  1.946673929502836  25.0
55748.30078125  0.35860039447245073  1.7486188701911722  25.0
55751.30078125  -2.1752668682495995  2.050660191379868  25.0
55754.30078125  -0.012470496212999825  1.4732859495515118  25.0
55760.30078125  -4.296527727176178  2.17173199347601  25.0
55763.30078125  -0.38570163171946253  1.8586931176245414  25.0
55766.30078125  0.25589064116477783  2.7401705348528074  25.0
55769.30078125  2.77826942040662  1.3904111719506556  25.0
55775.30078125  -1.0314179876022427  1.4087732675611386  25.0
55778.30078125  -0.3343467550656261  2.1427650862567025  25.0
55790.30078125  -0.4769228079028994  1.4324377689760341  25.0
55793.30078125  -0.5711879768645046  1.638544622757803  25.0
55796.30078125  0.8911003712022204  1.4882113093298783  25.0
55799.19921875  -1.9266425354470311  2.160046904358758  25.0
55802.19921875  0.01826387619367342  2.250973570073748  25.0
55805.19921875  -0.867141359318878  2.2992845241824367  25.0
56046.6015625  1.4754462236362829  1.9069057455037013  25.0
56054.5  -1.2533339198557758  2.7586307694047636  25.0
56056.5  -2.255588722355765  1.7210266573047113  25.0
56058.5  2.9205508457204115  2.867428461446759  25.0
56061.5  -1.9277226256674025  1.4721076267456392  25.0
56064.5  -5.132443766249504  2.347693617232599  25.0
56067.5  -0.20237553724818447  1.8356177307905683  25.0
56072.3984375  -2.6488511260838696  2.052231163595661  25.0
56075.5  -0.5494873780074062  2.491251597937764  25.0
56085.3984375  0.3746058444711887  1.7057085544723964  25.0
56090.30078125  0.12755255411743374  1.4985215168262278  25.0
56093.30078125  -1.1047681374586737  1.4267425264736455  25.0
56137.30078125  0.046445231461627545  1.931061222558046  25.0
56141.30078125  1.313918890374583  3.0122629975432975  25.0
56400.6015625  1.7986972616866561  3.1308800150862215  25.0
56415.5  -0.196778527331297  1.8611479021777595  25.0
56421.5  4.097588855527088  1.4373473380824702  25.0
56429.3984375  9.97011261331655  2.7033482046903683  25.0
56437.5  19.294017005492602  12.381336961260624  25.0
56442.5  17.469888273224395  1.4267425264736455  25.0
56453.5  10.910112865920325  1.7009952632489063  25.0
56459.30078125  6.798285997781293  1.5245426638528683  25.0
56461.5  8.339913920921186  1.603686195153161  25.0
56463.30078125  8.234651290940837  1.5461451237684938  25.0
56466.3984375  4.608290047636273  5.088355034080828  25.0
56469.5  10.024904108747467  1.7431200928597859  25.0
56471.3984375  1.1359934577042254  2.584927652318447  25.0
56474.3984375  8.135869576858829  1.4538437637206574  25.0
56477.30078125  7.248205847844696  1.320203247457894  25.0
56480.3984375  5.509504442095925  1.5156071506893654  25.0
56482.30078125  6.326371038392345  1.7282928720228923  25.0
56485.30078125  6.928194986811409  2.24910799374548  25.0
56488.30078125  3.718859068523402  1.649738642591578  25.0
56490.30078125  4.277478284399272  1.4833998791649152  25.0
56492.3984375  3.3583928636126137  1.5210076954352507  25.0
56498.3984375  5.665631136967711  1.8963009338948769  25.0
56506.30078125  3.7866120211748897  1.7579471264086233  25.0
56511.30078125  2.8451387480087384  1.7906453735725225  25.0
56517.30078125  2.0653890859872326  1.6001511330915152  25.0
56519.30078125  0.5702060724076202  1.4737769251909612  25.0
56525.30078125  2.8934495148293715  1.812640482898068  25.0
56541.30078125  -1.9206526888321673  2.963461161439187  25.0
