53624.185423040224    5.010680749416333     1.621548316289984      25    
53624.685423040224    6.130935046792034     1.4092974340936948     25    
53625.185423040224    7.390464316227792     1.4980974058476162     25    
53625.685423040224    8.801475728000701     2.6409375662618366     25    
53626.185423040224    10.36323165930467     3.7809373123497583     25    
53626.685423040224    12.091882854103625    4.208222245748761      25    
53627.185423040224    13.984771174188351    4.171975492057513      25    
53627.685423040224    16.05794482064218     4.119328064579434      25    
53628.185423040224    18.310871256420246    4.12638317378588       25    
53628.685423040224    20.755452621956426    4.130624902535528      25    
53629.185423040224    23.397320301541725    4.131462466131083      25    
53629.685423040224    26.241303528012917    4.129277871475438      25    
53630.185423040224    29.29990670509418     4.123766685816655      25    
53630.685423040224    32.57219751941292     4.11542833381511       25    
53631.185423040224    36.07697875307098     4.113180876157567      25    
53631.685423040224    39.814506943409256    4.124589494266648      25    
53632.185423040224    43.77381028736369     4.062345751921821      25    
53632.685423040224    48.00745447885633     3.857722056200039      25    
53633.185423040224    52.32805810499275     3.6726730759582695     25    
53633.685423040224    56.67918882784642     3.6551615166556464     25    
53634.185423040224    60.95823675466861     3.7050524809619785     25    
53634.685423040224    64.92877241604259     3.729475734044918      25    
53635.185423040224    68.61741997524761     3.750859630155325      25    
53635.685423040224    71.74463382131603     3.763057366309949      25    
53636.185423040224    74.31871117412976     3.764864862670695      25    
53636.685423040224    76.40577685179093     3.7696740673342988     25    
53637.185423040224    77.96834962305068     3.7804867903850568     25    
53637.685423040224    79.15653440814532     3.79451747416341       25    
53638.185423040224    80.04454731345689     3.8155252960740444     25    
53638.685423040224    80.66826277969896     3.8350928728554443     25    
53639.185423040224    81.18280270105153     3.8720225728808932     25    
53639.685423040224    81.55136219101936     3.897604276669801      25    
53640.185423040224    81.7850254833559      3.6412329128514282     25    
53640.685423040224    81.89210929986771     2.97120437458983       25    
53641.185423040224    81.79579861897234     2.414662879966976      25    
53641.685423040224    81.49307503033035     2.391563002295401      25    
53642.185423040224    80.94415376863938     2.500775830177593      25    
53642.685423040224    80.0980721954691      2.4949683959510165     25    
53643.185423040224    78.99152429803111     2.480629146010554      25    
53643.685423040224    77.64606051072799     2.4620564296828618     25    
53644.185423040224    76.06669610159392     2.439801018270323      25    
53644.685423040224    74.35451432643781     2.4314630271899595     25    
53645.185423040224    72.49478086788248     2.439679582373399      25    
53645.685423040224    70.57703089892425     2.442017193874757      25    
53646.185423040224    68.61999202456019     2.449798379549251      25    
53646.685423040224    66.63342134210359     2.4130451316038526     25    
53647.185423040224    64.64209299396848     2.2429539058498755     25    
53647.685423040224    62.63332162054523     2.0183138850608846     25    
53648.185423040224    60.601555614462676    1.9373763921266027     25    
53648.685423040224    58.54750319685328     1.9631364376604699     25    
53649.185423040224    56.46385747359887     1.9678232746294242     25    
53649.685423040224    54.348769648073805    1.9523485675165508     25    
53650.185423040224    52.21665454919558     1.9299872048838416     25    
53650.685423040224    50.06405321346177     1.8954977982498986     25    
53651.185423040224    47.911265634724415    1.864478323935652      25    
53651.685423040224    45.771016200069475    1.8551471219134221     25    
53652.185423040224    43.64832590713828     1.8546507816724465     25    
53652.685423040224    41.56738604865729     1.8607661997022542     25    
53653.185423040224    39.52459637558462     1.8668195587780383     25    
53653.685423040224    37.54169820529197     1.7507975194630376     25    
53654.185423040224    35.616292067286444    1.444008821663822      25    
53654.685423040224    33.762903717873776    1.1753238938791704     25    
53655.185423040224    31.982702809598162    1.1444149152714627     25    
53655.685423040224    30.284846419637844    1.1846883980256202     25    
53656.185423040224    28.68055385540118     1.1805385914944346     25    
53656.685423040224    27.165245204173225    1.1749414504438787     25    
53657.185423040224    25.74066042136241     1.1593581783506848     25    
53657.685423040224    24.405478307070553    1.1362355218594429     25    
53658.185423040224    23.143362207769176    1.125802792297386      25    
53658.685423040224    21.956588500230733    1.1308657305212806     25    
53659.185423040224    20.830611313431103    1.135680466821214      25    
53659.685423040224    19.761991418130272    1.1375894869241743     25    
53660.185423040224    18.74804921398225     1.133787868758163      25    
53660.685423040224    17.782937200363605    1.1324292869004344     25    
53661.185423040224    16.86925916904308     1.1108009172576117     25    
53661.685423040224    16.007941598956066    0.9803069412509514     25    
53662.185423040224    15.19887619115721     0.7167995595352095     25    
53662.685423040224    14.443695605394053    0.5234290219533315     25    
53663.185423040224    13.7429590048703      0.5328174854020904     25    
53663.685423040224    13.093480510211597    0.5620789806145959     25    
53664.185423040224    12.496430899092433    0.5473663835523416     25    
53664.685423040224    11.946142404751614    0.5346794600447946     25    
53665.185423040224    11.438435027031849    0.5375323515991172     25    
53665.685423040224    10.972210715069997    0.5471776974542943     25    
53666.185423040224    10.540046002095046    0.552316243414276      25    
53666.685423040224    10.143041165511962    0.5549061231635659     25    
53667.185423040224    9.773212143578819     0.5493846690164578     25    
53667.685423040224    9.431502600778696     0.5328355257851949     25    
53668.185423040224    9.111480594578046     0.5190835973584381     25    
53668.685423040224    8.812328812044157     0.5145814108547501     25    
53669.185423040224    8.530154723235661     0.5142206478518685     25    
53669.685423040224    8.2603777276188       0.5186493116093995     25    
53670.185423040224    8.00333220017614      0.5235478403580757     25    
53670.685423040224    7.754534410099523     0.5131444303819611     25    
53671.185423040224    7.514768700328909     0.48981894301078427    25    
53671.685423040224    7.284013712627251     0.4736241395037197     25    
53672.185423040224    7.0622332722511105    0.4669868823481705     25    
53672.685423040224    6.849566156810167     0.4650231814334299     25    
53673.185423040224    6.645833821800272     0.4693223741655929     25    
53673.685423040224    6.451600895204666     0.473454029333749      25    
53674.185423040224    6.267066075007795     0.4731011356464499     25    
53674.685423040224    6.092713191922417     0.46594102502715834    25    
53675.185423040224    5.9302835375895455    0.43105105838830504    25    
53675.685423040224    5.779510014257115     0.36496438011707083    25    
53676.185423040224    5.64255179133932      0.32505648908493495    25    
53676.685423040224    5.519681911186258     0.3344302587714428     25    
53677.185423040224    5.4100677189740605    0.34466198027230394    25    
53677.685423040224    5.314998716320416     0.3358869321235625     25    
53678.185423040224    5.23064772075494      0.32503054692410155    25    
53678.685423040224    5.153934356386048     0.32167106336627943    25    
53679.185423040224    5.084309691384343     0.3221940656773261     25    
53679.685423040224    5.01602657598555      0.32549898973134395    25    
53680.185423040224    4.949984578257458     0.3316661961835279     25    
53680.685423040224    4.8825967667058885    0.3317490588317719     25    
53681.185423040224    4.813169586930344     0.3231196849352159     25    
53681.685423040224    4.743947509170008     0.3157254164555877     25    
53682.185423040224    4.6750316068887825    0.3123601163838159     25    
53682.685423040224    4.60772195716103      0.3148135163587869     25    
53683.185423040224    4.543663258628491     0.3304308675005638     25    
53683.685423040224    4.482697238465966     0.35162227238288357    25    
53684.185423040224    4.426490538734581     0.36315694556993616    25    
53684.685423040224    4.3748092524307625    0.3679478815603783     25    
53685.185423040224    4.327013451637469     0.3681208040044409     25    
53685.685423040224    4.283221230271309     0.3630731043024193     25    
53686.185423040224    4.242707882551748     0.35576620770842254    25    
53686.685423040224    4.205321609923169     0.34686982660005733    25    
53687.185423040224    4.170694503715409     0.33745400709426976    25    
53687.685423040224    4.138314449345404     0.32993705177874805    25    
53688.185423040224    4.108152950599858     0.3237122836792314     25    
53688.685423040224    4.079449793575887     0.3200617807819428     25    
53689.185423040224    4.052329063911995     0.3191184457530459     25    
53689.685423040224    4.025977687652486     0.31148337390076214    25    
53690.185423040224    4.000472888689692     0.29126223821817115    25    
53690.685423040224    3.9751481766130645    0.2778201427906515     25    
53691.185423040224    3.949834469970807     0.27872896925654206    25    
53691.685423040224    3.924182482649318     0.29703278038083486    25    
53692.185423040224    3.897663852793215     0.33004354672892416    25    