#Date  :
#Flux  :
#Fluxerr  :
#ZP  :
#end  :
@INSTRUMENT  PS
@BAND  PS_g
@MAGSYS  AB
54875.1477625  0.0  0.8565422434647553  25.0
54880.134107499995  0.0  0.8565422434647553  25.0
54885.12045249999  0.0  0.8565422434647553  25.0
54890.10679749999  0.0  0.8565422434647553  25.0
54895.09314249999  0.0  0.8565422434647553  25.0
54900.079487499985  0.0  0.8565422434647553  25.0
54905.06583249998  0.0  0.8565422434647553  25.0
54910.05217749998  0.0  0.8565422434647553  25.0
54915.03852249998  0.0  0.8565422434647553  25.0
54920.024867499975  0.0  0.8565422434647553  25.0
54925.01121249997  0.0  0.8565422434647553  25.0
54929.99755749997  0.0  0.8565422434647553  25.0
54934.98390249997  0.0  0.8565422434647553  25.0
54939.970247499965  0.0  0.8565422434647553  25.0
54944.95659249996  0.0  0.8565422434647553  25.0
54949.94293749996  0.0  0.8565422434647553  25.0
54954.92928249996  0.0  0.8565422434647553  25.0
54959.915627499955  0.0  0.8565422434647553  25.0
54964.90197249995  0.0  0.8565422434647553  25.0
54969.88831749995  0.0  0.8565422434647553  25.0
54974.87466249995  0.0  0.8565422434647553  25.0
54979.861007499945  0.0  0.8565422434647553  25.0
54984.84735249994  0.0  0.8565422434647553  25.0
54989.83369749994  0.0  0.8565422434647553  25.0
54994.82004249994  0.0  0.8565422434647553  25.0
54999.806387499935  0.0  0.8565422434647553  25.0
55004.79273249993  0.0  0.8565422434647553  25.0
55009.77907749993  0.0  0.8565422434647553  25.0
55014.76542249993  0.0  0.8565422434647553  25.0
55019.751767499925  0.0  0.8565422434647553  25.0
55024.73811249992  0.0  0.8565422434647553  25.0
55029.72445749992  0.0  0.8565422434647553  25.0
55034.71080249992  0.0  0.8565422434647553  25.0
55039.697147499915  0.0  0.8565422434647553  25.0
55044.68349249991  0.0  0.8565422434647553  25.0
55049.66983749991  0.0  0.8565422434647553  25.0
55054.65618249991  0.0  0.8565422434647553  25.0
55059.642527499906  0.0  0.8565422434647553  25.0
55064.6288724999  0.0  0.8565422434647553  25.0
55069.6152174999  0.0  0.8565422434647553  25.0
55074.6015624999  0.0  0.8565422434647553  25.0
55079.587907499896  0.0  0.8565422434647553  25.0
55084.57425249989  0.0  0.8565422434647553  25.0
55089.56059749989  0.0  0.8565422434647553  25.0
55094.54694249989  0.0  0.8565422434647553  25.0
55099.533287499886  0.0  0.8565422434647553  25.0
55104.51963249988  0.0  0.8565422434647553  25.0
55109.50597749988  0.0  0.8565422434647553  25.0
55114.49232249988  0.0  0.8565422434647553  25.0
55119.478667499876  0.0  0.8565422434647553  25.0
55124.46501249987  0.0  0.8565422434647553  25.0
55129.45135749987  0.0  0.8565422434647553  25.0
55134.43770249987  0.0  0.8565422434647553  25.0
55139.424047499866  0.0  0.8565422434647553  25.0
55144.41039249986  0.0  0.8565422434647553  25.0
55149.39673749986  0.0  0.8565422434647553  25.0
55154.38308249986  0.0  0.8565422434647553  25.0
55159.369427499856  0.0  0.8565422434647553  25.0
55164.35577249985  0.0  0.8565422434647553  25.0
55169.34211749985  0.0  0.8565422434647553  25.0
55174.32846249985  0.0  0.8565422434647553  25.0
55179.314807499846  0.0  0.8565422434647553  25.0
55184.301152499844  0.0  0.8565422434647553  25.0
55189.28749749984  0.0  0.8565422434647553  25.0
55194.27384249984  0.0  0.8565422434647553  25.0
55199.260187499836  0.0  0.8565422434647553  25.0
55204.246532499834  0.0  0.8565422434647553  25.0
55209.23287749983  0.0  0.8565422434647553  25.0
55214.21922249983  0.0  0.8565422434647553  25.0
55219.20556749983  0.0  0.8565422434647553  25.0
55224.191912499824  0.0  0.8565422434647553  25.0
55229.17825749982  0.0  0.8565422434647553  25.0
55234.16460249982  0.0  0.8565422434647553  25.0
55239.15094749982  0.0  0.8565422434647553  25.0
55244.137292499814  0.0  0.8565422434647553  25.0
55249.12363749981  0.0  0.8565422434647553  25.0
55254.10998249981  0.0  0.8565422434647553  25.0
55259.09632749981  0.0  0.8565422434647553  25.0
55264.082672499804  0.0  0.8565422434647553  25.0
55269.0690174998  0.0  0.8565422434647553  25.0
55274.0553624998  0.0  0.8565422434647553  25.0
55279.0417074998  0.0  0.8565422434647553  25.0
55284.028052499794  0.0  0.8565422434647553  25.0
55289.01439749979  0.0  0.8565422434647553  25.0
55294.00074249979  0.0  0.8565422434647553  25.0
55298.98708749979  0.0  0.8565422434647553  25.0
55303.973432499784  0.0  0.8565422434647553  25.0
55308.95977749978  0.0  0.8565422434647553  25.0
55313.94612249978  0.0  0.8565422434647553  25.0
55318.93246749978  0.0  0.8565422434647553  25.0
55323.918812499775  0.0  0.8565422434647553  25.0
55328.90515749977  0.0  0.8565422434647553  25.0
55333.89150249977  0.0  0.8565422434647553  25.0
55338.87784749977  0.0  0.8565422434647553  25.0
55343.864192499765  0.0  0.8565422434647553  25.0
55348.85053749976  0.0  0.8565422434647553  25.0
55353.83688249976  0.0  0.8565422434647553  25.0
55358.82322749976  0.0  0.8565422434647553  25.0
55363.809572499755  0.0  0.8565422434647553  25.0
55368.79591749975  0.0  0.8565422434647553  25.0
55373.78226249975  0.0  0.8565422434647553  25.0
55378.76860749975  0.0  0.8565422434647553  25.0
55383.754952499745  0.0  0.8565422434647553  25.0
55388.74129749974  0.0  0.8565422434647553  25.0
55393.72764249974  0.0  0.8565422434647553  25.0
55398.71398749974  0.0  0.8565422434647553  25.0
55403.700332499735  0.0  0.8565422434647553  25.0
55408.68667749973  0.0  0.8565422434647553  25.0
55413.67302249973  0.0  0.8565422434647553  25.0
55418.65936749973  0.0  0.8565422434647553  25.0
55423.645712499725  0.0  0.8565422434647553  25.0
55428.63205749972  0.0  0.8565422434647553  25.0
55433.61840249972  0.0  0.8565422434647553  25.0
55438.60474749972  0.0  0.8565422434647553  25.0
55443.591092499715  0.0  0.8565422434647553  25.0
55448.57743749971  0.0  0.8565422434647553  25.0
55453.56378249971  0.0  0.8565422434647553  25.0
55458.55012749971  0.0  0.8565422434647553  25.0
55463.536472499705  0.0  0.8565422434647553  25.0
55468.5228174997  0.0  0.8565422434647553  25.0
55473.5091624997  0.0  0.8565422434647553  25.0
55478.4955074997  0.0  0.8565422434647553  25.0
55483.481852499695  0.0  0.8565422434647553  25.0
55488.46819749969  0.0  0.8565422434647553  25.0
55493.45454249969  0.0  0.8565422434647553  25.0
55498.44088749969  0.0  0.8565422434647553  25.0
55503.427232499685  0.0  0.8565422434647553  25.0
55508.41357749968  0.0  0.8565422434647553  25.0
55513.39992249968  0.0  0.8565422434647553  25.0
55518.38626749968  0.0  0.8565422434647553  25.0
55523.372612499676  0.0  0.8565422434647553  25.0
55528.35895749967  0.0  0.8565422434647553  25.0
55533.34530249967  0.0  0.8565422434647553  25.0
55538.33164749967  0.0  0.8565422434647553  25.0
55543.317992499666  0.0  0.8565422434647553  25.0
55548.30433749966  0.0  0.8565422434647553  25.0
55553.29068249966  0.0  0.8565422434647553  25.0
55558.27702749966  0.0  0.8565422434647553  25.0
55563.263372499656  0.0  0.8565422434647553  25.0
55568.24971749965  0.0  0.8565422434647553  25.0
55573.23606249965  0.0  0.8565422434647553  25.0
55578.22240749965  0.0  0.8565422434647553  25.0
55583.208752499646  0.0  0.8565422434647553  25.0
55588.19509749964  0.0  0.8565422434647553  25.0
55593.18144249964  0.0  0.8565422434647553  25.0
55598.16778749964  0.0  0.8565422434647553  25.0
55603.154132499636  0.0  0.8565422434647553  25.0
55608.14047749963  0.0  0.8565422434647553  25.0
55613.12682249963  0.0  0.8565422434647553  25.0
55618.11316749963  0.0  0.8565422434647553  25.0
55623.099512499626  0.0  0.8565422434647553  25.0
55628.085857499624  0.0  0.8565422434647553  25.0
55633.07220249962  0.0  0.8565422434647553  25.0
55638.05854749962  0.0  0.8565422434647553  25.0
55643.044892499616  0.0  0.8565422434647553  25.0
55648.031237499614  0.0  0.8565422434647553  25.0
55653.01758249961  0.0  0.8565422434647553  25.0
55658.00392749961  0.0  0.8565422434647553  25.0
55662.99027249961  0.0  0.8565422434647553  25.0
55667.976617499604  0.0  0.8565422434647553  25.0
55672.9629624996  0.0  0.8565422434647553  25.0
55677.9493074996  0.0  0.8565422434647553  25.0
55682.9356524996  0.0  0.8565422434647553  25.0
55687.921997499594  0.0  0.8565422434647553  25.0
55692.90834249959  0.0  0.8565422434647553  25.0
55697.89468749959  0.0  0.8565422434647553  25.0
55702.88103249959  0.0  0.8565422434647553  25.0
55707.867377499584  0.0  0.8565422434647553  25.0
55712.85372249958  0.0  0.8565422434647553  25.0
55717.84006749958  0.0  0.8565422434647553  25.0
55722.82641249958  0.0  0.8565422434647553  25.0
55727.812757499574  0.0  0.8565422434647553  25.0
55732.79910249957  0.0  0.8565422434647553  25.0
55737.78544749957  0.0  0.8565422434647553  25.0
55742.77179249957  0.0  0.8565422434647553  25.0
55747.758137499564  0.0  0.8565422434647553  25.0
55752.74448249956  0.0  0.8565422434647553  25.0
55757.73082749956  0.0  0.8565422434647553  25.0
55762.71717249956  0.0  0.8565422434647553  25.0
55767.703517499554  0.0  0.8565422434647553  25.0
55772.68986249955  0.0  0.8565422434647553  25.0
55777.67620749955  0.0  0.8565422434647553  25.0
55782.66255249955  0.0  0.8565422434647553  25.0
55787.648897499545  0.0  0.8565422434647553  25.0
55792.63524249954  0.0  0.8565422434647553  25.0
55797.62158749954  0.0  0.8565422434647553  25.0
55802.60793249954  0.0  0.8565422434647553  25.0
55807.594277499535  0.0  0.8565422434647553  25.0
55812.58062249953  0.0  0.8565422434647553  25.0
55817.56696749953  0.0  0.8565422434647553  25.0
55822.55331249953  0.0  0.8565422434647553  25.0
55827.539657499525  0.0  0.8565422434647553  25.0
55832.52600249952  0.0  0.8565422434647553  25.0
55837.51234749952  0.0  0.8565422434647553  25.0
55842.49869249952  0.0  0.8565422434647553  25.0
55847.485037499515  0.0  0.8565422434647553  25.0
55852.47138249951  0.0  0.8565422434647553  25.0
55857.45772749951  0.0  0.8565422434647553  25.0
55862.44407249951  0.0  0.8565422434647553  25.0
55867.430417499505  0.0  0.8565422434647553  25.0
55872.4167624995  0.0  0.8565422434647553  25.0
55877.4031074995  0.0  0.8565422434647553  25.0
55882.3894524995  0.0  0.8565422434647553  25.0
55887.375797499495  0.0  0.8565422434647553  25.0
55892.36214249949  0.0  0.8565422434647553  25.0
55897.34848749949  0.0  0.8565422434647553  25.0
55902.33483249949  0.0  0.8565422434647553  25.0
55907.321177499485  0.0  0.8565422434647553  25.0
55912.30752249948  0.0  0.8565422434647553  25.0
55917.29386749948  0.0  0.8565422434647553  25.0
55922.28021249948  0.0  0.8565422434647553  25.0
55927.266557499475  0.0  0.8565422434647553  25.0
55932.25290249947  0.0  0.8565422434647553  25.0
55937.23924749947  0.0  0.8565422434647553  25.0
55942.22559249947  0.0  0.8565422434647553  25.0
55947.211937499465  0.0  0.8565422434647553  25.0
55952.19828249946  0.0  0.8565422434647553  25.0
55957.18462749946  0.0  0.8565422434647553  25.0
55962.17097249946  0.0  0.8565422434647553  25.0
55967.157317499456  0.0  0.8565422434647553  25.0
55972.14366249945  0.0  0.8565422434647553  25.0
55977.13000749945  0.0  0.8565422434647553  25.0
55982.11635249945  0.0  0.8565422434647553  25.0
55987.102697499446  0.0  0.8565422434647553  25.0
55992.08904249944  0.0  0.8565422434647553  25.0
55997.07538749944  0.0  0.8565422434647553  25.0
56002.06173249944  0.0  0.8565422434647553  25.0
56007.048077499436  0.0  0.8565422434647553  25.0
56012.03442249943  0.0  0.8565422434647553  25.0
56017.02076749943  0.0  0.8565422434647553  25.0
56022.00711249943  0.0  0.8565422434647553  25.0
56026.993457499426  0.0  0.8565422434647553  25.0
56031.97980249942  0.0  0.8565422434647553  25.0
56036.96614749942  0.0  0.8565422434647553  25.0
56041.95249249942  0.0  0.8565422434647553  25.0
56046.938837499416  0.0  0.8565422434647553  25.0
56051.92518249941  0.0  0.8565422434647553  25.0
56056.91152749941  0.0  0.8565422434647553  25.0
56061.89787249941  0.0  0.8565422434647553  25.0
56066.884217499406  0.0  0.8565422434647553  25.0
56071.8705624994  0.0  0.8565422434647553  25.0
56076.8569074994  0.0  0.8565422434647553  25.0
56081.8432524994  0.0  0.8565422434647553  25.0
56086.829597499396  0.0  0.8565422434647553  25.0
56091.815942499394  0.0  0.8565422434647553  25.0
56096.80228749939  0.0  0.8565422434647553  25.0
56101.78863249939  0.0  0.8565422434647553  25.0
56106.774977499386  0.0  0.8565422434647553  25.0
56111.761322499384  0.0  0.8565422434647553  25.0
56116.74766749938  0.0  0.8565422434647553  25.0
56121.73401249938  0.0  0.8565422434647553  25.0
56126.72035749938  0.0  0.8565422434647553  25.0
56131.706702499374  0.0  0.8565422434647553  25.0
56136.69304749937  0.0  0.8565422434647553  25.0
56141.67939249937  0.0  0.8565422434647553  25.0
56146.66573749937  0.0  0.8565422434647553  25.0
56151.652082499364  0.0  0.8565422434647553  25.0
56156.63842749936  0.0  0.8565422434647553  25.0
56161.62477249936  0.0  0.8565422434647553  25.0
56166.61111749936  0.0  0.8565422434647553  25.0
56171.597462499354  0.0  0.8565422434647553  25.0
55074.6015625  -0.2892467026273075  0.9160312155172287  25.0
55086.6015625  2.7307968948226726  1.818464968053869  25.0
55089.6015625  0.28754701975473396  0.4919093862255251  25.0
55095.5  0.8457441571979595  0.8424447657872384  25.0
55098.5  1.4591311796136106  1.1229931530577593  25.0
55101.6015625  -0.5312021601509008  0.7517615129970867  25.0
55104.6015625  0.08108506115493228  0.6519798806501793  25.0
55161.30078125  -1.33525396869753  1.7909700714144816  25.0
55170.30078125  0.05818928186746951  1.4628304683620357  25.0
55173.3984375  -0.3510353227462425  0.6063882945815722  25.0
55176.3984375  -0.9280289937971359  0.8300470901696274  25.0
55179.3984375  -0.5754939845221047  0.5002078280820744  25.0
55188.30078125  -0.1832662324715946  1.1968794781160943  25.0
55191.19921875  0.27754887118814464  1.0229115500326411  25.0
55203.19921875  0.2606519929593687  0.402125902445207  25.0
55206.30078125  -1.2352723876817706  0.5086062919479827  25.0
55215.19921875  -0.06488804498270434  0.5674954656688332  25.0
55413.6015625  -2.134006851469986  1.1564869865120333  25.0
55416.6015625  0.04899097565122072  0.5998894860945558  25.0
55422.6015625  0.5078064495976421  1.0683032351073292  25.0
55425.6015625  -0.17386796566776067  0.6676769953534444  25.0
55428.6015625  -0.3257399806515583  0.5967900433526866  25.0
55446.6015625  0.7162680498294949  0.6297839574598979  25.0
55449.6015625  0.6830741393784987  0.9835188017728393  25.0
55452.6015625  0.6575788724524292  0.8186491578962758  25.0
55455.6015625  0.002999447363429905  0.551898325299994  25.0
55458.6015625  0.031794141642650535  0.9808193517185398  25.0
55467.6015625  -1.0147130825105177  2.0591205923676594  25.0
55476.6015625  0.23935591029132028  0.7771568055887303  25.0
55479.6015625  -1.2196753426627973  1.7188832843758135  25.0
55482.6015625  -0.4490172978861504  0.6547793527138378  25.0
55485.6015625  2.329770805406017  1.2695661111613181  25.0
55500.5  -0.756660589108489  0.7721577551429022  25.0
55503.3984375  -0.597889856381238  0.6633778129235308  25.0
55509.5  0.9419264274559349  0.8565422434647553  25.0
55524.5  0.1494724640953095  3.834593640772527  25.0
55530.3984375  -1.18708132589329  3.2690976141172796  25.0
55587.30078125  0.8936353436580954  1.0029152528994623  25.0
55590.30078125  1.7957692208663907  0.7176677858613241  25.0
55593.30078125  0.6129870774030144  0.8115504557277708  25.0
55596.30078125  -1.3764464456767305  0.8597416128661175  25.0
55809.6015625  -0.8783381739674669  0.7783565929517077  25.0
55812.5  0.17906701245737372  1.5304180766270052  25.0
55824.6015625  1.6909884903987222  1.0462072385765409  25.0
55828.5  0.30484384299614664  0.5455994654818297  25.0
55833.5  -0.08458441911260517  0.6046885878715321  25.0
55836.5  0.7106690580272451  1.7498777117945057  25.0
55839.5  -0.42812113639327226  1.00711446099495  25.0
55852.6015625  0.5293025047720089  1.3200568210162604  25.0
55855.5  -0.9785197036520782  0.6660773106527633  25.0
55858.3984375  0.31264241318056624  0.5293025047720089  25.0
55860.5  0.39252769889125444  0.7788565122987704  25.0
55863.5  -0.6210855705907119  0.8303470608478382  25.0
55889.30078125  -0.8708395744612583  0.6526797486660939  25.0
55895.30078125  0.33303865532638166  0.7021706198269109  25.0
55911.30078125  -0.5769936948883598  0.7316651938545492  25.0
55941.30078125  4.5857553077630575  3.827294799235438  25.0
56155.6015625  0.49060962452812185  0.7764569375728158  25.0
56161.6015625  0.376530637347245  0.7449627815067926  25.0
56206.6015625  8.348661868134888  1.523719271796204  25.0
56209.6015625  5.914810390976849  0.6791749019612219  25.0
56214.3984375  5.329518206557007  1.3053594973321878  25.0
56217.5  3.2719973942398948  1.0660035870408675  25.0
56220.5  2.0887152837545226  1.539516360833895  25.0
56235.5  0.6621780255605535  0.7710579421143509  25.0
56238.30078125  -0.17096850735094304  1.3159575395802658  25.0
56241.3984375  4.280411473907449  2.975951697910162  25.0
56268.30078125  0.23195726128207098  0.7343646915837816  25.0
56271.30078125  1.1583866418909252  0.7324650838798227  25.0
56303.19921875  -1.215276090548592  1.6194017180569829  25.0
56507.6015625  -0.4896097858339964  0.8193490259121905  25.0
56512.6015625  1.7216827564394719  0.7634593682737161  25.0
56518.6015625  1.2791643147152707  0.44361825475275246  25.0
56534.6015625  -0.015897070821325267  0.7156681561480062  25.0
56537.6015625  -0.6475807238858398  0.4449180164501558  25.0
56545.6015625  -0.1702686274162952  1.2356723803693404  25.0
56574.6015625  -0.48161126698072493  0.9849185378046685  25.0
56590.5  0.18926513353028143  1.0537058380827495  25.0
56593.5  -0.041792302127973115  1.451632580107402  25.0
56619.3984375  0.3801299755987105  1.2877627749249638  25.0
56622.3984375  -0.048591048516683825  0.8753387532349567  25.0
56625.30078125  -0.8385455283699615  0.8798379320086551  25.0
56630.30078125  -0.9409266841116755  0.7700581510951584  25.0
56633.19921875  -1.35285078645462  1.1959796614313278  25.0
56636.30078125  0.2739495329366792  2.6110189653425864  25.0
56649.3984375  2.1653010588671573  1.5407161481968725  25.0
56652.3984375  0.7492619639367062  1.1543872871144234  25.0
56655.30078125  -0.3280395572056205  1.039008609748543  25.0
56663.30078125  -2.245686335437308  2.8683714953788346  25.0
