56186.55984497864    0.47150177989782033    0.2624895273624914      25    
56187.05984497864    0.5598697416471913     0.25951102541600507     25    
56187.55984497864    0.6577428428491034     0.2589449321078205      25    
56188.05984497864    0.7665982785693024     0.29744279757382713     25    
56188.55984497864    0.8861787272380484     0.3869928828177652      25    
56189.05984497864    1.0168936710798069     0.4733521011404053      25    
56189.55984497864    1.160149249272992      0.5201414413530608      25    
56190.05984497864    1.315461322181776      0.5305851575975448      25    
56190.55984497864    1.4835372459840428     0.5278300371398124      25    
56191.05984497864    1.6656647333793215     0.52962416863388        25    
56191.55984497864    1.861227567848803      0.5337589321754926      25    
56192.05984497864    2.071183608932241      0.5373315997614705      25    
56192.55984497864    2.296654772258728      0.5401663060992179      25    
56193.05984497864    2.5369875056095674     0.542353208366093       25    
56193.55984497864    2.7933428012948354     0.544020556569927       25    
56194.05984497864    3.0666294072816314     0.5451754689069566      25    
56194.55984497864    3.3562511768344967     0.5457942168321748      25    
56195.05984497864    3.663524864442258      0.5465022579514911      25    
56195.55984497864    3.989721778189043      0.5485073428114287      25    
56196.05984497864    4.334253132745792      0.5514840906091345      25    
56196.55984497864    4.695627920534097      0.5519891525121245      25    
56197.05984497864    5.078922688945063      0.5456201769415994      25    
56197.55984497864    5.480005387926857      0.5356936956448665      25    
56198.05984497864    5.877125671276285      0.5325171356878065      25    
56198.55984497864    6.273200552041091      0.5420528867871837      25    
56199.05984497864    6.662826653426862      0.557656112114589       25    
56199.55984497864    7.016281557642518      0.5712449245062886      25    
56200.05984497864    7.338358815498061      0.5823912215962425      25    
56200.55984497864    7.62188855218785       0.5919160276500136      25    
56201.05984497864    7.841715683823619      0.5978814457601196      25    
56201.55984497864    7.995256228430146      0.5988917319974919      25    
56202.05984497864    8.093479497349954      0.5981104415793563      25    
56202.55984497864    8.142715666176558      0.599280146321503       25    
56203.05984497864    8.134676331977996      0.6018412608532945      25    
56203.55984497864    8.088479966746636      0.6049672639693963      25    
56204.05984497864    8.022615652847515      0.6089709102957366      25    
56204.55984497864    7.926526078800182      0.6148663250747769      25    
56205.05984497864    7.8185169987697885     0.618195988759206       25    
56205.55984497864    7.715184968626744      0.6163606802627968      25    
56206.05984497864    7.609037556469022      0.6113708120845972      25    
56206.55984497864    7.5015601401726615     0.5971640986164586      25    
56207.05984497864    7.396200689908256      0.5628737923157258      25    
56207.55984497864    7.291353921159379      0.5096469801530294      25    
56208.05984497864    7.179011667464455      0.4642226068970461      25    
56208.55984497864    7.057449361195448      0.450989870263519       25    
56209.05984497864    6.927625653916646      0.45635020879374627     25    
56209.55984497864    6.782418591188205      0.45938166086142074     25    
56210.05984497864    6.618525134210844      0.45417781156975906     25    
56210.55984497864    6.439712089380261      0.4469571867729951      25    
56211.05984497864    6.249718795447324      0.43829489745164        25    
56211.55984497864    6.045262743976166      0.4266568532535226      25    
56212.05984497864    5.831691374783256      0.4143901088487079      25    
56212.55984497864    5.618656693012255      0.40609935548337656     25    
56213.05984497864    5.402453436480169      0.40321626083376216     25    
56213.55984497864    5.188440425845226      0.4019025341849324      25    
56214.05984497864    4.985438548574707      0.39859674055830224     25    
56214.55984497864    4.791358132785017      0.3952337196890887      25    
56215.05984497864    4.606241441324281      0.3883435546926591      25    
56215.55984497864    4.431848510040267      0.37177633413479294     25    
56216.05984497864    4.268451830654781      0.342993231113977       25    
56216.55984497864    4.112203365555133      0.3150708377903741      25    
56217.05984497864    3.9608473412842384     0.3036061218350925      25    
56217.55984497864    3.815883746239929      0.304954191229074       25    
56218.05984497864    3.6736668790808342     0.3072422230533378      25    
56218.55984497864    3.531929353138482      0.30326238133078476     25    
56219.05984497864    3.392039971019085      0.2972202578035808      25    
56219.55984497864    3.2538029393265804     0.29075011103722453     25    
56220.05984497864    3.1163653612618116     0.28324028038097404     25    
56220.55984497864    2.980549489326042      0.2753417882459842      25    
56221.05984497864    2.848903254294788      0.2716208928117881      25    
56221.55984497864    2.7211969774608953     0.27564967897986054     25    
56222.05984497864    2.5978856220010393     0.28279299105557004     25    
56222.55984497864    2.4813981787799797     0.28653328856370436     25    
56223.05984497864    2.3719690997629663     0.2881330015341083      25    
56223.55984497864    2.2689613111590883     0.2861544090264748      25    
56224.05984497864    2.1723392673595336     0.27529050950811096     25    
56224.55984497864    2.0828620874401422     0.2497241303690676      25    
56225.05984497864    1.9987817415452538     0.21933471281929837     25    
56225.55984497864    1.918205068874875      0.20134873190514563     25    
56226.05984497864    1.8421640579218286     0.1976377954135607      25    
56226.55984497864    1.7689348436301038     0.1984218813379054      25    
56227.05984497864    1.6967025027277784     0.19581071219374088     25    
56227.55984497864    1.6262046795552005     0.1928296894093511      25    
56228.05984497864    1.557120543340092      0.18876564436371657     25    
56228.55984497864    1.4888603224434709     0.1813935270765706      25    
56229.05984497864    1.4215929456005436     0.17080938022059672     25    
56229.55984497864    1.3565011714847037     0.1625420514594647      25    
56230.05984497864    1.2939491781645782     0.1615973772814241      25    
56230.55984497864    1.2336997344692264     0.1653309099112613      25    
56231.05984497864    1.1769668037371623     0.16918698882175673     25    
56231.55984497864    1.124178254128287      0.17231615661865957     25    
56232.05984497864    1.074987416380021      0.17524754296763523     25    
56232.55984497864    1.0295531401467537     0.17544359199557594     25    
56233.05984497864    0.9882493878188177     0.17204352312765367     25    
56233.55984497864    0.9505368207785526     0.16600085850850083     25    
56234.05984497864    0.9154762492088605     0.1578364969796999      25    
56234.55984497864    0.8833848948882481     0.14506615675517415     25    
56235.05984497864    0.8537931555918203     0.1306759206348916      25    
56235.55984497864    0.8257771778443979     0.12171791281430197     25    
56236.05984497864    0.799658425803951      0.12076823996144138     25    
56236.55984497864    0.7750409273602842     0.12177047086296697     25    
56237.05984497864    0.7513352389611541     0.11828213213493934     25    
56237.55984497864    0.7287720804498634     0.11041491922094822     25    
56238.05984497864    0.7071288709383458     0.10251028825557189     25    
56238.55984497864    0.686183818865657      0.09929018726709414     25    
56239.05984497864    0.6660738851851764     0.10000801707600475     25    
56239.55984497864    0.6465302892680659     0.10147029519777867     25    
56240.05984497864    0.6273279754882473     0.10186883736813983     25    
56240.55984497864    0.6085759886272532     0.10223736754701704     25    
56241.05984497864    0.590371653091042      0.10146015301690607     25    
56241.55984497864    0.5726005927571295     0.09757867802726862     25    
56242.05984497864    0.5553482320949675     0.09164692782722067     25    
56242.55984497864    0.5392397043088923     0.08882702643270456     25    
56243.05984497864    0.5242856636868398     0.09267759129759567     25    
56243.55984497864    0.5105306057456019     0.09951788744942931     25    
56244.05984497864    0.49862279610713134    0.10503839541153911     25    
56244.55984497864    0.4887136243986424     0.10982172540026165     25    
56245.05984497864    0.4805737133722359     0.11334743087651973     25    
56245.55984497864    0.4741228467016129     0.11287131497653198     25    
56246.05984497864    0.4697923804653671     0.10647432063905772     25    
56246.55984497864    0.4667409561156455     0.09771704340018351     25    
56247.05984497864    0.4638808359711177     0.09193929935548105     25    
56247.55984497864    0.4617661797193866     0.08908532191838726     25    
56248.05984497864    0.45950272853794993    0.08798751240503534     25    
56248.55984497864    0.45598127978962166    0.08848781341932127     25    
56249.05984497864    0.4516065371385806     0.0913676444625168      25    
56249.55984497864    0.44612985904676183    0.09378844555631961     25    
56250.05984497864    0.43905091814749575    0.09321914038004357     25    
56250.55984497864    0.43040404656402786    0.0904653349932789      25    
56251.05984497864    0.421276323597872      0.08698190132552613     25    
56251.55984497864    0.41211722086968666    0.08315554852174559     25    
56252.05984497864    0.40260672962846106    0.07848676381843138     25    
56252.55984497864    0.3939701475610562     0.07574544707665475     25    
56253.05984497864    0.38668885474588693    0.07731993284522017     25    
56253.55984497864    0.3804378431041454     0.08148623735650225     25    
56254.05984497864    0.37572191929126436    0.08552278246642883     25    
56254.55984497864    0.3730038599127859     0.08839419997162533     25    
56255.05984497864    0.3717517299248117     0.09128808547103079     25    
56255.55984497864    0.37105048961162335    0.09521894555995003     25    
56256.05984497864    0.37116101880104363    0.10142384113665098     25    
56256.55984497864    0.3716834692094795     0.10743662872147944     25    
56257.05984497864    0.3715895310333653     0.11022560357494567     25    
56257.55984497864    0.3710966099812652     0.11002747526176222     25    
56258.05984497864    0.36999526080212963    0.107618086016231       25    
56258.55984497864    0.36772206414962455    0.10252206208838033     25    
56259.05984497864    0.364225909362715      0.09186569197203483     25    
56259.55984497864    0.3599963571504664     0.08167593543559942     25    
56260.05984497864    0.35538332240850073    0.0811538607975703      25    
56260.55984497864    0.3501399793444976     0.0884193304880037      25    
56261.05984497864    0.3448039872719465     0.10026861121720351     25    
56261.55984497864    0.33977818280906275    0.1159932220579269      25    
56262.05984497864    0.3348289504583244     0.1349101810037249      25    
56262.55984497864    0.3303435526777799     0.1501989392874647      25    
56263.05984497864    0.32660344882660325    0.15962102221974722     25    
56263.55984497864    0.3234487561459749     0.16603058578683744     25    
56264.05984497864    0.3208026232929705     0.16890254671211324     25    
56264.55984497864    0.3186744993115287     0.16741742354681063     25    
56265.05984497864    0.3170501919409967     0.16231030991757156     25    
56265.55984497864    0.3157847276678316     0.15533847979189186     25    
56266.05984497864    0.3148881104884021     0.14607834657039823     25    
56266.55984497864    0.3143373041367608     0.13445310844342417     25    
56267.05984497864    0.3139914022940212     0.12243927332627479     25    
56267.55984497864    0.31388723369033034    0.10964564188732999     25    
56268.05984497864    0.3139704091271887     0.09608487392178662     25    
56268.55984497864    0.31410915762174646    0.08331573651076489     25    
56269.05984497864    0.31435791836340277    0.07095657812938708     25    
56269.55984497864    0.31463555635837115    0.06058692878990764     25    
56270.05984497864    0.31482404309709766    0.054946138461426146    25    
56270.55984497864    0.3149862139537117     0.05216241326472768     25    
56271.05984497864    0.3150187952763987     0.06107181564471431     25    
56271.55984497864    0.31482210816616524    0.081112385336136       25    
56272.05984497864    0.3144581699073463     0.1020353482979464      25    
56272.55984497864    0.3138061753273621     0.1350493268607471      25    
56273.05984497864    0.3127894022750408     0.17632971193259864     25    