#Date  :
#Flux  :
#Fluxerr  :
#ZP  :
#end  :
@INSTRUMENT  SDSS
@BAND  SDSS_u
@MAGSYS  AB
53775.771957  0.0  5.480750994772336  25.0
53780.758301999995  0.0  5.480750994772336  25.0
53785.74464699999  0.0  5.480750994772336  25.0
53790.73099199999  0.0  5.480750994772336  25.0
53795.71733699999  0.0  5.480750994772336  25.0
53800.703681999985  0.0  5.480750994772336  25.0
53805.69002699998  0.0  5.480750994772336  25.0
53810.67637199998  0.0  5.480750994772336  25.0
53815.66271699998  0.0  5.480750994772336  25.0
53820.649061999975  0.0  5.480750994772336  25.0
53825.63540699997  0.0  5.480750994772336  25.0
53830.62175199997  0.0  5.480750994772336  25.0
53835.60809699997  0.0  5.480750994772336  25.0
53840.594441999965  0.0  5.480750994772336  25.0
53845.58078699996  0.0  5.480750994772336  25.0
53850.56713199996  0.0  5.480750994772336  25.0
53855.55347699996  0.0  5.480750994772336  25.0
53860.539821999955  0.0  5.480750994772336  25.0
53865.52616699995  0.0  5.480750994772336  25.0
53870.51251199995  0.0  5.480750994772336  25.0
53875.49885699995  0.0  5.480750994772336  25.0
53880.485201999945  0.0  5.480750994772336  25.0
53885.47154699994  0.0  5.480750994772336  25.0
53890.45789199994  0.0  5.480750994772336  25.0
53895.44423699994  0.0  5.480750994772336  25.0
53900.430581999935  0.0  5.480750994772336  25.0
53905.41692699993  0.0  5.480750994772336  25.0
53910.40327199993  0.0  5.480750994772336  25.0
53915.38961699993  0.0  5.480750994772336  25.0
53920.375961999925  0.0  5.480750994772336  25.0
53925.36230699992  0.0  5.480750994772336  25.0
53930.34865199992  0.0  5.480750994772336  25.0
53935.33499699992  0.0  5.480750994772336  25.0
53940.321341999916  0.0  5.480750994772336  25.0
53945.30768699991  0.0  5.480750994772336  25.0
53950.29403199991  0.0  5.480750994772336  25.0
53955.28037699991  0.0  5.480750994772336  25.0
53960.266721999906  0.0  5.480750994772336  25.0
53965.2530669999  0.0  5.480750994772336  25.0
53970.2394119999  0.0  5.480750994772336  25.0
53975.2257569999  0.0  5.480750994772336  25.0
53980.212101999896  0.0  5.480750994772336  25.0
53975.225757  -2.277587594511259  4.367822986650198  25.0
53993.293331  2.9500981119820477  5.587010452834249  25.0
53996.232113  10.382667573260042  4.225211608724999  25.0
53998.200519  32.01765249497104  4.295119146923627  25.0
54008.190999  54.499916779649396  5.511510311579731  25.0
54010.1857  47.73286708202233  5.866640605628755  25.0
54012.178312  31.989689479691588  9.384387927783651  25.0
54020.18386  15.986455835261959  4.524415872215122  25.0
54022.232691  8.363737870083702  6.1938078843983275  25.0
54028.173601  2.7073791393564157  5.44999167796494  25.0
54030.176535  2.1176391471128007  4.1860633873337685  25.0
54035.251839  17.60271811841421  9.183054217771607  25.0
54037.157227  -2.619575271378941  4.809638628065519  25.0
54040.171302  -10.572816077160306  10.08905591282581  25.0
54047.161352  17.985811427742686  19.585295901727264  25.0
54050.154957  4.770490406674288  5.366102632126588  25.0
54053.160728  5.777158956734512  4.815231231121409  25.0
54056.162468  32.46506073944225  18.008181839966248  25.0
54057.131039  -5.861048002572865  4.365026685122253  25.0
54059.15643  -2.0994631871811578  5.570232643666578  25.0
54061.167207  2.6022382019056813  5.287806189344126  25.0
54062.160995  1.1090131859830143  5.690473609368216  25.0
