53992.681835194686    9.410898687142852     2.617412980164989     25    
53993.181835194686    11.039032373669565    2.578915366236462     25    
53993.681835194686    12.773399395338794    2.6314303501870113    25    
53994.181835194686    14.60355169044418     3.105420654935708     25    
53994.681835194686    16.530949490230896    3.7452462603173333    25    
53995.181835194686    18.542053484837346    4.052874902112616     25    
53995.681835194686    20.639124835007703    4.068418182954048     25    
53996.181835194686    22.810113620037615    4.048424273706848     25    
53996.681835194686    25.053501292857717    4.0694897207830145    25    
53997.181835194686    27.3628236859959      4.086501043735432     25    
53997.681835194686    29.72965472696955     4.0982817914443945    25    
53998.181835194686    32.15409354389061     4.105984880179617     25    
53998.681835194686    34.62316100053165     4.1118238255741755    25    
53999.181835194686    37.13935901350177     4.1148543421493935    25    
53999.681835194686    39.68992360278546     4.125227478982713     25    
54000.181835194686    42.27992220880504     4.1550359508601025    25    
54000.681835194686    44.88600649830586     4.172044676710096     25    
54001.181835194686    47.52230910611261     4.127571145753133     25    
54001.681835194686    50.13491175190682     4.0734585374351475    25    
54002.181835194686    52.59891693327739     4.124869853762807     25    
54002.681835194686    54.93729800756321     4.257822325633774     25    
54003.181835194686    56.94645288106272     4.363671660854737     25    
54003.681835194686    58.64199059994753     4.433222961951581     25    
54004.181835194686    59.89953551377947     4.48546242390502      25    
54004.681835194686    60.60185804406758     4.501479923588517     25    
54005.181835194686    60.85489390307186     4.526079535924591     25    
54005.681835194686    60.7184597690619      4.641070566082766     25    
54006.181835194686    60.20117342689625     4.812805314027279     25    
54006.681835194686    59.54404524140649     4.976942732035175     25    
54007.181835194686    58.70967500251911     5.156853088938108     25    
54007.681835194686    57.8922707844262      5.221666348352042     25    
54008.181835194686    57.16450580011462     5.11764539653134      25    
54008.681835194686    56.499550612856055    4.885334788101738     25    
54009.181835194686    55.9359860223391      4.45526224056139      25    
54009.681835194686    55.44562363420174     3.8702956699081694    25    
54010.181835194686    54.962150571962084    3.5768714242966735    25    
54010.681835194686    54.497777709592846    3.616358723613792     25    
54011.181835194686    53.98948002327454     3.670160516899582     25    
54011.681835194686    53.42586093565251     3.674810760934588     25    
54012.181835194686    52.80883711605713     3.691460292037217     25    
54012.681835194686    52.125799088732066    3.7207796756981164    25    
54013.181835194686    51.388583695039735    3.7727140864313       25    
54013.681835194686    50.61391467662143     3.89817417400591      25    
54014.181835194686    49.79878440022312     4.078919669194616     25    
54014.681835194686    48.961939513542156    4.144547698672298     25    
54015.181835194686    48.10576737946823     4.082946886559461     25    
54015.681835194686    47.22445173934011     3.9280250419376075    25    
54016.181835194686    46.32113296624861     3.6021641518368916    25    
54016.681835194686    45.38617727822696     3.2349800899215393    25    
54017.181835194686    44.40635128169674     3.1506557996879296    25    
54017.681835194686    43.383613222661424    3.2602329987293137    25    
54018.181835194686    42.30039315361211     3.3118620580859854    25    
54018.681835194686    41.1521072433614      3.312220005397429     25    
54019.181835194686    39.97392711050066     3.2955192645151548    25    
54019.681835194686    38.758024076919966    3.2363072881360795    25    
54020.181835194686    37.548210156364505    3.2072773450934053    25    
54020.681835194686    36.3841694537857      3.319618538760536     25    
54021.181835194686    35.267371297833904    3.490990945800534     25    
54021.681835194686    34.26480426423987     3.5621560262547285    25    
54022.181835194686    33.366629675212394    3.551421591976312     25    
54022.681835194686    32.59577010618178     3.5624749351680616    25    
54023.181835194686    31.959878568885603    3.6187585836836975    25    
54023.681835194686    31.44672701715045     3.6825148304662663    25    
54024.181835194686    31.05334739185607     3.750241301417183     25    
54024.681835194686    30.77732081950956     3.805805270105084     25    
54025.181835194686    30.612127182651072    3.803551387374006     25    
54025.681835194686    30.558383919502106    3.752815872960368     25    
54026.181835194686    30.589190277763496    3.6371466508126455    25    
54026.681835194686    30.71149785494893     3.418734855056249     25    
54027.181835194686    30.888340681158173    3.2290570861796724    25    
54027.681835194686    31.11070319556195     3.168485585291382     25    
54028.181835194686    31.363444033402825    3.1660968174728463    25    
54028.681835194686    31.61117174309756     3.173051575084244     25    
54029.181835194686    31.863116187567538    3.197948499556181     25    
54029.681835194686    32.11013318460781     3.196269719650423     25    
54030.181835194686    32.34857522955617     3.166663890332376     25    
54030.681835194686    32.6087256828994      3.1354027940123745    25    
54031.181835194686    32.89184327977299     3.101494846573241     25    
54031.681835194686    33.21397744924375     3.082555213832014     25    
54032.181835194686    33.599248081541646    3.116814220235143     25    
54032.681835194686    34.03660521646165     3.171372403435928     25    
54033.181835194686    34.5225825374525      3.1633510559120426    25    
54033.681835194686    35.060607302728705    3.098810122327616     25    
54034.181835194686    35.59491992793627     3.071505989100055     25    
54034.681835194686    36.12960324258943     3.115000138128697     25    
54035.181835194686    36.625569403239275    3.154321206401828     25    
54035.681835194686    37.05273950305797     3.1462620459951416    25    
54036.181835194686    37.41825260004945     3.1131349755436974    25    
54036.681835194686    37.700866547307406    3.0544736609068246    25    
54037.181835194686    37.90662824282057     2.9708912712478237    25    
54037.681835194686    38.071560322534765    2.9198806449676344    25    
54038.181835194686    38.190154580782604    2.906101562408392     25    
54038.681835194686    38.293662926533315    2.9235662303825314    25    
54039.181835194686    38.39741852383047     2.9818830086263794    25    
54039.681835194686    38.49628779407856     3.0569818435721183    25    
54040.181835194686    38.60279952216057     3.0964341917151588    25    
54040.681835194686    38.70725669893014     3.13566651786275      25    
54041.181835194686    38.77024610958929     3.320918627510917     25    
54041.681835194686    38.79934529768739     3.6471335884327236    25    
54042.181835194686    38.7538882621251      3.8962609512369       25    
54042.681835194686    38.625065003153324    4.061551342579054     25    
54043.181835194686    38.40931240534899     4.104544602718426     25    
54043.681835194686    38.08828652480437     3.913006245957264     25    
54044.181835194686    37.676619231435346    3.5453149665405084    25    
54044.681835194686    37.2004158935406      3.1220440768913384    25    
54045.181835194686    36.65451538679404     2.5737898687895515    25    
54045.681835194686    36.07201734814121     2.1569171187706644    25    
54046.181835194686    35.452949746055204    2.0769429911303274    25    
54046.681835194686    34.811443323647794    2.116398393686414     25    
54047.181835194686    34.160371771762016    2.128715153802198     25    
54047.681835194686    33.49447205748484     2.187187298757475     25    
54048.181835194686    32.81536309388316     2.3165941383962694    25    
54048.681835194686    32.122634871726085    2.495983713992661     25    
54049.181835194686    31.415286304188086    2.647049480021026     25    
54049.681835194686    30.692470264437848    2.7905741728239954    25    
54050.181835194686    29.95843592102285     2.8432203913886234    25    
54050.681835194686    29.21093692418741     2.7425912393142986    25    
54051.181835194686    28.458619682207775    2.5597275401672435    25    
54051.681835194686    27.710939419597484    2.3528703247917826    25    
54052.181835194686    26.96758683182365     2.0991360601327678    25    
54052.681835194686    26.24440819829465     1.8528095430955318    25    
54053.181835194686    25.539042917024865    1.604546900938343     25    
54053.681835194686    24.86162881990886     1.4181676096404945    25    
54054.181835194686    24.215504160422242    1.3718490585176226    25    
54054.681835194686    23.598049118683115    1.3810949215600459    25    
54055.181835194686    23.009426999400645    1.3685004733104704    25    
54055.681835194686    22.448970018897878    1.3626678453183598    25    
54056.181835194686    21.914751271198426    1.3577332583921056    25    
54056.681835194686    21.407136098815315    1.3546980059321174    25    
54057.181835194686    20.924015186875035    1.3548498603862926    25    
54057.681835194686    20.465589184666833    1.3602086882767555    25    
54058.181835194686    20.030271091020023    1.363291251995063     25    
54058.681835194686    19.617382163994165    1.3578216195305322    25    
54059.181835194686    19.226374154023954    1.3491695295199915    25    
54059.681835194686    18.855567924338985    1.3334486086733919    25    
54060.181835194686    18.505217360100616    1.315850139454807     25    
54060.681835194686    18.17319935324303     1.3515770307602573    25    
54061.181835194686    17.859853596791766    1.3981352586443967    25    
54061.681835194686    17.563329338248035    1.6450323282360548    25    