54861.72182990695    2501.1565983790993    632.7451557806729     25    
54862.22182990695    2992.5495529515447    626.4433789194082     25    
54862.72182990695    3519.0569290839726    659.033393048453      25    
54863.22182990695    4078.3572443861735    807.2951356182263     25    
54863.72182990695    4668.457157097392     936.711548114111      25    
54864.22182990695    5286.875015390784     962.4333002475304     25    
54864.72182990695    5931.77452623973      957.3569757116653     25    
54865.22182990695    6600.520109785761     964.3998081540966     25    
54865.72182990695    7291.426280331359     969.9616130305951     25    
54866.22182990695    8001.709771391472     973.4957596560588     25    
54866.72182990695    8729.829663192657     975.5772627343988     25    
54867.22182990695    9472.861244028285     976.2644521411215     25    
54867.72182990695    10229.401918643973    976.8638644656169     25    
54868.22182990695    10997.61061689384     979.9786119807244     25    
54868.72182990695    11773.200021341083    984.2270648619755     25    
54869.22182990695    12557.053865353528    985.8932313010797     25    
54869.72182990695    13327.251760956116    991.1560969522499     25    
54870.22182990695    14051.291101442443    1013.9993599249074    25    
54870.72182990695    14710.615384351891    1042.862644408358     25    
54871.22182990695    15254.047109736455    1061.3397534576472    25    
54871.72182990695    15673.540523451884    1074.5173644051497    25    
54872.22182990695    15910.69175198869     1080.1008714874408    25    
54872.72182990695    15992.205715466209    1087.149029926436     25    
54873.22182990695    15938.928127630046    1121.8145607622503    25    
54873.72182990695    15771.940676708024    1169.5551610280806    25    
54874.22182990695    15554.851094775411    1217.1558276470614    25    
54874.72182990695    15295.582155860167    1254.6350696695351    25    
54875.22182990695    15062.041035539623    1241.5671887513606    25    
54875.72182990695    14843.68635958484     1187.292625199284     25    
54876.22182990695    14655.128416858512    1076.4516999527266    25    
54876.72182990695    14488.64155939323     924.3862213459365     25    
54877.22182990695    14328.223685696195    874.9159856042256     25    
54877.72182990695    14172.720125727865    898.5218172396247     25    
54878.22182990695    14005.86530624284     899.8516429052672     25    
54878.72182990695    13829.271089120455    897.2788856469411     25    
54879.22182990695    13637.387342313536    906.7083162591699     25    
54879.72182990695    13431.356330961135    927.8636635630485     25    
54880.22182990695    13212.384981062258    978.8390619033948     25    
54880.72182990695    12980.472885688898    1043.336875389335     25    
54881.22182990695    12736.824567885516    1059.656994789988     25    
54881.72182990695    12480.880652443462    1038.2141957979331    25    
54882.22182990695    12210.2543972583      970.2571635338749     25    
54882.72182990695    11924.569107601725    858.2358708041545     25    
54883.22182990695    11618.814487633785    813.9327731889173     25    
54883.72182990695    11293.074990573154    829.7632983950085     25    
54884.22182990695    10941.74477081016     826.8125592845206     25    
54884.72182990695    10566.340613005515    811.6530813019439     25    
54885.22182990695    10178.209887446279    792.1676915859654     25    
54885.72182990695    9778.167830922277     769.964019449173      25    
54886.22182990695    9390.520399135168     789.4392244020452     25    
54886.72182990695    9015.032408400433     843.448842142385      25    
54887.22182990695    8676.0517606143       867.6210503095855     25    
54887.72182990695    8372.916104083448     867.0357353090494     25    
54888.22182990695    8115.120986892379     875.2423748104063     25    
54888.72182990695    7902.457298110291     891.4519629159022     25    
54889.22182990695    7732.076177958947     909.7634151013984     25    
54889.72182990695    7604.012940496134     930.2607416182491     25    
54890.22182990695    7516.206565616396     934.1385666998799     25    
54890.72182990695    7468.910446011569     921.2746330180438     25    
54891.22182990695    7452.944046750078     887.469280870669      25    
54891.72182990695    7468.726379130188     827.6672716801257     25    
54892.22182990695    7500.51108391005      795.3465600969049     25    
54892.72182990695    7548.374935868283     798.8598297445984     25    
54893.22182990695    7596.753793137655     803.9859971490689     25    
54893.72182990695    7644.619134059361     809.3353637365087     25    
54894.22182990695    7689.18334705676      805.4241279934784     25    
54894.72182990695    7729.116677853507     789.6126357493569     25    
54895.22182990695    7774.458123342889     776.9238434825061     25    
54895.72182990695    7825.30052801022      768.6185475048824     25    
54896.22182990695    7890.932822381834     770.1329126474686     25    
54896.72182990695    7973.040377877738     784.5275333939611     25    
54897.22182990695    8069.273315776145     790.9420334394055     25    
54897.72182990695    8181.50581373507      782.26833104851       25    
54898.22182990695    8294.64245583725      793.8513572921057     25    
54898.72182990695    8408.101581265313     837.0868955682088     25    
54899.22182990695    8507.84759327244      862.157101972847      25    
54899.72182990695    8591.246576700372     861.5729859693521     25    
54900.22182990695    8654.84810710552      839.4490867261052     25    
54900.72182990695    8695.802103948487     786.7596389473705     25    
54901.22182990695    8723.308358981209     740.4020285805094     25    
54901.72182990695    8737.945169689065     712.8712751582301     25    
54902.22182990695    8747.693140296922     704.4660169750499     25    
54902.72182990695    8755.041465968236     722.0235610845907     25    
54903.22182990695    8760.297380140017     738.8609322228926     25    
54903.72182990695    8766.039871712463     736.7584454226966     25    
54904.22182990695    8762.620768657918     770.547764568683      25    
54904.72182990695    8748.845040707896     866.5721290962795     25    
54905.22182990695    8716.284320022049     943.361704731333      25    
54905.72182990695    8661.740980426066     991.4191969671582     25    
54906.22182990695    8583.290968924228     988.2385165689966     25    
54906.72182990695    8477.654971667156     900.0368880266026     25    
54907.22182990695    8352.074492941836     783.4169919681357     25    
54907.72182990695    8207.78084799438      649.734865159004      25    
54908.22182990695    8050.724467427225     542.3817049071173     25    
54908.72182990695    7883.3428751525635    544.2083911563172     25    
54909.22182990695    7709.178028790396     568.6252348125547     25    
54909.72182990695    7530.784131972731     568.8278845104337     25    
54910.22182990695    7348.281055333543     572.6968318257708     25    
54910.72182990695    7162.2215302980485    587.4994034095893     25    
54911.22182990695    6973.164684262437     605.3685766824914     25    
54911.72182990695    6781.220605791115     629.7535079567836     25    
54912.22182990695    6587.75344488377      638.8938625770743     25    
54912.72182990695    6392.968706970329     611.5210897334139     25    
54913.22182990695    6199.496286949463     567.6759554838019     25    
54913.72182990695    6008.744611813193     515.5564955906282     25    
54914.22182990695    5822.978199148407     457.7487351903864     25    
54914.72182990695    5644.21803648412      398.9920381038918     25    
54915.22182990695    5473.545011474672     349.6232563172513     25    
54915.72182990695    5312.965954940136     337.0964410863546     25    
54916.22182990695    5161.495742850745     339.52017422165       25    
54916.72182990695    5019.018947573756     335.20591236314954    25    
54917.22182990695    4885.009991407311     331.0926394828599     25    
54917.72182990695    4758.980299664537     326.3357949687259     25    
54918.22182990695    4640.550626284141     322.1636304109446     25    
54918.72182990695    4529.201082297958     320.13338118466817    25    
54919.22182990695    4424.583144287483     319.3285010982963     25    
54919.72182990695    4326.146827962162     318.7032170787251     25    
54920.22182990695    4233.573077905491     319.42736920428865    25    
54920.72182990695    4146.283069145316     319.99576464213953    25    
54921.22182990695    4063.9859596263195    327.2855039090612     25    
54921.72182990695    3986.0753383355695    341.06848805755766    25    
54922.22182990695    3912.287321938132     381.7779851905707     25    
54922.72182990695    3841.9891680210753    457.6783699882276     25    