54377.390332406125    4.810478781484778     1.3718132488482686     25    
54377.890332406125    5.780373911052838     1.257522154259535      25    
54378.390332406125    6.852799474307995     1.2782845813363484     25    
54378.890332406125    8.034466038999309     1.9057703602594112     25    
54379.390332406125    9.324141417042739     2.659916734526171      25    
54379.890332406125    10.730335809821845    3.0064227821032206     25    
54380.390332406125    12.251754791043675    3.012408717267842      25    
54380.890332406125    13.895233404875052    2.962531347743126      25    
54381.390332406125    15.662889777665399    2.9684796330340655     25    
54381.890332406125    17.55721657978807     2.9733292730026637     25    
54382.390332406125    19.584796558262543    2.9765682557637727     25    
54382.890332406125    21.74446422229602     2.9784443092842703     25    
54383.390332406125    24.04472531418971     2.9790210913150923     25    
54383.890332406125    26.484227628524113    2.9781662766282113     25    
54384.390332406125    29.06993169888274     2.9770930439259664     25    
54384.890332406125    31.809586651655508    2.9906005426207187     25    
54385.390332406125    34.69373388618681     2.989068971271827      25    
54385.890332406125    37.735664723658616    2.9073410141947087     25    
54386.390332406125    40.92132365372318     2.7646430586002078     25    
54386.890332406125    44.09251768650173     2.692016742669678      25    
54387.390332406125    47.28724759161176     2.7129397133703366     25    
54387.890332406125    50.317890346148126    2.748274466178981      25    
54388.390332406125    53.131962838462336    2.7679987743636345     25    
54388.890332406125    55.673666622485264    2.785737723383745      25    
54389.390332406125    57.76727484583351     2.796017758878424      25    
54389.890332406125    59.46284943655867     2.80060570329183       25    
54390.390332406125    60.79781098777914     2.8072226616520153     25    
54390.890332406125    61.745442887609904    2.8158717456700826     25    
54391.390332406125    62.43829941816463     2.8256037577901467     25    
54391.890332406125    62.90608901298673     2.838939391979816      25    
54392.390332406125    63.19128092294226     2.8503318365598123     25    
54392.890332406125    63.40683893860692     2.87396632193925       25    
54393.390332406125    63.52204547881339     2.893665321825809      25    
54393.890332406125    63.54441730374265     2.7473260737061005     25    
54394.390332406125    63.48461422922211     2.337798270097779      25    
54394.890332406125    63.286488350253684    1.9574316027360144     25    
54395.390332406125    62.93870605577084     1.90234026134478       25    
54395.890332406125    62.42460743933478     1.9726443423067193     25    
54396.390332406125    61.69555726214799     1.9737041352556561     25    
54396.890332406125    60.768951608724244    1.962132538828371      25    
54397.390332406125    59.67669614190562     1.94808339288377       25    
54397.890332406125    58.404091055581425    1.9300920363829992     25    
54398.390332406125    57.02788417752502     1.9160011406726158     25    
54398.890332406125    55.561131777519705    1.912786225695313      25    
54399.390332406125    54.03383280538575     1.9113000148322195     25    
54399.890332406125    52.5095255169456      1.9123620284950125     25    
54400.390332406125    50.971929720715345    1.9087116470255965     25    
54400.890332406125    49.44396384869415     1.8243229636830773     25    
54401.390332406125    47.92788147931665     1.620268741194466      25    
54401.890332406125    46.4062054672792      1.443922247508776      25    
54402.390332406125    44.876798406288984    1.4151967621618804     25    
54402.890332406125    43.33403898412353     1.438353626548223      25    
54403.390332406125    41.76448203540252     1.4287259160941816     25    
54403.890332406125    40.17333582010327     1.4122314979117006     25    
54404.390332406125    38.568347722853986    1.3911847537580513     25    
54404.890332406125    36.94517532899334     1.3633889558883325     25    
54405.390332406125    35.32830887288225     1.3409188025023975     25    
54405.890332406125    33.72056548415969     1.3318597703036281     25    
54406.390332406125    32.13297745018087     1.3267784050230231     25    
54406.890332406125    30.58389045349376     1.3282052225967307     25    
54407.390332406125    29.069745073992646    1.326880452350916      25    
54407.890332406125    27.60639486204687     1.2470717350376417     25    
54408.390332406125    26.192026193150024    1.0497631010534332     25    
54408.890332406125    24.832885524942593    0.8722575759079215     25    
54409.390332406125    23.52989421659938     0.8408231623113702     25    
54409.890332406125    22.28623537083894     0.8636461742856798     25    
54410.390332406125    21.10822753750961     0.8588761453332024     25    
54410.890332406125    19.993594246183537    0.8524114430980609     25    
54411.390332406125    18.941356679825436    0.8413662196750458     25    
54411.890332406125    17.95298989904099     0.8241895133939467     25    
54412.390332406125    17.018769950202238    0.8117264512957788     25    
54412.890332406125    16.13800878043527     0.8101648236033945     25    
54413.390332406125    15.305966739361812    0.8117888556631847     25    
54413.890332406125    14.515559775416632    0.8110746720155741     25    
54414.390332406125    13.768323760140165    0.8091333694498319     25    
54414.890332406125    13.059097707572544    0.8047370265503369     25    
54415.390332406125    12.388170984148884    0.8032614923605067     25    
54415.890332406125    11.756189998204428    0.7638224567151246     25    
54416.390332406125    11.163124123666407    0.6309347636071797     25    
54416.890332406125    10.609126214153433    0.458962184525962      25    
54417.390332406125    10.095072259877778    0.3968771998523857     25    
54417.890332406125    9.620048903048144     0.4210516403656023     25    
54418.390332406125    9.181055397874157     0.42460723111980414    25    
54418.890332406125    8.779313137053201     0.4141499464049054     25    
54419.390332406125    8.407164611292272     0.40813190175574915    25    
54419.890332406125    8.06433566714709      0.4116959629020992     25    
54420.390332406125    7.746664591000918     0.4173640862565297     25    
54420.890332406125    7.4488993931537495    0.4198854073443845     25    
54421.390332406125    7.171889827580714     0.4205414074277892     25    
54421.890332406125    6.910363482322999     0.4153300235362218     25    
54422.390332406125    6.664938127103281     0.40315429583184403    25    
54422.890332406125    6.4344953878962095    0.3943324052862513     25    
54423.390332406125    6.218929220707416     0.393378318818418      25    
54423.890332406125    6.0175661493606185    0.3952416809034961     25    
54424.390332406125    5.829921602945906     0.3982079207258271     25    
54424.890332406125    5.655611887494027     0.4014552744838063     25    
54425.390332406125    5.4922095837729925    0.39701273929223907    25    
54425.890332406125    5.340474068239415     0.3842538003224299     25    
54426.390332406125    5.195687057535634     0.3738638374380721     25    
54426.890332406125    5.057827793000244     0.3695303863654651     25    
54427.390332406125    4.924144486412272     0.3680728808269553     25    
54427.890332406125    4.791136859771751     0.3694370588369465     25    
54428.390332406125    4.659841012742131     0.37245614162467744    25    
54428.890332406125    4.528583019910095     0.3727049582900349     25    
54429.390332406125    4.397018332167725     0.37195197168211624    25    
54429.890332406125    4.270478186428253     0.35652276841675       25    
54430.390332406125    4.148789559060296     0.3087060712511168     25    
54430.890332406125    4.035266837022065     0.25480873498436957    25    
54431.390332406125    3.9337339345399043    0.24245335723598702    25    
54431.890332406125    3.8431239791099476    0.25410257824228655    25    
54432.390332406125    3.7656804690591903    0.25509206572689797    25    
54432.890332406125    3.701682769780399     0.2487720894613533     25    
54433.390332406125    3.6450375345564465    0.24416152177227335    25    
54433.890332406125    3.5960667998200537    0.24326153699300837    25    
54434.390332406125    3.550759476025785     0.2440969474820959     25    
54434.890332406125    3.505149307216998     0.24696334581997217    25    
54435.390332406125    3.459868732801701     0.2505533664882937     25    
54435.890332406125    3.4108838919117694    0.24965482129768957    25    
54436.390332406125    3.3585080961287144    0.24447483019987168    25    
54436.890332406125    3.3053227276850063    0.24026141636087414    25    
54437.390332406125    3.2510525843357088    0.23754996955368676    25    
54437.890332406125    3.1976349137390354    0.23751484726133712    25    
54438.390332406125    3.1467546732017317    0.24337680565636322    25    
54438.890332406125    3.0982352531097126    0.2519847218870473     25    
54439.390332406125    3.0540897480874354    0.2570845506074855     25    
54439.890332406125    3.0140887494452744    0.25968067839235126    25    
54440.390332406125    2.9775400203936604    0.26004558658584387    25    
54440.890332406125    2.9445644757033085    0.2576946611636199     25    
54441.390332406125    2.9145409848790798    0.25394422891872354    25    
54441.890332406125    2.887049374343375     0.24958419655605804    25    
54442.390332406125    2.862022456104506     0.2446258152651148     25    
54442.890332406125    2.8386601224466315    0.24053026539853803    25    
54443.390332406125    2.8171329978176565    0.23711143241984914    25    
54443.890332406125    2.796582583540857     0.23459013217112662    25    
54444.390332406125    2.7770584735463077    0.23387997532830176    25    
54444.890332406125    2.757993470993028     0.23237463176932813    25    
54445.390332406125    2.7389847468182396    0.2258889002666822     25    
54445.890332406125    2.719949936335878     0.2183648978550659     25    
54446.390332406125    2.700097681161233     0.21812257212153338    25    
54446.890332406125    2.6795962837743184    0.22357113065782913    25    
54447.390332406125    2.657583140103069     0.2405664484064499     25    