55624.67160425143    2251.3942280068377    382.32315936287074    25    
55625.17160425143    2698.1816097627       383.29623911145865    25    
55625.67160425143    3179.228236383703     385.2854472891768     25    
55626.17160425143    3692.9223978212653    390.56373683707926    25    
55626.67160425143    4237.910368813917     395.97203578353054    25    
55627.17160425143    4812.454955749236     398.1269345521624     25    
55627.67160425143    5415.3251098658275    399.153742579312      25    
55628.17160425143    6044.663768114969     400.4730265449682     25    
55628.67160425143    6699.356944107798     401.62685439254454    25    
55629.17160425143    7377.433319486805     402.5422369135529     25    
55629.67160425143    8077.890356108164     403.3184692643215     25    
55630.17160425143    8798.648094433096     403.97725219067263    25    
55630.67160425143    9538.809830435268     404.738017980254      25    
55631.17160425143    10296.88856835685     403.146099618066      25    
55631.67160425143    11070.418196802484    405.976746051824      25    
55632.17160425143    11859.281577843358    430.4144837189245     25    
55632.67160425143    12651.452244346327    459.6970013874382     25    
55633.17160425143    13426.702932814685    470.26959633937014    25    
55633.67160425143    14175.29736228433     472.7754656456877     25    
55634.17160425143    14866.07631702374     476.6179643237888     25    
55634.67160425143    15494.843270315934    479.4802776794816     25    
55635.17160425143    16027.16996152088     480.11384952294475    25    
55635.67160425143    16474.66185713578     479.9208515514142     25    
55636.17160425143    16843.925406536506    482.7749328941069     25    
55636.67160425143    17143.327816186582    487.42173539296755    25    
55637.17160425143    17401.256917147646    493.27830706134       25    
55637.67160425143    17619.86693285141     499.0390964451747     25    
55638.17160425143    17829.226587215704    501.86419390583353    25    
55638.67160425143    18022.95663987031     498.8094262903079     25    
55639.17160425143    18200.051960248587    467.1986912893624     25    
55639.67160425143    18356.240953538585    415.48145211907575    25    
55640.17160425143    18472.737400055397    399.404281149645      25    
55640.67160425143    18549.079920260792    409.0768417947425     25    
55641.17160425143    18565.78819302208     410.7035671042115     25    
55641.67160425143    18526.725852972573    409.0505693517605     25    
55642.17160425143    18437.161956052754    407.2219004212452     25    
55642.67160425143    18299.46805479947     405.4054821270271     25    
55643.17160425143    18134.258265861266    407.54778734590775    25    
55643.67160425143    17941.5887926923      412.48487704520215    25    
55644.17160425143    17742.205229467672    413.5872698704926     25    
55644.67160425143    17534.413441079563    411.1648345291958     25    
55645.17160425143    17320.91537412309     400.1240403375496     25    
55645.67160425143    17100.843418613986    381.17196360449344    25    
55646.17160425143    16864.789376589153    373.38784391881296    25    
55646.67160425143    16612.864726976946    376.0217235702689     25    
55647.17160425143    16336.009208439586    376.266607993468      25    
55647.67160425143    16034.547412566357    374.52543858171174    25    
55648.17160425143    15708.650089284965    371.6186100172455     25    
55648.67160425143    15358.31921993431     367.5219017924505     25    
55649.17160425143    14990.433063132616    366.85391968460755    25    
55649.67160425143    14604.887513072124    369.7722721190733     25    
55650.17160425143    14208.132796030322    371.6002066878431     25    
55650.67160425143    13799.980833734682    372.8317804009857     25    
55651.17160425143    13389.280855778128    355.1252139329366     25    
55651.67160425143    12975.825815971755    311.85360544415096    25    
55652.17160425143    12570.38924491252     286.04954143257356    25    
55652.67160425143    12172.95990131647     287.8596943605713     25    
55653.17160425143    11794.161173347093    289.09543574678617    25    
55653.67160425143    11434.869057047801    287.53872513920464    25    
55654.17160425143    11097.044418771193    284.3641982161        25    
55654.67160425143    10781.647525179766    278.88146309692695    25    
55655.17160425143    10483.12421503794     275.6718568744458     25    
55655.67160425143    10201.383068242609    275.84010380861133    25    
55656.17160425143    9931.566468158826     275.83582611331593    25    
55656.67160425143    9673.02862621787      275.1899666577666     25    
55657.17160425143    9424.134405849396     274.02595373630896    25    
55657.67160425143    9184.241895336654     273.02853132033357    25    
55658.17160425143    8954.727393855632     266.78701440452306    25    
55658.67160425143    8735.648958280597     251.27831830485638    25    
55659.17160425143    8528.049455368973     240.77244380353088    25    
55659.67160425143    8332.626228652594     241.59962015115357    25    
55660.17160425143    8147.239386502354     242.16057887393384    25    
55660.67160425143    7972.438744526792     238.73075950038836    25    
55661.17160425143    7802.843536280712     237.39080988217341    25    
55661.67160425143    7637.758337820265     240.61984495879565    25    
55662.17160425143    7472.36696451608      243.2140165125944     25    
55662.67160425143    7304.697475721995     243.85118821745345    25    
55663.17160425143    7134.8568954804205    242.18576840727502    25    
55663.67160425143    6961.166690818655     237.7308627024169     25    
55664.17160425143    6789.172956220808     230.24887516143187    25    
55664.67160425143    6619.9208636751255    216.9616071624458     25    
55665.17160425143    6457.946588902147     206.89461888140679    25    
55665.67160425143    6305.840789267355     207.98117567230057    25    
55666.17160425143    6163.384845448745     209.27676423084293    25    
55666.67160425143    6032.690361402484     204.4572383657049     25    
55667.17160425143    5907.920255235458     200.26513125942853    25    
55667.67160425143    5787.363525439527     200.2426864009859     25    
55668.17160425143    5666.455786643223     201.64464544393726    25    
55668.67160425143    5541.910848386743     204.2275052371695     25    
55669.17160425143    5412.963995752133     205.63766206152172    25    
55669.67160425143    5276.876174485874     205.57619078523916    25    
55670.17160425143    5137.627761821445     199.32066997202105    25    
55670.67160425143    4996.726252643217     175.70214166500176    25    
55671.17160425143    4856.905206723574     150.264780841339      25    
55671.67160425143    4720.774671399803     147.00758725328504    25    
55672.17160425143    4589.245502694284     149.82363394481573    25    
55672.67160425143    4464.581997861364     145.87283063409714    25    
55673.17160425143    4345.408977803637     142.0430489973047     25    
55673.67160425143    4231.315441353192     142.04986830734285    25    
55674.17160425143    4121.618202682278     143.94542772858145    25    
55674.67160425143    4015.397000661304     147.66508788984578    25    
55675.17160425143    3912.5061956912823    150.6852422205467     25    
55675.67160425143    3812.1853556779915    148.9508033015023     25    
55676.17160425143    3714.9284883756395    144.93818007423314    25    
55676.67160425143    3621.015351702835     141.72917330796366    25    
55677.17160425143    3530.6886883949255    135.96214206692858    25    
55677.67160425143    3444.448450610424     119.12920302285272    25    
55678.17160425143    3362.323730490069     97.69939473602291     25    
55678.67160425143    3284.7141027730554    92.19791703141607     25    
55679.17160425143    3211.371068129131     94.77930723957252     25    
55679.67160425143    3142.076838300679     93.75922692970983     25    
55680.17160425143    3076.7171531609724    92.3035891558307      25    
55680.67160425143    3014.9726526158524    90.83812046129404     25    
55681.17160425143    2956.7653755391398    89.4970475503504      25    
55681.67160425143    2901.7658500714156    88.85228727104928     25    
55682.17160425143    2849.906957504214     88.76816416831525     25    
55682.67160425143    2800.848756045192     87.95687991796173     25    
55683.17160425143    2754.534224434023     88.87931965615941     25    
55683.67160425143    2710.613695915006     100.12791414025958    25    
55684.17160425143    2669.0395017063843    114.35891154689536    25    
55684.67160425143    2629.4529950586766    119.1048152363174     25    
55685.17160425143    2591.8151146991218    120.16573835749791    25    
55685.67160425143    2555.7589788540326    125.5650960590981     25    