53997.0354025404    7.67506793118815      1.5507855820377754     25    
53997.5354025404    9.058835910455283     1.5341801037744631     25    
53998.0354025404    10.556191791955973    1.5416002358359182     25    
53998.5354025404    12.166649017558505    1.6795036875304572     25    
53999.0354025404    13.89031578600353     1.8995346671381357     25    
53999.5354025404    15.726592967334001    2.024601922657839      25    
54000.0354025404    17.675553486827226    2.0356477236152073     25    
54000.5354025404    19.736777125442977    2.0211186336234124     25    
54001.0354025404    21.910018467923447    2.0261153343660374     25    
54001.5354025404    24.195214284944576    2.030450684161679      25    
54002.0354025404    26.591824302788652    2.033477700853907      25    
54002.5354025404    29.099975162319005    2.0352968072962256     25    
54003.0354025404    31.719084564919285    2.036122678039968      25    
54003.5354025404    34.44917333106269     2.0357047039634386     25    
54004.0354025404    37.28989599647091     2.0349614601637946     25    
54004.5354025404    40.24431292538992     2.031645992602012      25    
54005.0354025404    43.30802677684643     2.0295958976462707     25    
54005.5354025404    46.473643360868365    2.0468611727028394     25    
54006.0354025404    49.7600106763693      2.0851902919168412     25    
54006.5354025404    53.03951591148647     2.1180005501864874     25    
54007.0354025404    56.31530386522792     2.134795643804881      25    
54007.5354025404    59.50086953654412     2.1462622030367595     25    
54008.0354025404    62.47463283500633     2.1590576968222583     25    
54008.5354025404    65.25886017009302     2.170758514239951      25    
54009.0354025404    67.69487859504443     2.1775122685727815     25    
54009.5354025404    69.77307375622156     2.1776501014368717     25    
54010.0354025404    71.54952348462908     2.1789381332891673     25    
54010.5354025404    73.00830176033216     2.1854119363404165     25    
54011.0354025404    74.20841508787998     2.1944276976271975     25    
54011.5354025404    75.25083234621677     2.2065295546632724     25    
54012.0354025404    76.11345016112337     2.2213342505602105     25    
54012.5354025404    76.91299274898344     2.2312602763320752     25    
54013.0354025404    77.662937473392       2.2577056234466824     25    
54013.5354025404    78.34293201054052     2.222389589625761      25    
54014.0354025404    78.96728962789628     2.0070047426649826     25    
54014.5354025404    79.5101713403058      1.69084235453911       25    
54015.0354025404    79.9149419343388      1.5470110632702336     25    
54015.5354025404    80.19438391957846     1.5821244842408162     25    
54016.0354025404    80.29230688736001     1.6156067347613066     25    
54016.5354025404    80.19129414672406     1.6131163548506653     25    
54017.0354025404    79.91561484043245     1.6072999412228177     25    
54017.5354025404    79.46454110550158     1.5993680509848567     25    
54018.0354025404    78.85101011041887     1.5904112135721329     25    
54018.5354025404    78.1329567635187      1.5893536385684237     25    
54019.0354025404    77.29778106178259     1.5969558633849215     25    
54019.5354025404    76.3986233397657      1.600398203856518      25    
54020.0354025404    75.45065252990148     1.583982190361795      25    
54020.5354025404    74.45198490630301     1.5783326681796612     25    
54021.0354025404    73.41825240841352     1.6288044449463963     25    
54021.5354025404    72.34307023126081     1.709856861913977      25    
54022.0354025404    71.21436875285794     1.7536292411112486     25    
54022.5354025404    70.03417598134462     1.7591977833791095     25    
54023.0354025404    68.79383103504227     1.7549718381770811     25    
54023.5354025404    67.48493588244554     1.7500841906542504     25    
54024.0354025404    66.11731645680297     1.7406292665360743     25    
54024.5354025404    64.69795458952831     1.7275662043346411     25    
54025.0354025404    63.226053942691614    1.7108810101392076     25    
54025.5354025404    61.732003543707194    1.7013790891534293     25    
54026.0354025404    60.21146720789817     1.702475514272356      25    
54026.5354025404    58.68637775810748     1.7038323865152472     25    
54027.0354025404    57.169319609127264    1.712401254532987      25    
54027.5354025404    55.661057055500414    1.7084011789133018     25    
54028.0354025404    54.18043574335328     1.625907852803634      25    
54028.5354025404    52.723464045567404    1.4587367284062795     25    
54029.0354025404    51.302658858202165    1.340827538903469      25    
54029.5354025404    49.91728896763799     1.3374250704787392     25    
54030.0354025404    48.574987268894915    1.363095009803653      25    
54030.5354025404    47.28437454611404     1.3624783218464775     25    
54031.0354025404    46.0423099573175      1.3578454491420748     25    
54031.5354025404    44.851033650120606    1.3485494849032453     25    
54032.0354025404    43.71136625928927     1.333236728925074      25    
54032.5354025404    42.613980721969774    1.323936327869932      25    
54033.0354025404    41.55864310644445     1.3275272685508486     25    
54033.5354025404    40.540828525632755    1.3340107842174909     25    
54034.0354025404    39.553814694018264    1.3353224621143025     25    
54034.5354025404    38.59931829253854     1.3338844749337857     25    
54035.0354025404    37.67321930081099     1.3298306763298628     25    
54035.5354025404    36.77532522713873     1.32911407733689       25    
54036.0354025404    35.90765108050808     1.2989105232858014     25    
54036.5354025404    35.07044742388619     1.1957551500656356     25    
54037.0354025404    34.26426276758526     1.0702005959497023     25    
54037.5354025404    33.49149407595698     1.0237551891737469     25    
54038.0354025404    32.75120829971418     1.0369137897312735     25    
54038.5354025404    32.03732663162899     1.0400901969189102     25    
54039.0354025404    31.35296546461292     1.0258818896016653     25    
54039.5354025404    30.685000782566174    1.014963053060092      25    
54040.0354025404    30.028562454261913    1.0173857566280595     25    
54040.5354025404    29.380686237958585    1.0250700321434278     25    
54041.0354025404    28.726473035255648    1.0294473973520362     25    
54041.5354025404    28.06886872817043     1.0323792816389392     25    
54042.0354025404    27.40591925604314     1.0285253443006248     25    
54042.5354025404    26.733104425325326    1.0203772252655312     25    
54043.0354025404    26.063452702643584    0.9975363610614446     25    
54043.5354025404    25.40385101506845     0.9368418819075103     25    
54044.0354025404    24.755407119089266    0.8550739283255453     25    
54044.5354025404    24.134211772852293    0.8159318154215585     25    
54045.0354025404    23.53786593316504     0.8218725003391296     25    
54045.5354025404    22.97006925949542     0.8264819551692999     25    
54046.0354025404    22.435759851765535    0.8150830713708525     25    
54046.5354025404    21.924975616940355    0.8032774789408336     25    
54047.0354025404    21.430595785268476    0.799898071207144      25    
54047.5354025404    20.953038496693864    0.8014189175989335     25    
54048.0354025404    20.47855890346984     0.8040973220344798     25    
54048.5354025404    20.008585136201436    0.8091972842347392     25    
54049.0354025404    19.53926602135075     0.8104574191734124     25    
54049.5354025404    19.06599738792493     0.8151948393005948     25    
54050.0354025404    18.59512638861152     0.8030579346555924     25    
54050.5354025404    18.13231479151443     0.7238842401863912     25    
54051.0354025404    17.676588438642312    0.5757142764725616     25    
54051.5354025404    17.237518287319908    0.47286687322850035    25    
54052.0354025404    16.814549933133083    0.47471335451729146    25    
54052.5354025404    16.410764600730495    0.49485040680880016    25    
54053.0354025404    16.029808075803846    0.48777174893149877    25    
54053.5354025404    15.668489475686181    0.47851595223460114    25    
54054.0354025404    15.323770472309413    0.4738817823024371     25    
54054.5354025404    14.996362005953346    0.47259315545388936    25    
54055.0354025404    14.681466201953961    0.4737790666191108     25    
54055.5354025404    14.379151965321176    0.47906915913479126    25    
54056.0354025404    14.087594241760785    0.48290051165690784    25    
54056.5354025404    13.804614572567274    0.4799727166734347     25    
54057.0354025404    13.531213058686276    0.47355080305918523    25    
54057.5354025404    13.267586928835515    0.46906360195108276    25    
54058.0354025404    13.013649733987972    0.46712284650014624    25    
54058.5354025404    12.770091958424072    0.45216923183277824    25    
54059.0354025404    12.537067484479653    0.4084550919681496     25    
54059.5354025404    12.314520700126295    0.36063633167164794    25    
54060.0354025404    12.102789204509337    0.3469681388653381     25    
54060.5354025404    11.901540470500224    0.35413055192099757    25    
54061.0354025404    11.709569949868422    0.35548862747689974    25    
54061.5354025404    11.527167336503432    0.35227282601834803    25    
54062.0354025404    11.353027795709297    0.348381617913888      25    
54062.5354025404    11.186992346819567    0.3439070772291586     25    
54063.0354025404    11.028485247335881    0.3394131560698191     25    
54063.5354025404    10.876497815657407    0.336106638017568      25    
54064.0354025404    10.73120828722433     0.33368313463663923    25    
54064.5354025404    10.591187980681072    0.3319918047776261     25    
54065.0354025404    10.45669196848193     0.3296400736280318     25    
54065.5354025404    10.326567061024146    0.3328180873134912     25    
54066.0354025404    10.200440528772837    0.34809635441648973    25    
54066.5354025404    10.077959544124322    0.36632681640621834    25    
54067.0354025404    9.957958205761175     0.3745600041106075     25    
54067.5354025404    9.840697089105278     0.37623316701698306    25    
54068.0354025404    9.724749237111078     0.3848144833833175     25    