55391.112888914155    129.87613940673754    75.34825943331101     25    
55391.612888914155    165.188326365061      73.46824633886902     25    
55392.112888914155    206.15416582163184    81.15953064903302     25    
55392.612888914155    253.23679198246458    114.63457998199824    25    
55393.112888914155    306.7432326397984     142.5499725252913     25    
55393.612888914155    367.20971625767095    148.56984935373325    25    
55394.112888914155    434.8741435293898     147.35896327272994    25    
55394.612888914155    510.33790285883117    148.65275397968932    25    
55395.112888914155    593.7777021585551     149.79849124823687    25    
55395.612888914155    685.8521554540976     150.5944698935054     25    
55396.112888914155    786.6847121954479     151.12949987496097    25    
55396.612888914155    896.9832777116206     151.42807651442092    25    
55397.112888914155    1016.8259773082196    151.6330332243752     25    
55397.612888914155    1147.2127391096317    152.4480136090961     25    
55398.112888914155    1287.8057444961073    153.40087425623832    25    
55398.612888914155    1439.410825377016     151.6562620122985     25    
55399.112888914155    1600.1652850051496    148.47886179339724    25    
55399.612888914155    1759.2456546502885    150.68302995572105    25    
55400.112888914155    1916.3026246797638    156.95034396078853    25    
55400.612888914155    2055.3686304983844    162.12917629536025    25    
55401.112888914155    2177.0001888656648    166.46998138078658    25    
55401.612888914155    2266.2578257842547    168.96122190135844    25    
55402.112888914155    2323.5054719982813    169.57227438929044    25    
55402.612888914155    2353.5735850802457    170.8001991561266     25    
55403.112888914155    2355.859451335264     172.6995933041065     25    
55403.612888914155    2343.315014270623     174.94830471269802    25    
55404.112888914155    2315.8031290577483    177.82775362433694    25    
55404.612888914155    2284.5259422620147    178.45883584193393    25    
55405.112888914155    2250.9283714978283    176.91219478455346    25    
55405.612888914155    2215.10812387605      168.90449249571444    25    
55406.112888914155    2178.0509675086655    149.58417742342786    25    
55406.612888914155    2135.390192886818     135.35149138736284    25    
55407.112888914155    2086.7320508571725    135.68237149764445    25    
55407.612888914155    2029.1168360485954    136.70415468922664    25    
55408.112888914155    1960.740422487554     134.36361221247952    25    
55408.612888914155    1884.7283546484357    131.07965126702751    25    
55409.112888914155    1800.6575130245744    126.37287371439425    25    
55409.612888914155    1713.7881339047422    122.48919423516764    25    
55410.112888914155    1625.7423759018643    121.52186457900395    25    
55410.612888914155    1540.3040122538298    120.83391925782801    25    
55411.112888914155    1460.6706473099975    119.62768252210323    25    
55411.612888914155    1386.1098304604495    116.1281931062176     25    
55412.112888914155    1317.7866050964706    105.66287143770043    25    
55412.612888914155    1253.5695348951863    94.52462867954247     25    
55413.112888914155    1192.0882810201836    92.65324788054077     25    
55413.612888914155    1132.361338530324     93.72520518914664     25    
55414.112888914155    1072.2891594297132    91.85405024327376     25    
55414.612888914155    1012.5576029324043    89.24418688741696     25    
55415.112888914155    952.7917371693445     86.11463091371324     25    
55415.612888914155    893.9628847287345     83.4861403156327      25    
55416.112888914155    837.5882285876469     84.78854950775123     25    
55416.612888914155    783.9793877384614     87.68067662205299     25    
55417.112888914155    735.0574199190294     88.68527507692369     25    
55417.612888914155    690.3562304087912     87.75229582017391     25    
55418.112888914155    650.04529418674       80.21589421006797     25    
55418.612888914155    613.6637313699059     67.50905857558887     25    
55419.112888914155    579.556482689976      61.90785333466909     25    
55419.612888914155    547.6796143805411     62.08218766987882     25    
55420.112888914155    516.1955247100097     61.05563659414188     25    
55420.612888914155    485.30720430940255    59.51887774697284     25    
55421.112888914155    454.6569906829815     56.31927667856167     25    
55421.612888914155    424.35396592088466    51.546240324384684    25    
55422.112888914155    395.5648589827996     49.748909061505415    25    
55422.612888914155    368.2537379816051     50.954754873521196    25    
55423.112888914155    343.6028396443094     52.021528969731975    25    
55423.612888914155    321.6094594822499     53.00770791738795     25    
55424.112888914155    302.3819943813833     52.42888827982179     25    
55424.612888914155    286.0045151697501     50.12596277944675     25    
55425.112888914155    271.4833164906141     46.44811151519743     25    
55425.612888914155    258.83109281475885    40.61099294396381     25    
55426.112888914155    247.13066028246877    36.69283746407488     25    
55426.612888914155    236.29599807606712    36.78952200669046     25    
55427.112888914155    225.89110458786655    35.98231097183658     25    
55427.612888914155    215.78990792759873    32.556768450647866    25    
55428.112888914155    206.04827989599517    29.995716302612067    25    
55428.612888914155    196.65643801489608    29.942758219223794    25    
55429.112888914155    187.62209160492762    30.190676241773833    25    
55429.612888914155    178.91565954102217    30.23570123442533     25    
55430.112888914155    170.65975350466002    29.686266363710832    25    
55430.612888914155    162.84042794599745    27.445402801176893    25    
55431.112888914155    155.69958111858674    26.133454558471634    25    
55431.612888914155    149.3228611743928     28.075102888747967    25    
55432.112888914155    143.89767522075104    30.376607306850183    25    
55432.612888914155    139.64407485935277    32.10300366084935     25    
55433.112888914155    136.4007827834125     32.68160898084899     25    
55433.612888914155    134.26745356482127    30.35349841568906     25    
55434.112888914155    132.76423069153233    27.22077668098692     25    
55434.612888914155    131.48847209061046    26.03834292060986     25    
55435.112888914155    130.15622413586806    25.855830559489984    25    
55435.612888914155    128.14432697140342    26.638217541485858    25    
55436.112888914155    125.53023672919329    27.52581669943351     25    
55436.612888914155    121.95957275235196    26.740529544546092    25    
55437.112888914155    117.79589125901454    25.083459033153627    25    
55437.612888914155    113.5643850969856     23.16192485010496     25    
55438.112888914155    109.38858339463019    21.28758267693323     25    
55438.612888914155    105.98757542665325    21.531788196042104    25    
55439.112888914155    103.28978631494077    23.047190252448857    25    
55439.612888914155    101.68952195697591    24.124319186865986    25    
55440.112888914155    101.00329749566883    25.192820983551485    25    
55440.612888914155    100.70545328739179    27.11439061774936     25    
55441.112888914155    100.77598466685045    29.380843699293084    25    
55441.612888914155    100.56248730810779    30.023607660563098    25    
55442.112888914155    100.10431408768692    29.35909973021312     25    
55442.612888914155    99.01801089817572     27.09265232261577     25    
55443.112888914155    97.33946337177517     22.97829073963061     25    
55443.612888914155    95.39444406306072     22.572216048688116    25    
55444.112888914155    93.17170694348559     25.896806142870282    25    
55444.612888914155    91.05252917172838     31.133452556929317    25    
55445.112888914155    89.03342692200273     37.64572677073826     25    
55445.612888914155    87.36154998622591     41.66508399797869     25    
55446.112888914155    86.06495686818515     43.71619312364707     25    
55446.612888914155    85.06430157403653     43.92667343429742     25    
55447.112888914155    84.36581718701623     42.12148835046457     25    
55447.612888914155    83.8789781988231      39.33066614582249     25    
55448.112888914155    83.60037784421934     35.38141658557725     25    
55448.612888914155    83.44883146283223     31.02949534810791     25    
55449.112888914155    83.4171670711965      26.3651617153948      25    
55449.612888914155    83.42838943805702     21.792175468587153    25    
55450.112888914155    83.47071293994105     17.50907799739981     25    
55450.612888914155    83.472180196491       14.968169987808597    25    
55451.112888914155    83.41554352244621     14.099199657935674    25    
55451.612888914155    83.23473181012723     19.985525514989153    25    
55452.112888914155    82.90618689070543     27.991515905364352    25    
55452.612888914155    82.37057235095922     42.236034018233454    25    