#Date  :
#Flux  :
#Fluxerr  :
#ZP  :
#end  :
@INSTRUMENT  SDSS
@BAND  SDSS_r
@MAGSYS  AB
53774.748832  0.0  2.9333806269295595  25.0
53779.735176999995  0.0  2.9333806269295595  25.0
53784.72152199999  0.0  2.9333806269295595  25.0
53789.70786699999  0.0  2.9333806269295595  25.0
53794.69421199999  0.0  2.9333806269295595  25.0
53799.680556999985  0.0  2.9333806269295595  25.0
53804.66690199998  0.0  2.9333806269295595  25.0
53809.65324699998  0.0  2.9333806269295595  25.0
53814.63959199998  0.0  2.9333806269295595  25.0
53819.625936999975  0.0  2.9333806269295595  25.0
53824.61228199997  0.0  2.9333806269295595  25.0
53829.59862699997  0.0  2.9333806269295595  25.0
53834.58497199997  0.0  2.9333806269295595  25.0
53839.571316999965  0.0  2.9333806269295595  25.0
53844.55766199996  0.0  2.9333806269295595  25.0
53849.54400699996  0.0  2.9333806269295595  25.0
53854.53035199996  0.0  2.9333806269295595  25.0
53859.516696999955  0.0  2.9333806269295595  25.0
53864.50304199995  0.0  2.9333806269295595  25.0
53869.48938699995  0.0  2.9333806269295595  25.0
53874.47573199995  0.0  2.9333806269295595  25.0
53879.462076999946  0.0  2.9333806269295595  25.0
53884.44842199994  0.0  2.9333806269295595  25.0
53889.43476699994  0.0  2.9333806269295595  25.0
53894.42111199994  0.0  2.9333806269295595  25.0
53899.407456999936  0.0  2.9333806269295595  25.0
53904.39380199993  0.0  2.9333806269295595  25.0
53909.38014699993  0.0  2.9333806269295595  25.0
53914.36649199993  0.0  2.9333806269295595  25.0
53919.352836999926  0.0  2.9333806269295595  25.0
53924.33918199992  0.0  2.9333806269295595  25.0
53929.32552699992  0.0  2.9333806269295595  25.0
53934.31187199992  0.0  2.9333806269295595  25.0
53939.298216999916  0.0  2.9333806269295595  25.0
53944.28456199991  0.0  2.9333806269295595  25.0
53949.27090699991  0.0  2.9333806269295595  25.0
53954.25725199991  0.0  2.9333806269295595  25.0
53959.243596999906  0.0  2.9333806269295595  25.0
53964.2299419999  0.0  2.9333806269295595  25.0
53974.202632  3.222045074752993  2.0943292985894457  25.0
53989.210315  80.8535372427351  2.977367590407416  25.0
53995.199271  97.92597744257816  2.826162403452284  25.0
53997.177545  91.02552254698942  2.823413218234918  25.0
54005.148851  70.68155193848077  2.580110326498024  25.0
54007.161669  66.88767633851563  2.96087247910322  25.0
54009.158598  61.196862938567946  3.219295889535627  25.0
54011.223006  55.01119619949437  3.840611748660351  25.0
54019.172566  36.86657376487853  2.809667292148088  25.0
54025.220964  26.845793647579335  2.760181958235499  25.0
54029.151114  23.54127301630536  2.532274503715855  25.0
54031.137584  22.45809404066314  2.627121393714983  25.0
54036.141923  14.99130699029699  2.9333806269295595  25.0
54039.139987  13.732180160743345  4.088038418223294  25.0
54048.133708  18.27933251026677  3.491465226054865  25.0
54052.137595  11.42561376337324  3.3210157425781706  25.0
54054.156094  13.339046674660004  5.608337843426712  25.0
54055.133302  12.11291006771475  3.125823592145182  25.0
54058.131362  8.53622009992154  2.98836433127688  25.0
54060.153262  14.620166985952574  2.5506940446722073  25.0
54063.121563  12.838694965099384  2.850905070408578  25.0
