#Date  :
#Flux  :
#Fluxerr  :
#ZP  :
#end  :
@INSTRUMENT  PS
@BAND  PS_z
@MAGSYS  AB
54882.9446375  0.0  1.4705365608858185  25.0
54887.930982499995  0.0  1.4705365608858185  25.0
54892.91732749999  0.0  1.4705365608858185  25.0
54897.90367249999  0.0  1.4705365608858185  25.0
54902.89001749999  0.0  1.4705365608858185  25.0
54907.876362499985  0.0  1.4705365608858185  25.0
54912.86270749998  0.0  1.4705365608858185  25.0
54917.84905249998  0.0  1.4705365608858185  25.0
54922.83539749998  0.0  1.4705365608858185  25.0
54927.821742499975  0.0  1.4705365608858185  25.0
54932.80808749997  0.0  1.4705365608858185  25.0
54937.79443249997  0.0  1.4705365608858185  25.0
54942.78077749997  0.0  1.4705365608858185  25.0
54947.767122499965  0.0  1.4705365608858185  25.0
54952.75346749996  0.0  1.4705365608858185  25.0
54957.73981249996  0.0  1.4705365608858185  25.0
54962.72615749996  0.0  1.4705365608858185  25.0
54967.712502499955  0.0  1.4705365608858185  25.0
54972.69884749995  0.0  1.4705365608858185  25.0
54977.68519249995  0.0  1.4705365608858185  25.0
54982.67153749995  0.0  1.4705365608858185  25.0
54987.657882499945  0.0  1.4705365608858185  25.0
54992.64422749994  0.0  1.4705365608858185  25.0
54997.63057249994  0.0  1.4705365608858185  25.0
55002.61691749994  0.0  1.4705365608858185  25.0
55007.603262499935  0.0  1.4705365608858185  25.0
55012.58960749993  0.0  1.4705365608858185  25.0
55017.57595249993  0.0  1.4705365608858185  25.0
55022.56229749993  0.0  1.4705365608858185  25.0
55027.548642499925  0.0  1.4705365608858185  25.0
55032.53498749992  0.0  1.4705365608858185  25.0
55037.52133249992  0.0  1.4705365608858185  25.0
55042.50767749992  0.0  1.4705365608858185  25.0
55047.494022499915  0.0  1.4705365608858185  25.0
55052.48036749991  0.0  1.4705365608858185  25.0
55057.46671249991  0.0  1.4705365608858185  25.0
55062.45305749991  0.0  1.4705365608858185  25.0
55067.439402499906  0.0  1.4705365608858185  25.0
55072.4257474999  0.0  1.4705365608858185  25.0
55077.4120924999  0.0  1.4705365608858185  25.0
55082.3984374999  0.0  1.4705365608858185  25.0
55087.384782499896  0.0  1.4705365608858185  25.0
55092.37112749989  0.0  1.4705365608858185  25.0
55097.35747249989  0.0  1.4705365608858185  25.0
55102.34381749989  0.0  1.4705365608858185  25.0
55107.330162499886  0.0  1.4705365608858185  25.0
55112.31650749988  0.0  1.4705365608858185  25.0
55117.30285249988  0.0  1.4705365608858185  25.0
55122.28919749988  0.0  1.4705365608858185  25.0
55127.275542499876  0.0  1.4705365608858185  25.0
55132.26188749987  0.0  1.4705365608858185  25.0
55137.24823249987  0.0  1.4705365608858185  25.0
55142.23457749987  0.0  1.4705365608858185  25.0
55147.220922499866  0.0  1.4705365608858185  25.0
55152.20726749986  0.0  1.4705365608858185  25.0
55157.19361249986  0.0  1.4705365608858185  25.0
55162.17995749986  0.0  1.4705365608858185  25.0
55167.166302499856  0.0  1.4705365608858185  25.0
55172.15264749985  0.0  1.4705365608858185  25.0
55177.13899249985  0.0  1.4705365608858185  25.0
55182.12533749985  0.0  1.4705365608858185  25.0
55187.111682499846  0.0  1.4705365608858185  25.0
55192.098027499844  0.0  1.4705365608858185  25.0
55197.08437249984  0.0  1.4705365608858185  25.0
55202.07071749984  0.0  1.4705365608858185  25.0
55207.057062499836  0.0  1.4705365608858185  25.0
55212.043407499834  0.0  1.4705365608858185  25.0
55217.02975249983  0.0  1.4705365608858185  25.0
55222.01609749983  0.0  1.4705365608858185  25.0
55227.00244249983  0.0  1.4705365608858185  25.0
55231.988787499824  0.0  1.4705365608858185  25.0
55236.97513249982  0.0  1.4705365608858185  25.0
55241.96147749982  0.0  1.4705365608858185  25.0
55246.94782249982  0.0  1.4705365608858185  25.0
55251.934167499814  0.0  1.4705365608858185  25.0
55256.92051249981  0.0  1.4705365608858185  25.0
55261.90685749981  0.0  1.4705365608858185  25.0
55266.89320249981  0.0  1.4705365608858185  25.0
55271.879547499804  0.0  1.4705365608858185  25.0
55276.8658924998  0.0  1.4705365608858185  25.0
55281.8522374998  0.0  1.4705365608858185  25.0
55286.8385824998  0.0  1.4705365608858185  25.0
55291.824927499794  0.0  1.4705365608858185  25.0
55296.81127249979  0.0  1.4705365608858185  25.0
55301.79761749979  0.0  1.4705365608858185  25.0
55306.78396249979  0.0  1.4705365608858185  25.0
55311.770307499784  0.0  1.4705365608858185  25.0
55316.75665249978  0.0  1.4705365608858185  25.0
55321.74299749978  0.0  1.4705365608858185  25.0
55326.72934249978  0.0  1.4705365608858185  25.0
55331.715687499775  0.0  1.4705365608858185  25.0
55336.70203249977  0.0  1.4705365608858185  25.0
55341.68837749977  0.0  1.4705365608858185  25.0
55346.67472249977  0.0  1.4705365608858185  25.0
55351.661067499765  0.0  1.4705365608858185  25.0
55356.64741249976  0.0  1.4705365608858185  25.0
55361.63375749976  0.0  1.4705365608858185  25.0
55366.62010249976  0.0  1.4705365608858185  25.0
55371.606447499755  0.0  1.4705365608858185  25.0
55376.59279249975  0.0  1.4705365608858185  25.0
55381.57913749975  0.0  1.4705365608858185  25.0
55386.56548249975  0.0  1.4705365608858185  25.0
55391.551827499745  0.0  1.4705365608858185  25.0
55396.53817249974  0.0  1.4705365608858185  25.0
55401.52451749974  0.0  1.4705365608858185  25.0
55406.51086249974  0.0  1.4705365608858185  25.0
55411.497207499735  0.0  1.4705365608858185  25.0
55416.48355249973  0.0  1.4705365608858185  25.0
55421.46989749973  0.0  1.4705365608858185  25.0
55426.45624249973  0.0  1.4705365608858185  25.0
55431.442587499725  0.0  1.4705365608858185  25.0
55436.42893249972  0.0  1.4705365608858185  25.0
55441.41527749972  0.0  1.4705365608858185  25.0
55446.40162249972  0.0  1.4705365608858185  25.0
55451.387967499715  0.0  1.4705365608858185  25.0
55456.37431249971  0.0  1.4705365608858185  25.0
55461.36065749971  0.0  1.4705365608858185  25.0
55082.3984375  3.2210211946933147  3.604660550803437  25.0
55091.3984375  0.21680987456508774  2.36173516467354  25.0
55094.5  -17.28184806814438  14.377303983439102  25.0
55097.5  -3.9668940058129643  2.6735958113631644  25.0
55103.3984375  -5.197643608118244  2.0770739878164286  25.0
55195.19921875  -1.8686105820669427  1.2683574185756152  25.0
55202.19921875  -0.09505070774426728  1.1501332377306677  25.0
55388.6015625  0.9386257455589851  1.283871892934904  25.0
55412.5  -0.5750175025725833  0.922031180979325  25.0
55415.6015625  0.09446155219408278  2.132454691472297  25.0
55427.6015625  0.2533376240260587  0.9959703517726503  25.0
55439.5  -0.21131107382269435  0.9257625209239166  25.0
55442.6015625  0.09642540792986563  1.4898806077752  25.0
55445.5  -1.1581850322007732  1.313624379906136  25.0
55448.5  -0.08267840607388213  1.3094020643220952  25.0
55451.5  -0.4601318249742511  1.9640540738344203  25.0
55457.3984375  0.36508112308273555  1.6028023828157354  25.0
55466.3984375  -0.26237136977506265  1.4742679008304103  25.0
55475.30078125  3.7343732619506067  1.8914895037299138  25.0
55478.30078125  6.964624761207956  1.8991484615020429  25.0
55481.30078125  16.051098840415214  1.7361482949660236  25.0
55484.19921875  14.523021582720842  1.224465245221969  25.0
55487.30078125  14.749553229120561  4.809094682901686  25.0
55499.30078125  23.01258090803936  1.818826794683934  25.0
55502.30078125  20.505226844889723  1.2297676510263815  25.0
55508.30078125  16.3469540371061  2.183416895305206  25.0
55535.19921875  12.669238408778849  1.4705365608858185  25.0
55766.6015625  -0.23527013252805082  0.8199105890745884  25.0
55769.6015625  0.18528996191256447  0.8136262319912776  25.0
55775.6015625  0.4815378665408884  1.0348547234343592  25.0
55781.6015625  -4.182525861915271  3.0070588243243863  25.0
55793.6015625  -0.21219481592709874  0.7540231191073405  25.0
55805.6015625  -2.4201598611075767  2.0703967940351418  25.0
55808.6015625  -0.1604471611028036  1.2705176926603863  25.0
55811.30078125  0.060879586336786105  1.329138854265425  25.0
55823.3984375  0.6566157716040799  1.0941632322058212  25.0
55827.5  1.6177277425941021  1.6319657552060454  25.0
55832.3984375  3.4655212572092875  1.6375626714789047  25.0
55835.30078125  0.47240593502839745  0.9642540558876493  25.0
55851.5  -0.4839926979161205  2.1624035499705028  25.0
55854.3984375  -3.4573712301536808  1.409460614727562  25.0
55857.3984375  -0.27582380263508155  0.997639650217972  25.0
55860.30078125  -2.267371763126434  1.1433579050079077  25.0
55878.3984375  -0.3875673016917584  1.5528222239057525  25.0
55880.3984375  -0.974760728555001  1.537798725185913  25.0
55889.19921875  0.7558887890796363  1.0490927360463025  25.0
55891.30078125  0.49597225067980577  1.537700492600412  25.0
55894.19921875  -0.8339521365155295  1.9132883351725132  25.0
56137.6015625  0.06961875138432193  2.4906623897128135  25.0
56141.3984375  -1.3768606001491637  2.2573561597425598  25.0
56152.6015625  -1.4678854048056265  1.4273317346985959  25.0
56155.6015625  -1.9962612517148424  1.167022406422803  25.0
56157.5  9.002617724903617  5.774919711005127  25.0
56160.6015625  0.5645108767272458  1.1539627166167323  25.0
56163.6015625  -1.7110108666327806  1.7142513245819513  25.0
56165.3984375  1.0586174574347555  1.4315540502826367  25.0
56175.5  2.666329409356927  2.793391058067933  25.0
56205.5  -0.11940253876733067  1.022777078551215  25.0
56208.5  0.8373888723476459  1.3619352403707972  25.0
56211.5  0.41771253171693856  1.393062421674876  25.0
56214.30078125  -2.3962989881657073  2.1956910053593526  25.0
56216.3984375  3.3270693107815608  2.5781523195956866  25.0
56219.30078125  -1.1196934035930124  1.7724797431330417  25.0
56222.30078125  -1.7309441217471124  1.391294890644053  25.0
56232.3984375  1.924580493947761  1.8546671735674747  25.0
56234.30078125  -0.3726419887354059  1.098385547789862  25.0
56237.30078125  0.6880375101986197  1.3952226021156187  25.0
56240.19921875  -2.4216328816699524  1.8451424521790214  25.0
56243.30078125  2.2704157559046023  1.7606965150743163  25.0
56245.30078125  0.8891365622884516  2.8539761222307685  25.0
56262.19921875  5.224352383243392  6.410522558672631  25.0
56285.19921875  -0.24273278900622705  1.553509571072176  25.0
56294.19921875  3.357214447162713  2.9865365482731603  25.0
56477.6015625  -0.15917066423894757  0.8920823224811189  25.0
56480.6015625  0.25304304332459054  0.7960497161327189  25.0
56482.6015625  1.7598128900249472  1.300073714460616  25.0
56485.6015625  1.530630649409205  1.0163944888824032  25.0
56488.6015625  1.6001511330915152  1.4717148836916911  25.0
56490.6015625  -0.9093642342272024  1.359284084290605  25.0
56492.6015625  -0.6584814415763758  1.0950470445432465  25.0
56506.6015625  0.42546976889658294  0.7649225348286403  25.0
56511.6015625  -0.12490133950972408  1.443926299278256  25.0
56517.5  -1.1926507167514673  1.3784316660089844  25.0
56519.6015625  -0.5589138668103583  1.1290217534544915  25.0
56521.6015625  2.3082200373459396  1.0943596973768233  25.0
56536.5  2.22200666285444  1.222010367024723  25.0
56539.5  1.7422362805223603  1.4971468224933813  25.0
56544.5  1.420851006088311  2.1221444839759473  25.0
56549.5  1.8997376697269932  1.148463939285346  25.0
56557.5  0.8060653195165932  1.9387201803301752  25.0
56559.5  -1.544475825323172  2.0014654249337536  25.0
56562.3984375  -0.5343656467020655  1.269830345493963  25.0
56568.3984375  1.9086731828904961  1.8951225174449762  25.0
56570.30078125  0.22319241741188553  1.2763110741042478  25.0
56573.5  2.2986953159574868  1.7039411170856018  25.0
56584.3984375  1.9887985718256591  1.5473234465743662  25.0
56587.3984375  -0.1962875633973513  1.4566913849718517  25.0
56589.3984375  1.0618578217398982  1.1377608950910203  25.0
56592.30078125  -1.6442398652601917  1.3554545117605123  25.0
56595.30078125  -1.7740507153488343  1.112525327816304  25.0
56600.30078125  -3.5156979749343007  1.8515250418478333  25.0
56613.30078125  -1.7841646449622377  1.611050548812815  25.0
56632.19921875  -0.5696169110046839  1.4861492678306085  25.0
