55214.33088677171    59.161848429958845    11.232766212670416    25    
55214.83088677171    69.82601624966867     11.2371637047298      25    
55215.33088677171    81.20757177321973     11.29165129424142     25    
55215.83088677171    93.24659484695445     11.559447056495836    25    
55216.33088677171    105.93524795785817    11.906384964815139    25    
55216.83088677171    119.19410955273995    12.051121440444666    25    
55217.33088677171    133.02961158148904    12.06039033802815     25    
55217.83088677171    147.35329496464044    12.080897463751722    25    
55218.33088677171    162.17539724172767    12.108977553458615    25    
55218.83088677171    177.4088856802708     12.130749854528545    25    
55219.33088677171    193.0573395361888     12.145308765194871    25    
55219.83088677171    209.0456162972459     12.156763396389971    25    
55220.33088677171    225.36017306248712    12.16301073710493     25    
55220.83088677171    241.94802698558524    12.174787057878413    25    
55221.33088677171    258.78274481596384    12.08438205623096     25    
55221.83088677171    275.80798093442945    12.151333813837807    25    
55222.33088677171    292.98780494021497    12.964337282449932    25    
55222.83088677171    310.2065208733912     14.074756916804315    25    
55223.33088677171    326.9760844989167     14.57576524871067     25    
55223.83088677171    343.33893020316293    14.661318771132695    25    
55224.33088677171    358.5771214284179     14.745297657690864    25    
55224.83088677171    372.7521256704424     14.834016594599628    25    
55225.33088677171    385.2857021845371     14.877916896065829    25    
55225.83088677171    395.9829296770145     14.846257901871331    25    
55226.33088677171    405.1596832980095     14.855654432589827    25    
55226.83088677171    412.76025218840385    14.978233335029755    25    
55227.33088677171    419.1848120628756     15.147631207677163    25    
55227.83088677171    424.7746215564007     15.365799564202904    25    
55228.33088677171    429.62004916374485    15.562008536425603    25    
55228.83088677171    434.2586094914178     15.63945011930601     25    
55229.33088677171    438.55308384494674    15.550236028768385    25    
55229.83088677171    442.465328837269      14.686257955761981    25    
55230.33088677171    446.00152811267765    12.947857344916885    25    
55230.83088677171    448.76184718810606    11.93873019821119     25    
55231.33088677171    450.7731067714274     12.108321865860908    25    
55231.83088677171    451.72469850852826    12.321018438855646    25    
55232.33088677171    451.48657064750745    12.295747376220001    25    
55232.83088677171    450.2209777217734     12.249430153588373    25    
55233.33088677171    447.8900341339864     12.186807689565995    25    
55233.83088677171    444.7177696593289     12.157126071092275    25    
55234.33088677171    440.9391266527101     12.279429286267924    25    
55234.83088677171    436.59366389219196    12.447909084686279    25    
55235.33088677171    432.02895572295836    12.501769394994533    25    
55235.83088677171    427.17999943150903    12.444245680280961    25    
55236.33088677171    422.0966137506866     11.922213297864173    25    
55236.83088677171    416.7839821336469     10.843932239741779    25    
55237.33088677171    411.06353354167766    10.175601895943874    25    
55237.83088677171    404.94300260261616    10.228060100531218    25    
55238.33088677171    398.2907376226725     10.33729125001496     25    
55238.83088677171    391.02906319246205    10.304945842312016    25    
55239.33088677171    383.2576316274317     10.24705456505972     25    
55239.83088677171    374.9640407604215     10.137988366771788    25    
55240.33088677171    366.27863239275257    10.047101947668022    25    
55240.83088677171    357.3775781543515     10.117828653031701    25    
55241.33088677171    348.2779649290777     10.260784069026442    25    
55241.83088677171    339.2194172909459     10.328406717523196    25    
55242.33088677171    330.17364541929413    10.328588629877109    25    
55242.83088677171    321.3077265910046     9.936447236403295     25    
55243.33088677171    312.60975064423684    9.036294843726559     25    
55243.83088677171    304.1639672763362     8.416497056915112     25    
55244.33088677171    295.9686410648051     8.388688687696455     25    
55244.83088677171    288.0981456712916     8.444556401234836     25    
55245.33088677171    280.57793065511163    8.413710752584855     25    
55245.83088677171    273.43175759625393    8.35483595471837      25    
55246.33088677171    266.6945120244149     8.20832112324883      25    
55246.83088677171    260.3628836781941     8.046445360374411     25    
55247.33088677171    254.45506793434086    8.003553908855771     25    
55247.83088677171    248.97013014613302    8.029365086696354     25    
55248.33088677171    243.936031400091      8.032984223463913     25    
55248.83088677171    239.34757260038802    8.025105018397525     25    
55249.33088677171    235.12849239233805    7.9969786478802085    25    
55249.83088677171    231.30024805969094    7.95587478921814      25    
55250.33088677171    227.68467160594494    7.833708411416653     25    
55250.83088677171    224.27933336901617    7.559326588620977     25    
55251.33088677171    220.9474460931595     7.335800403761998     25    
55251.83088677171    217.61673995097885    7.326599721878926     25    
55252.33088677171    214.27446424805086    7.366819438455606     25    
55252.83088677171    210.85008820256004    7.3014452097427265    25    
55253.33088677171    207.38414228603563    7.2298877905615155    25    
55253.83088677171    203.91212444710965    7.304172972757918     25    
55254.33088677171    200.43411027420385    7.464117250250385     25    
55254.83088677171    197.00084851559726    7.544928969912969     25    
55255.33088677171    193.60702420043995    7.563615382092365     25    
55255.83088677171    190.28270806825796    7.495228662264914     25    
55256.33088677171    187.02997008656234    7.335061446154719     25    
55256.83088677171    183.84915808214234    7.071760167515575     25    
55257.33088677171    180.74119329573176    6.607122309066084     25    
55257.83088677171    177.70692481194038    6.213130860690464     25    
55258.33088677171    174.75559121441327    6.203662423906781     25    
55258.83088677171    171.86675168250886    6.29368811770182      25    
55259.33088677171    169.03072883796005    6.174174942568627     25    
55259.83088677171    166.2259168751693     5.991833401742705     25    
55260.33088677171    163.38287044282131    5.947281064280504     25    
55260.83088677171    160.50612424701475    5.999473267507711     25    
55261.33088677171    157.50811947439135    6.074333716900277     25    
55261.83088677171    154.393877781066      6.18132197465174      25    
55262.33088677171    151.15171374151106    6.210466344239628     25    
55262.83088677171    147.75880359702643    6.165013603293977     25    
55263.33088677171    144.31971431674046    5.961651797896694     25    
55263.83088677171    140.84470777410073    5.4243601282715       25    
55264.33088677171    137.40533923785307    4.890066196248668     25    
55264.83088677171    134.06259597279924    4.802818945409647     25    
55265.33088677171    130.81967041778594    4.872718211253791     25    
55265.83088677171    127.73765033589697    4.767124105269439     25    
55266.33088677171    124.78822348627209    4.611077181523311     25    
55266.83088677171    121.9303955517791     4.576529108744609     25    
55267.33088677171    119.16726330782289    4.6384033870730255    25    
55267.83088677171    116.44074101257375    4.739743212175169     25    
55268.33088677171    113.75364774434088    4.894145129429503     25    
55268.83088677171    111.08268187546602    4.9428478268568       25    
55269.33088677171    108.41366019987848    4.836925283454531     25    
55269.83088677171    105.78743414274571    4.6832355138345125    25    
55270.33088677171    103.20925716756928    4.5517393137022335    25    
55270.83088677171    100.70550061167702    4.335331639413687     25    
55271.33088677171    98.30310746880694     3.831973260430147     25    
55271.83088677171    96.00443629780064     3.19777738752941      25    
55272.33088677171    93.83940129918582     2.969599510606812     25    
55272.83088677171    91.79898382037938     3.0379328376748322    25    
55273.33088677171    89.87500440153896     3.0244795225273635    25    
55273.83088677171    88.06823044321374     2.970929951558193     25    
55274.33088677171    86.3645252097151      2.9198146168590053    25    
55274.83088677171    84.76520171726237     2.8694113018458642    25    
55275.33088677171    83.25746972502617     2.838333989294888     25    
55275.83088677171    81.84088342315603     2.834421551249592     25    
55276.33088677171    80.50521825719686     2.8475762485447764    25    
55276.83088677171    79.24665587061958     2.825147634711898     25    
55277.33088677171    78.05893834203782     2.894783146210165     25    
55277.83088677171    76.93389936937778     3.253414024595812     25    
55278.33088677171    75.86944643967266     3.667663118354084     25    
55278.83088677171    74.85399422915525     3.816874067727418     25    
55279.33088677171    73.88809262303701     3.8410176705790118    25    
55279.83088677171    72.95832075967678     4.03049302244185      25    