#Date  :
#Flux  :
#Fluxerr  :
#ZP  :
#end  :
@INSTRUMENT  PS
@BAND  PS_r
@MAGSYS  AB
54884.0462  0.0  1.2172391722988405  25.0
54889.032544999995  0.0  1.2172391722988405  25.0
54894.01888999999  0.0  1.2172391722988405  25.0
54899.00523499999  0.0  1.2172391722988405  25.0
54903.99157999999  0.0  1.2172391722988405  25.0
54908.977924999985  0.0  1.2172391722988405  25.0
54913.96426999998  0.0  1.2172391722988405  25.0
54918.95061499998  0.0  1.2172391722988405  25.0
54923.93695999998  0.0  1.2172391722988405  25.0
54928.923304999975  0.0  1.2172391722988405  25.0
54933.90964999997  0.0  1.2172391722988405  25.0
54938.89599499997  0.0  1.2172391722988405  25.0
54943.88233999997  0.0  1.2172391722988405  25.0
54948.868684999965  0.0  1.2172391722988405  25.0
54953.85502999996  0.0  1.2172391722988405  25.0
54958.84137499996  0.0  1.2172391722988405  25.0
54963.82771999996  0.0  1.2172391722988405  25.0
54968.814064999955  0.0  1.2172391722988405  25.0
54973.80040999995  0.0  1.2172391722988405  25.0
54978.78675499995  0.0  1.2172391722988405  25.0
54983.77309999995  0.0  1.2172391722988405  25.0
54988.759444999945  0.0  1.2172391722988405  25.0
54993.74578999994  0.0  1.2172391722988405  25.0
54998.73213499994  0.0  1.2172391722988405  25.0
55003.71847999994  0.0  1.2172391722988405  25.0
55008.704824999935  0.0  1.2172391722988405  25.0
55013.69116999993  0.0  1.2172391722988405  25.0
55018.67751499993  0.0  1.2172391722988405  25.0
55023.66385999993  0.0  1.2172391722988405  25.0
55028.650204999925  0.0  1.2172391722988405  25.0
55033.63654999992  0.0  1.2172391722988405  25.0
55038.62289499992  0.0  1.2172391722988405  25.0
55043.60923999992  0.0  1.2172391722988405  25.0
55048.595584999915  0.0  1.2172391722988405  25.0
55053.58192999991  0.0  1.2172391722988405  25.0
55058.56827499991  0.0  1.2172391722988405  25.0
55063.55461999991  0.0  1.2172391722988405  25.0
55068.540964999906  0.0  1.2172391722988405  25.0
55073.5273099999  0.0  1.2172391722988405  25.0
55078.5136549999  0.0  1.2172391722988405  25.0
55083.4999999999  0.0  1.2172391722988405  25.0
55088.486344999896  0.0  1.2172391722988405  25.0
55093.47268999989  0.0  1.2172391722988405  25.0
55098.45903499989  0.0  1.2172391722988405  25.0
55103.44537999989  0.0  1.2172391722988405  25.0
55108.431724999886  0.0  1.2172391722988405  25.0
55113.41806999988  0.0  1.2172391722988405  25.0
55118.40441499988  0.0  1.2172391722988405  25.0
55123.39075999988  0.0  1.2172391722988405  25.0
55128.377104999876  0.0  1.2172391722988405  25.0
55133.36344999987  0.0  1.2172391722988405  25.0
55138.34979499987  0.0  1.2172391722988405  25.0
55143.33613999987  0.0  1.2172391722988405  25.0
55148.322484999866  0.0  1.2172391722988405  25.0
55153.30882999986  0.0  1.2172391722988405  25.0
55158.29517499986  0.0  1.2172391722988405  25.0
55163.28151999986  0.0  1.2172391722988405  25.0
55168.267864999856  0.0  1.2172391722988405  25.0
55173.25420999985  0.0  1.2172391722988405  25.0
55178.24055499985  0.0  1.2172391722988405  25.0
55183.22689999985  0.0  1.2172391722988405  25.0
55188.213244999846  0.0  1.2172391722988405  25.0
55193.199589999844  0.0  1.2172391722988405  25.0
55198.18593499984  0.0  1.2172391722988405  25.0
55203.17227999984  0.0  1.2172391722988405  25.0
55208.158624999836  0.0  1.2172391722988405  25.0
55213.144969999834  0.0  1.2172391722988405  25.0
55218.13131499983  0.0  1.2172391722988405  25.0
55223.11765999983  0.0  1.2172391722988405  25.0
55228.10400499983  0.0  1.2172391722988405  25.0
55233.090349999824  0.0  1.2172391722988405  25.0
55238.07669499982  0.0  1.2172391722988405  25.0
55243.06303999982  0.0  1.2172391722988405  25.0
55248.04938499982  0.0  1.2172391722988405  25.0
55253.035729999814  0.0  1.2172391722988405  25.0
55258.02207499981  0.0  1.2172391722988405  25.0
55263.00841999981  0.0  1.2172391722988405  25.0
55267.99476499981  0.0  1.2172391722988405  25.0
55272.981109999804  0.0  1.2172391722988405  25.0
55277.9674549998  0.0  1.2172391722988405  25.0
55282.9537999998  0.0  1.2172391722988405  25.0
55287.9401449998  0.0  1.2172391722988405  25.0
55292.926489999794  0.0  1.2172391722988405  25.0
55297.91283499979  0.0  1.2172391722988405  25.0
55302.89917999979  0.0  1.2172391722988405  25.0
55307.88552499979  0.0  1.2172391722988405  25.0
55312.871869999784  0.0  1.2172391722988405  25.0
55317.85821499978  0.0  1.2172391722988405  25.0
55322.84455999978  0.0  1.2172391722988405  25.0
55327.83090499978  0.0  1.2172391722988405  25.0
55332.817249999775  0.0  1.2172391722988405  25.0
55337.80359499977  0.0  1.2172391722988405  25.0
55342.78993999977  0.0  1.2172391722988405  25.0
55347.77628499977  0.0  1.2172391722988405  25.0
55352.762629999765  0.0  1.2172391722988405  25.0
55357.74897499976  0.0  1.2172391722988405  25.0
55362.73531999976  0.0  1.2172391722988405  25.0
55367.72166499976  0.0  1.2172391722988405  25.0
55372.708009999755  0.0  1.2172391722988405  25.0
55377.69435499975  0.0  1.2172391722988405  25.0
55382.68069999975  0.0  1.2172391722988405  25.0
55387.66704499975  0.0  1.2172391722988405  25.0
55392.653389999745  0.0  1.2172391722988405  25.0
55397.63973499974  0.0  1.2172391722988405  25.0
55402.62607999974  0.0  1.2172391722988405  25.0
55407.61242499974  0.0  1.2172391722988405  25.0
55412.598769999735  0.0  1.2172391722988405  25.0
55417.58511499973  0.0  1.2172391722988405  25.0
55422.57145999973  0.0  1.2172391722988405  25.0
55427.55780499973  0.0  1.2172391722988405  25.0
55432.544149999725  0.0  1.2172391722988405  25.0
55437.53049499972  0.0  1.2172391722988405  25.0
55442.51683999972  0.0  1.2172391722988405  25.0
55447.50318499972  0.0  1.2172391722988405  25.0
55452.489529999715  0.0  1.2172391722988405  25.0
55457.47587499971  0.0  1.2172391722988405  25.0
55462.46221999971  0.0  1.2172391722988405  25.0
55467.44856499971  0.0  1.2172391722988405  25.0
55472.434909999705  0.0  1.2172391722988405  25.0
55477.4212549997  0.0  1.2172391722988405  25.0
55482.4075999997  0.0  1.2172391722988405  25.0
55487.3939449997  0.0  1.2172391722988405  25.0
55492.380289999695  0.0  1.2172391722988405  25.0
55497.36663499969  0.0  1.2172391722988405  25.0
55502.35297999969  0.0  1.2172391722988405  25.0
55507.33932499969  0.0  1.2172391722988405  25.0
55512.325669999685  0.0  1.2172391722988405  25.0
55517.31201499968  0.0  1.2172391722988405  25.0
55522.29835999968  0.0  1.2172391722988405  25.0
55527.28470499968  0.0  1.2172391722988405  25.0
55532.271049999676  0.0  1.2172391722988405  25.0
55537.25739499967  0.0  1.2172391722988405  25.0
55542.24373999967  0.0  1.2172391722988405  25.0
55547.23008499967  0.0  1.2172391722988405  25.0
55552.216429999666  0.0  1.2172391722988405  25.0
55557.20277499966  0.0  1.2172391722988405  25.0
55562.18911999966  0.0  1.2172391722988405  25.0
55567.17546499966  0.0  1.2172391722988405  25.0
55572.161809999656  0.0  1.2172391722988405  25.0
55577.14815499965  0.0  1.2172391722988405  25.0
55582.13449999965  0.0  1.2172391722988405  25.0
55587.12084499965  0.0  1.2172391722988405  25.0
55592.107189999646  0.0  1.2172391722988405  25.0
55597.09353499964  0.0  1.2172391722988405  25.0
55602.07987999964  0.0  1.2172391722988405  25.0
55607.06622499964  0.0  1.2172391722988405  25.0
55612.052569999636  0.0  1.2172391722988405  25.0
55617.03891499963  0.0  1.2172391722988405  25.0
55622.02525999963  0.0  1.2172391722988405  25.0
55627.01160499963  0.0  1.2172391722988405  25.0
55631.997949999626  0.0  1.2172391722988405  25.0
55636.984294999624  0.0  1.2172391722988405  25.0
55641.97063999962  0.0  1.2172391722988405  25.0
55646.95698499962  0.0  1.2172391722988405  25.0
55651.943329999616  0.0  1.2172391722988405  25.0
55656.929674999614  0.0  1.2172391722988405  25.0
55661.91601999961  0.0  1.2172391722988405  25.0
55666.90236499961  0.0  1.2172391722988405  25.0
55671.88870999961  0.0  1.2172391722988405  25.0
55676.875054999604  0.0  1.2172391722988405  25.0
55681.8613999996  0.0  1.2172391722988405  25.0
55686.8477449996  0.0  1.2172391722988405  25.0
55691.8340899996  0.0  1.2172391722988405  25.0
55696.820434999594  0.0  1.2172391722988405  25.0
55701.80677999959  0.0  1.2172391722988405  25.0
55706.79312499959  0.0  1.2172391722988405  25.0
55711.77946999959  0.0  1.2172391722988405  25.0
55716.765814999584  0.0  1.2172391722988405  25.0
55721.75215999958  0.0  1.2172391722988405  25.0
55726.73850499958  0.0  1.2172391722988405  25.0
55731.72484999958  0.0  1.2172391722988405  25.0
55736.711194999574  0.0  1.2172391722988405  25.0
55741.69753999957  0.0  1.2172391722988405  25.0
55746.68388499957  0.0  1.2172391722988405  25.0
55751.67022999957  0.0  1.2172391722988405  25.0
55756.656574999564  0.0  1.2172391722988405  25.0
55761.64291999956  0.0  1.2172391722988405  25.0
55766.62926499956  0.0  1.2172391722988405  25.0
55771.61560999956  0.0  1.2172391722988405  25.0
55776.601954999554  0.0  1.2172391722988405  25.0
55781.58829999955  0.0  1.2172391722988405  25.0
55786.57464499955  0.0  1.2172391722988405  25.0
55791.56098999955  0.0  1.2172391722988405  25.0
55796.547334999545  0.0  1.2172391722988405  25.0
55801.53367999954  0.0  1.2172391722988405  25.0
55806.52002499954  0.0  1.2172391722988405  25.0
55083.5  -2.018093211817683  1.6552612264642563  25.0
55086.5  -0.2832359767302458  1.6821847620967032  25.0
55089.5  0.07509229455231851  0.9226463491285141  25.0
55092.3984375  -0.35999265119733354  1.1238388970919884  25.0
55095.3984375  -0.49754760700562256  1.0811528086293607  25.0
55098.5  2.1369484305181725  2.5183820227525637  25.0
55101.5  1.3936620077246644  1.363899231304561  25.0
55173.30078125  1.2076446317569092  1.1549723221609391  25.0
55176.30078125  1.0238790223739123  1.0826213073997333  25.0
55179.30078125  0.33453763767736855  0.8309104596719584  25.0
55389.5  -0.19061889931145187  0.9191217840164339  25.0
55398.6015625  -3.64731211395384  1.4999856883424774  25.0
55410.6015625  0.30967005167608364  1.415788366454582  25.0
55413.5  0.5247649264237368  1.1165939732563406  25.0
55416.6015625  -0.05374924448547739  1.0850689609644155  25.0
55422.6015625  0.3975877322875464  1.0612783098526377  25.0
55425.6015625  0.2235146069364427  1.2763731379160728  25.0
55440.5  0.3313068096667375  1.1745530838362128  25.0
55443.5  -1.0172215727411629  1.5416927153792321  25.0
55446.6015625  -0.9823677889486446  1.0795863663690262  25.0
55449.5  2.976670162917677  1.6146312043433362  25.0
55452.3984375  1.38073869568214  0.9969553933730289  25.0
55467.3984375  -2.668566646870364  1.5699868996605262  25.0
55476.5  -0.6646695923067459  1.011738884777337  25.0
55479.30078125  -0.37164321139675416  1.3138703688847602  25.0
55482.30078125  -0.5864443490429582  1.5361121772938808  25.0
55485.30078125  -1.2490580150606514  1.449173558108291  25.0
55500.30078125  -0.8159310812877266  0.8916108675495252  25.0
55524.3984375  -1.669848924257077  4.30356188070336  25.0
55530.30078125  2.5886770645404984  1.6275545163858605  25.0
55536.30078125  1.8937552117849308  1.1882596636931226  25.0
55767.6015625  -2.041981713050986  1.3586124303206588  25.0
55770.6015625  0.33071938214805746  1.2878279511882242  25.0
55773.6015625  0.33581038952047226  1.4937198259327025  25.0
55776.6015625  -1.0280889118104162  1.0336693565273307  25.0
55779.6015625  -0.48178510085966  1.0233894916609758  25.0
55782.6015625  1.3792701969117673  1.1265801943896832  25.0
55797.6015625  0.3253346610163026  1.2166517914643786  25.0
55800.5  -0.7623777004400639  1.403844022469494  25.0
55806.6015625  -2.282727371587982  1.5661686908154335  25.0
55809.6015625  -0.7351603810219497  1.2172391722988405  25.0
55812.5  0.15057619966972066  1.6593731724107983  25.0
55821.3984375  3.8075805292211986  1.6933458382674056  25.0
55824.5  3.832546128738773  1.238190675991398  25.0
55828.3984375  14.543722006143836  0.9584791943469051  25.0
55829.3984375  17.347592589185226  1.0654881992891416  25.0
55833.3984375  25.376103932745348  6.021383507670094  25.0
55836.3984375  32.86183542357196  1.0567746833146847  25.0
55839.5  33.20831747526074  2.62020217020086  25.0
55852.5  29.793918901910665  1.8499921184064685  25.0
55855.3984375  23.230833386738823  2.6850144306565324  25.0
55858.3984375  18.700135230812904  1.1105239978264896  25.0
55859.3984375  18.087550147109702  1.0232915481710139  25.0
55863.30078125  20.453691572771195  2.0189742363851573  25.0
55881.30078125  6.81019516634545  1.1460631059434314  25.0
55887.30078125  4.168062991236779  1.3350175728203686  25.0
55888.19921875  5.66540513903465  1.3498010642246765  25.0
55895.19921875  1.6377365311306902  1.5851620716562453  25.0
56147.6015625  -0.685621002630867  0.9317514523259456  25.0
56153.6015625  0.3544121131119823  1.5668540151398571  25.0
56161.6015625  0.40767185022663244  0.9243107348788105  25.0
56164.3984375  0.2717812334844216  1.2813662951669622  25.0
56176.6015625  -0.03769300123806562  1.6743524574265936  25.0
56206.3984375  0.16359742018904316  1.1289299044644032  25.0
56209.5  0.20540239071575994  1.1111113786609512  25.0
56213.30078125  1.3395211993583216  2.6651400252482462  25.0
56217.30078125  0.29204734282622813  1.1962877619747194  25.0
56220.30078125  -0.017622703014328205  1.6424357645432572  25.0
56235.30078125  -0.39866469051916287  0.8895548945762543  25.0
56238.30078125  0.2237104238900391  1.1222724548316538  25.0
56241.19921875  1.9884281921506683  1.6487017203214689  25.0
56246.30078125  2.542368560844265  2.553627487136493  25.0
56507.6015625  -5.593152161131843  1.3140661624962475  25.0
56508.6015625  1.2203721501879463  1.0616698970756124  25.0
56512.6015625  0.3742866118887052  1.171811786538518  25.0
56518.6015625  0.18719225434722442  0.9051215604265114  25.0
56531.6015625  2.7168332734183434  1.171811786538518  25.0
56534.6015625  0.6475363908277177  1.0770408626828187  25.0
56537.6015625  -0.7287966218064311  1.1363706219115381  25.0
56538.6015625  0.7212580542377708  0.8903380690222032  25.0
56567.30078125  -1.3264999438258354  1.4954820618045241  25.0
56574.3984375  -2.294965359306083  7.996203623664433  25.0
56590.3984375  -0.1349115786584471  1.0744953589966113  25.0
56593.30078125  0.7715806537590207  1.1807210961244623  25.0
56597.30078125  -1.7764663419763393  1.169755813565247  25.0
56601.3984375  -0.3662584902649993  1.8362856319179952  25.0
56626.30078125  -2.554214961339391  2.7552116223229417  25.0
