#Date  :
#Flux  :
#Fluxerr  :
#ZP  :
#end  :
@INSTRUMENT  PS
@BAND  PS_z
@MAGSYS  AB
54892.1477625  0.0  1.4798649107472976  25.0
54897.134107499995  0.0  1.4798649107472976  25.0
54902.12045249999  0.0  1.4798649107472976  25.0
54907.10679749999  0.0  1.4798649107472976  25.0
54912.09314249999  0.0  1.4798649107472976  25.0
54917.079487499985  0.0  1.4798649107472976  25.0
54922.06583249998  0.0  1.4798649107472976  25.0
54927.05217749998  0.0  1.4798649107472976  25.0
54932.03852249998  0.0  1.4798649107472976  25.0
54937.024867499975  0.0  1.4798649107472976  25.0
54942.01121249997  0.0  1.4798649107472976  25.0
54946.99755749997  0.0  1.4798649107472976  25.0
54951.98390249997  0.0  1.4798649107472976  25.0
54956.970247499965  0.0  1.4798649107472976  25.0
54961.95659249996  0.0  1.4798649107472976  25.0
54966.94293749996  0.0  1.4798649107472976  25.0
54971.92928249996  0.0  1.4798649107472976  25.0
54976.915627499955  0.0  1.4798649107472976  25.0
54981.90197249995  0.0  1.4798649107472976  25.0
54986.88831749995  0.0  1.4798649107472976  25.0
54991.87466249995  0.0  1.4798649107472976  25.0
54996.861007499945  0.0  1.4798649107472976  25.0
55001.84735249994  0.0  1.4798649107472976  25.0
55006.83369749994  0.0  1.4798649107472976  25.0
55011.82004249994  0.0  1.4798649107472976  25.0
55016.806387499935  0.0  1.4798649107472976  25.0
55021.79273249993  0.0  1.4798649107472976  25.0
55026.77907749993  0.0  1.4798649107472976  25.0
55031.76542249993  0.0  1.4798649107472976  25.0
55036.751767499925  0.0  1.4798649107472976  25.0
55041.73811249992  0.0  1.4798649107472976  25.0
55046.72445749992  0.0  1.4798649107472976  25.0
55051.71080249992  0.0  1.4798649107472976  25.0
55056.697147499915  0.0  1.4798649107472976  25.0
55061.68349249991  0.0  1.4798649107472976  25.0
55066.66983749991  0.0  1.4798649107472976  25.0
55071.65618249991  0.0  1.4798649107472976  25.0
55091.6015625  4.456680366105031  0.8149026937386231  25.0
55094.6015625  14.964988432763809  8.534041736981425  25.0
55097.6015625  6.356712452656443  3.807723505451066  25.0
55103.5  17.903115513410693  1.3645864900950173  25.0
55172.30078125  5.315966208836749  1.5460468911829925  25.0
55181.30078125  3.2244579305254315  0.9745643570280269  25.0
55184.30078125  3.9111207463912043  1.5745228227628512  25.0
55187.30078125  3.5033257259386814  1.5552770084589707  25.0
55199.19921875  0.3658666794236529  0.6505278328697572  25.0
55200.30078125  1.3288442501529498  0.8145099506846749  25.0
55202.30078125  2.4545274067167977  0.9536492442788248  25.0
55205.30078125  2.692645254140071  0.9178088653952842  25.0
55211.19921875  1.9681781568329602  1.4081840593361883  25.0
55214.19921875  0.49901619663596003  0.9345998015019183  25.0
55406.6015625  0.47790475918179787  1.9375419511683307  25.0
55407.6015625  0.024646411724531518  1.6278414849194494  25.0
55424.6015625  2.2380121128531782  1.217591679913708  25.0
55427.6015625  0.242536417479253  0.8000755665457576  25.0
55439.6015625  1.8300206272296526  0.6966784660716614  25.0
55442.6015625  -0.2473478710552231  0.9651378682250749  25.0
55445.6015625  -0.768948432063693  0.8348358552089268  25.0
55451.6015625  -1.0792379660714826  2.208652462579922  25.0
55454.6015625  -1.3905094045361568  1.077961410680109  25.0
55457.6015625  0.14012124487304825  1.6266632557576048  25.0
55466.5  -0.780437009187929  1.8998358086684661  25.0
55472.6015625  -1.564801729847424  1.4798649107472976  25.0
55475.6015625  -1.8703780194537374  1.2027645527208426  25.0
55478.6015625  -0.029556056916740417  1.5853240995426778  25.0
55481.6015625  -1.0049059585801812  2.1753650071910724  25.0
55484.6015625  -1.9154485156132561  1.045754139155659  25.0
55487.30078125  -0.6422796200506636  2.2433146123016185  25.0
55499.5  0.5833639011551639  1.279256834296915  25.0
55502.3984375  0.4609173579041614  0.7960497161327189  25.0
55508.5  -0.6076175639729956  1.1401175407027653  25.0
55511.5  0.15553752176334648  0.7399815248443854  25.0
55535.30078125  0.34838834932858126  1.8795099977882426  25.0
55568.30078125  0.1343278634291867  0.8175539434628433  25.0
55586.30078125  -2.626757690528795  2.1429613641396483  25.0
55589.30078125  1.4177087807246416  1.7333007673588576  25.0
55799.6015625  1.1021168877344536  1.5645071257349488  25.0
55811.5  -0.33464133576709426  1.0744265359065195  25.0
55823.6015625  0.1016296279707909  1.0749174179019407  25.0
55827.6015625  -3.935570827558024  2.4154467571721425  25.0
55832.5  4.3522032222325775  5.263629310670993  25.0
55835.5  -4.150023892634318  2.8881472026689874  25.0
55838.5  -30.450691600852057  23.518372531042107  25.0
55842.5  1.6712428699217023  3.6881247239173  25.0
55851.6015625  1.1391355894238668  1.1616217680328897  25.0
55857.5  -0.03250184344679058  1.5853240995426778  25.0
55862.3984375  -0.7792586863820565  2.0908209311448944  25.0
55870.30078125  4.076477371250912  4.399924593540204  25.0
55878.5  0.07020790693450643  1.3719509373986996  25.0
55883.3984375  -1.8997376697269932  4.256366800123095  25.0
55889.30078125  1.386385321537617  0.8154919019635735  25.0
55891.3984375  0.026708464929304922  0.6358970772038659  25.0
55894.30078125  1.9874238774928126  2.189995762856964  25.0
55897.19921875  -2.8092983691251976  1.347991831871329  25.0
55905.19921875  2.593765026540477  5.9255476285455275  25.0
55910.3984375  -5.613785308085433  1.6903904516400818  25.0
55919.30078125  -2.992035325604547  2.880586383838331  25.0
55921.30078125  -2.032494373652331  2.2483223203495273  25.0
56144.6015625  1.4400968203921913  2.1157620815951916  25.0
56157.6015625  -0.43244142632430294  1.3654702087884147  25.0
56160.6015625  1.7865212905739827  0.9522745499459782  25.0
56163.6015625  0.594950664042887  1.2302586266658306  25.0
56165.6015625  -1.0873879931270893  1.1088922204572136  25.0
56170.6015625  0.1379609941992843  1.3826539815930252  25.0
56196.6015625  -0.4257643261870441  1.324327424100462  25.0
56205.6015625  -0.19275263009624424  1.1613271639204146  25.0
56208.6015625  0.6995260873228557  1.24940620838421  25.0
56211.5  1.4898806077752  1.0930831419854496  25.0
56214.5  -4.47582794782341  2.2618729857950473  25.0
56216.6015625  1.2779803725495695  1.87194899166953  25.0
56219.5  -1.2964406071015255  1.1572030809218747  25.0
56222.5  -0.04438318118323002  1.2026664137793697  25.0
56224.5  0.1995279394079972  1.5043148982700894  25.0
56226.5  -0.874407574037059  1.1362879681726725  25.0
56232.5  3.082863665090007  1.41191539928078  25.0
56234.3984375  -0.005498801473987372  1.1459109221466268  25.0
56237.5  -3.0106918380394485  1.5570445394897936  25.0
56251.3984375  0.3114678099916481  1.5341655241827945  25.0
56262.30078125  6.153649498008814  4.2809150202313875  25.0
56270.30078125  0.6388428842185472  1.9516816375507449  25.0
56273.3984375  1.4956739892190616  2.0715752104850425  25.0
56275.30078125  -7.634005758971673  4.670544222956374  25.0
56289.30078125  0.06559284244376566  1.2212248809168267  25.0
56292.30078125  -1.221715856556276  1.0754083935413898  25.0
56300.19921875  0.02474460626714619  1.1980513551413805  25.0
56303.30078125  0.9178088653952842  1.6303945957021966  25.0
56308.30078125  -0.15151161282279021  1.8973810241152482  25.0
56315.30078125  -1.324327424100462  1.8637991519019796  25.0
56327.19921875  -0.347799187925645  2.3400344721724133  25.0
56335.19921875  1.5043148982700894  1.4181016174226178  25.0
56498.6015625  -0.012765073988092079  2.5113811309350416  25.0
56506.6015625  -0.5078535708579899  0.8164737595984437  25.0
56511.6015625  -0.6085012826663929  0.9092660952857294  25.0
56517.6015625  0.09406877987637587  1.221813995497749  25.0
56519.6015625  0.2377249639032829  1.0065752570255029  25.0
56525.6015625  0.4783957348212471  0.7579508305789062  25.0
56536.6015625  -1.391000380175606  0.8118587009604548  25.0
56544.5  -1.1597560980605939  1.5550806369319965  25.0
56549.6015625  -0.10889590121648958  0.9362690999472402  25.0
56554.5  -1.5151161750499162  1.9536455401085417  25.0
56562.6015625  1.5025474608832947  2.0679420094819236  25.0
56568.6015625  -0.08100912518681565  5.658659151785892  25.0
56573.5  0.38344319528221155  2.1727139447549084  25.0
56589.5  0.7355628845553844  0.6775308843532821  25.0
56592.5  0.995577608718702  0.8090111733532886  25.0
56595.5  0.9202636499485022  1.3140171229600843  25.0
56600.3984375  -0.23527013252805082  1.5433957351028005  25.0
56608.3984375  -0.7718942390783743  1.8988538573895677  25.0
56618.5  -0.8390581707929677  1.6104613405878647  25.0
56621.3984375  1.1544536922561814  1.6649584191943636  25.0
56624.30078125  4.453243630272914  2.3652700394471298  25.0
56629.30078125  -0.07187718782157292  1.5058860577739381  25.0
56632.19921875  0.4558113704487372  1.3938479077827721  25.0
56643.30078125  -1.3602659419254755  1.5462432627099667  25.0
56648.3984375  -0.8117605620189818  1.306456304129428  25.0
56651.3984375  0.6157675442065881  1.8629153395645541  25.0
56662.30078125  -0.2844647819191303  1.4113262846998578  25.0
56673.19921875  -0.9792775546074889  3.691266668348885  25.0
