53639.495712647775    407.0668163340977     59.60955775711665     25    
53639.995712647775    482.7209990883701     58.99629155517717     25    
53640.495712647775    563.062747865219      60.003095917461984    25    
53640.995712647775    647.596268746467      66.73334848857097     25    
53641.495712647775    736.0186639867376     73.56400487335698     25    
53641.995712647775    827.7450020741408     75.02933467208062     25    
53642.495712647775    922.555674462855      74.46154456272508     25    
53642.995712647775    1019.7883088355945    74.60180800437533     25    
53643.495712647775    1119.294889057774     74.73854333970019     25    
53643.995712647775    1220.3472987950256    74.81123915220603     25    
53644.495712647775    1322.8574175356932    74.83264375660897     25    
53644.995712647775    1426.0430817166389    74.81148010936997     25    
53645.495712647775    1529.8643696608158    74.76946401346295     25    
53645.995712647775    1633.538612253864     74.28718172360736     25    
53646.495712647775    1737.0144277405439    73.96234729073849     25    
53646.995712647775    1839.3846319005065    78.84619142916745     25    
53647.495712647775    1940.5011760118794    87.17826226041089     25    
53647.995712647775    2037.1862776064465    91.13677375152965     25    
53648.495712647775    2129.547729593721     91.67525860251209     25    
53648.995712647775    2213.4724485767483    92.20288788864562     25    
53649.495712647775    2289.0940574174233    92.72800338187464     25    
53649.995712647775    2352.8053708619764    92.88280529813196     25    
53650.495712647775    2404.1866241496787    92.56837708825583     25    
53650.995712647775    2445.483789402671     92.89120168420814     25    
53651.495712647775    2476.327713812376     94.04413671189197     25    
53651.995712647775    2501.059640446107     95.44192030013505     25    
53652.495712647775    2519.901404621673     97.24199557584942     25    
53652.995712647775    2536.321945303473     98.10501097851332     25    
53653.495712647775    2551.4994569668993    98.41805850629471     25    
53653.995712647775    2564.7863204157024    94.55502071926531     25    
53654.495712647775    2576.681585574647     81.3478913434918      25    
53654.995712647775    2585.223326355861     69.44065443131822     25    
53655.495712647775    2589.8935671718023    69.5958209375913      25    
53655.995712647775    2589.4873570169652    72.02020630359988     25    
53656.495712647775    2582.786027416823     71.71378985077321     25    
53656.995712647775    2570.70890352837      71.11349879019873     25    
53657.495712647775    2553.1414676393942    70.39304631793661     25    
53657.995712647775    2531.4249959924173    70.0829465800288      25    
53658.495712647775    2506.6852516786635    71.37516766442427     25    
53658.995712647775    2479.605488524157     72.79373636351895     25    
53659.495712647775    2451.789049597465     73.33638417098778     25    
53659.995712647775    2422.891523656433     72.08908064509971     25    
53660.495712647775    2393.356026569325     64.48595143581683     25    
53660.995712647775    2362.759783369897     53.48673786975872     25    
53661.495712647775    2330.4532359083746    50.707926198768625    25    
53661.995712647775    2296.3572043942136    52.87762311174387     25    
53662.495712647775    2259.6951053331613    53.13239372635081     25    
53662.995712647775    2220.6171113493683    52.80819940050343     25    
53663.495712647775    2179.047001128181     51.98112284104267     25    
53663.995712647775    2135.0850034988794    50.870486484370986    25    
53664.495712647775    2089.261397151658     51.30156101125994     25    
53664.995712647775    2041.569563926804     52.882156668134215    25    
53665.495712647775    1992.5312044851555    53.42290600531488     25    
53665.995712647775    1942.1362668674158    53.091957327666776    25    
53666.495712647775    1891.2394502876452    52.217327164931646    25    
53666.995712647775    1839.7978778061658    50.73561817981057     25    
53667.495712647775    1788.9385916086153    49.93899534456785     25    
53667.995712647775    1738.626783618472     49.983965404375304    25    
53668.495712647775    1689.9584760324947    49.937710539094105    25    
53668.995712647775    1643.001530004261     49.75848470341367     25    
53669.495712647775    1598.1836981630336    49.07428623651595     25    
53669.995712647775    1555.6162549691549    47.568018819697066    25    
53670.495712647775    1515.178208057206     46.596876541365944    25    
53670.995712647775    1476.8736080941148    46.713703572480895    25    
53671.495712647775    1440.6382919526523    46.91224205624753     25    
53671.995712647775    1406.5313538351515    46.937216310128605    25    
53672.495712647775    1374.2170404314581    46.80096364835336     25    
53672.995712647775    1343.6983793436516    46.39080038533607     25    
53673.495712647775    1314.4434829491329    45.89960458162734     25    
53673.995712647775    1286.2565454807418    45.344249232053585    25    
53674.495712647775    1258.7310730408028    44.95722675963348     25    
53674.995712647775    1231.4913345912992    45.15251809098015     25    
53675.495712647775    1204.527076006558     45.293863427681906    25    
53675.995712647775    1177.595207814168     44.520986412311025    25    
53676.495712647775    1150.9401460129304    43.81649764150371     25    
53676.995712647775    1124.7303988691658    44.527174706558256    25    
53677.495712647775    1099.0624655081988    45.623974412200916    25    
53677.995712647775    1074.197446096484     46.08654180974851     25    
53678.495712647775    1050.104007559109     46.060170578382134    25    
53678.995712647775    1026.913687641904     45.21215166492985     25    
53679.495712647775    1004.5391582224186    43.51618449757327     25    
53679.995712647775    982.8345044034066     40.119292273212565    25    
53680.495712647775    961.7825209390392     35.59197641962669     25    
53680.995712647775    941.2150756660302     34.249572406162166    25    
53681.495712647775    921.1237056974019     35.2096454723622      25    
53681.995712647775    901.3128724784649     34.612670053552975    25    
53682.495712647775    881.7811895369654     33.027735966323526    25    
53682.995712647775    862.2909334026024     32.5501229495626      25    
53683.495712647775    842.8501724080689     33.057653122187055    25    
53683.995712647775    823.2007881569541     33.79684595051768     25    
53684.495712647775    803.3499402148524     34.78282225584697     25    
53684.995712647775    783.2472734075062     34.91045481549303     25    
53685.495712647775    762.869855902825      34.12709908844971     25    
53685.995712647775    742.5357301500118     32.795654483484064    25    
53686.495712647775    722.2359176592904     30.70591404308907     25    
53686.995712647775    702.2853742434133     29.428082486576123    25    
53687.495712647775    682.7089918192638     29.590723610801895    25    
53687.995712647775    663.6797968781773     29.390242696872086    25    
53688.495712647775    645.2563178062709     28.18077965201202     25    
53688.995712647775    627.3790165637157     27.41775645148257     25    
53689.495712647775    610.0507058875365     27.658672260608785    25    
53689.995712647775    593.2257809195098     28.304147564355635    25    
53690.495712647775    576.8835752715054     29.461155718494837    25    
53690.995712647775    561.0280755218342     30.104636216594564    25    
53691.495712647775    545.6329780021401     29.481370603908633    25    
53691.995712647775    530.7745072807338     28.403226616404268    25    
53692.495712647775    516.4818784372699     27.436512862362505    25    
53692.995712647775    502.8104271209273     25.957980666712306    25    
53693.495712647775    489.8190730264787     22.79667178705313     25    
53693.995712647775    477.5184110226288     19.34476700693522     25    
53694.495712647775    465.9652491050878     18.66041633983663     25    
53694.995712647775    455.11294372319054    19.137428589384008    25    
53695.495712647775    444.92591923753594    18.848201504066683    25    
53695.995712647775    435.38370146996124    18.401086224361094    25    
53696.495712647775    426.4302597165258     17.924632672086474    25    
53696.995712647775    418.0549065671339     17.450636823133976    25    
53697.495712647775    410.19661371750317    17.180952492745025    25    
53697.995712647775    402.849340942702      17.078476002478528    25    
53698.495712647775    395.94789235602474    16.96165035048355     25    
53698.995712647775    389.4899157122244     17.069801190755037    25    
53699.495712647775    383.40700674765       18.807899794633954    25    
53699.995712647775    377.69954199125965    21.41902023553811     25    
53700.495712647775    372.29686800793655    22.566867017344325    25    
53700.995712647775    367.201130895366      22.766082242245304    25    
53701.495712647775    362.3403872524428     24.00890381435584     25    