#Date  :
#Flux  :
#Fluxerr  :
#ZP  :
#end  :
@INSTRUMENT  SDSS
@BAND  SDSS_i
@MAGSYS  AB
53774.750113999995  0.0  3.692700200907443  25.0
53779.73645899999  0.0  3.692700200907443  25.0
53784.72280399999  0.0  3.692700200907443  25.0
53789.70914899999  0.0  3.692700200907443  25.0
53794.695493999985  0.0  3.692700200907443  25.0
53799.68183899998  0.0  3.692700200907443  25.0
53804.66818399998  0.0  3.692700200907443  25.0
53809.65452899998  0.0  3.692700200907443  25.0
53814.640873999975  0.0  3.692700200907443  25.0
53819.62721899997  0.0  3.692700200907443  25.0
53824.61356399997  0.0  3.692700200907443  25.0
53829.59990899997  0.0  3.692700200907443  25.0
53834.586253999965  0.0  3.692700200907443  25.0
53839.57259899996  0.0  3.692700200907443  25.0
53844.55894399996  0.0  3.692700200907443  25.0
53849.54528899996  0.0  3.692700200907443  25.0
53854.531633999955  0.0  3.692700200907443  25.0
53859.51797899995  0.0  3.692700200907443  25.0
53864.50432399995  0.0  3.692700200907443  25.0
53869.49066899995  0.0  3.692700200907443  25.0
53874.477013999945  0.0  3.692700200907443  25.0
53879.46335899994  0.0  3.692700200907443  25.0
53884.44970399994  0.0  3.692700200907443  25.0
53889.43604899994  0.0  3.692700200907443  25.0
53894.422393999936  0.0  3.692700200907443  25.0
53899.40873899993  0.0  3.692700200907443  25.0
53904.39508399993  0.0  3.692700200907443  25.0
53909.38142899993  0.0  3.692700200907443  25.0
53914.367773999926  0.0  3.692700200907443  25.0
53919.35411899992  0.0  3.692700200907443  25.0
53924.34046399992  0.0  3.692700200907443  25.0
53929.32680899992  0.0  3.692700200907443  25.0
53934.313153999916  0.0  3.692700200907443  25.0
53939.29949899991  0.0  3.692700200907443  25.0
53944.28584399991  0.0  3.692700200907443  25.0
53949.27218899991  0.0  3.692700200907443  25.0
53974.203914  47.514655193326256  3.4508918636671106  25.0
53989.21158  58.36187664919199  3.562916065100485  25.0
53995.20053  38.08822848734721  3.4727502444345983  25.0
53997.178802  41.85879916973883  3.6640110761501155  25.0
54005.150523  34.45427268475239  3.4563564588589824  25.0
54007.162915  31.038900689832445  3.614829719423268  25.0
54009.159841  43.55282367921912  3.7213893256647705  25.0
54011.224245  27.541559767034425  3.63395580259482  25.0
54019.173796  15.164251657444549  3.5000732203939577  25.0
54025.222185  15.762624830954524  3.792429063159105  25.0
54029.15233  12.300803776903669  3.3470645550215448  25.0
54031.138798  11.986589553371033  3.4508918636671106  25.0
54036.143133  9.655939704037664  4.060194227560829  25.0
54039.141191  5.792470903384224  4.158556941014523  25.0
54041.141796  8.934613138710572  6.202315542774618  25.0
54048.134903  6.6039632893772025  4.374408451093464  25.0
54052.138787  12.194244170662166  4.642173615495187  25.0
54054.157286  -14.855502029103787  6.4755453023682135  25.0
54055.134491  7.295234581148999  4.349817772730041  25.0
54058.132549  7.99743506330454  4.617582937131764  25.0
54060.154448  3.1585360209019635  3.270560222335338  25.0
54063.122748  4.696819567413907  4.1858799169738825  25.0
