53964.511287441084    5.899285825299215     1.4588086599898356     25    
53965.011287441084    7.0406048323712795    1.4100970094870948     25    
53965.511287441084    8.29066962601715      1.425233119783672      25    
53966.011287441084    9.653377257841086     1.756996943489457      25    
53966.511287441084    11.127986641834662    2.2153899027999935     25    
53967.011287441084    12.719419476432725    2.4426238794935755     25    
53967.511287441084    14.426945566376842    2.4512202397206164     25    
53968.011287441084    16.254440239040296    2.4211135104819457     25    
53968.511287441084    18.20325509326877     2.426722965928444      25    
53969.011287441084    20.27467678429111     2.4306968191354286     25    
53969.511287441084    22.472623916135504    2.4323571736190863     25    
53970.011287441084    24.79634474111959     2.4319128674253174     25    
53970.511287441084    27.250760728602167    2.429415139345707      25    
53971.011287441084    29.835152803150812    2.424546617744943      25    
53971.511287441084    32.55337445336985     2.4187881875435044     25    
53972.011287441084    35.41146817732516     2.40907113173064       25    
53972.511287441084    38.40149057850532     2.4028370177972693     25    
53973.011287441084    41.530787277147866    2.417213876322201      25    
53973.511287441084    44.79362533483889     2.4473968303339975     25    
53974.011287441084    48.05503163233185     2.47067654045086       25    
53974.511287441084    51.345274741228344    2.484557678881906      25    
53975.011287441084    54.51583506866471     2.496282474463164      25    
53975.511287441084    57.50830470169154     2.509447003304503      25    
53976.011287441084    60.290086895190214    2.5204284168131155     25    
53976.511287441084    62.70744440165607     2.5233706322013023     25    
53977.011287441084    64.79637220472333     2.5198144008905032     25    
53977.511287441084    66.59200581132924     2.521159388027762      25    
53978.011287441084    68.06976609679475     2.528495996009559      25    
53978.511287441084    69.33450012615516     2.5392079436983703     25    
53979.011287441084    70.42395977222219     2.556341053307363      25    
53979.511287441084    71.36074709187962     2.5729073433689917     25    
53980.011287441084    72.24658782444503     2.596082518110523      25    
53980.511287441084    73.05844559416207     2.6207663194589363     25    
53981.011287441084    73.79121614027721     2.4796808029950554     25    
53981.511287441084    74.45862352093111     2.034178557481367      25    
53982.011287441084    75.00571803603489     1.5601106310935071     25    
53982.511287441084    75.41289135761231     1.4711826980413631     25    
53983.011287441084    75.66920896092995     1.5679059880695463     25    
53983.511287441084    75.7210492225126      1.5829414123707488     25    
53984.011287441084    75.5807133665964      1.5771480433238234     25    
53984.511287441084    75.26665784756        1.5684523947744617     25    
53985.011287441084    74.7667568083577      1.554550068007957      25    
53985.511287441084    74.13241491955486     1.5454055484088616     25    
53986.011287441084    73.38238059015299     1.5519668090885623     25    
53986.511287441084    72.52866904569846     1.5629360646959465     25    
53987.011287441084    71.62273928781022     1.5545388226000518     25    
53987.511287441084    70.65350918893081     1.5328633868995905     25    
53988.011287441084    69.63442034902792     1.5694958514364739     25    
53988.511287441084    68.57009430848257     1.6879063118745345     25    
53989.011287441084    67.44606247939538     1.7881912696673201     25    
53989.511287441084    66.25771065745639     1.818991772328689      25    
53990.011287441084    65.00294022786731     1.8209015009599774     25    
53990.511287441084    63.66773397782813     1.8196162845885002     25    
53991.011287441084    62.255422091979916    1.8096830049988237     25    
53991.511287441084    60.78747456885552     1.7949554738466973     25    
53992.011287441084    59.255362654051396    1.7722949267028445     25    
53992.511287441084    57.69703385826907     1.7546304568025033     25    
53993.011287441084    56.12711617860711     1.7551222588310522     25    
53993.511287441084    54.555012930258115    1.7618590465590014     25    
53994.011287441084    53.02052007536442     1.7643207817538358     25    
53994.511287441084    51.51532928692156     1.764425155446009      25    
53995.011287441084    50.06039063327538     1.7237166666371935     25    
53995.511287441084    48.657572507466085    1.6133414749958301     25    
53996.011287441084    47.3053917158703      1.51546034017388       25    
53996.511287441084    46.0047829642442      1.5074516059928438     25    
53997.011287441084    44.755754478667164    1.5359808119671974     25    
53997.511287441084    43.56019949058315     1.5429844436969877     25    
53998.011287441084    42.41768204467814     1.540877508352392      25    
53998.511287441084    41.32303243384049     1.532821468946911      25    
53999.011287441084    40.2783300175893      1.5144427217288454     25    
53999.511287441084    39.274386591783       1.5017912261933277     25    
54000.011287441084    38.307521841946304    1.510253242289045      25    
54000.511287441084    37.375506961372025    1.5261595293992836     25    
54001.011287441084    36.46823106072358     1.5329203357972765     25    
54001.511287441084    35.587788395652645    1.5340576377538488     25    
54002.011287441084    34.73039434393141     1.5284730789954357     25    
54002.511287441084    33.89471156991044     1.5245379929927627     25    
54003.011287441084    33.08460715173985     1.4896309142544368     25    
54003.511287441084    32.301277462287565    1.3705969086972318     25    
54004.011287441084    31.545458758507664    1.2149091123931965     25    
54004.511287441084    30.821480935717215    1.1518713960621088     25    
54005.011287441084    30.128451378730674    1.1688843735978287     25    
54005.511287441084    29.460353789841452    1.173743083898481      25    
54006.011287441084    28.82067454538701     1.1515935451558406     25    
54006.511287441084    28.194863601607533    1.1340202314256733     25    
54007.011287441084    27.57704048578899     1.1379982045246353     25    
54007.511287441084    26.963766192426085    1.1506592702292138     25    
54008.011287441084    26.338271197969366    1.1593737324824056     25    
54008.511287441084    25.703961817210363    1.1667587147433867     25    
54009.011287441084    25.058793269102637    1.1627120270951976     25    
54009.511287441084    24.398013318590365    1.1514880346214629     25    
54010.011287441084    23.738251247937797    1.1131403456860087     25    
54010.511287441084    23.085586912562576    1.005270630525428      25    
54011.011287441084    22.44393504127059     0.8626530617488198     25    
54011.511287441084    21.83127691211632     0.800911523195144      25    
54012.011287441084    21.2439785124584      0.8142575832763159     25    
54012.511287441084    20.688512288371705    0.8184340091944275     25    
54013.011287441084    20.16881917294929     0.8001660859360855     25    
54013.511287441084    19.672757646947925    0.7845875488769741     25    
54014.011287441084    19.19626455149473     0.7831600486944211     25    
54014.511287441084    18.736456319475163    0.7884711293844535     25    
54015.011287441084    18.28054494364139     0.7951012497806664     25    
54015.511287441084    17.831100507784345    0.8041467436495542     25    
54016.011287441084    17.38268188698958     0.8052909110268919     25    
54016.511287441084    16.932437878095957    0.804515780032537      25    
54017.011287441084    16.48876932548204     0.7767358342635378     25    
54017.511287441084    16.05441578796507     0.6732506196857334     25    
54018.011287441084    15.631421763916157    0.5221486624853974     25    
54018.511287441084    15.228671937742375    0.4537885028574107     25    
54019.011287441084    14.844381830422384    0.47555182084665076    25    
54019.511287441084    14.483320035774353    0.4869763856824086     25    
54020.011287441084    14.147276914806659    0.4741016193078138     25    
54020.511287441084    13.831517493009883    0.46059137010131146    25    
54021.011287441084    13.534653973669984    0.4536037793108877     25    
54021.511287441084    13.25548669730602     0.4502907208337945     25    
54022.011287441084    12.989167943548791    0.4523523126029413     25    
54022.511287441084    12.736686787738698    0.4595564269196604     25    
54023.011287441084    12.494124593737856    0.4612989522875444     25    
54023.511287441084    12.261094490417515    0.45464658896436816    25    
54024.011287441084    12.03760851758107     0.4466493315390533     25    
54024.511287441084    11.823284786870447    0.4430760449244415     25    
54025.011287441084    11.618183811000383    0.4390491522336683     25    
54025.511287441084    11.422049741171811    0.4253685088261078     25    
54026.011287441084    11.234942481251135    0.40256279935574796    25    
54026.511287441084    11.056265758362771    0.38946876420212184    25    
54027.011287441084    10.88624468207071     0.3934467701675263     25    
54027.511287441084    10.723888480388927    0.3987029639702149     25    
54028.011287441084    10.56874389954491     0.3955590874582723     25    
54028.511287441084    10.420575055082466    0.38914855287525996    25    
54029.011287441084    10.278227318795036    0.3815830117578243     25    
54029.511287441084    10.141944609228252    0.3723044965128058     25    
54030.011287441084    10.01040063643358     0.3640830809681343     25    
54030.511287441084    9.883729859475029     0.357270953551843      25    
54031.011287441084    9.760991125495188     0.3520315422582026     25    
54031.511287441084    9.64166369477585      0.35069051583435246    25    
54032.011287441084    9.525546051082836     0.34988753928333033    25    
54032.511287441084    9.411479004083816     0.3404257664074312     25    
54033.011287441084    9.299708248390168     0.32295723642992397    25    
54033.511287441084    9.188908676351959     0.31334415896648166    25    
54034.011287441084    9.079210606370243     0.3139567068379329     25    
54034.511287441084    8.969679377909088     0.32471444520469894    25    
54035.011287441084    8.859786013976153     0.3397269291181057     25    