#Date  :
#Flux  :
#Fluxerr  :
#ZP  :
#end  :
@INSTRUMENT  SDSS
@BAND  SDSS_r
@MAGSYS  AB
54146.864297  0.0  2.9691200347553184  25.0
54151.850642  0.0  2.9691200347553184  25.0
54156.836986999995  0.0  2.9691200347553184  25.0
54161.82333199999  0.0  2.9691200347553184  25.0
54166.80967699999  0.0  2.9691200347553184  25.0
54171.79602199999  0.0  2.9691200347553184  25.0
54176.782366999985  0.0  2.9691200347553184  25.0
54181.76871199998  0.0  2.9691200347553184  25.0
54186.75505699998  0.0  2.9691200347553184  25.0
54191.74140199998  0.0  2.9691200347553184  25.0
54196.727746999975  0.0  2.9691200347553184  25.0
54201.71409199997  0.0  2.9691200347553184  25.0
54206.70043699997  0.0  2.9691200347553184  25.0
54211.68678199997  0.0  2.9691200347553184  25.0
54216.673126999965  0.0  2.9691200347553184  25.0
54221.65947199996  0.0  2.9691200347553184  25.0
54226.64581699996  0.0  2.9691200347553184  25.0
54231.63216199996  0.0  2.9691200347553184  25.0
54236.618506999956  0.0  2.9691200347553184  25.0
54241.60485199995  0.0  2.9691200347553184  25.0
54246.59119699995  0.0  2.9691200347553184  25.0
54251.57754199995  0.0  2.9691200347553184  25.0
54256.563886999946  0.0  2.9691200347553184  25.0
54261.55023199994  0.0  2.9691200347553184  25.0
54266.53657699994  0.0  2.9691200347553184  25.0
54271.52292199994  0.0  2.9691200347553184  25.0
54276.509266999936  0.0  2.9691200347553184  25.0
54281.49561199993  0.0  2.9691200347553184  25.0
54286.48195699993  0.0  2.9691200347553184  25.0
54291.46830199993  0.0  2.9691200347553184  25.0
54296.454646999926  0.0  2.9691200347553184  25.0
54301.44099199992  0.0  2.9691200347553184  25.0
54306.42733699992  0.0  2.9691200347553184  25.0
54311.41368199992  0.0  2.9691200347553184  25.0
54316.400026999916  0.0  2.9691200347553184  25.0
54321.38637199991  0.0  2.9691200347553184  25.0
54326.37271699991  0.0  2.9691200347553184  25.0
54346.318097  52.619405060385915  3.678409820835755  25.0
54348.348347  59.6298273646693  2.8481558851912125  25.0
54358.304496  74.25549272105661  3.3897453730123215  25.0
54359.298463  70.87399490369638  4.3547093843077995  25.0
54365.337782  68.28976079937232  2.562790459628618  25.0
54381.357147  38.59856045181913  2.9278822564948275  25.0
54384.363942  34.14488039968616  2.7519344025834007  25.0
54386.349567  23.516530349349065  3.6206769312710683  25.0
54388.353611  24.335787544124145  2.600179378584796  25.0
54393.339336  26.499396310191212  2.5765363857154484  25.0
54403.267136  20.580400537202138  4.019308787789143  25.0
54404.324435  14.158303869435082  3.117576036493084  25.0
54405.322392  13.589222529440312  2.897641219103801  25.0
54406.260717  20.332973867639197  2.6504894680625943  25.0
54412.263422  20.40720186850808  2.9691200347553184  25.0
54416.258885  15.673104924203765  2.56828883006335  25.0
54421.264314  10.961001461638382  3.513458707793793  25.0
54423.240724  14.293013945086017  3.774631303443566  25.0
54433.26278  17.46007531549169  4.329966717351505  25.0
