#Date  :
#Flux  :
#Fluxerr  :
#ZP  :
#end  :
@INSTRUMENT  PS
@BAND  PS_g
@MAGSYS  AB
54780.0462  0.0  1.1486383576480013  25.0
54785.032544999995  0.0  1.1486383576480013  25.0
54790.01888999999  0.0  1.1486383576480013  25.0
54795.00523499999  0.0  1.1486383576480013  25.0
54799.99157999999  0.0  1.1486383576480013  25.0
54804.977924999985  0.0  1.1486383576480013  25.0
54809.96426999998  0.0  1.1486383576480013  25.0
54814.95061499998  0.0  1.1486383576480013  25.0
54819.93695999998  0.0  1.1486383576480013  25.0
54824.923304999975  0.0  1.1486383576480013  25.0
54829.90964999997  0.0  1.1486383576480013  25.0
54834.89599499997  0.0  1.1486383576480013  25.0
54839.88233999997  0.0  1.1486383576480013  25.0
54844.868684999965  0.0  1.1486383576480013  25.0
54849.85502999996  0.0  1.1486383576480013  25.0
54854.84137499996  0.0  1.1486383576480013  25.0
54859.82771999996  0.0  1.1486383576480013  25.0
54864.814064999955  0.0  1.1486383576480013  25.0
54869.80040999995  0.0  1.1486383576480013  25.0
54874.78675499995  0.0  1.1486383576480013  25.0
54879.77309999995  0.0  1.1486383576480013  25.0
54884.759444999945  0.0  1.1486383576480013  25.0
54889.74578999994  0.0  1.1486383576480013  25.0
54894.73213499994  0.0  1.1486383576480013  25.0
54899.71847999994  0.0  1.1486383576480013  25.0
54904.704824999935  0.0  1.1486383576480013  25.0
54909.69116999993  0.0  1.1486383576480013  25.0
54914.67751499993  0.0  1.1486383576480013  25.0
54919.66385999993  0.0  1.1486383576480013  25.0
54924.650204999925  0.0  1.1486383576480013  25.0
54929.63654999992  0.0  1.1486383576480013  25.0
54934.62289499992  0.0  1.1486383576480013  25.0
54939.60923999992  0.0  1.1486383576480013  25.0
54944.595584999915  0.0  1.1486383576480013  25.0
54949.58192999991  0.0  1.1486383576480013  25.0
54954.56827499991  0.0  1.1486383576480013  25.0
54959.55461999991  0.0  1.1486383576480013  25.0
54964.540964999906  0.0  1.1486383576480013  25.0
54969.5273099999  0.0  1.1486383576480013  25.0
54974.5136549999  0.0  1.1486383576480013  25.0
54979.4999999999  0.0  1.1486383576480013  25.0
54984.486344999896  0.0  1.1486383576480013  25.0
54989.47268999989  0.0  1.1486383576480013  25.0
54994.45903499989  0.0  1.1486383576480013  25.0
54999.44537999989  0.0  1.1486383576480013  25.0
55004.431724999886  0.0  1.1486383576480013  25.0
55009.41806999988  0.0  1.1486383576480013  25.0
55014.40441499988  0.0  1.1486383576480013  25.0
55019.39075999988  0.0  1.1486383576480013  25.0
55024.377104999876  0.0  1.1486383576480013  25.0
55029.36344999987  0.0  1.1486383576480013  25.0
55034.34979499987  0.0  1.1486383576480013  25.0
55039.33613999987  0.0  1.1486383576480013  25.0
55044.322484999866  0.0  1.1486383576480013  25.0
55049.30882999986  0.0  1.1486383576480013  25.0
55054.29517499986  0.0  1.1486383576480013  25.0
55059.28151999986  0.0  1.1486383576480013  25.0
55064.267864999856  0.0  1.1486383576480013  25.0
55069.25420999985  0.0  1.1486383576480013  25.0
55074.24055499985  0.0  1.1486383576480013  25.0
55079.22689999985  0.0  1.1486383576480013  25.0
55084.213244999846  0.0  1.1486383576480013  25.0
55089.199589999844  0.0  1.1486383576480013  25.0
55094.18593499984  0.0  1.1486383576480013  25.0
55099.17227999984  0.0  1.1486383576480013  25.0
55104.158624999836  0.0  1.1486383576480013  25.0
55109.144969999834  0.0  1.1486383576480013  25.0
55114.13131499983  0.0  1.1486383576480013  25.0
55119.11765999983  0.0  1.1486383576480013  25.0
55124.10400499983  0.0  1.1486383576480013  25.0
55129.090349999824  0.0  1.1486383576480013  25.0
55134.07669499982  0.0  1.1486383576480013  25.0
55139.06303999982  0.0  1.1486383576480013  25.0
55144.04938499982  0.0  1.1486383576480013  25.0
55149.035729999814  0.0  1.1486383576480013  25.0
55154.02207499981  0.0  1.1486383576480013  25.0
55159.00841999981  0.0  1.1486383576480013  25.0
55163.99476499981  0.0  1.1486383576480013  25.0
55168.981109999804  0.0  1.1486383576480013  25.0
55173.9674549998  0.0  1.1486383576480013  25.0
55178.9537999998  0.0  1.1486383576480013  25.0
55183.9401449998  0.0  1.1486383576480013  25.0
55188.926489999794  0.0  1.1486383576480013  25.0
55193.91283499979  0.0  1.1486383576480013  25.0
55198.89917999979  0.0  1.1486383576480013  25.0
55203.88552499979  0.0  1.1486383576480013  25.0
55208.871869999784  0.0  1.1486383576480013  25.0
55213.85821499978  0.0  1.1486383576480013  25.0
55218.84455999978  0.0  1.1486383576480013  25.0
55223.83090499978  0.0  1.1486383576480013  25.0
55228.817249999775  0.0  1.1486383576480013  25.0
55233.80359499977  0.0  1.1486383576480013  25.0
55238.78993999977  0.0  1.1486383576480013  25.0
55243.77628499977  0.0  1.1486383576480013  25.0
55248.762629999765  0.0  1.1486383576480013  25.0
55253.74897499976  0.0  1.1486383576480013  25.0
55258.73531999976  0.0  1.1486383576480013  25.0
55263.72166499976  0.0  1.1486383576480013  25.0
55268.708009999755  0.0  1.1486383576480013  25.0
55273.69435499975  0.0  1.1486383576480013  25.0
55278.68069999975  0.0  1.1486383576480013  25.0
55283.66704499975  0.0  1.1486383576480013  25.0
55288.653389999745  0.0  1.1486383576480013  25.0
55293.63973499974  0.0  1.1486383576480013  25.0
55298.62607999974  0.0  1.1486383576480013  25.0
55303.61242499974  0.0  1.1486383576480013  25.0
55308.598769999735  0.0  1.1486383576480013  25.0
55313.58511499973  0.0  1.1486383576480013  25.0
55318.57145999973  0.0  1.1486383576480013  25.0
55323.55780499973  0.0  1.1486383576480013  25.0
55328.544149999725  0.0  1.1486383576480013  25.0
55333.53049499972  0.0  1.1486383576480013  25.0
55338.51683999972  0.0  1.1486383576480013  25.0
55343.50318499972  0.0  1.1486383576480013  25.0
55348.489529999715  0.0  1.1486383576480013  25.0
55353.47587499971  0.0  1.1486383576480013  25.0
55358.46221999971  0.0  1.1486383576480013  25.0
55363.44856499971  0.0  1.1486383576480013  25.0
55368.434909999705  0.0  1.1486383576480013  25.0
55373.4212549997  0.0  1.1486383576480013  25.0
55378.4075999997  0.0  1.1486383576480013  25.0
55383.3939449997  0.0  1.1486383576480013  25.0
55388.380289999695  0.0  1.1486383576480013  25.0
55393.36663499969  0.0  1.1486383576480013  25.0
55398.35297999969  0.0  1.1486383576480013  25.0
55403.33932499969  0.0  1.1486383576480013  25.0
55408.325669999685  0.0  1.1486383576480013  25.0
55413.31201499968  0.0  1.1486383576480013  25.0
55418.29835999968  0.0  1.1486383576480013  25.0
55423.28470499968  0.0  1.1486383576480013  25.0
55428.271049999676  0.0  1.1486383576480013  25.0
55433.25739499967  0.0  1.1486383576480013  25.0
55438.24373999967  0.0  1.1486383576480013  25.0
55443.23008499967  0.0  1.1486383576480013  25.0
55448.216429999666  0.0  1.1486383576480013  25.0
55453.20277499966  0.0  1.1486383576480013  25.0
55458.18911999966  0.0  1.1486383576480013  25.0
55463.17546499966  0.0  1.1486383576480013  25.0
55468.161809999656  0.0  1.1486383576480013  25.0
55473.14815499965  0.0  1.1486383576480013  25.0
55478.13449999965  0.0  1.1486383576480013  25.0
55483.12084499965  0.0  1.1486383576480013  25.0
55488.107189999646  0.0  1.1486383576480013  25.0
55493.09353499964  0.0  1.1486383576480013  25.0
55498.07987999964  0.0  1.1486383576480013  25.0
55503.06622499964  0.0  1.1486383576480013  25.0
55508.052569999636  0.0  1.1486383576480013  25.0
55513.03891499963  0.0  1.1486383576480013  25.0
55518.02525999963  0.0  1.1486383576480013  25.0
55523.01160499963  0.0  1.1486383576480013  25.0
55527.997949999626  0.0  1.1486383576480013  25.0
55532.984294999624  0.0  1.1486383576480013  25.0
55537.97063999962  0.0  1.1486383576480013  25.0
55542.95698499962  0.0  1.1486383576480013  25.0
55547.943329999616  0.0  1.1486383576480013  25.0
55552.929674999614  0.0  1.1486383576480013  25.0
55557.91601999961  0.0  1.1486383576480013  25.0
55562.90236499961  0.0  1.1486383576480013  25.0
55567.88870999961  0.0  1.1486383576480013  25.0
55572.875054999604  0.0  1.1486383576480013  25.0
55577.8613999996  0.0  1.1486383576480013  25.0
55582.8477449996  0.0  1.1486383576480013  25.0
55587.8340899996  0.0  1.1486383576480013  25.0
55592.820434999594  0.0  1.1486383576480013  25.0
55597.80677999959  0.0  1.1486383576480013  25.0
55602.79312499959  0.0  1.1486383576480013  25.0
55607.77946999959  0.0  1.1486383576480013  25.0
55612.765814999584  0.0  1.1486383576480013  25.0
55617.75215999958  0.0  1.1486383576480013  25.0
55622.73850499958  0.0  1.1486383576480013  25.0
55627.72484999958  0.0  1.1486383576480013  25.0
55632.711194999574  0.0  1.1486383576480013  25.0
55637.69753999957  0.0  1.1486383576480013  25.0
55642.68388499957  0.0  1.1486383576480013  25.0
55647.67022999957  0.0  1.1486383576480013  25.0
55652.656574999564  0.0  1.1486383576480013  25.0
55657.64291999956  0.0  1.1486383576480013  25.0
55662.62926499956  0.0  1.1486383576480013  25.0
55667.61560999956  0.0  1.1486383576480013  25.0
55672.601954999554  0.0  1.1486383576480013  25.0
55677.58829999955  0.0  1.1486383576480013  25.0
55682.57464499955  0.0  1.1486383576480013  25.0
55687.56098999955  0.0  1.1486383576480013  25.0
55692.547334999545  0.0  1.1486383576480013  25.0
55697.53367999954  0.0  1.1486383576480013  25.0
55702.52002499954  0.0  1.1486383576480013  25.0
55707.50636999954  0.0  1.1486383576480013  25.0
55712.492714999535  0.0  1.1486383576480013  25.0
55717.47905999953  0.0  1.1486383576480013  25.0
55722.46540499953  0.0  1.1486383576480013  25.0
55727.45174999953  0.0  1.1486383576480013  25.0
55732.438094999525  0.0  1.1486383576480013  25.0
55737.42443999952  0.0  1.1486383576480013  25.0
55742.41078499952  0.0  1.1486383576480013  25.0
55747.39712999952  0.0  1.1486383576480013  25.0
55752.383474999515  0.0  1.1486383576480013  25.0
55757.36981999951  0.0  1.1486383576480013  25.0
55762.35616499951  0.0  1.1486383576480013  25.0
55767.34250999951  0.0  1.1486383576480013  25.0
55772.328854999505  0.0  1.1486383576480013  25.0
55777.3151999995  0.0  1.1486383576480013  25.0
55782.3015449995  0.0  1.1486383576480013  25.0
55787.2878899995  0.0  1.1486383576480013  25.0
55792.274234999495  0.0  1.1486383576480013  25.0
55797.26057999949  0.0  1.1486383576480013  25.0
55802.24692499949  0.0  1.1486383576480013  25.0
55807.23326999949  0.0  1.1486383576480013  25.0
55812.219614999485  0.0  1.1486383576480013  25.0
55817.20595999948  0.0  1.1486383576480013  25.0
55822.19230499948  0.0  1.1486383576480013  25.0
55827.17864999948  0.0  1.1486383576480013  25.0
55832.164994999475  0.0  1.1486383576480013  25.0
55837.15133999947  0.0  1.1486383576480013  25.0
55842.13768499947  0.0  1.1486383576480013  25.0
55847.12402999947  0.0  1.1486383576480013  25.0
55852.110374999465  0.0  1.1486383576480013  25.0
55857.09671999946  0.0  1.1486383576480013  25.0
55862.08306499946  0.0  1.1486383576480013  25.0
55867.06940999946  0.0  1.1486383576480013  25.0
55872.055754999456  0.0  1.1486383576480013  25.0
55877.04209999945  0.0  1.1486383576480013  25.0
55882.02844499945  0.0  1.1486383576480013  25.0
55887.01478999945  0.0  1.1486383576480013  25.0
55892.001134999446  0.0  1.1486383576480013  25.0
55896.98747999944  0.0  1.1486383576480013  25.0
55901.97382499944  0.0  1.1486383576480013  25.0
55906.96016999944  0.0  1.1486383576480013  25.0
55911.946514999436  0.0  1.1486383576480013  25.0
55916.93285999943  0.0  1.1486383576480013  25.0
55921.91920499943  0.0  1.1486383576480013  25.0
55926.90554999943  0.0  1.1486383576480013  25.0
55931.891894999426  0.0  1.1486383576480013  25.0
55936.87823999942  0.0  1.1486383576480013  25.0
55941.86458499942  0.0  1.1486383576480013  25.0
55946.85092999942  0.0  1.1486383576480013  25.0
55951.837274999416  0.0  1.1486383576480013  25.0
55956.82361999941  0.0  1.1486383576480013  25.0
55961.80996499941  0.0  1.1486383576480013  25.0
55966.79630999941  0.0  1.1486383576480013  25.0
55971.782654999406  0.0  1.1486383576480013  25.0
55976.7689999994  0.0  1.1486383576480013  25.0
55981.7553449994  0.0  1.1486383576480013  25.0
55986.7416899994  0.0  1.1486383576480013  25.0
55991.728034999396  0.0  1.1486383576480013  25.0
55996.714379999394  0.0  1.1486383576480013  25.0
56001.70072499939  0.0  1.1486383576480013  25.0
56006.68706999939  0.0  1.1486383576480013  25.0
56011.673414999386  0.0  1.1486383576480013  25.0
56016.659759999384  0.0  1.1486383576480013  25.0
56021.64610499938  0.0  1.1486383576480013  25.0
56026.63244999938  0.0  1.1486383576480013  25.0
56031.61879499938  0.0  1.1486383576480013  25.0
56036.605139999374  0.0  1.1486383576480013  25.0
56041.59148499937  0.0  1.1486383576480013  25.0
56046.57782999937  0.0  1.1486383576480013  25.0
56051.56417499937  0.0  1.1486383576480013  25.0
56056.550519999364  0.0  1.1486383576480013  25.0
56061.53686499936  0.0  1.1486383576480013  25.0
56066.52320999936  0.0  1.1486383576480013  25.0
56071.50955499936  0.0  1.1486383576480013  25.0
56076.495899999354  0.0  1.1486383576480013  25.0
56081.48224499935  0.0  1.1486383576480013  25.0
56086.46858999935  0.0  1.1486383576480013  25.0
56091.45493499935  0.0  1.1486383576480013  25.0
56096.441279999344  0.0  1.1486383576480013  25.0
56101.42762499934  0.0  1.1486383576480013  25.0
56106.41396999934  0.0  1.1486383576480013  25.0
56111.40031499934  0.0  1.1486383576480013  25.0
56116.386659999334  0.0  1.1486383576480013  25.0
56121.37300499933  0.0  1.1486383576480013  25.0
56126.35934999933  0.0  1.1486383576480013  25.0
56131.34569499933  0.0  1.1486383576480013  25.0
56136.332039999324  0.0  1.1486383576480013  25.0
56141.31838499932  0.0  1.1486383576480013  25.0
56146.30472999932  0.0  1.1486383576480013  25.0
56151.29107499932  0.0  1.1486383576480013  25.0
56156.277419999315  0.0  1.1486383576480013  25.0
56161.26376499931  0.0  1.1486383576480013  25.0
56166.25010999931  0.0  1.1486383576480013  25.0
56171.23645499931  0.0  1.1486383576480013  25.0
56176.222799999305  0.0  1.1486383576480013  25.0
56181.2091449993  0.0  1.1486383576480013  25.0
56186.1954899993  0.0  1.1486383576480013  25.0
56191.1818349993  0.0  1.1486383576480013  25.0
56196.168179999295  0.0  1.1486383576480013  25.0
56201.15452499929  0.0  1.1486383576480013  25.0
56206.14086999929  0.0  1.1486383576480013  25.0
56211.12721499929  0.0  1.1486383576480013  25.0
56216.113559999285  0.0  1.1486383576480013  25.0
56221.09990499928  0.0  1.1486383576480013  25.0
56226.08624999928  0.0  1.1486383576480013  25.0
56231.07259499928  0.0  1.1486383576480013  25.0
56236.058939999275  0.0  1.1486383576480013  25.0
56241.04528499927  0.0  1.1486383576480013  25.0
56246.03162999927  0.0  1.1486383576480013  25.0
56251.01797499927  0.0  1.1486383576480013  25.0
56256.004319999265  0.0  1.1486383576480013  25.0
56260.99066499926  0.0  1.1486383576480013  25.0
56265.97700999926  0.0  1.1486383576480013  25.0
56270.96335499926  0.0  1.1486383576480013  25.0
56275.949699999255  0.0  1.1486383576480013  25.0
56280.93604499925  0.0  1.1486383576480013  25.0
56285.92238999925  0.0  1.1486383576480013  25.0
56290.90873499925  0.0  1.1486383576480013  25.0
56295.895079999245  0.0  1.1486383576480013  25.0
56300.88142499924  0.0  1.1486383576480013  25.0
56305.86776999924  0.0  1.1486383576480013  25.0
56310.85411499924  0.0  1.1486383576480013  25.0
56315.840459999235  0.0  1.1486383576480013  25.0
56320.82680499923  0.0  1.1486383576480013  25.0
56325.81314999923  0.0  1.1486383576480013  25.0
56330.79949499923  0.0  1.1486383576480013  25.0
56335.785839999226  0.0  1.1486383576480013  25.0
56340.77218499922  0.0  1.1486383576480013  25.0
56345.75852999922  0.0  1.1486383576480013  25.0
56350.74487499922  0.0  1.1486383576480013  25.0
56355.731219999216  0.0  1.1486383576480013  25.0
56360.71756499921  0.0  1.1486383576480013  25.0
56365.70390999921  0.0  1.1486383576480013  25.0
56370.69025499921  0.0  1.1486383576480013  25.0
56375.676599999206  0.0  1.1486383576480013  25.0
56380.6629449992  0.0  1.1486383576480013  25.0
56385.6492899992  0.0  1.1486383576480013  25.0
56390.6356349992  0.0  1.1486383576480013  25.0
56395.621979999196  0.0  1.1486383576480013  25.0
56400.60832499919  0.0  1.1486383576480013  25.0
56405.59466999919  0.0  1.1486383576480013  25.0
54979.5  -0.18666561013547492  0.9204304676314341  25.0
54982.3984375  0.2338569166609629  0.8374457630163431  25.0
54993.3984375  0.53260189618273  1.3136579868636702  25.0
55002.3984375  -2.1103112655883822  1.2395716177866172  25.0
55011.3984375  -2.1330070127758605  1.1596863559133954  25.0
55014.30078125  0.6947719946551281  1.9280448479734467  25.0
55029.30078125  -0.6427815744339306  2.0639197418195687  25.0
55089.19921875  -0.32194069373124096  0.7958533886994388  25.0
55296.6015625  -3.5137527839073037  4.50117082309742  25.0
55302.6015625  -3.726613350203764  1.4344357550378817  25.0
55305.6015625  -2.6036203878457367  1.5101218088156159  25.0
55326.5  0.9442260755223966  1.2158760319050135  25.0
55329.5  0.0429920805519005  1.0658036383720157  25.0
55332.3984375  0.45691584240499594  1.1436893182068526  25.0
55335.3984375  -0.8023521495115221  2.8166811888606467  25.0
55338.3984375  0.8284474054689462  2.338769162953414  25.0
55347.3984375  -0.07828557717254062  1.4891256729883116  25.0
55350.5  0.9979161547787012  1.3487515050186252  25.0
55353.3984375  -0.09608230188291614  1.1597863779227544  25.0
55362.3984375  -0.6838740294037722  1.6989870092519936  25.0
55365.30078125  -0.712568713406137  1.148288423640044  25.0
55368.3984375  -2.3107742516170977  1.4043412396538217  25.0
55377.3984375  -0.8426448098059562  1.6321993863621636  25.0
55389.30078125  -0.46801380400013665  0.9636224312991537  25.0
55407.30078125  -1.41094011782513  1.2706658765149366  25.0
55413.30078125  1.0096139623803977  1.0333096436118672  25.0
55416.30078125  1.0081142996890753  1.0227116013637891  25.0
55425.30078125  2.4428500254051677  1.6920882557523407  25.0
55428.30078125  -0.2670508032744926  1.606504123092309  25.0
55437.30078125  -0.416223332447791  1.3131580675166075  25.0
55440.30078125  0.5838924483880129  0.7928539202919954  25.0
55443.30078125  0.4178230171484721  0.9762201509354825  25.0
55446.30078125  0.48721025878297475  1.037208881029144  25.0
55449.19921875  -2.1526035079212016  1.6740915406575467  25.0
55452.30078125  -2.042823583982906  1.1284920751757173  25.0
55602.6015625  0.8491435706180396  0.8245480727018035  25.0
55674.5  -0.8591417668595618  1.4406346405216202  25.0
55677.6015625  -0.4017260051075032  0.8309469068543939  25.0
55701.6015625  -1.0823005954256213  1.975136049058443  25.0
55710.5  -0.6283842214280687  0.756760563442915  25.0
55722.3984375  3.4049726986631335  3.1672164730724943  25.0
55737.3984375  -0.5552976910451412  1.0394085070862467  25.0
55740.3984375  0.25165363541197183  3.396874062450637  25.0
55746.30078125  -0.06858736352796237  0.6045886135371062  25.0
55761.30078125  1.6834897955426475  0.844644391844341  25.0
55764.30078125  0.7069697692788202  1.6353987557635257  25.0
55767.30078125  0.47511245849370864  0.7990528057757339  25.0
55770.30078125  1.0468071799329624  0.8768385112761448  25.0
55773.30078125  1.6583944736292147  1.3153576935737101  25.0
55776.30078125  -1.0490067106401992  0.7057699819158428  25.0
55779.30078125  0.9988159714634677  2.162901484141203  25.0
55791.30078125  0.6942720753080653  0.6711763354330175  25.0
55794.30078125  -0.7135685521002624  1.0637040343242719  25.0
55797.30078125  -0.25615281418567026  0.663177816579746  25.0
55800.30078125  -0.4779119782323  2.186597260722538  25.0
55803.30078125  0.6272844560744503  1.112994956816237  25.0
55806.19921875  0.5528981639941195  1.0715026045086915  25.0
56059.3984375  0.04279211698463205  1.8528586181929094  25.0
56062.6015625  2.460646696481244  1.1489882916559586  25.0
56065.3984375  0.10598047015571291  0.7067697729350353  25.0
56067.5  -0.673775858827824  0.9265293311058136  25.0
56088.30078125  2.7083010009541804  1.3750467096449013  25.0
56091.30078125  -0.5888914988338411  0.994716785377339  25.0
56094.3984375  0.24695450796942148  1.0623042982924427  25.0
56416.5  -0.3744310094620347  1.0851000674892797  25.0
56421.5  6.329234090055107  1.1098955140743676  25.0
56424.5  17.78322445658326  0.8911358422726477  25.0
56427.5  30.404097328756286  1.1051963866318173  25.0
56443.5  37.38031458508746  1.2855631488678612  25.0
56451.5  22.80669781707035  1.2617675409768987  25.0
56460.5  14.11769947708305  1.254068992801838  25.0
56472.3984375  3.820296119076292  2.031125871731075  25.0
56475.3984375  3.1352223976594082  0.9160312155172287  25.0
56478.30078125  2.580724596639541  0.9477254156019697  25.0
56480.3984375  3.102228483552197  0.7819559550406396  25.0
56486.30078125  2.237687816584036  0.8172494218644466  25.0
56489.30078125  3.463461832021481  1.2501696600346952  25.0
56501.3984375  2.572826004445762  1.5719104289345507  25.0
56507.30078125  1.8173652027002505  0.929528751838324  25.0
56512.30078125  1.6940879331405914  0.8118504264059817  25.0
56518.30078125  -1.2297734655638126  1.4353355717226481  25.0
56537.30078125  4.3934906939066  1.2090773004147195  25.0
