#Date  :
#Flux  :
#Fluxerr  :
#ZP  :
#end  :
@INSTRUMENT  PS
@BAND  PS_i
@MAGSYS  AB
54741.0462  0.0  2.586716671359176  25.0
54746.032544999995  0.0  2.586716671359176  25.0
54751.01888999999  0.0  2.586716671359176  25.0
54756.00523499999  0.0  2.586716671359176  25.0
54760.99157999999  0.0  2.586716671359176  25.0
54765.977924999985  0.0  2.586716671359176  25.0
54770.96426999998  0.0  2.586716671359176  25.0
54775.95061499998  0.0  2.586716671359176  25.0
54780.93695999998  0.0  2.586716671359176  25.0
54785.923304999975  0.0  2.586716671359176  25.0
54790.90964999997  0.0  2.586716671359176  25.0
54795.89599499997  0.0  2.586716671359176  25.0
54800.88233999997  0.0  2.586716671359176  25.0
54805.868684999965  0.0  2.586716671359176  25.0
54810.85502999996  0.0  2.586716671359176  25.0
54815.84137499996  0.0  2.586716671359176  25.0
54820.82771999996  0.0  2.586716671359176  25.0
54825.814064999955  0.0  2.586716671359176  25.0
54830.80040999995  0.0  2.586716671359176  25.0
54835.78675499995  0.0  2.586716671359176  25.0
54840.77309999995  0.0  2.586716671359176  25.0
54845.759444999945  0.0  2.586716671359176  25.0
54850.74578999994  0.0  2.586716671359176  25.0
54855.73213499994  0.0  2.586716671359176  25.0
54860.71847999994  0.0  2.586716671359176  25.0
54865.704824999935  0.0  2.586716671359176  25.0
54870.69116999993  0.0  2.586716671359176  25.0
54875.67751499993  0.0  2.586716671359176  25.0
54880.66385999993  0.0  2.586716671359176  25.0
54885.650204999925  0.0  2.586716671359176  25.0
54890.63654999992  0.0  2.586716671359176  25.0
54895.62289499992  0.0  2.586716671359176  25.0
54900.60923999992  0.0  2.586716671359176  25.0
54905.595584999915  0.0  2.586716671359176  25.0
54910.58192999991  0.0  2.586716671359176  25.0
54915.56827499991  0.0  2.586716671359176  25.0
54920.55461999991  0.0  2.586716671359176  25.0
54925.540964999906  0.0  2.586716671359176  25.0
54930.5273099999  0.0  2.586716671359176  25.0
54935.5136549999  0.0  2.586716671359176  25.0
54940.4999999999  0.0  2.586716671359176  25.0
54945.486344999896  0.0  2.586716671359176  25.0
54950.47268999989  0.0  2.586716671359176  25.0
54955.45903499989  0.0  2.586716671359176  25.0
54960.44537999989  0.0  2.586716671359176  25.0
54965.431724999886  0.0  2.586716671359176  25.0
54970.41806999988  0.0  2.586716671359176  25.0
54975.40441499988  0.0  2.586716671359176  25.0
54980.39075999988  0.0  2.586716671359176  25.0
54985.377104999876  0.0  2.586716671359176  25.0
54990.36344999987  0.0  2.586716671359176  25.0
54995.34979499987  0.0  2.586716671359176  25.0
55000.33613999987  0.0  2.586716671359176  25.0
55005.322484999866  0.0  2.586716671359176  25.0
55010.30882999986  0.0  2.586716671359176  25.0
55015.29517499986  0.0  2.586716671359176  25.0
55020.28151999986  0.0  2.586716671359176  25.0
55025.267864999856  0.0  2.586716671359176  25.0
55030.25420999985  0.0  2.586716671359176  25.0
55035.24055499985  0.0  2.586716671359176  25.0
55040.22689999985  0.0  2.586716671359176  25.0
55045.213244999846  0.0  2.586716671359176  25.0
55050.199589999844  0.0  2.586716671359176  25.0
55055.18593499984  0.0  2.586716671359176  25.0
55060.17227999984  0.0  2.586716671359176  25.0
55065.158624999836  0.0  2.586716671359176  25.0
55070.144969999834  0.0  2.586716671359176  25.0
55075.13131499983  0.0  2.586716671359176  25.0
55080.11765999983  0.0  2.586716671359176  25.0
55085.10400499983  0.0  2.586716671359176  25.0
55090.090349999824  0.0  2.586716671359176  25.0
55095.07669499982  0.0  2.586716671359176  25.0
55100.06303999982  0.0  2.586716671359176  25.0
55105.04938499982  0.0  2.586716671359176  25.0
55110.035729999814  0.0  2.586716671359176  25.0
55115.02207499981  0.0  2.586716671359176  25.0
55120.00841999981  0.0  2.586716671359176  25.0
55124.99476499981  0.0  2.586716671359176  25.0
55129.981109999804  0.0  2.586716671359176  25.0
55134.9674549998  0.0  2.586716671359176  25.0
55139.9537999998  0.0  2.586716671359176  25.0
55144.9401449998  0.0  2.586716671359176  25.0
55149.926489999794  0.0  2.586716671359176  25.0
55154.91283499979  0.0  2.586716671359176  25.0
55159.89917999979  0.0  2.586716671359176  25.0
55164.88552499979  0.0  2.586716671359176  25.0
55169.871869999784  0.0  2.586716671359176  25.0
55174.85821499978  0.0  2.586716671359176  25.0
55179.84455999978  0.0  2.586716671359176  25.0
55184.83090499978  0.0  2.586716671359176  25.0
55189.817249999775  0.0  2.586716671359176  25.0
55194.80359499977  0.0  2.586716671359176  25.0
55199.78993999977  0.0  2.586716671359176  25.0
55204.77628499977  0.0  2.586716671359176  25.0
55209.762629999765  0.0  2.586716671359176  25.0
55214.74897499976  0.0  2.586716671359176  25.0
55219.73531999976  0.0  2.586716671359176  25.0
55224.72166499976  0.0  2.586716671359176  25.0
55229.708009999755  0.0  2.586716671359176  25.0
55234.69435499975  0.0  2.586716671359176  25.0
55239.68069999975  0.0  2.586716671359176  25.0
55244.66704499975  0.0  2.586716671359176  25.0
55249.653389999745  0.0  2.586716671359176  25.0
55254.63973499974  0.0  2.586716671359176  25.0
55259.62607999974  0.0  2.586716671359176  25.0
55264.61242499974  0.0  2.586716671359176  25.0
55269.598769999735  0.0  2.586716671359176  25.0
55274.58511499973  0.0  2.586716671359176  25.0
55279.57145999973  0.0  2.586716671359176  25.0
55284.55780499973  0.0  2.586716671359176  25.0
55289.544149999725  0.0  2.586716671359176  25.0
55294.53049499972  0.0  2.586716671359176  25.0
55299.51683999972  0.0  2.586716671359176  25.0
55304.50318499972  0.0  2.586716671359176  25.0
55309.489529999715  0.0  2.586716671359176  25.0
55314.47587499971  0.0  2.586716671359176  25.0
55319.46221999971  0.0  2.586716671359176  25.0
55324.44856499971  0.0  2.586716671359176  25.0
55329.434909999705  0.0  2.586716671359176  25.0
55334.4212549997  0.0  2.586716671359176  25.0
55339.4075999997  0.0  2.586716671359176  25.0
55344.3939449997  0.0  2.586716671359176  25.0
55349.380289999695  0.0  2.586716671359176  25.0
55354.36663499969  0.0  2.586716671359176  25.0
55359.35297999969  0.0  2.586716671359176  25.0
55364.33932499969  0.0  2.586716671359176  25.0
55369.325669999685  0.0  2.586716671359176  25.0
55374.31201499968  0.0  2.586716671359176  25.0
55379.29835999968  0.0  2.586716671359176  25.0
55384.28470499968  0.0  2.586716671359176  25.0
55389.271049999676  0.0  2.586716671359176  25.0
55394.25739499967  0.0  2.586716671359176  25.0
55399.24373999967  0.0  2.586716671359176  25.0
55404.23008499967  0.0  2.586716671359176  25.0
55409.216429999666  0.0  2.586716671359176  25.0
55414.20277499966  0.0  2.586716671359176  25.0
55419.18911999966  0.0  2.586716671359176  25.0
55424.17546499966  0.0  2.586716671359176  25.0
55429.161809999656  0.0  2.586716671359176  25.0
55434.14815499965  0.0  2.586716671359176  25.0
55439.13449999965  0.0  2.586716671359176  25.0
55444.12084499965  0.0  2.586716671359176  25.0
55449.107189999646  0.0  2.586716671359176  25.0
55454.09353499964  0.0  2.586716671359176  25.0
55459.07987999964  0.0  2.586716671359176  25.0
55464.06622499964  0.0  2.586716671359176  25.0
55469.052569999636  0.0  2.586716671359176  25.0
55474.03891499963  0.0  2.586716671359176  25.0
55479.02525999963  0.0  2.586716671359176  25.0
55484.01160499963  0.0  2.586716671359176  25.0
55488.997949999626  0.0  2.586716671359176  25.0
55493.984294999624  0.0  2.586716671359176  25.0
55498.97063999962  0.0  2.586716671359176  25.0
55503.95698499962  0.0  2.586716671359176  25.0
55508.943329999616  0.0  2.586716671359176  25.0
55513.929674999614  0.0  2.586716671359176  25.0
55518.91601999961  0.0  2.586716671359176  25.0
55523.90236499961  0.0  2.586716671359176  25.0
55528.88870999961  0.0  2.586716671359176  25.0
55533.875054999604  0.0  2.586716671359176  25.0
55538.8613999996  0.0  2.586716671359176  25.0
55543.8477449996  0.0  2.586716671359176  25.0
55548.8340899996  0.0  2.586716671359176  25.0
55553.820434999594  0.0  2.586716671359176  25.0
55558.80677999959  0.0  2.586716671359176  25.0
55563.79312499959  0.0  2.586716671359176  25.0
55568.77946999959  0.0  2.586716671359176  25.0
55573.765814999584  0.0  2.586716671359176  25.0
55578.75215999958  0.0  2.586716671359176  25.0
55583.73850499958  0.0  2.586716671359176  25.0
55588.72484999958  0.0  2.586716671359176  25.0
55593.711194999574  0.0  2.586716671359176  25.0
55598.69753999957  0.0  2.586716671359176  25.0
55603.68388499957  0.0  2.586716671359176  25.0
55608.67022999957  0.0  2.586716671359176  25.0
55613.656574999564  0.0  2.586716671359176  25.0
55618.64291999956  0.0  2.586716671359176  25.0
55623.62926499956  0.0  2.586716671359176  25.0
55628.61560999956  0.0  2.586716671359176  25.0
55633.601954999554  0.0  2.586716671359176  25.0
55638.58829999955  0.0  2.586716671359176  25.0
55643.57464499955  0.0  2.586716671359176  25.0
55648.56098999955  0.0  2.586716671359176  25.0
55653.547334999545  0.0  2.586716671359176  25.0
55658.53367999954  0.0  2.586716671359176  25.0
55663.52002499954  0.0  2.586716671359176  25.0
55668.50636999954  0.0  2.586716671359176  25.0
54940.5  -3.2089402021183453  2.8995218955788573  25.0
54941.3984375  -2.395931480474977  2.4299950085706326  25.0
54942.30078125  -5.469795848333397  3.1376718822905363  25.0
54948.3984375  -0.6003817594281671  3.311719831848503  25.0
54951.30078125  2.0372338867994806  2.5579049346290885  25.0
54952.30078125  3.2934609210000785  2.7138903842317994  25.0
54984.30078125  -5.797178542999713  3.252329596531381  25.0
54985.3984375  -2.2586958753354547  3.5493792594180453  25.0
54987.3984375  -4.135036099802466  3.2371140247273416  25.0
54994.30078125  2.515104772895558  3.1370830240836587  25.0
55000.30078125  6.351127662588617  4.2174953468693435  25.0
55189.6015625  1.7141703594197315  2.6702066543334815  25.0
55192.6015625  -0.16167898994386357  2.5433765200966674  25.0
55207.6015625  -0.7621588963072667  2.3563706942063716  25.0
55210.6015625  1.5647620534297693  2.353425841463042  25.0
55213.6015625  1.636030466875735  2.4548309694136488  25.0
55219.6015625  -1.7031758430738315  2.3794397059561274  25.0
55222.6015625  -1.3913032429331509  2.4086931331504515  25.0
55231.6015625  -0.3579123245754506  2.5697830191397757  25.0
55234.6015625  2.51795151381046  2.417920700403091  25.0
55237.6015625  1.896758718958719  2.400643469547881  25.0
55240.5  2.017600661407819  2.566445344610109  25.0
55243.5  -1.2480793523877574  2.6112090535663826  25.0
55246.5  -2.569979430032944  2.472991581197332  25.0
55249.6015625  6.309211443492501  2.4126196658869956  25.0
55252.6015625  9.976683267327916  2.931229429138061  25.0
55258.6015625  -3.1772328557954554  3.177821901238647  25.0
55264.5  -2.7190931196831536  2.840622406640186  25.0
55276.6015625  -3.370128574408724  2.5789124745639875  25.0
55288.3984375  -2.993368293541658  2.91414860917602  25.0
55297.30078125  1.5053718181126474  2.594520868154364  25.0
55303.5  5.359948422230198  3.049322742500686  25.0
55327.3984375  0.8925230223487587  2.552211452799284  25.0
55330.30078125  -0.9104873168574303  2.41360134588021  25.0
55339.30078125  0.11318511233513595  3.4111617870489943  25.0
55348.30078125  -0.25817594027152035  3.798523762475624  25.0
55354.30078125  -1.4395025510112043  2.859961109310252  25.0
55360.30078125  -6.237255404684132  2.981195686309375  25.0
55363.30078125  -1.023083465665262  2.61758987990412  25.0
55366.30078125  10.623792189316942  2.852795013872469  25.0
55567.6015625  0.9605518730934854  2.5660527100600863  25.0
55594.6015625  -1.653602033216227  2.4582667557717426  25.0
55597.6015625  3.3568759881184858  2.5946189799827915  25.0
55615.6015625  37.08761025963902  10.666592163814158  25.0
55630.6015625  1.6408405677770663  2.6438982671188005  25.0
55633.6015625  2.434412474921941  2.5014597392916103  25.0
55636.3984375  2.7689614522623542  2.7068224006224435  25.0
55645.6015625  -0.8163463961730343  2.9321128100665343  25.0
55651.5  -2.57881436273556  3.5738222112384106  25.0
55663.30078125  2.639284389874324  2.420276694939543  25.0
55666.30078125  5.971128193492939  2.5503462046412824  25.0
55672.3984375  -0.58850367491748  2.427737313098922  25.0
55675.3984375  4.4182441309557  2.4922321720389706  25.0
55678.30078125  1.30629168405481  2.719289530576322  25.0
55681.30078125  4.457412469910596  2.519914873796889  25.0
55702.30078125  12.74564471959027  3.4618152014919272  25.0
55705.30078125  31.595924239387507  2.521092777446958  25.0
55708.30078125  27.209483694219987  2.921020181892207  25.0
55711.30078125  30.31800194627145  2.8357140066741136  25.0
55714.30078125  29.76100836422028  2.6223999808054512  25.0
55720.30078125  11.017829513802905  3.0152592144050305  25.0
55723.30078125  14.724077978224761  3.1693794158497397  25.0
55732.30078125  6.071551641450331  2.91414860917602  25.0
55738.30078125  6.103651809559557  2.8841097256453354  25.0
55939.6015625  2.8288424339579263  2.5682124809396836  25.0
55945.6015625  1.2623134314348965  2.420669329489566  25.0
55948.6015625  4.477830964402304  2.980508529037756  25.0
55950.6015625  -0.2018287865488516  2.6680470706901978  25.0
55956.6015625  -7.018753190897779  2.6835571652158334  25.0
55960.69921875  1.112807013616507  3.1750732721521717  25.0
55968.6015625  2.7356831932667447  2.5535857673425215  25.0
55971.6015625  6.546870496589415  2.7309712041938408  25.0
55977.6015625  -3.802548594276909  2.6868948397455  25.0
55979.6015625  -1.0036466511667688  2.625148609891926  25.0
55985.6015625  2.635259558073039  2.5206020310685076  25.0
55998.5  7.8196872299009765  3.103804765088049  25.0
56001.6015625  -1.3313239621728377  2.7572795914085217  25.0
56007.5  3.108320343267785  2.6938645242901145  25.0
56019.5  -0.08196840121913528  2.982766411745781  25.0
56027.5  3.80863489789305  2.556236284600569  25.0
56030.5  -0.2384446030514313  2.432547414000253  25.0
56033.30078125  0.21547382015279926  2.4153682949734705  25.0
56036.3984375  2.0923047675937214  2.8425857666266148  25.0
56038.30078125  0.9740987948690057  2.344689020588853  25.0
56041.30078125  -0.33405806713018826  2.387980115937148  25.0
56048.3984375  -2.7730843958920666  2.3675616214454402  25.0
56057.3984375  -2.961464349089286  2.497925653868775  25.0
56063.30078125  -2.6517515198282027  2.6840479115942837  25.0
56066.30078125  -4.048748244591158  2.4771145248270443  25.0
56068.30078125  -0.4972095419570647  2.3760039195980336  25.0
56323.6015625  2.0135758296065336  3.0713119624287994  25.0
56326.6015625  -3.4144013497502335  2.5096075147226076  25.0
56332.6015625  -0.1993746333748939  2.341056823337591  25.0
56334.5  0.6606555161009976  2.515988153824031  25.0
56337.6015625  -3.114308535055499  2.461113496686645  25.0
56352.5  12.484720431086744  3.3445071572293483  25.0
56355.5  -1.570553834324315  2.3723717223467715  25.0
56358.6015625  -0.8888909187156535  2.51667531109565  25.0
56369.3984375  -1.4054391165337057  2.619945687204258  25.0
56388.5  -6.152342238488689  2.9654891808905712  25.0
56391.3984375  -1.9351414143409416  2.5391552774022137  25.0
56393.30078125  2.6115035762879786  2.452965908491961  25.0
56396.5  -0.9888236202945951  2.6370266944026133  25.0
56399.3984375  -0.26426219707858334  2.479863153913519  25.0
56411.3984375  -1.8769292699102025  4.320667423913211  25.0
56414.3984375  -4.069166739082866  2.5204056201753393  25.0
56417.3984375  -5.733370654094969  2.556039873707401  25.0
56420.3984375  -0.136155895233768  2.4471741275974153  25.0
56422.30078125  -0.27388244569032427  2.6297622999000887  25.0
56432.30078125  3.241236968357054  2.662156990730911  25.0
56444.30078125  1.960566420627149  2.4638623130094337  25.0
56447.30078125  -0.7003144610071088  2.4252830194977286  25.0
56450.30078125  1.365289284821909  2.5253140201414115  25.0
56452.30078125  0.02719191442152434  2.489287132059327  25.0
56455.30078125  1.9056917634897628  2.411637985893781  25.0
56458.30078125  1.9032376571248835  2.444327199446199  25.0
56462.30078125  0.703161295540168  2.464058536666288  25.0
56479.30078125  -0.21272519106632426  2.571059221854586  25.0
