55686.108603949135    2.7402525588513473    0.6228879176492884     25    
55686.608603949135    3.170906845209739     0.623089989586024      25    
55687.108603949135    3.630515613217405     0.6243249589327581     25    
55687.608603949135    4.117636620739264     0.6330426480754453     25    
55688.108603949135    4.6327437263688065    0.651149230758064      25    
55688.608603949135    5.17466754300342      0.6674501362659924     25    
55689.108603949135    5.742685775011667     0.6735032550096901     25    
55689.608603949135    6.337013984079656     0.6739865901047032     25    
55690.108603949135    6.95609063585211      0.6746296345844114     25    
55690.608603949135    7.600184838506191     0.6761728422922053     25    
55691.108603949135    8.268502435179876     0.6775103796699639     25    
55691.608603949135    8.959928982989146     0.6785718074957139     25    
55692.108603949135    9.674918628060425     0.6793828697848813     25    
55692.608603949135    10.411995294234622    0.6800505018220429     25    
55693.108603949135    11.17101858885623     0.6805063976926028     25    
55693.608603949135    11.951671960511973    0.680917094116827      25    
55694.108603949135    12.75279887215081     0.6809485359822808     25    
55694.608603949135    13.575579676811474    0.6785680186681716     25    
55695.108603949135    14.415788549219588    0.682419940669776      25    
55695.608603949135    15.276478235386813    0.702329212870052      25    
55696.108603949135    16.153296274194048    0.7306682489542643     25    
55696.608603949135    17.018677386257597    0.7496393219370379     25    
55697.108603949135    17.881065953677385    0.7565038009353221     25    
55697.608603949135    18.718160640784284    0.7593377875437132     25    
55698.108603949135    19.504043809667273    0.7635102362236231     25    
55698.608603949135    20.248850347615033    0.7673378730906237     25    
55699.108603949135    20.921994527720486    0.7699699379680931     25    
55699.608603949135    21.509775274701983    0.770319045286416      25    
55700.108603949135    22.02525366826354     0.7700290981629894     25    
55700.608603949135    22.474730798321595    0.7719576911955843     25    
55701.108603949135    22.851762019343457    0.7758388104266418     25    
55701.608603949135    23.18144498459458     0.7805696187945351     25    
55702.108603949135    23.47481560470217     0.786581098565337      25    
55702.608603949135    23.72947404215732     0.7930831161490391     25    
55703.108603949135    23.971478930952358    0.7965835985903312     25    
55703.608603949135    24.202787361283907    0.8019695073180306     25    
55704.108603949135    24.41771007631247     0.7963978310336384     25    
55704.608603949135    24.617529011072023    0.7576270149982742     25    
55705.108603949135    24.802355191572783    0.6867699163404712     25    
55705.608603949135    24.95595696119328     0.6325856367319244     25    
55706.108603949135    25.078046696010997    0.6266009516155812     25    
55706.608603949135    25.164491602386345    0.6400542447607115     25    
55707.108603949135    25.201429996930788    0.6437384738093702     25    
55707.608603949135    25.190737272585398    0.6424414067456532     25    
55708.108603949135    25.13631019580875     0.6404471002531592     25    
55708.608603949135    25.036445071659056    0.6379888548267444     25    
55709.108603949135    24.894150602160206    0.6353303475231358     25    
55709.608603949135    24.722174084683108    0.6352111540770736     25    
55710.108603949135    24.517394636990165    0.6389773436651066     25    
55710.608603949135    24.28757053688504     0.6424963673595117     25    
55711.108603949135    24.041662695638966    0.6417070733797634     25    
55711.608603949135    23.776296502113514    0.6381061455084815     25    
55712.108603949135    23.494425765382786    0.6349256337069222     25    
55712.608603949135    23.197777759858038    0.6328548149236326     25    
55713.108603949135    22.88387183478025     0.6313778519284496     25    
55713.608603949135    22.550324208318003    0.6310088786581194     25    
55714.108603949135    22.19797301121361     0.6319694701011        25    
55714.608603949135    21.82482941336948     0.6322879523839426     25    
55715.108603949135    21.427882871618873    0.6307935514233184     25    
55715.608603949135    21.010184844086503    0.6282533867608198     25    
55716.108603949135    20.578053846699838    0.6249692488710095     25    
55716.608603949135    20.127788278548877    0.6201550892218374     25    
55717.108603949135    19.669744013688742    0.6161632615500364     25    
55717.608603949135    19.211621704667177    0.6158767344745719     25    
55718.108603949135    18.750578498808057    0.6180913014068087     25    
55718.608603949135    18.300222521420288    0.6192271117927821     25    
55719.108603949135    17.861248989162622    0.6239158607199023     25    
55719.608603949135    17.435137650950292    0.6220014192729353     25    
55720.108603949135    17.028094915628568    0.5929816605083597     25    
55720.608603949135    16.638479989781878    0.531833697631007      25    
55721.108603949135    16.267365418258667    0.47746715713924304    25    
55721.608603949135    15.915170811574843    0.465119938079549      25    
55722.108603949135    15.581926099200228    0.47370854104936183    25    
55722.608603949135    15.269055001029445    0.4768440878597737     25    
55723.108603949135    14.976802915049399    0.47589220885798267    25    
55723.608603949135    14.703931881135771    0.47400733025639963    25    
55724.108603949135    14.450295064347541    0.4701194718438494     25    
55724.608603949135    14.215786617281704    0.4647950817692563     25    
55725.108603949135    13.996677457456867    0.4616946651235978     25    
55725.608603949135    13.79349855950145     0.46235463296202817    25    
55726.108603949135    13.60449204892541     0.4641297102537258     25    
55726.608603949135    13.426823730462935    0.46461389454399254    25    
55727.108603949135    13.261641872325331    0.464489363924468      25    
55727.608603949135    13.105460166985415    0.4633953835526767     25    
55728.108603949135    12.957717031348231    0.4631381903732763     25    
55728.608603949135    12.81787098936306     0.46078608212012234    25    
55729.108603949135    12.682421772508748    0.44784495815492303    25    
55729.608603949135    12.552508316002099    0.4194158512803177     25    
55730.108603949135    12.425330718065089    0.3921571518641675     25    
55730.608603949135    12.298941585589832    0.3841087990179408     25    
55731.108603949135    12.174029836865078    0.3876999973278552     25    
55731.608603949135    12.047796272860204    0.3893364794834699     25    
55732.108603949135    11.920368346607544    0.3862465435028238     25    
55732.608603949135    11.791137915539931    0.3834247842864529     25    
55733.108603949135    11.658908053869862    0.38444597681866166    25    
55733.608603949135    11.52415449477435     0.3885962411481701     25    
55734.108603949135    11.385434709822785    0.3918805794620724     25    
55734.608603949135    11.241994934343408    0.3931626198517625     25    
55735.108603949135    11.094507313556818    0.393030741718317      25    
55735.608603949135    10.943246773458588    0.39062093232364864    25    
55736.108603949135    10.787477834345024    0.3861755810284083     25    
55736.608603949135    10.630072134348229    0.3789300155849741     25    
55737.108603949135    10.472363863244437    0.3659986482728501     25    
55737.608603949135    10.314047682737373    0.3491740731231885     25    
55738.108603949135    10.158595507760202    0.3389646273096455     25    
55738.608603949135    10.006160267490563    0.3397024895623398     25    
55739.108603949135    9.856544166393236     0.34288718405343704    25    
55739.608603949135    9.710776926550926     0.34036987563609       25    
55740.108603949135    9.568755125252626     0.3343647803992398     25    
55740.608603949135    9.426813355366267     0.32999319946588634    25    
55741.108603949135    9.284899247339242     0.32949113665599106    25    
55741.608603949135    9.141938926420696     0.33075837554889387    25    
55742.108603949135    8.994273605730049     0.33240778316246133    25    
55742.608603949135    8.842589294468338     0.33520961210466227    25    
55743.108603949135    8.68645006604918      0.3366023150755568     25    
55743.608603949135    8.524342216264252     0.3368740789714721     25    
55744.108603949135    8.35757991921167      0.33474824879011406    25    
55744.608603949135    8.190208990448953     0.3200956523959096     25    
55745.108603949135    8.021166308057952     0.2823757168699371     25    
55745.608603949135    7.853215478651113     0.23905782649519058    25    
55746.108603949135    7.689568080589908     0.22116731888700017    25    
55746.608603949135    7.52902797160264      0.22465871300199325    25    
55747.108603949135    7.374032488316625     0.22792610920439477    25    
55747.608603949135    7.225706495761648     0.2240218969377364     25    
55748.108603949135    7.082774172023144     0.21962673962881385    25    
55748.608603949135    6.94430857685847      0.21794590827851687    25    
55749.108603949135    6.810739854602232     0.21869819734263726    25    
55749.608603949135    6.680728041337099     0.22053013615994838    25    
55750.108603949135    6.553608655743689     0.2236730703522978     25    
55750.608603949135    6.429615084999256     0.22739034710033054    25    
55751.108603949135    6.3078709164602484    0.22810055601352028    25    
55751.608603949135    6.188170457211702     0.22514269464676068    25    
55752.108603949135    6.071181242365911     0.22072512811664374    25    
55752.608603949135    5.95727002637894      0.217366929502405      25    
55753.108603949135    5.8462920267267435    0.21418789570801833    25    
55753.608603949135    5.739104190406557     0.20574989503251262    25    
55754.108603949135    5.635777106314533     0.18536693506491617    25    
55754.608603949135    5.536396031303852     0.16037168882219618    25    
55755.108603949135    5.44144933134889      0.14748934256892968    25    
55755.608603949135    5.350905347153532     0.1480185287970221     25    
55756.108603949135    5.264326518687809     0.1504851220655801     25    
55756.608603949135    5.1816378791657804    0.14909589165762474    25    
55757.108603949135    5.102781334495139     0.14731612824137535    25    
55757.608603949135    5.027228311841104     0.1457015612872376     25    
55758.108603949135    4.955128134087222     0.1441322476866798     25    
55758.608603949135    4.886112471524734     0.14290005963848004    25    
55759.108603949135    4.81987623866745      0.14239896767678947    25    
55759.608603949135    4.756532220490793     0.14247799768868957    25    
55760.108603949135    4.695535224541266     0.14282261308397953    25    
55760.608603949135    4.636937840609382     0.1416763080302538     25    
55761.108603949135    4.580515767215097     0.14254993419897474    25    
55761.608603949135    4.52583890818594      0.15126358673413015    25    
55762.108603949135    4.473078746505497     0.16661381857869556    25    
55762.608603949135    4.421744403098759     0.17870396734618416    25    
55763.108603949135    4.371721739418251     0.18189481769867213    25    
55763.608603949135    4.32296458519442      0.1825838757023321     25    
55764.108603949135    4.274954322258782     0.1889712979967495     25    