53647.79133850208    30.029409530373748    9.738298082064727     25    
53648.29133850208    35.97412958083502     9.524669044540824     25    
53648.79133850208    42.4355463067756      9.790587378942286     25    
53649.29133850208    49.406863319916994    11.828423809252078    25    
53649.79133850208    56.886283974507506    14.016433388090658    25    
53650.29133850208    64.86497807810774     14.652627375880185    25    
53650.79133850208    73.34280993544468     14.510403926007065    25    
53651.29133850208    82.30966125728243     14.516650132147355    25    
53651.79133850208    91.76631159146226     14.564798274530524    25    
53652.29133850208    101.70210025931647    14.59868391273417     25    
53652.79133850208    112.11797634443558    14.618903726273828    25    
53653.29133850208    123.00348248608464    14.626635329098816    25    
53653.79133850208    134.35899159623978    14.620282333792419    25    
53654.29133850208    146.17678055346792    14.615186336149181    25    
53654.79133850208    158.48297350037498    14.653650530837439    25    
53655.29133850208    171.1723722663934     14.595570975503676    25    
53655.79133850208    184.40677187739135    14.257717593620502    25    
53656.29133850208    197.58557520681052    13.944268752519873    25    
53656.79133850208    210.33401200821922    14.006557477439088    25    
53657.29133850208    222.27143797352397    14.213520210109685    25    
53657.79133850208    232.50522902409008    14.342180633089638    25    
53658.29133850208    241.01230734511972    14.439826605211904    25    
53658.79133850208    246.72081566971113    14.45635031182535     25    
53659.29133850208    249.880509853078      14.41030897090323     25    
53659.79133850208    251.03694628912467    14.40871137411773     25    
53660.29133850208    250.1257771674378     14.444771911161409    25    
53660.79133850208    248.4717259770723     14.5125664294896      25    
53661.29133850208    246.004438734375      14.62736461708231     25    
53661.79133850208    243.82333676416124    14.677796983769111    25    
53662.29133850208    242.18804808835787    14.706901549355521    25    
53662.79133850208    241.04852041645194    14.423817736107383    25    
53663.29133850208    240.57614302777128    13.414161303570413    25    
53663.79133850208    240.4178075863957     12.442056901377955    25    
53664.29133850208    240.4121556580725     12.378257007959272    25    
53664.79133850208    240.42161113518975    12.612759516578059    25    
53665.29133850208    240.17350608755828    12.607969903120052    25    
53665.79133850208    239.66142906219847    12.545131679268538    25    
53666.29133850208    238.65999053111062    12.462806010192681    25    
53666.79133850208    237.1846118607018     12.368925590065059    25    
53667.29133850208    235.06009789134234    12.37065326802422     25    
53667.79133850208    232.3017449557542     12.451468917455031    25    
53668.29133850208    228.73027676848525    12.49181623859262     25    
53668.79133850208    224.33346052013434    12.52935464540995     25    
53669.29133850208    219.25109414862786    12.075890826724931    25    
53669.79133850208    213.44294330234936    10.774478076885687    25    
53670.29133850208    207.20838791215533    9.73661946438619      25    
53670.79133850208    200.57918161520928    9.704246067128413     25    
53671.29133850208    193.77553533990684    9.850330512123534     25    
53671.79133850208    186.9026641441455     9.774896547951569     25    
53672.29133850208    180.07868056880864    9.65939402128797      25    
53672.79133850208    173.45734884084064    9.491546441748593     25    
53673.29133850208    167.08601243736734    9.323070915137361     25    
53673.79133850208    161.14419203970928    9.288575708373711     25    
53674.29133850208    155.64285777082355    9.32551062524979      25    
53674.79133850208    150.80745207783463    9.335027180346337     25    
53675.29133850208    146.60620243446365    9.313403538858182     25    
53675.79133850208    143.09719295710786    9.000133712980839     25    
53676.29133850208    140.28022403408463    8.355690435743542     25    
53676.79133850208    138.0554290656906     8.028895842445074     25    
53677.29133850208    136.4293387996899     8.16915453457449      25    
53677.79133850208    135.31409900895378    8.2959756471793       25    
53678.29133850208    134.7165127661697     8.31123128932304      25    
53678.79133850208    134.51925868662732    8.282153101139828     25    
53679.29133850208    134.70525106407914    8.173558532925046     25    
53679.79133850208    135.15920879204262    8.091753485830413     25    
53680.29133850208    135.80203041914058    8.159798634062078     25    
53680.79133850208    136.5730710955366     8.26863820911748      25    
53681.29133850208    137.33283424837563    8.316467664269855     25    
53681.79133850208    138.09660945777892    8.33048725374477      25    
53682.29133850208    138.78188357536916    8.31198923157979      25    
53682.79133850208    139.41043995811998    8.248379751965937     25    
53683.29133850208    140.01012245778045    8.024177967520284     25    
53683.79133850208    140.57897151251234    7.644132738032359     25    
53684.29133850208    141.15032424076117    7.458354050781694     25    
53684.79133850208    141.72831108062584    7.51114781480104      25    
53685.29133850208    142.2757099951653     7.510670967737535     25    
53685.79133850208    142.80833657712003    7.382460539600002     25    
53686.29133850208    143.2205700150424     7.322440805939986     25    
53686.79133850208    143.5002476483654     7.4259603796676465    25    
53687.29133850208    143.56953266702067    7.539363858301134     25    
53687.79133850208    143.37490060425037    7.595212141630382     25    
53688.29133850208    142.91138046608708    7.601488017309641     25    
53688.79133850208    142.13297766649802    7.426368662722291     25    
53689.29133850208    141.0724676949849     7.299150621874281     25    
53689.79133850208    139.76156372717293    7.786300462921298     25    
53690.29133850208    138.2039034952182     8.518508408225555     25    
53690.79133850208    136.44570905527675    8.791160597952748     25    
53691.29133850208    134.4821692016248     8.765569643917072     25    
53691.79133850208    132.34185200117315    8.670857951289817     25    
53692.29133850208    130.02363395730455    8.488445901318334     25    
53692.79133850208    127.52224915032048    8.392220435921477     25    
53693.29133850208    124.83813240133713    8.415166936207173     25    
53693.79133850208    121.96583633095409    8.45993411754208      25    
53694.29133850208    118.89283165986873    8.533988128189618     25    
53694.79133850208    115.66456770651796    8.539593883966608     25    
53695.29133850208    112.26830098968156    8.556809541261424     25    
53695.79133850208    108.79933155011247    8.199408366759775     25    
53696.29133850208    105.31696840246408    6.584389047007577     25    
53696.79133850208    101.86868014960356    4.117815589712461     25    
53697.29133850208    98.56468800536776     3.216108056980929     25    
53697.79133850208    95.39715755580058     3.6394214377162006    25    
53698.29133850208    92.44970898308627     3.6079567246513076    25    
53698.79133850208    89.69827144207242     3.48684034413979      25    
53699.29133850208    87.09515194493164     3.3968512686403067    25    
53699.79133850208    84.64395205371557     3.3346390195839097    25    
53700.29133850208    82.28293298397128     3.3135009879874837    25    
53700.79133850208    80.01452487680437     3.3427487439685524    25    
53701.29133850208    77.80241325266883     3.339058288993371     25    
53701.79133850208    75.63760135332674     3.2774096735676443    25    
53702.29133850208    73.53169963812165     3.215340853034134     25    
53702.79133850208    71.48394544602755     3.1466864962411423    25    
53703.29133850208    69.50290122029195     3.1477336644320886    25    
53703.79133850208    67.59333602085644     3.3255947493113536    25    
53704.29133850208    65.7575153087552      3.513285604210341     25    
53704.79133850208    64.00173103641566     3.5568905305242278    25    
53705.29133850208    62.323257489708546    3.5369293237373483    25    
53705.79133850208    60.72098529879496     3.5059260895766218    25    
53706.29133850208    59.19450116100392     3.455782634715427     25    
53706.79133850208    57.74104879270739     3.4062541589634194    25    
53707.29133850208    56.36081118589208     3.3553016817157717    25    
53707.79133850208    55.05087935096657     3.3202423723534937    25    
53708.29133850208    53.81152009682546     3.3011816452668876    25    
53708.79133850208    52.639842774528056    3.2950593499234837    25    
53709.29133850208    51.53599369475965     3.307716762893584     25    
53709.79133850208    50.49730486434765     3.2996699223781842    25    
53710.29133850208    49.52359778065036     3.2422131630254145    25    
53710.79133850208    48.61263142138093     3.2086323150532157    25    
53711.29133850208    47.763698155453305    3.212875890852762     25    
53711.79133850208    46.97518153756419     3.3051698457160636    25    
53712.29133850208    46.24566062012403     3.4707036693091986    25    