#Date  :
#Flux  :
#Fluxerr  :
#ZP  :
#end  :
@INSTRUMENT  PS
@BAND  PS_z
@MAGSYS  AB
54964.1477625  0.0  1.3083219272797098  25.0
54969.134107499995  0.0  1.3083219272797098  25.0
54974.12045249999  0.0  1.3083219272797098  25.0
54979.10679749999  0.0  1.3083219272797098  25.0
54984.09314249999  0.0  1.3083219272797098  25.0
54989.079487499985  0.0  1.3083219272797098  25.0
54994.06583249998  0.0  1.3083219272797098  25.0
54999.05217749998  0.0  1.3083219272797098  25.0
55004.03852249998  0.0  1.3083219272797098  25.0
55009.024867499975  0.0  1.3083219272797098  25.0
55014.01121249997  0.0  1.3083219272797098  25.0
55018.99755749997  0.0  1.3083219272797098  25.0
55023.98390249997  0.0  1.3083219272797098  25.0
55028.970247499965  0.0  1.3083219272797098  25.0
55033.95659249996  0.0  1.3083219272797098  25.0
55038.94293749996  0.0  1.3083219272797098  25.0
55043.92928249996  0.0  1.3083219272797098  25.0
55048.915627499955  0.0  1.3083219272797098  25.0
55053.90197249995  0.0  1.3083219272797098  25.0
55058.88831749995  0.0  1.3083219272797098  25.0
55063.87466249995  0.0  1.3083219272797098  25.0
55068.861007499945  0.0  1.3083219272797098  25.0
55073.84735249994  0.0  1.3083219272797098  25.0
55078.83369749994  0.0  1.3083219272797098  25.0
55083.82004249994  0.0  1.3083219272797098  25.0
55088.806387499935  0.0  1.3083219272797098  25.0
55093.79273249993  0.0  1.3083219272797098  25.0
55098.77907749993  0.0  1.3083219272797098  25.0
55103.76542249993  0.0  1.3083219272797098  25.0
55108.751767499925  0.0  1.3083219272797098  25.0
55113.73811249992  0.0  1.3083219272797098  25.0
55118.72445749992  0.0  1.3083219272797098  25.0
55123.71080249992  0.0  1.3083219272797098  25.0
55128.697147499915  0.0  1.3083219272797098  25.0
55133.68349249991  0.0  1.3083219272797098  25.0
55138.66983749991  0.0  1.3083219272797098  25.0
55143.65618249991  0.0  1.3083219272797098  25.0
55148.642527499906  0.0  1.3083219272797098  25.0
55153.6288724999  0.0  1.3083219272797098  25.0
55158.6152174999  0.0  1.3083219272797098  25.0
55163.6015624999  0.0  1.3083219272797098  25.0
55168.587907499896  0.0  1.3083219272797098  25.0
55173.57425249989  0.0  1.3083219272797098  25.0
55178.56059749989  0.0  1.3083219272797098  25.0
55183.54694249989  0.0  1.3083219272797098  25.0
55188.533287499886  0.0  1.3083219272797098  25.0
55193.51963249988  0.0  1.3083219272797098  25.0
55198.50597749988  0.0  1.3083219272797098  25.0
55203.49232249988  0.0  1.3083219272797098  25.0
55208.478667499876  0.0  1.3083219272797098  25.0
55213.46501249987  0.0  1.3083219272797098  25.0
55218.45135749987  0.0  1.3083219272797098  25.0
55223.43770249987  0.0  1.3083219272797098  25.0
55228.424047499866  0.0  1.3083219272797098  25.0
55233.41039249986  0.0  1.3083219272797098  25.0
55238.39673749986  0.0  1.3083219272797098  25.0
55243.38308249986  0.0  1.3083219272797098  25.0
55248.369427499856  0.0  1.3083219272797098  25.0
55253.35577249985  0.0  1.3083219272797098  25.0
55258.34211749985  0.0  1.3083219272797098  25.0
55263.32846249985  0.0  1.3083219272797098  25.0
55268.314807499846  0.0  1.3083219272797098  25.0
55273.301152499844  0.0  1.3083219272797098  25.0
55278.28749749984  0.0  1.3083219272797098  25.0
55283.27384249984  0.0  1.3083219272797098  25.0
55288.260187499836  0.0  1.3083219272797098  25.0
55293.246532499834  0.0  1.3083219272797098  25.0
55298.23287749983  0.0  1.3083219272797098  25.0
55303.21922249983  0.0  1.3083219272797098  25.0
55308.20556749983  0.0  1.3083219272797098  25.0
55313.191912499824  0.0  1.3083219272797098  25.0
55318.17825749982  0.0  1.3083219272797098  25.0
55323.16460249982  0.0  1.3083219272797098  25.0
55328.15094749982  0.0  1.3083219272797098  25.0
55333.137292499814  0.0  1.3083219272797098  25.0
55338.12363749981  0.0  1.3083219272797098  25.0
55343.10998249981  0.0  1.3083219272797098  25.0
55348.09632749981  0.0  1.3083219272797098  25.0
55353.082672499804  0.0  1.3083219272797098  25.0
55358.0690174998  0.0  1.3083219272797098  25.0
55363.0553624998  0.0  1.3083219272797098  25.0
55368.0417074998  0.0  1.3083219272797098  25.0
55373.028052499794  0.0  1.3083219272797098  25.0
55378.01439749979  0.0  1.3083219272797098  25.0
55383.00074249979  0.0  1.3083219272797098  25.0
55387.98708749979  0.0  1.3083219272797098  25.0
55392.973432499784  0.0  1.3083219272797098  25.0
55397.95977749978  0.0  1.3083219272797098  25.0
55402.94612249978  0.0  1.3083219272797098  25.0
55407.93246749978  0.0  1.3083219272797098  25.0
55412.918812499775  0.0  1.3083219272797098  25.0
55417.90515749977  0.0  1.3083219272797098  25.0
55422.89150249977  0.0  1.3083219272797098  25.0
55427.87784749977  0.0  1.3083219272797098  25.0
55432.864192499765  0.0  1.3083219272797098  25.0
55437.85053749976  0.0  1.3083219272797098  25.0
55442.83688249976  0.0  1.3083219272797098  25.0
55447.82322749976  0.0  1.3083219272797098  25.0
55452.809572499755  0.0  1.3083219272797098  25.0
55457.79591749975  0.0  1.3083219272797098  25.0
55462.78226249975  0.0  1.3083219272797098  25.0
55467.76860749975  0.0  1.3083219272797098  25.0
55472.754952499745  0.0  1.3083219272797098  25.0
55477.74129749974  0.0  1.3083219272797098  25.0
55482.72764249974  0.0  1.3083219272797098  25.0
55487.71398749974  0.0  1.3083219272797098  25.0
55492.700332499735  0.0  1.3083219272797098  25.0
55497.68667749973  0.0  1.3083219272797098  25.0
55502.67302249973  0.0  1.3083219272797098  25.0
55507.65936749973  0.0  1.3083219272797098  25.0
55512.645712499725  0.0  1.3083219272797098  25.0
55517.63205749972  0.0  1.3083219272797098  25.0
55522.61840249972  0.0  1.3083219272797098  25.0
55527.60474749972  0.0  1.3083219272797098  25.0
55532.591092499715  0.0  1.3083219272797098  25.0
55537.57743749971  0.0  1.3083219272797098  25.0
55542.56378249971  0.0  1.3083219272797098  25.0
55547.55012749971  0.0  1.3083219272797098  25.0
55552.536472499705  0.0  1.3083219272797098  25.0
55557.5228174997  0.0  1.3083219272797098  25.0
55562.5091624997  0.0  1.3083219272797098  25.0
55567.4955074997  0.0  1.3083219272797098  25.0
55572.481852499695  0.0  1.3083219272797098  25.0
55577.46819749969  0.0  1.3083219272797098  25.0
55582.45454249969  0.0  1.3083219272797098  25.0
55587.44088749969  0.0  1.3083219272797098  25.0
55592.427232499685  0.0  1.3083219272797098  25.0
55597.41357749968  0.0  1.3083219272797098  25.0
55602.39992249968  0.0  1.3083219272797098  25.0
55607.38626749968  0.0  1.3083219272797098  25.0
55612.372612499676  0.0  1.3083219272797098  25.0
55617.35895749967  0.0  1.3083219272797098  25.0
55622.34530249967  0.0  1.3083219272797098  25.0
55627.33164749967  0.0  1.3083219272797098  25.0
55632.317992499666  0.0  1.3083219272797098  25.0
55637.30433749966  0.0  1.3083219272797098  25.0
55642.29068249966  0.0  1.3083219272797098  25.0
55647.27702749966  0.0  1.3083219272797098  25.0
55652.263372499656  0.0  1.3083219272797098  25.0
55657.24971749965  0.0  1.3083219272797098  25.0
55662.23606249965  0.0  1.3083219272797098  25.0
55667.22240749965  0.0  1.3083219272797098  25.0
55672.208752499646  0.0  1.3083219272797098  25.0
55677.19509749964  0.0  1.3083219272797098  25.0
55682.18144249964  0.0  1.3083219272797098  25.0
55687.16778749964  0.0  1.3083219272797098  25.0
55692.154132499636  0.0  1.3083219272797098  25.0
55697.14047749963  0.0  1.3083219272797098  25.0
55702.12682249963  0.0  1.3083219272797098  25.0
55707.11316749963  0.0  1.3083219272797098  25.0
55712.099512499626  0.0  1.3083219272797098  25.0
55717.085857499624  0.0  1.3083219272797098  25.0
55722.07220249962  0.0  1.3083219272797098  25.0
55727.05854749962  0.0  1.3083219272797098  25.0
55732.044892499616  0.0  1.3083219272797098  25.0
55737.031237499614  0.0  1.3083219272797098  25.0
55742.01758249961  0.0  1.3083219272797098  25.0
55747.00392749961  0.0  1.3083219272797098  25.0
55751.99027249961  0.0  1.3083219272797098  25.0
55756.976617499604  0.0  1.3083219272797098  25.0
55761.9629624996  0.0  1.3083219272797098  25.0
55766.9493074996  0.0  1.3083219272797098  25.0
55771.9356524996  0.0  1.3083219272797098  25.0
55776.921997499594  0.0  1.3083219272797098  25.0
55781.90834249959  0.0  1.3083219272797098  25.0
55786.89468749959  0.0  1.3083219272797098  25.0
55791.88103249959  0.0  1.3083219272797098  25.0
55796.867377499584  0.0  1.3083219272797098  25.0
55801.85372249958  0.0  1.3083219272797098  25.0
55806.84006749958  0.0  1.3083219272797098  25.0
55811.82641249958  0.0  1.3083219272797098  25.0
55816.812757499574  0.0  1.3083219272797098  25.0
55821.79910249957  0.0  1.3083219272797098  25.0
55826.78544749957  0.0  1.3083219272797098  25.0
55831.77179249957  0.0  1.3083219272797098  25.0
55836.758137499564  0.0  1.3083219272797098  25.0
55841.74448249956  0.0  1.3083219272797098  25.0
55846.73082749956  0.0  1.3083219272797098  25.0
55851.71717249956  0.0  1.3083219272797098  25.0
55856.703517499554  0.0  1.3083219272797098  25.0
55861.68986249955  0.0  1.3083219272797098  25.0
55866.67620749955  0.0  1.3083219272797098  25.0
55871.66255249955  0.0  1.3083219272797098  25.0
55876.648897499545  0.0  1.3083219272797098  25.0
55881.63524249954  0.0  1.3083219272797098  25.0
55886.62158749954  0.0  1.3083219272797098  25.0
55891.60793249954  0.0  1.3083219272797098  25.0
55896.594277499535  0.0  1.3083219272797098  25.0
55901.58062249953  0.0  1.3083219272797098  25.0
55906.56696749953  0.0  1.3083219272797098  25.0
55911.55331249953  0.0  1.3083219272797098  25.0
55916.539657499525  0.0  1.3083219272797098  25.0
55163.6015625  -0.45590955621222423  1.585618703655153  25.0
55181.6015625  0.20915084655993743  0.800861146297682  25.0
55190.5  1.0142343084416603  0.7833828162026104  25.0
55193.6015625  -1.0164927214679043  0.9328323641151237  25.0
55208.6015625  -0.26845933192039234  0.9248787085864911  25.0
55211.5  -0.15003872102095306  0.814608089626148  25.0
55214.5  -0.12411580657981375  0.5913175098617824  25.0
55218.6015625  -0.3924769410312155  0.8043961147152996  25.0
55220.5  0.42792455344980096  1.2074778439443328  25.0
55223.3984375  -0.7955587404932697  2.498419673714472  25.0
55232.5  1.4639576933340608  1.6173349995401538  25.0
55235.5  0.1231338670064188  1.104964508985648  25.0
55238.5  1.178707308251999  1.098090943677387  25.0
55241.3984375  0.3828540338792753  1.4685727519720497  25.0
55250.5  1.6075156740392256  1.3802973359812802  25.0
55274.30078125  6.828431134162445  9.374670692702129  25.0
55289.30078125  3.3092964233960283  1.4952811525210854  25.0
55298.30078125  0.2050267401503906  1.4658233633063567  25.0
55301.3984375  -6.306929039849547  4.3522032222325775  25.0
55304.30078125  1.2140568051401186  1.2486206286322856  25.0
55571.5  -0.610956114041625  3.594743273649092  25.0
55577.6015625  -0.7878996890771124  1.2932002427963831  25.0
55586.6015625  -0.6370754000097384  0.7146477718061823  25.0
55589.6015625  -1.0545915133776889  1.2028627853063436  25.0
55592.6015625  2.675657852862434  0.9703420414439861  25.0
55595.5  0.08699888986315477  0.7554959992036742  25.0
55631.30078125  0.01188133846803341  1.2180826555531572  25.0
55634.30078125  -0.3402383222729747  0.7568707403585347  25.0
55646.30078125  1.1640765525861076  1.1569084768093996  25.0
55649.3984375  -0.6595615786187612  1.306750814597875  25.0
55652.3984375  -2.241154244572819  2.2371284878038087  25.0
55673.30078125  -2.0816891400984456  1.5044131308555904  25.0
55676.30078125  -2.1517005994202054  2.053213114874559  25.0
55931.5  3.0145215042135693  0.894635339619838  25.0
55935.5  6.418083002927175  2.4024851126635167  25.0
55946.6015625  20.37904863394003  1.0731499805151459  25.0
55949.6015625  17.150466245839947  1.885892400168998  25.0
55957.5  19.47655843324123  0.8245256477125774  25.0
55959.5  20.25130019992677  2.4289972353296063  25.0
55961.30078125  19.62895247715203  1.3714599617592504  25.0
55969.5  10.360429163207959  1.0682403177646818  25.0
55972.6015625  12.436226595633014  1.3486791790377524  25.0
55983.30078125  9.910509313144557  2.1392300241950566  25.0
55997.3984375  7.621633509976054  1.1312801664807355  25.0
55999.30078125  4.72081907962286  1.5737373366549547  25.0
56002.30078125  6.361818674221937  1.733889975583808  25.0
56005.30078125  5.705202855795844  1.0741319317940445  25.0
56010.30078125  5.606420767137722  2.0862059661509336  25.0
56013.30078125  0.049292823449063036  2.1310799971394503  25.0
56016.30078125  2.486734771885276  2.2738524917367187  25.0
56028.30078125  3.093959545982309  0.8849142467044108  25.0
56031.30078125  3.41750509450113  0.7787677575646214  25.0
56037.30078125  -0.07079706833744269  1.602213174590785  25.0
56039.30078125  0.43028119906154605  1.8591839996199624  25.0
56042.30078125  0.38962934319102827  1.1934362965033916  25.0
56045.30078125  0.9528637581709285  1.377449714730086  25.0
56056.30078125  -12.247794583939333  7.198814990803691  25.0
56262.6015625  0.7549068846227519  2.559692085043731  25.0
56313.6015625  -0.23959063387557872  0.9894896231623653  25.0
56324.6015625  -0.945008241583769  1.6827313065798963  25.0
56333.5  -0.6560266570231578  1.2577526069667906  25.0
56335.5  0.23487736606309564  0.8010575178246561  25.0
56338.5  0.7472478332065946  1.76403511196496  25.0
56351.3984375  -0.8211870508219339  1.198738702307804  25.0
56353.30078125  1.1149801123695222  2.490367785600338  25.0
56356.3984375  0.8158846450175216  1.242827247188424  25.0
56359.3984375  -0.6448326371893828  1.2750345187128742  25.0
56370.30078125  -0.6557320529106826  0.7226014273348148  25.0
56381.3984375  7.06360275317291  8.59914306533258  25.0
56383.30078125  -2.2756199291235135  1.5300414411842547  25.0
56389.3984375  -0.25039184042238444  1.3529014946217932  25.0
56392.30078125  -0.44451916485147525  1.4446136464446793  25.0
56397.30078125  1.904352634720954  1.8279585857303828  25.0
56400.30078125  -2.242921681959614  2.5664672304784344  25.0
56410.30078125  -0.4819306564168506  1.196971171276981  25.0
56415.30078125  0.8181430580437655  0.6688898816582263  25.0
56423.30078125  0.9984252299698964  1.3098930399615445  25.0
56618.6015625  0.3277678406918543  1.3239345874024855  25.0
56624.6015625  1.3423948219544415  1.2709104357143344  25.0
56629.6015625  -0.6476802584405771  0.6756652143809863  25.0
56632.6015625  0.6691844857707014  1.3099911789030174  25.0
56637.6015625  -0.2894726070220745  0.8331665567636051  25.0
56643.6015625  -0.3004702085068613  1.512268553798722  25.0
56657.6015625  -0.40023420162186696  1.1058482276790453  25.0
56659.6015625  -3.8795024021596203  1.507948099273208  25.0
56662.6015625  0.84436057659738  1.01364510021671  25.0
56681.5  -0.3172611914355096  1.1889193768068755  25.0
56754.30078125  1.2509772742440306  3.0490853277057366  25.0
