55546.43490984599    0.4487368828124722     0.17409236946161927     25    
55546.93490984599    0.5190044936339111     0.1730058532398296      25    
55547.43490984599    0.5948021097223125     0.17261867143066809     25    
55547.93490984599    0.6764184477642431     0.18275371753933972     25    
55548.43490984599    0.7637982872629546     0.20908012480481178     25    
55548.93490984599    0.8570311656451286     0.2367168669044236      25    
55549.43490984599    0.9563881636196734     0.2520030373764178      25    
55549.93490984599    1.061768135694615      0.2552287473173082      25    
55550.43490984599    1.173324180269517      0.254239632431744       25    
55550.93490984599    1.2912979847571915     0.25512276135065903     25    
55551.43490984599    1.4155659933073186     0.25681526874778215     25    
55551.93490984599    1.5463331079739058     0.2584729495021314      25    
55552.43490984599    1.683799865555229      0.260072051357641       25    
55552.93490984599    1.8278438144794988     0.2616369923684971      25    
55553.43490984599    1.9787099031367255     0.2632592180329928      25    
55553.93490984599    2.136545760392217      0.26496279122796046     25    
55554.43490984599    2.3012535535895826     0.2667474942421505      25    
55554.93490984599    2.473106520136408      0.2688839724107519      25    
55555.43490984599    2.6525431434243054     0.27220452392455036     25    
55555.93490984599    2.8392640034219694     0.27614084812001954     25    
55556.43490984599    3.0321494198108403     0.2780815073059902      25    
55556.93490984599    3.234222580203161      0.2753135729429254      25    
55557.43490984599    3.441751699949449      0.27088063591959044     25    
55557.93490984599    3.6442356437736168     0.2708432507674181      25    
55558.43490984599    3.8452873977101296     0.27755492838161755     25    
55558.93490984599    4.039114754187737      0.2867571846147553      25    
55559.43490984599    4.21209399516689       0.2941867450111339      25    
55559.93490984599    4.368754097908621      0.300157934002612       25    
55560.43490984599    4.502710136996301      0.30515410858444886     25    
55560.93490984599    4.602354808430969      0.30866011994769915     25    
55561.43490984599    4.668607290514296      0.3102337457776148      25    
55561.93490984599    4.707075702102336      0.3115363575868901      25    
55562.43490984599    4.719990663508491      0.3142436751645898      25    
55562.93490984599    4.7041679566353105     0.3179211903091908      25    
55563.43490984599    4.671351320891823      0.3215265010772763      25    
55563.93490984599    4.628158548875732      0.32494041346056224     25    
55564.43490984599    4.57032315082718       0.328465023456284       25    
55564.93490984599    4.509177104517535      0.32954244512106123     25    
55565.43490984599    4.450562654928251      0.3268637178236461      25    
55565.93490984599    4.390628890308375      0.32122914510029976     25    
55566.43490984599    4.330932539087684      0.3121998990274761      25    
55566.93490984599    4.273257949371794      0.2961138539394598      25    
55567.43490984599    4.215557610569853      0.2761889076672087      25    
55567.93490984599    4.154001224388544      0.26322039856715174     25    
55568.43490984599    4.089321876672302      0.26291062582557856     25    
55568.93490984599    4.020392919473461      0.2675615777880043      25    
55569.43490984599    3.9438230453597205     0.26848251732798634     25    
55569.93490984599    3.859338337099337      0.2658546801926697      25    
55570.43490984599    3.7685332650800287     0.2618344621901095      25    
55570.93490984599    3.6722590373136015     0.25696929469104707     25    
55571.43490984599    3.569224381395397      0.2503440866980134      25    
55571.93490984599    3.4628730259059917     0.24421533086811983     25    
55572.43490984599    3.356033369363892      0.24149796910299612     25    
55572.93490984599    3.2469855322945853     0.24189997768202548     25    
55573.43490984599    3.1391937124838694     0.2420356159460606      25    
55573.93490984599    3.035184406289828      0.2400683337077604      25    
55574.43490984599    2.9336084053599607     0.23706987909612948     25    
55574.93490984599    2.8351857746317597     0.2305496656256464      25    
55575.43490984599    2.740685286690961      0.2161826665353684      25    
55575.93490984599    2.649538661246527      0.19563446661246697     25    
55576.43490984599    2.5604467501132673     0.17912909630067317     25    
55576.93490984599    2.473424963647817      0.17415166099261967     25    
55577.43490984599    2.3883351480611874     0.17507940400694083     25    
55577.93490984599    2.3039504034480545     0.174620438686686       25    
55578.43490984599    2.2200817846768857     0.1719010925502388      25    
55578.93490984599    2.137108918066746      0.16866365538968253     25    
55579.43490984599    2.0551315334000764     0.16489932734619486     25    
55579.93490984599    1.9737564131427734     0.1596073220889837      25    
55580.43490984599    1.8938610288991873     0.15492749440946196     25    
55580.93490984599    1.8164138079958831     0.15404884455622087     25    
55581.43490984599    1.740902350598152      0.15728957352484524     25    
55581.93490984599    1.6681917548712446     0.16105574432992237     25    
55582.43490984599    1.5992138207453586     0.1629375498145264      25    
55582.93490984599    1.5336386268171778     0.16433105417564628     25    
55583.43490984599    1.4712996594342325     0.1628788744482598      25    
55583.93490984599    1.4123712949624763     0.15500777497706658     25    
55584.43490984599    1.3568351371386793     0.1411238962745278      25    
55584.93490984599    1.303540397157129      0.1288297080629103      25    
55585.43490984599    1.2522308121021504     0.12492526324641437     25    
55585.93490984599    1.203038256188179      0.12573014056177176     25    
55586.43490984599    1.1548012970710726     0.12598953559480633     25    
55586.93490984599    1.107245362988615      0.12449022341424947     25    
55587.43490984599    1.0606336121225852     0.12234896403633273     25    
55587.93490984599    1.0147927864405457     0.11862808621827019     25    
55588.43490984599    0.9694359737383703     0.11192722755251956     25    
55588.93490984599    0.925081134836533      0.1041252303861717      25    
55589.43490984599    0.8824302066489849     0.09869949775785664     25    
55589.93490984599    0.8411785070352292     0.09623577303438874     25    
55590.43490984599    0.8018004327453627     0.09515254840536123     25    
55590.93490984599    0.764982094683856      0.09418580190089876     25    
55591.43490984599    0.7305397700984437     0.09385493193460255     25    
55591.93490984599    0.6984658571326752     0.09360040733248727     25    
55592.43490984599    0.6689263929718063     0.09279055646087556     25    
55592.93490984599    0.6419607792120412     0.09168402974782305     25    
55593.43490984599    0.6169435816858153     0.09012429737114833     25    
55593.93490984599    0.5935980261100926     0.08752657674514264     25    
55594.43490984599    0.5721095574575967     0.08399754235152515     25    
55594.93490984599    0.5518110862357645     0.08156740724595836     25    
55595.43490984599    0.5325179594811364     0.08241192952616552     25    
55595.93490984599    0.5143384987510636     0.08481820620723289     25    
55596.43490984599    0.49677049477033375    0.08502362323438939     25    
55596.93490984599    0.4797748663033737     0.0809209897524074      25    
55597.43490984599    0.46336641578746557    0.07467230243081757     25    
55597.93490984599    0.4472768263133545     0.06964880533829636     25    
55598.43490984599    0.4315739863330775     0.06667783873379496     25    
55598.93490984599    0.41615736235966994    0.0646769284971373      25    
55599.43490984599    0.4007800249923304     0.06306903830023868     25    
55599.93490984599    0.3854223039662144     0.06219471884993684     25    
55600.43490984599    0.37023067077523397    0.061591792082464486    25    
55600.93490984599    0.3552601244262899     0.060392186126117485    25    
55601.43490984599    0.34033797281731504    0.05835812821827663     25    
55601.93490984599    0.3260284851903098     0.057108973818498526    25    
55602.43490984599    0.31273143844777357    0.058369919094432704    25    
55602.93490984599    0.30018567238460664    0.06160903935979779     25    
55603.43490984599    0.2890045650956982     0.06495325296158488     25    
55603.93490984599    0.2796204380149065     0.06779317299528627     25    
55604.43490984599    0.27179389165092926    0.0705762628091723      25    
55604.93490984599    0.26549951148558504    0.07178014431723567     25    
55605.43490984599    0.26103102380527365    0.06994268649052551     25    
55605.93490984599    0.25810714800765877    0.06622927025234993     25    
55606.43490984599    0.2556704437932863     0.06359909490418122     25    
55606.93490984599    0.2538472570331573     0.06328920572240325     25    
55607.43490984599    0.2523913821621829     0.0640538527538679      25    
55607.93490984599    0.2501994904407517     0.06504653146443341     25    
55608.43490984599    0.24735089925369566    0.0668034035238994      25    
55608.93490984599    0.24381506363191519    0.06836285150934089     25    
55609.43490984599    0.2391581695494385     0.06812799321169652     25    
55609.93490984599    0.23319042208078833    0.0659783485669248      25    
55610.43490984599    0.2265832931851115     0.06277390061424296     25    
55610.93490984599    0.21991629827056203    0.05906435257611624     25    
55611.43490984599    0.2128289526110304     0.05407694720436553     25    
55611.93490984599    0.20603289734665392    0.049276805364773024    25    
55612.43490984599    0.20013569555708705    0.046745049140888346    25    
55612.93490984599    0.19483090049373591    0.04621407446767975     25    
55613.43490984599    0.1904516442659512     0.04633156874047539     25    
55613.93490984599    0.18736086706798574    0.04578034442800716     25    
55614.43490984599    0.18536875342433273    0.04524112116242701     25    
55614.93490984599    0.18393518045154655    0.0468123973175331      25    
55615.43490984599    0.18301337416649144    0.05179551178689783     25    
55615.93490984599    0.18259635074503747    0.05819940209756751     25    
55616.43490984599    0.18204301274414836    0.06373247772278418     25    
55616.93490984599    0.18133152427965193    0.0690225632481394      25    
55617.43490984599    0.1804577563166637     0.0734717697137793      25    
55617.93490984599    0.17906436216241817    0.0750718304839126      25    
55618.43490984599    0.17705452329270008    0.07330242719323128     25    
55618.93490984599    0.17466001855699853    0.06965880337569495     25    
55619.43490984599    0.17208534502609463    0.06563061997082678     25    
55619.93490984599    0.16921039137618768    0.0604020049254624      25    
55620.43490984599    0.1662511889820928     0.05475947490662887     25    
55620.93490984599    0.16345404358801952    0.05036637279209348     25    
55621.43490984599    0.1607021612192059     0.04716024262713294     25    
55621.93490984599    0.15815771973242196    0.04469314484194116     25    
55622.43490984599    0.1559849234772715     0.042776483378796866    25    
55622.93490984599    0.15411744245511125    0.04172066793066614     25    
55623.43490984599    0.1525154863390269     0.040897288573677554    25    
55623.93490984599    0.15117586798598232    0.039808412074160894    25    
55624.43490984599    0.15010194902075605    0.038738222474775985    25    
55624.93490984599    0.14922685235244249    0.03792383513346022     25    
55625.43490984599    0.14854266523295193    0.03747045683690293     25    
55625.93490984599    0.14805060590403174    0.03732204299148428     25    
55626.43490984599    0.14768305601760992    0.03750148949859393     25    
55626.93490984599    0.14744934849909644    0.038134212439101214    25    
55627.43490984599    0.14733276893930988    0.039012255560041176    25    
55627.93490984599    0.14726903431960778    0.03977053112967195     25    
55628.43490984599    0.14727951099420877    0.040313918878238535    25    
55628.93490984599    0.14733203133638365    0.04090228757426748     25    
55629.43490984599    0.14736846492753952    0.04164673891865731     25    
55629.93490984599    0.14741674592808277    0.04193620737838832     25    
55630.43490984599    0.14743198630504664    0.04334091487505806     25    
55630.93490984599    0.14736494105119838    0.046536220874690504    25    
55631.43490984599    0.14724464651051153    0.049655238379082485    25    
55631.93490984599    0.14701622705509212    0.05760983957877747     25    
55632.43490984599    0.14664205590037788    0.07033839647323148     25    