55546.43490984599    1.0276055260179517    0.17650304888295631     25    
55546.93490984599    1.170864357951728     0.17693728652253987     25    
55547.43490984599    1.3224031531665914    0.17744436619866574     25    
55547.93490984599    1.4815402838433687    0.17853827810931347     25    
55548.43490984599    1.6484061194013657    0.18067599487295136     25    
55548.93490984599    1.822789271986253     0.18309952800971213     25    
55549.43490984599    2.0040497503504486    0.18473946090983512     25    
55549.93490984599    2.192426347692681     0.1854819815593947      25    
55550.43490984599    2.387557615807604     0.18586881576148176     25    
55550.93490984599    2.58887295773362      0.18633016520802506     25    
55551.43490984599    2.7966640750200997    0.1867970579846111      25    
55551.93490984599    3.0104472168250718    0.18719714425994194     25    
55552.43490984599    3.2297489381873157    0.18751136338417002     25    
55552.93490984599    3.454858333578055     0.18774217015876452     25    
55553.43490984599    3.685197107233087     0.18792619803190977     25    
55553.93490984599    3.920416723905968     0.18806536175616412     25    
55554.43490984599    4.1607481555609755    0.18814936510342614     25    
55554.93490984599    4.405546319226084     0.18830743128901206     25    
55555.43490984599    4.654823794132439     0.18788042992654913     25    
55555.93490984599    4.908551498853065     0.1873367617150989      25    
55556.43490984599    5.165219090556834     0.18958016048899817     25    
55556.93490984599    5.426579377178542     0.19710041417578317     25    
55557.43490984599    5.690380122537441     0.20668734169542144     25    
55557.93490984599    5.949616839869771     0.21339880485955914     25    
55558.43490984599    6.206586289280469     0.21623404584332426     25    
55558.93490984599    6.457609451125465     0.21745562317471212     25    
55559.43490984599    6.6939033321064345    0.21875906971815098     25    
55559.93490984599    6.91840657538063      0.22012490631768394     25    
55560.43490984599    7.126961720968891     0.22115541723091134     25    
55560.93490984599    7.3120742192898875    0.22165029080467416     25    
55561.43490984599    7.4744723832841       0.22136618355603102     25    
55561.93490984599    7.617363103261409     0.22118557901447494     25    
55562.43490984599    7.7418777791571785    0.22199692194101403     25    
55562.93490984599    7.846198618183196     0.22355064384674173     25    
55563.43490984599    7.937283532612946     0.22541941436164667     25    
55563.93490984599    8.019070738897552     0.22762748673869532     25    
55564.43490984599    8.089036330726909     0.2302661371343921      25    
55564.93490984599    8.153747089028842     0.23194244969031205     25    
55565.43490984599    8.216940299202495     0.2327122890161882      25    
55565.93490984599    8.276118705086931     0.23249054890975793     25    
55566.43490984599    8.330830565998546     0.228229545364344       25    
55566.93490984599    8.382345476438045     0.2154509506184634      25    
55567.43490984599    8.42905360873963      0.1979625283209681      25    
55567.93490984599    8.466700822003176     0.18635391937855095     25    
55568.43490984599    8.496106899330474     0.1856847125315792      25    
55568.93490984599    8.516011183650571     0.18950081953221234     25    
55569.43490984599    8.522648699009187     0.19111369949947812     25    
55569.93490984599    8.515842607969459     0.1907049753413865      25    
55570.43490984599    8.497077227795355     0.1898842301151948      25    
55570.93490984599    8.466999127425323     0.1891158598288595      25    
55571.43490984599    8.42439887224366      0.18806803499420627     25    
55571.93490984599    8.372621039706768     0.1874303435100405      25    
55572.43490984599    8.31439228513495      0.18817822065427442     25    
55572.93490984599    8.248051422648873     0.19026675265582657     25    
55573.43490984599    8.176954636216403     0.19195656862162275     25    
55573.93490984599    8.103515817553934     0.19211009698288434     25    
55574.43490984599    8.026433136392827     0.1913348720709332      25    
55574.93490984599    7.946565811017071     0.18949138900605447     25    
55575.43490984599    7.8646684704977154    0.18570734880067147     25    
55575.93490984599    7.780192876058849     0.1805503639657939      25    
55576.43490984599    7.692157286516064     0.17691037787140995     25    
55576.93490984599    7.600570710579308     0.1764856813116228      25    
55577.43490984599    7.5053322723028595    0.17755571389496308     25    
55577.93490984599    7.405521038177695     0.17802075321929478     25    
55578.43490984599    7.300920102412419     0.17763103534792218     25    
55578.93490984599    7.1919435556159925    0.17691711134977228     25    
55579.43490984599    7.078854677077788     0.17591001584250107     25    
55579.93490984599    6.9612263139276935    0.1742550811488476      25    
55580.43490984599    6.839961648955782     0.1727435740854144      25    
55580.93490984599    6.716078222800976     0.17248432967721508     25    
55581.43490984599    6.589008336540741     0.1735842742181499      25    
55581.93490984599    6.45975806112607      0.17475783008239962     25    
55582.43490984599    6.329112862583044     0.17545188588025712     25    
55582.93490984599    6.1964728093815955    0.17644669085943104     25    
55583.43490984599    6.063485490100244     0.17462054427539198     25    
55583.93490984599    5.930892671336799     0.1657892834976448      25    
55584.43490984599    5.798162901630332     0.15053054048074832     25    
55584.93490984599    5.667496673349064     0.13719870001965417     25    
55585.43490984599    5.539403907471766     0.1332515025240469      25    
55585.93490984599    5.413618448340235     0.1346971181778722      25    
55586.43490984599    5.292361132965381     0.13596508125725346     25    
55586.93490984599    5.1760888558907245    0.1356176332308609      25    
55587.43490984599    5.064388095715975     0.13509969492661328     25    
55587.93490984599    4.957786018817967     0.13410347708720835     25    
55588.43490984599    4.856711133285647     0.1321927055610856      25    
55588.93490984599    4.760372702625707     0.13011081540098793     25    
55589.43490984599    4.6677867905547314    0.12900784579777744     25    
55589.93490984599    4.579389939977617     0.12907857657169886     25    
55590.43490984599    4.494494623981282     0.12950594422129566     25    
55590.93490984599    4.412157486841881     0.12957006191497447     25    
55591.43490984599    4.332747922734955     0.12947336448139185     25    
55591.93490984599    4.255873888131986     0.12918850786472977     25    
55592.43490984599    4.181078812113184     0.1287567272101532      25    
55592.93490984599    4.108540527883481     0.1283105902456755      25    
55593.43490984599    4.038283878299659     0.12694531108380117     25    
55593.93490984599    3.970302420807892     0.12337123737572739     25    
55594.43490984599    3.904599460800003     0.11794130047484348     25    
55594.93490984599    3.8411784319970317    0.11359581277890424     25    
55595.43490984599    3.780179047173948     0.11262401222957598     25    
55595.93490984599    3.721474932751446     0.11347029716565331     25    
55596.43490984599    3.6645675615907183    0.11383591823740746     25    
55596.93490984599    3.6096936596492615    0.1127005244559284      25    
55597.43490984599    3.5564945259941982    0.11126138364770502     25    
55597.93490984599    3.5039136133878013    0.11081461585474173     25    
55598.43490984599    3.452253988050909     0.11189440030815184     25    
55598.93490984599    3.4010549135038817    0.11342272168133137     25    
55599.43490984599    3.349286452425699     0.11426857250172508     25    
55599.93490984599    3.2971057806227795    0.11466061672721051     25    
55600.43490984599    3.2445357826622914    0.11452153825147598     25    
55600.93490984599    3.191307889136675     0.11351054766178097     25    
55601.43490984599    3.13724482284967      0.11160720022958562     25    
55601.93490984599    3.083255657576707     0.1091110152688528      25    
55602.43490984599    3.029951097192826     0.10597128676831195     25    
55602.93490984599    2.976926197750835     0.10184912614362972     25    
55603.43490984599    2.925155955161802     0.09849537259103228     25    
55603.93490984599    2.8752722710463616    0.09776924126656489     25    
55604.43490984599    2.8269148366391668    0.0988616272959558      25    
55604.93490984599    2.7802888146716778    0.09943920744369109     25    
55605.43490984599    2.7357966357195678    0.09804795580957301     25    
55605.93490984599    2.6930759438712037    0.09582362798905876     25    
55606.43490984599    2.651068370391093     0.0943049033728165      25    
55606.93490984599    2.609907080387079     0.09408636739476402     25    
55607.43490984599    2.5693363199804864    0.09450781879656643     25    
55607.93490984599    2.528233420906654     0.09508842652675774     25    
55608.43490984599    2.4866881965672243    0.09612268157131909     25    
55608.93490984599    2.44465258892298      0.09709894742427792     25    
55609.43490984599    2.4016643890105835    0.09723156466529127     25    
55609.93490984599    2.3575539883433088    0.09704433828246048     25    
55610.43490984599    2.3129541028168714    0.09555623638767453     25    
55610.93490984599    2.2684019096698598    0.09089465590976567     25    
55611.43490984599    2.2235613405665453    0.08178410535188146     25    
55611.93490984599    2.179099238760799     0.0723386634785343      25    
55612.43490984599    2.1355649856834313    0.06830235134727619     25    
55612.93490984599    2.0926631614768785    0.06886814957851756     25    
55613.43490984599    2.050819898020239     0.06995442451519703     25    
55613.93490984599    2.010370657819943     0.0688658158932968      25    
55614.43490984599    1.9711290683085614    0.06706978010323796     25    
55614.93490984599    1.932931788603346     0.06578071405957626     25    
55615.43490984599    1.8957772547957188    0.06565646993435026     25    
55615.93490984599    1.8596514147564134    0.066204922730341       25    
55616.43490984599    1.8243262622050553    0.0670548931184363      25    
55616.93490984599    1.7897866315821938    0.0685306893117946      25    
55617.43490984599    1.7560416806785693    0.07010590879184261     25    
55617.93490984599    1.7229838515089098    0.07061789626845195     25    
55618.43490984599    1.6905565056412786    0.06981360445273573     25    
55618.93490984599    1.6588820872091279    0.06834734015332919     25    
55619.43490984599    1.6280915166830154    0.06688544582274383     25    
55619.93490984599    1.598113015270951     0.06561556444835177     25    
55620.43490984599    1.5690714870113944    0.06369217820890652     25    
55620.93490984599    1.5411148666151113    0.05984817663908493     25    
55621.43490984599    1.5141810027191296    0.053259544370578164    25    
55621.93490984599    1.488335986617494     0.046567045450405076    25    
55622.43490984599    1.4636704347205354    0.043574176892636936    25    
55622.93490984599    1.4401620983709784    0.04382179863919346     25    
55623.43490984599    1.4176831951914552    0.044574844685975314    25    
55623.93490984599    1.3961939555470335    0.04418777233887638     25    
55624.43490984599    1.3757212751314       0.04361789778917496     25    
55624.93490984599    1.3561057474915403    0.04303554740754694     25    
55625.43490984599    1.3373284179603007    0.04245033816170687     25    
55625.93490984599    1.3193922047863844    0.041865847568572666    25    
55626.43490984599    1.302135130959234     0.04144609353168854     25    
55626.93490984599    1.2855795531231697    0.04123740773013231     25    
55627.43490984599    1.2696854325888498    0.04118894645282499     25    
55627.93490984599    1.2542987819920988    0.04123961927141718     25    
55628.43490984599    1.2394707835679397    0.04089601918824885     25    
55628.93490984599    1.2251243810710934    0.04114024423395479     25    
55629.43490984599    1.2111203254412883    0.04343192157053878     25    
55629.93490984599    1.1975255318269131    0.0480011645817251      25    
55630.43490984599    1.1842324727654194    0.052380588106794315    25    
55630.93490984599    1.1711231838391027    0.05460842913985686     25    
55631.43490984599    1.1582672204323896    0.055071012484901455    25    
55631.93490984599    1.1455331302041274    0.055953553003615715    25    
55632.43490984599    1.1328307797178438    0.058314666968839184    25    