54020.52288871359    13.16819569112096     3.2290511188710824     25    
54021.02288871359    15.416646354156965    3.211644227858296      25    
54021.52288871359    17.81367886832038     3.2293724746409156     25    
54022.02288871359    20.3463986065252      3.4267941298119413     25    
54022.52288871359    23.01700745388016     3.7320286304730033     25    
54023.02288871359    25.809031775673965    3.8967371822398533     25    
54023.52288871359    28.725077065862756    3.9087968581486727     25    
54024.02288871359    31.751441479665637    3.8968918983752396     25    
54024.52288871359    34.88478332233056     3.9091963626823585     25    
54025.02288871359    38.11931359568348     3.920018469870933      25    
54025.52288871359    41.443021841346024    3.928688935387032      25    
54026.02288871359    44.85760373422892     3.935536191994328      25    
54026.52288871359    48.34668824097151     3.9409588212628344     25    
54027.02288871359    51.913181863026736    3.9445819661328145     25    
54027.52288871359    55.54272939985316     3.949217669440787      25    
54028.02288871359    59.23796133428255     3.988558708089631      25    
54028.52288871359    62.98058395107535     3.986121804153819      25    
54029.02288871359    66.76935165487204     3.7961969706605942     25    
54029.52288871359    70.58341176116622     3.477571611449078      25    
54030.02288871359    74.27680798194963     3.330011492762667      25    
54030.52288871359    77.88485160336549     3.3870380418421373     25    
54031.02288871359    81.22169105795514     3.458309340388705      25    
54031.52288871359    84.26441484828658     3.4906646255488645     25    
54032.02288871359    86.93610008905424     3.5152290038706138     25    
54032.52288871359    89.08857581608822     3.523502617068906      25    
54033.02288871359    90.78253286811736     3.522624661400935      25    
54033.52288871359    92.06528014164768     3.53844944867079       25    
54034.02288871359    92.91424174055048     3.5696659665886394     25    
54034.52288871359    93.49069662947223     3.6054414223130054     25    
54035.02288871359    93.80161573153096     3.65256044326941       25    
54035.52288871359    93.92599547174848     3.687134707227918      25    
54036.02288871359    93.97152850282599     3.695647718178294      25    
54036.52288871359    93.90265868183025     3.6714266248126965     25    
54037.02288871359    93.74304968328302     3.539441650894117      25    
54037.52288871359    93.49403659779625     3.278128246896893      25    
54038.02288871359    93.10348905746054     3.0991935281247676     25    
54038.52288871359    92.57115073233662     3.108596942150649      25    
54039.02288871359    91.87214884701609     3.1585518281804537     25    
54039.52288871359    90.97048990823494     3.1506769113481305     25    
54040.02288871359    89.8881607474969      3.12897646743137       25    
54040.52288871359    88.64540785336312     3.107922923862129      25    
54041.02288871359    87.23570909360873     3.0844542798535843     25    
54041.52288871359    85.7292012902461      3.0807566095302157     25    
54042.02288871359    84.12181352584025     3.1124262518154        25    
54042.52288871359    82.45734172664058     3.1375659120364756     25    
54043.02288871359    80.77330011010197     3.1415571342541027     25    
54043.52288871359    79.06045945269383     3.112441625223826      25    
54044.02288871359    77.34132676830903     2.967099522196831      25    
54044.52288871359    75.61188342639605     2.7002431254213897     25    
54045.02288871359    73.86301670627392     2.5257501260883157     25    
54045.52288871359    72.09557548324726     2.5248605056726148     25    
54046.02288871359    70.30392009135451     2.5554199205921195     25    
54046.52288871359    68.4843180308217      2.5436864698934163     25    
54047.02288871359    66.63732431466472     2.523793132350809      25    
54047.52288871359    64.75984431795978     2.491183982226426      25    
54048.02288871359    62.8525504838846      2.4470606926512497     25    
54048.52288871359    60.91571174824432     2.4270231442839267     25    
54049.02288871359    58.94905487020019     2.442291425518252      25    
54049.52288871359    56.95374941118367     2.4555820253854894     25    
54050.02288871359    54.925315269577446    2.4719002866920756     25    
54050.52288871359    52.873983288831425    2.4527900452359526     25    
54051.02288871359    50.81223632793627     2.280499073907411      25    
54051.52288871359    48.73912703799841     1.9649521827122043     25    
54052.02288871359    46.689437514817364    1.760360798813389      25    
54052.52288871359    44.65773475982079     1.7467951092560339     25    
54053.02288871359    42.67234187094332     1.7652397229535577     25    
54053.52288871359    40.74449175248428     1.7545960233904982     25    
54054.02288871359    38.876152613997974    1.741061124957906      25    
54054.52288871359    37.0823855865508      1.7077801630826177     25    
54055.02288871359    35.359090660553406    1.661259808230916      25    
54055.52288871359    33.70715859592135     1.6324929254796874     25    
54056.02288871359    32.12647801571993     1.624736811092925      25    
54056.52288871359    30.61750279947312     1.620559937488111      25    
54057.02288871359    29.181178679515952    1.6164874238920819     25    
54057.52288871359    27.815728033092913    1.610124226095423      25    
54058.02288871359    26.52013088797236     1.6048836861775342     25    
54058.52288871359    25.29387189144711     1.5909655025064884     25    
54059.02288871359    24.131358853855183    1.491031238137158      25    
54059.52288871359    23.033694508042355    1.2628500984175866     25    
54060.02288871359    21.995496586311948    1.0678122119067568     25    
54060.52288871359    21.01694247019384     1.046910563133186      25    
54061.02288871359    20.09364713897958     1.081288399701803      25    
54061.52288871359    19.221333857041188    1.0668862537670603     25    
54062.02288871359    18.399516623527283    1.0435452356500707     25    
54062.52288871359    17.61834360549276     1.0401569044887777     25    
54063.02288871359    16.879800829035823    1.0571239370976573     25    
54063.52288871359    16.174175588087735    1.0701179171201067     25    
54064.02288871359    15.499390138621324    1.0756347775507875     25    
54064.52288871359    14.855020821969777    1.0715530586180066     25    
54065.02288871359    14.237314160279134    1.050992942835961      25    
54065.52288871359    13.649073691535014    1.0159209087144159     25    
54066.02288871359    13.095828180503576    0.9617040089409329     25    
54066.52288871359    12.57640963056854     0.880921654873428      25    
54067.02288871359    12.097161807792672    0.8272434030071533     25    
54067.52288871359    11.660377248692495    0.833565052266663      25    
54068.02288871359    11.26248143495056     0.8485069947644651     25    
54068.52288871359    10.905268720023148    0.8308367196456788     25    
54069.02288871359    10.583326112827168    0.8037456386745488     25    
54069.52288871359    10.281773344850977    0.7952563534833911     25    
54070.02288871359    10.003714311036733    0.8021117979617007     25    
54070.52288871359    9.731555224919001     0.8125917205498145     25    
54071.02288871359    9.46403502207228      0.8290000491510278     25    
54071.52288871359    9.19774248787616      0.83922809502395       25    
54072.02288871359    8.925546660342363     0.838026777451575      25    
54072.52288871359    8.65358034988974      0.8215270908888654     25    
54073.02288871359    8.389563403499295     0.7590845075810824     25    
54073.52288871359    8.131945809432422     0.6430148416866537     25    
54074.02288871359    7.8916454713935265    0.5618795628388819     25    
54074.52288871359    7.668945005778416     0.5618065228622963     25    
54075.02288871359    7.466288783281094     0.5740720711202402     25    
54075.52288871359    7.28814669642541      0.5554046703054977     25    
54076.02288871359    7.129874873515529     0.5342818699479723     25    
54076.52288871359    6.986116234878565     0.536945072683431      25    
54077.02288871359    6.857824114212012     0.5572085240352651     25    
54077.52288871359    6.736818937921712     0.5800341908616404     25    
54078.02288871359    6.623623056877932     0.6093304956293807     25    
54078.52288871359    6.514425832294093     0.6249669175792038     25    
54079.02288871359    6.40631231182606      0.610780041847698      25    
54079.52288871359    6.300932351324158     0.5827360561194626     25    
54080.02288871359    6.198512213063772     0.557911028714599      25    
54080.52288871359    6.09907541053012      0.5322105860218489     25    
54081.02288871359    6.003853195327433     0.512400132490578      25    
54081.52288871359    5.912749812645935     0.4994867959450611     25    
54082.02288871359    5.826282405998081     0.4928009204363181     25    
54082.52288871359    5.744907385116294     0.4961214983524487     25    
54083.02288871359    5.668152929612212     0.5014612437937415     25    
54083.52288871359    5.595705120538922     0.4966333145768749     25    
54084.02288871359    5.527581546507182     0.4855061945084522     25    
54084.52288871359    5.463129652726388     0.47353207759632304    25    
54085.02288871359    5.402467169260791     0.45986140269244397    25    
54085.52288871359    5.345016126271271     0.4481340276292476     25    
54086.02288871359    5.290698923577325     0.44065322293154474    25    
54086.52288871359    5.23922690821314      0.4357753501181823     25    
54087.02288871359    5.19017110155451      0.43049126339039234    25    
54087.52288871359    5.143567521798484     0.4275269761840461     25    
54088.02288871359    5.098777995290041     0.44025937421407424    25    
54088.52288871359    5.055927041347697     0.46898848014426375    25    
54089.02288871359    5.0144138968816385    0.49481167474701465    25    
54089.52288871359    4.974199758958491     0.4988487687557791     25    
54090.02288871359    4.9349515529007695    0.5222896373667424     25    
54090.52288871359    4.896279966728586     0.5812160575347964     25    