55985.18997259418    1.8885092177067313    0.3520538937594604     25    
55985.68997259418    2.209935994423138     0.3466825404387072     25    
55986.18997259418    2.559099214160529     0.3449412521605126     25    
55986.68997259418    2.9376102904016554    0.37683216336406217    25    
55987.18997259418    3.3449588068670457    0.4470871670322744     25    
55987.68997259418    3.7822430841025785    0.5073749006047419     25    
55988.18997259418    4.250526499624626     0.5290230314151128     25    
55988.68997259418    4.749316322690613     0.5277067826302636     25    
55989.18997259418    5.280240796231603     0.5242217987043726     25    
55989.68997259418    5.8434511886195475    0.5259268669821797     25    
55990.18997259418    6.439201885137719     0.5273904750701633     25    
55990.68997259418    7.069086185687715     0.5284932549862716     25    
55991.18997259418    7.732577700630295     0.5292497452351289     25    
55991.68997259418    8.430808837452277     0.5297170228064212     25    
55992.18997259418    9.164807174551962     0.5298793626728744     25    
55992.68997259418    9.934099378900786     0.5297499651867765     25    
55993.18997259418    10.740331304553768    0.5296629416698588     25    
55993.68997259418    11.585128987707083    0.5289694031205795     25    
55994.18997259418    12.466499680871456    0.5287832277017303     25    
55994.68997259418    13.383270833643005    0.5318413468404561     25    
55995.18997259418    14.345359868457528    0.5388432333189742     25    
55995.68997259418    15.322295718862069    0.5465564367476496     25    
55996.18997259418    16.294727173224036    0.5523814470002704     25    
55996.68997259418    17.272178151721455    0.5573649545209641     25    
55997.18997259418    18.20383839670034     0.5620652617506999     25    
55997.68997259418    19.086015116543102    0.5668780074200371     25    
55998.18997259418    19.911129766438453    0.5712347934375359     25    
55998.68997259418    20.634922899952485    0.5741162545545194     25    
55999.18997259418    21.258832746072592    0.5750637217453217     25    
55999.68997259418    21.795327240471682    0.5758617048441917     25    
56000.18997259418    22.244236277388346    0.5780038914850818     25    
56000.68997259418    22.604849218226413    0.580841414205885      25    
56001.18997259418    22.90970174481295     0.5840888157015287     25    
56001.68997259418    23.15987129021656     0.5884730007479935     25    
56002.18997259418    23.361554298418845    0.5927283135379806     25    
56002.68997259418    23.543082339630164    0.5956544161654579     25    
56003.18997259418    23.70153221000172     0.6021375297835391     25    
56003.68997259418    23.83405338594911     0.5961130178292856     25    
56004.18997259418    23.944030530924632    0.5537160894622453     25    
56004.68997259418    24.030177381343055    0.47644690871284273    25    
56005.18997259418    24.07834766314774     0.41350850435236647    25    
56005.68997259418    24.088383032600486    0.4038726166876408     25    
56006.18997259418    24.05734543289943     0.41802000711985215    25    
56006.68997259418    23.97299968471818     0.422354376339777      25    
56007.18997259418    23.835675453350433    0.4205258414887176     25    
56007.68997259418    23.650603186386224    0.41774037905410666    25    
56008.18997259418    23.41806317005174     0.41444058727259775    25    
56008.68997259418    23.1379794910408      0.410429356124086      25    
56009.18997259418    22.824755139617174    0.4078858973535853     25    
56009.68997259418    22.47781086024676     0.40846397796649686    25    
56010.18997259418    22.101191766141092    0.4098665427598527     25    
56010.68997259418    21.707535960087277    0.40834739032076056    25    
56011.18997259418    21.29319386250968     0.4022381162136758     25    
56011.68997259418    20.864301569475       0.3999779063005534     25    
56012.18997259418    20.42590580247327     0.410642525157289      25    
56012.68997259418    19.975806303357317    0.429209909757371      25    
56013.18997259418    19.51935599900374     0.44217181674510714    25    
56013.68997259418    19.05625508625565     0.4459317354745827     25    
56014.18997259418    18.588101707967887    0.4456374972183646     25    
56014.68997259418    18.119601527457586    0.4443982223805585     25    
56015.18997259418    17.64960369275885     0.44152879766459435    25    
56015.68997259418    17.179435886289536    0.4375427161857615     25    
56016.18997259418    16.71057125342399     0.43250369133318584    25    
56016.68997259418    16.24231256733674     0.4264236393480822     25    
56017.18997259418    15.774482590767049    0.42241093456597534    25    
56017.68997259418    15.307058773365888    0.42229619413492736    25    
56018.18997259418    14.840058576657949    0.4234085718253626     25    
56018.68997259418    14.373218716487509    0.42325986000212357    25    
56019.18997259418    13.905985973239346    0.42380166829297394    25    
56019.68997259418    13.440896255207322    0.41876029499381895    25    
56020.18997259418    12.978687881826854    0.39876451270642327    25    
56020.68997259418    12.519237534551285    0.3672478635056437     25    
56021.18997259418    12.067810626326073    0.345046595799482      25    
56021.68997259418    11.6238171576275      0.34303580303252124    25    
56022.18997259418    11.189182837885305    0.3487377401660224     25    
56022.68997259418    10.768462736614453    0.3500060634955401     25    
56023.18997259418    10.360358948040231    0.3490498286559218     25    
56023.68997259418    9.966579412168526     0.34699921724277205    25    
56024.18997259418    9.588712088527847     0.3429108668670041     25    
56024.68997259418    9.225951154074043     0.3373987005607154     25    
56025.18997259418    8.87814227690756      0.3343349209889054     25    
56025.68997259418    8.545351233117874     0.33550673272799836    25    
56026.18997259418    8.227433783457489     0.3380507792625604     25    
56026.68997259418    7.924292795050765     0.33912722597276906    25    
56027.18997259418    7.63625253816471      0.33944695384563184    25    
56027.68997259418    7.361868599115985     0.3385483915007239     25    
56028.18997259418    7.10083118460409      0.3371460617556113     25    
56028.68997259418    6.853080642887566     0.3344457556722406     25    
56029.18997259418    6.615591144273175     0.32441189900462364    25    
56029.68997259418    6.388839312547314     0.2997524960786869     25    
56030.18997259418    6.171537624728762     0.2707168131670531     25    
56030.68997259418    5.961073644063977     0.25646893126870274    25    
56031.18997259418    5.75819711313016      0.2576142647279705     25    
56031.68997259418    5.56212998396031      0.26072278453004205    25    
56032.18997259418    5.371936994313062     0.257249248891423      25    
56032.68997259418    5.188217107006498     0.25203046785452693    25    
56033.18997259418    5.012100476538232     0.24925065534656435    25    
56033.68997259418    4.843362885167212     0.2504052291412066     25    
56034.18997259418    4.6825637049403035    0.2528746683100301     25    
56034.68997259418    4.530833614779409     0.2544747404037643     25    
56035.18997259418    4.388011248680655     0.2560022845876608     25    
56035.68997259418    4.2534799759173145    0.25602747256406366    25    
56036.18997259418    4.127611429051535     0.2541315502288051     25    
56036.68997259418    4.009907446289545     0.25024237064032806    25    
56037.18997259418    3.8974820596232282    0.24132085944040527    25    
56037.68997259418    3.790936324982118     0.22244357905168013    25    
56038.18997259418    3.6888145040395215    0.201160705291169      25    
56038.68997259418    3.588596061310688     0.19139907021713606    25    
56039.18997259418    3.491075304402663     0.1931340609939652     25    
56039.68997259418    3.395372507158429     0.19560913653295364    25    
56040.18997259418    3.3004463918291163    0.19230595563819758    25    
56040.68997259418    3.2070706851773196    0.18722582152145928    25    
56041.18997259418    3.1167921746250165    0.18384530860344722    25    
56041.68997259418    3.0292186812707547    0.18289199814784202    25    
56042.18997259418    2.9452661959958335    0.1830952223486654     25    
56042.68997259418    2.8663920197772246    0.18392074401960412    25    
56043.18997259418    2.7921357369200757    0.18580698723929698    25    
56043.68997259418    2.722927876467423     0.18677740463560177    25    
56044.18997259418    2.65943120398761      0.1871482193521701     25    
56044.68997259418    2.6010775573065517    0.18600613195469845    25    
56045.18997259418    2.546508763453455     0.1769060922337033     25    
56045.68997259418    2.4960930953308758    0.15217762625584547    25    
56046.18997259418    2.4489851629846466    0.12128804020664029    25    
56046.68997259418    2.403982595242682     0.10651581103426316    25    
56047.18997259418    2.3615544080665485    0.10977846829765749    25    
56047.68997259418    2.320800289216001     0.11471703031454686    25    
56048.18997259418    2.2812039466459986    0.11307821107550337    25    
56048.68997259418    2.2430660642477176    0.11021219256807381    25    
56049.18997259418    2.206292599981915     0.10831426630822913    25    
56049.68997259418    2.170874639428272     0.10761739579597769    25    
56050.18997259418    2.1368369653821904    0.10763067170080311    25    
56050.68997259418    2.1041956374969577    0.10846638812820307    25    
56051.18997259418    2.072953122896995     0.11029477207724425    25    
56051.68997259418    2.0430527684045994    0.11136342630307011    25    
56052.18997259418    2.014519932514438     0.11044778204637354    25    
56052.68997259418    1.9873069961247922    0.10852064403593852    25    
56053.18997259418    1.9612166813558385    0.10701634052566586    25    
56053.68997259418    1.9363064007333113    0.10651834098021243    25    
56054.18997259418    1.9124477898400782    0.10553404582352942    25    
56054.68997259418    1.8894811833628136    0.10209604284046075    25    
56055.18997259418    1.8674746783994696    0.09614191175148125    25    
56055.68997259418    1.8462686160697932    0.09141062381299322    25    
56056.18997259418    1.8257991884619107    0.09100734640121227    25    
56056.68997259418    1.8060955298200343    0.09264760378277141    25    
56057.18997259418    1.7870870594277184    0.0930375303032074     25    
56057.68997259418    1.7687887603951558    0.09195131028097239    25    
56058.18997259418    1.7511697430561646    0.09033561736126178    25    
56058.68997259418    1.7341914540632903    0.08856272842717224    25    
56059.18997259418    1.7178717934536154    0.0864380009901722     25    
56059.68997259418    1.7021579634100312    0.08445698651262312    25    
56060.18997259418    1.687040345133945     0.08286599495372422    25    
56060.68997259418    1.6725149846865295    0.08154226556711845    25    
56061.18997259418    1.65852716435128      0.0805909682134274     25    
56061.68997259418    1.645092919781062     0.0800908949842552     25    
56062.18997259418    1.6321775212352714    0.07986112989227023    25    
56062.68997259418    1.6197435349477585    0.07962053271869214    25    
56063.18997259418    1.6078083651460149    0.07940698285357255    25    
56063.68997259418    1.5963185902412178    0.07989557097937934    25    
56064.18997259418    1.58526630166408      0.08052455542678871    25    
56064.68997259418    1.5746458683701796    0.08222623182586078    25    
56065.18997259418    1.5644030970435985    0.08732136454905841    25    