#Date  :
#Flux  :
#Fluxerr  :
#ZP  :
#end  :
@INSTRUMENT  PS
@BAND  PS_r
@MAGSYS  AB
54884.1477625  0.0  1.1196779794004654  25.0
54889.134107499995  0.0  1.1196779794004654  25.0
54894.12045249999  0.0  1.1196779794004654  25.0
54899.10679749999  0.0  1.1196779794004654  25.0
54904.09314249999  0.0  1.1196779794004654  25.0
54909.079487499985  0.0  1.1196779794004654  25.0
54914.06583249998  0.0  1.1196779794004654  25.0
54919.05217749998  0.0  1.1196779794004654  25.0
54924.03852249998  0.0  1.1196779794004654  25.0
54929.024867499975  0.0  1.1196779794004654  25.0
54934.01121249997  0.0  1.1196779794004654  25.0
54938.99755749997  0.0  1.1196779794004654  25.0
54943.98390249997  0.0  1.1196779794004654  25.0
54948.970247499965  0.0  1.1196779794004654  25.0
54953.95659249996  0.0  1.1196779794004654  25.0
54958.94293749996  0.0  1.1196779794004654  25.0
54963.92928249996  0.0  1.1196779794004654  25.0
54968.915627499955  0.0  1.1196779794004654  25.0
54973.90197249995  0.0  1.1196779794004654  25.0
54978.88831749995  0.0  1.1196779794004654  25.0
54983.87466249995  0.0  1.1196779794004654  25.0
54988.861007499945  0.0  1.1196779794004654  25.0
54993.84735249994  0.0  1.1196779794004654  25.0
54998.83369749994  0.0  1.1196779794004654  25.0
55003.82004249994  0.0  1.1196779794004654  25.0
55008.806387499935  0.0  1.1196779794004654  25.0
55013.79273249993  0.0  1.1196779794004654  25.0
55018.77907749993  0.0  1.1196779794004654  25.0
55023.76542249993  0.0  1.1196779794004654  25.0
55028.751767499925  0.0  1.1196779794004654  25.0
55033.73811249992  0.0  1.1196779794004654  25.0
55038.72445749992  0.0  1.1196779794004654  25.0
55043.71080249992  0.0  1.1196779794004654  25.0
55048.697147499915  0.0  1.1196779794004654  25.0
55053.68349249991  0.0  1.1196779794004654  25.0
55058.66983749991  0.0  1.1196779794004654  25.0
55063.65618249991  0.0  1.1196779794004654  25.0
55068.642527499906  0.0  1.1196779794004654  25.0
55073.6288724999  0.0  1.1196779794004654  25.0
55078.6152174999  0.0  1.1196779794004654  25.0
55083.6015624999  0.0  1.1196779794004654  25.0
55088.587907499896  0.0  1.1196779794004654  25.0
55093.57425249989  0.0  1.1196779794004654  25.0
55098.56059749989  0.0  1.1196779794004654  25.0
55103.54694249989  0.0  1.1196779794004654  25.0
55108.533287499886  0.0  1.1196779794004654  25.0
55113.51963249988  0.0  1.1196779794004654  25.0
55118.50597749988  0.0  1.1196779794004654  25.0
55123.49232249988  0.0  1.1196779794004654  25.0
55128.478667499876  0.0  1.1196779794004654  25.0
55133.46501249987  0.0  1.1196779794004654  25.0
55138.45135749987  0.0  1.1196779794004654  25.0
55143.43770249987  0.0  1.1196779794004654  25.0
55148.424047499866  0.0  1.1196779794004654  25.0
55153.41039249986  0.0  1.1196779794004654  25.0
55158.39673749986  0.0  1.1196779794004654  25.0
55163.38308249986  0.0  1.1196779794004654  25.0
55168.369427499856  0.0  1.1196779794004654  25.0
55173.35577249985  0.0  1.1196779794004654  25.0
55178.34211749985  0.0  1.1196779794004654  25.0
55183.32846249985  0.0  1.1196779794004654  25.0
55188.314807499846  0.0  1.1196779794004654  25.0
55193.301152499844  0.0  1.1196779794004654  25.0
55198.28749749984  0.0  1.1196779794004654  25.0
55203.27384249984  0.0  1.1196779794004654  25.0
55208.260187499836  0.0  1.1196779794004654  25.0
55213.246532499834  0.0  1.1196779794004654  25.0
55218.23287749983  0.0  1.1196779794004654  25.0
55223.21922249983  0.0  1.1196779794004654  25.0
55228.20556749983  0.0  1.1196779794004654  25.0
55233.191912499824  0.0  1.1196779794004654  25.0
55238.17825749982  0.0  1.1196779794004654  25.0
55243.16460249982  0.0  1.1196779794004654  25.0
55248.15094749982  0.0  1.1196779794004654  25.0
55253.137292499814  0.0  1.1196779794004654  25.0
55258.12363749981  0.0  1.1196779794004654  25.0
55263.10998249981  0.0  1.1196779794004654  25.0
55268.09632749981  0.0  1.1196779794004654  25.0
55273.082672499804  0.0  1.1196779794004654  25.0
55278.0690174998  0.0  1.1196779794004654  25.0
55283.0553624998  0.0  1.1196779794004654  25.0
55288.0417074998  0.0  1.1196779794004654  25.0
55293.028052499794  0.0  1.1196779794004654  25.0
55298.01439749979  0.0  1.1196779794004654  25.0
55303.00074249979  0.0  1.1196779794004654  25.0
55307.98708749979  0.0  1.1196779794004654  25.0
55312.973432499784  0.0  1.1196779794004654  25.0
55317.95977749978  0.0  1.1196779794004654  25.0
55322.94612249978  0.0  1.1196779794004654  25.0
55327.93246749978  0.0  1.1196779794004654  25.0
55332.918812499775  0.0  1.1196779794004654  25.0
55337.90515749977  0.0  1.1196779794004654  25.0
55342.89150249977  0.0  1.1196779794004654  25.0
55347.87784749977  0.0  1.1196779794004654  25.0
55352.864192499765  0.0  1.1196779794004654  25.0
55357.85053749976  0.0  1.1196779794004654  25.0
55362.83688249976  0.0  1.1196779794004654  25.0
55367.82322749976  0.0  1.1196779794004654  25.0
55372.809572499755  0.0  1.1196779794004654  25.0
55377.79591749975  0.0  1.1196779794004654  25.0
55382.78226249975  0.0  1.1196779794004654  25.0
55387.76860749975  0.0  1.1196779794004654  25.0
55392.754952499745  0.0  1.1196779794004654  25.0
55397.74129749974  0.0  1.1196779794004654  25.0
55402.72764249974  0.0  1.1196779794004654  25.0
55407.71398749974  0.0  1.1196779794004654  25.0
55412.700332499735  0.0  1.1196779794004654  25.0
55417.68667749973  0.0  1.1196779794004654  25.0
55422.67302249973  0.0  1.1196779794004654  25.0
55427.65936749973  0.0  1.1196779794004654  25.0
55432.645712499725  0.0  1.1196779794004654  25.0
55437.63205749972  0.0  1.1196779794004654  25.0
55442.61840249972  0.0  1.1196779794004654  25.0
55447.60474749972  0.0  1.1196779794004654  25.0
55452.591092499715  0.0  1.1196779794004654  25.0
55457.57743749971  0.0  1.1196779794004654  25.0
55462.56378249971  0.0  1.1196779794004654  25.0
55467.55012749971  0.0  1.1196779794004654  25.0
55472.536472499705  0.0  1.1196779794004654  25.0
55477.5228174997  0.0  1.1196779794004654  25.0
55482.5091624997  0.0  1.1196779794004654  25.0
55487.4955074997  0.0  1.1196779794004654  25.0
55492.481852499695  0.0  1.1196779794004654  25.0
55497.46819749969  0.0  1.1196779794004654  25.0
55502.45454249969  0.0  1.1196779794004654  25.0
55507.44088749969  0.0  1.1196779794004654  25.0
55512.427232499685  0.0  1.1196779794004654  25.0
55517.41357749968  0.0  1.1196779794004654  25.0
55522.39992249968  0.0  1.1196779794004654  25.0
55527.38626749968  0.0  1.1196779794004654  25.0
55532.372612499676  0.0  1.1196779794004654  25.0
55537.35895749967  0.0  1.1196779794004654  25.0
55542.34530249967  0.0  1.1196779794004654  25.0
55547.33164749967  0.0  1.1196779794004654  25.0
55552.317992499666  0.0  1.1196779794004654  25.0
55557.30433749966  0.0  1.1196779794004654  25.0
55562.29068249966  0.0  1.1196779794004654  25.0
55567.27702749966  0.0  1.1196779794004654  25.0
55572.263372499656  0.0  1.1196779794004654  25.0
55577.24971749965  0.0  1.1196779794004654  25.0
55582.23606249965  0.0  1.1196779794004654  25.0
55587.22240749965  0.0  1.1196779794004654  25.0
55592.208752499646  0.0  1.1196779794004654  25.0
55597.19509749964  0.0  1.1196779794004654  25.0
55602.18144249964  0.0  1.1196779794004654  25.0
55607.16778749964  0.0  1.1196779794004654  25.0
55612.154132499636  0.0  1.1196779794004654  25.0
55617.14047749963  0.0  1.1196779794004654  25.0
55622.12682249963  0.0  1.1196779794004654  25.0
55627.11316749963  0.0  1.1196779794004654  25.0
55632.099512499626  0.0  1.1196779794004654  25.0
55637.085857499624  0.0  1.1196779794004654  25.0
55642.07220249962  0.0  1.1196779794004654  25.0
55647.05854749962  0.0  1.1196779794004654  25.0
55652.044892499616  0.0  1.1196779794004654  25.0
55657.031237499614  0.0  1.1196779794004654  25.0
55662.01758249961  0.0  1.1196779794004654  25.0
55667.00392749961  0.0  1.1196779794004654  25.0
55671.99027249961  0.0  1.1196779794004654  25.0
55676.976617499604  0.0  1.1196779794004654  25.0
55681.9629624996  0.0  1.1196779794004654  25.0
55686.9493074996  0.0  1.1196779794004654  25.0
55691.9356524996  0.0  1.1196779794004654  25.0
55696.921997499594  0.0  1.1196779794004654  25.0
55701.90834249959  0.0  1.1196779794004654  25.0
55706.89468749959  0.0  1.1196779794004654  25.0
55711.88103249959  0.0  1.1196779794004654  25.0
55716.867377499584  0.0  1.1196779794004654  25.0
55721.85372249958  0.0  1.1196779794004654  25.0
55726.84006749958  0.0  1.1196779794004654  25.0
55731.82641249958  0.0  1.1196779794004654  25.0
55736.812757499574  0.0  1.1196779794004654  25.0
55741.79910249957  0.0  1.1196779794004654  25.0
55746.78544749957  0.0  1.1196779794004654  25.0
55751.77179249957  0.0  1.1196779794004654  25.0
55756.758137499564  0.0  1.1196779794004654  25.0
55761.74448249956  0.0  1.1196779794004654  25.0
55766.73082749956  0.0  1.1196779794004654  25.0
55771.71717249956  0.0  1.1196779794004654  25.0
55776.703517499554  0.0  1.1196779794004654  25.0
55781.68986249955  0.0  1.1196779794004654  25.0
55786.67620749955  0.0  1.1196779794004654  25.0
55791.66255249955  0.0  1.1196779794004654  25.0
55796.648897499545  0.0  1.1196779794004654  25.0
55801.63524249954  0.0  1.1196779794004654  25.0
55806.62158749954  0.0  1.1196779794004654  25.0
55811.60793249954  0.0  1.1196779794004654  25.0
55816.594277499535  0.0  1.1196779794004654  25.0
55821.58062249953  0.0  1.1196779794004654  25.0
55826.56696749953  0.0  1.1196779794004654  25.0
55831.55331249953  0.0  1.1196779794004654  25.0
55836.539657499525  0.0  1.1196779794004654  25.0
55841.52600249952  0.0  1.1196779794004654  25.0
55846.51234749952  0.0  1.1196779794004654  25.0
55851.49869249952  0.0  1.1196779794004654  25.0
55856.485037499515  0.0  1.1196779794004654  25.0
55861.47138249951  0.0  1.1196779794004654  25.0
55866.45772749951  0.0  1.1196779794004654  25.0
55871.44407249951  0.0  1.1196779794004654  25.0
55876.430417499505  0.0  1.1196779794004654  25.0
55881.4167624995  0.0  1.1196779794004654  25.0
55886.4031074995  0.0  1.1196779794004654  25.0
55891.3894524995  0.0  1.1196779794004654  25.0
55896.375797499495  0.0  1.1196779794004654  25.0
55901.36214249949  0.0  1.1196779794004654  25.0
55906.34848749949  0.0  1.1196779794004654  25.0
55911.33483249949  0.0  1.1196779794004654  25.0
55916.321177499485  0.0  1.1196779794004654  25.0
55921.30752249948  0.0  1.1196779794004654  25.0
55926.29386749948  0.0  1.1196779794004654  25.0
55931.28021249948  0.0  1.1196779794004654  25.0
55936.266557499475  0.0  1.1196779794004654  25.0
55941.25290249947  0.0  1.1196779794004654  25.0
55946.23924749947  0.0  1.1196779794004654  25.0
55951.22559249947  0.0  1.1196779794004654  25.0
55956.211937499465  0.0  1.1196779794004654  25.0
55961.19828249946  0.0  1.1196779794004654  25.0
55966.18462749946  0.0  1.1196779794004654  25.0
55971.17097249946  0.0  1.1196779794004654  25.0
55976.157317499456  0.0  1.1196779794004654  25.0
55981.14366249945  0.0  1.1196779794004654  25.0
55986.13000749945  0.0  1.1196779794004654  25.0
55991.11635249945  0.0  1.1196779794004654  25.0
55996.102697499446  0.0  1.1196779794004654  25.0
56001.08904249944  0.0  1.1196779794004654  25.0
56006.07538749944  0.0  1.1196779794004654  25.0
56011.06173249944  0.0  1.1196779794004654  25.0
56016.048077499436  0.0  1.1196779794004654  25.0
56021.03442249943  0.0  1.1196779794004654  25.0
56026.02076749943  0.0  1.1196779794004654  25.0
56031.00711249943  0.0  1.1196779794004654  25.0
56035.993457499426  0.0  1.1196779794004654  25.0
56040.97980249942  0.0  1.1196779794004654  25.0
56045.96614749942  0.0  1.1196779794004654  25.0
56050.95249249942  0.0  1.1196779794004654  25.0
56055.938837499416  0.0  1.1196779794004654  25.0
56060.92518249941  0.0  1.1196779794004654  25.0
56065.91152749941  0.0  1.1196779794004654  25.0
56070.89787249941  0.0  1.1196779794004654  25.0
56075.884217499406  0.0  1.1196779794004654  25.0
56080.8705624994  0.0  1.1196779794004654  25.0
56085.8569074994  0.0  1.1196779794004654  25.0
56090.8432524994  0.0  1.1196779794004654  25.0
56095.829597499396  0.0  1.1196779794004654  25.0
56100.815942499394  0.0  1.1196779794004654  25.0
56105.80228749939  0.0  1.1196779794004654  25.0
56110.78863249939  0.0  1.1196779794004654  25.0
56115.774977499386  0.0  1.1196779794004654  25.0
56120.761322499384  0.0  1.1196779794004654  25.0
56125.74766749938  0.0  1.1196779794004654  25.0
56130.73401249938  0.0  1.1196779794004654  25.0
56135.72035749938  0.0  1.1196779794004654  25.0
56140.706702499374  0.0  1.1196779794004654  25.0
56145.69304749937  0.0  1.1196779794004654  25.0
56150.67939249937  0.0  1.1196779794004654  25.0
56155.66573749937  0.0  1.1196779794004654  25.0
56160.652082499364  0.0  1.1196779794004654  25.0
56165.63842749936  0.0  1.1196779794004654  25.0
56170.62477249936  0.0  1.1196779794004654  25.0
56175.61111749936  0.0  1.1196779794004654  25.0
56180.597462499354  0.0  1.1196779794004654  25.0
56185.58380749935  0.0  1.1196779794004654  25.0
56190.57015249935  0.0  1.1196779794004654  25.0
56195.55649749935  0.0  1.1196779794004654  25.0
56200.542842499344  0.0  1.1196779794004654  25.0
56205.52918749934  0.0  1.1196779794004654  25.0
55083.6015625  0.03172086425868531  2.9961531678398616  25.0
55086.6015625  3.1001271383829545  2.475793877779898  25.0
55089.6015625  1.7688297375492805  1.0342568307302291  25.0
55095.6015625  -0.6352005063038735  1.0997545088787617  25.0
55098.6015625  -0.23810228138715436  3.160142128567661  25.0
55101.6015625  1.770004685955077  1.5666583148968065  25.0
55170.3984375  0.2975299607637266  4.78926299384542  25.0
55188.30078125  1.7795992264970084  1.440949666215207  25.0
55191.30078125  -0.900520083767033  0.7417199805331737  25.0
55203.30078125  0.0795958744060533  0.6420537962323284  25.0
55221.19921875  0.6008362532242917  1.0567746833146847  25.0
55446.6015625  -1.013207476916146  1.240050855353182  25.0
55449.6015625  0.6339277544607698  1.0290678798678523  25.0
55452.6015625  1.4998877448525154  1.0798800101020387  25.0
55455.6015625  -0.5360238527159646  1.1758258823635348  25.0
55458.6015625  0.6284451598653804  1.0915306169856775  25.0
55467.6015625  0.7155796193466759  3.2814449074643965  25.0
55476.6015625  1.0663693172250526  0.7567971623547126  25.0
55479.5  -0.4620084988886807  1.3056464769916762  25.0
55482.6015625  -0.6591869510271383  0.9629828208848582  25.0
55485.5  0.12306520150543011  1.2227218602626664  25.0
55500.5  -1.3047652656873288  0.6013257839372281  25.0
55503.5  -1.5014542804812865  1.3413813787201054  25.0
55509.3984375  0.23017207991130126  0.5392546807265957  25.0
55545.3984375  2.433891057131656  1.7770536294423644  25.0
55548.3984375  5.898220456043138  4.3403736939791875  25.0
55557.30078125  -1.9647355778972893  1.0127179462032097  25.0
55596.19921875  -0.13853401723416184  0.6158155382400871  25.0
55821.6015625  0.29694253324504655  1.1625108897295995  25.0
55824.6015625  2.2201667843486317  1.4250891698950643  25.0
55828.6015625  0.14342921932403485  0.825036184485158  25.0
55829.6015625  -0.9299891230856872  0.9261709142405943  25.0
55833.6015625  -6.333795043380745  3.994674816736352  25.0
55836.6015625  1.5238741895757804  1.5465879291401596  25.0
55852.5  -0.5973116881122115  0.8358055800644495  25.0
55858.5  -0.30066289196861407  0.4943167789949915  25.0
55859.5  -0.41981194113898945  0.8924919854854362  25.0
55863.5  0.4285253637450098  1.4751181256833015  25.0
55895.3984375  -0.24064778507336176  0.9068837962983332  25.0
55911.3984375  -0.13040799880471235  0.6788656561923739  25.0
55947.30078125  0.1804368962376768  1.0291658233578143  25.0
55955.30078125  -1.0658797865121161  0.8977787864693383  25.0
56206.6015625  0.26208874945252836  1.262177120714663  25.0
56209.5  0.13128912841167784  0.801637120596355  25.0
56213.5  -0.785189336810187  2.0976890570460998  25.0
56217.5  2.0062468113225567  0.8931773098098599  25.0
56220.5  12.265988538754236  1.3300245089379157  25.0
56235.5  79.76093556322245  2.1803199366736608  25.0
56238.3984375  72.48285846311744  3.2184929197389445  25.0
56242.3984375  65.38149718859222  1.547175403343058  25.0
56268.3984375  23.374066544017115  1.0892788504009194  25.0
56271.3984375  20.686017639172057  1.2611001157988282  25.0
56302.30078125  6.2302128467974995  1.0687190272997729  25.0
56309.30078125  4.328821030585511  1.439774811177847  25.0
56344.19921875  2.677475863087872  3.583967978794794  25.0
56590.5  -0.8721279559957769  0.7588531353279836  25.0
56593.5  1.4057042018312778  1.0824255137882461  25.0
56597.5  1.1071952263258966  1.1396014499221692  25.0
56622.3984375  1.571945022512272  1.216553847974417  25.0
56630.3984375  0.22449364502020638  0.9033593245546895  25.0
56633.3984375  0.2262559275762465  1.0892788504009194  25.0
56636.3984375  -0.8044763613840116  1.9545535631524595  25.0
56652.30078125  -0.1824928692109478  0.9474160616661645  25.0
56655.30078125  1.2595336735384937  1.0389562508796695  25.0
56656.30078125  -0.34246783915322165  1.9157836270248867  25.0
56663.30078125  2.1100248948857256  1.5366017080068173  25.0
