#Date  :
#Flux  :
#Fluxerr  :
#ZP  :
#end  :
@INSTRUMENT  PS
@BAND  PS_i
@MAGSYS  AB
55053.1477625  0.0  2.6485120507451203  25.0
55058.134107499995  0.0  2.6485120507451203  25.0
55063.12045249999  0.0  2.6485120507451203  25.0
55068.10679749999  0.0  2.6485120507451203  25.0
55073.09314249999  0.0  2.6485120507451203  25.0
55078.079487499985  0.0  2.6485120507451203  25.0
55083.06583249998  0.0  2.6485120507451203  25.0
55088.05217749998  0.0  2.6485120507451203  25.0
55093.03852249998  0.0  2.6485120507451203  25.0
55098.024867499975  0.0  2.6485120507451203  25.0
55103.01121249997  0.0  2.6485120507451203  25.0
55107.99755749997  0.0  2.6485120507451203  25.0
55112.98390249997  0.0  2.6485120507451203  25.0
55117.970247499965  0.0  2.6485120507451203  25.0
55122.95659249996  0.0  2.6485120507451203  25.0
55127.94293749996  0.0  2.6485120507451203  25.0
55132.92928249996  0.0  2.6485120507451203  25.0
55137.915627499955  0.0  2.6485120507451203  25.0
55142.90197249995  0.0  2.6485120507451203  25.0
55147.88831749995  0.0  2.6485120507451203  25.0
55152.87466249995  0.0  2.6485120507451203  25.0
55157.861007499945  0.0  2.6485120507451203  25.0
55162.84735249994  0.0  2.6485120507451203  25.0
55167.83369749994  0.0  2.6485120507451203  25.0
55172.82004249994  0.0  2.6485120507451203  25.0
55177.806387499935  0.0  2.6485120507451203  25.0
55182.79273249993  0.0  2.6485120507451203  25.0
55187.77907749993  0.0  2.6485120507451203  25.0
55192.76542249993  0.0  2.6485120507451203  25.0
55197.751767499925  0.0  2.6485120507451203  25.0
55202.73811249992  0.0  2.6485120507451203  25.0
55207.72445749992  0.0  2.6485120507451203  25.0
55212.71080249992  0.0  2.6485120507451203  25.0
55217.697147499915  0.0  2.6485120507451203  25.0
55222.68349249991  0.0  2.6485120507451203  25.0
55227.66983749991  0.0  2.6485120507451203  25.0
55232.65618249991  0.0  2.6485120507451203  25.0
55237.642527499906  0.0  2.6485120507451203  25.0
55242.6288724999  0.0  2.6485120507451203  25.0
55247.6152174999  0.0  2.6485120507451203  25.0
55252.6015624999  0.0  2.6485120507451203  25.0
55257.587907499896  0.0  2.6485120507451203  25.0
55262.57425249989  0.0  2.6485120507451203  25.0
55267.56059749989  0.0  2.6485120507451203  25.0
55272.54694249989  0.0  2.6485120507451203  25.0
55277.533287499886  0.0  2.6485120507451203  25.0
55282.51963249988  0.0  2.6485120507451203  25.0
55287.50597749988  0.0  2.6485120507451203  25.0
55292.49232249988  0.0  2.6485120507451203  25.0
55297.478667499876  0.0  2.6485120507451203  25.0
55302.46501249987  0.0  2.6485120507451203  25.0
55307.45135749987  0.0  2.6485120507451203  25.0
55312.43770249987  0.0  2.6485120507451203  25.0
55317.424047499866  0.0  2.6485120507451203  25.0
55322.41039249986  0.0  2.6485120507451203  25.0
55327.39673749986  0.0  2.6485120507451203  25.0
55332.38308249986  0.0  2.6485120507451203  25.0
55337.369427499856  0.0  2.6485120507451203  25.0
55342.35577249985  0.0  2.6485120507451203  25.0
55347.34211749985  0.0  2.6485120507451203  25.0
55352.32846249985  0.0  2.6485120507451203  25.0
55357.314807499846  0.0  2.6485120507451203  25.0
55362.301152499844  0.0  2.6485120507451203  25.0
55367.28749749984  0.0  2.6485120507451203  25.0
55372.27384249984  0.0  2.6485120507451203  25.0
55377.260187499836  0.0  2.6485120507451203  25.0
55382.246532499834  0.0  2.6485120507451203  25.0
55387.23287749983  0.0  2.6485120507451203  25.0
55392.21922249983  0.0  2.6485120507451203  25.0
55397.20556749983  0.0  2.6485120507451203  25.0
55402.191912499824  0.0  2.6485120507451203  25.0
55407.17825749982  0.0  2.6485120507451203  25.0
55412.16460249982  0.0  2.6485120507451203  25.0
55417.15094749982  0.0  2.6485120507451203  25.0
55422.137292499814  0.0  2.6485120507451203  25.0
55427.12363749981  0.0  2.6485120507451203  25.0
55432.10998249981  0.0  2.6485120507451203  25.0
55437.09632749981  0.0  2.6485120507451203  25.0
55442.082672499804  0.0  2.6485120507451203  25.0
55447.0690174998  0.0  2.6485120507451203  25.0
55452.0553624998  0.0  2.6485120507451203  25.0
55457.0417074998  0.0  2.6485120507451203  25.0
55462.028052499794  0.0  2.6485120507451203  25.0
55467.01439749979  0.0  2.6485120507451203  25.0
55472.00074249979  0.0  2.6485120507451203  25.0
55476.98708749979  0.0  2.6485120507451203  25.0
55481.973432499784  0.0  2.6485120507451203  25.0
55486.95977749978  0.0  2.6485120507451203  25.0
55491.94612249978  0.0  2.6485120507451203  25.0
55496.93246749978  0.0  2.6485120507451203  25.0
55501.918812499775  0.0  2.6485120507451203  25.0
55506.90515749977  0.0  2.6485120507451203  25.0
55511.89150249977  0.0  2.6485120507451203  25.0
55516.87784749977  0.0  2.6485120507451203  25.0
55521.864192499765  0.0  2.6485120507451203  25.0
55526.85053749976  0.0  2.6485120507451203  25.0
55531.83688249976  0.0  2.6485120507451203  25.0
55536.82322749976  0.0  2.6485120507451203  25.0
55541.809572499755  0.0  2.6485120507451203  25.0
55546.79591749975  0.0  2.6485120507451203  25.0
55551.78226249975  0.0  2.6485120507451203  25.0
55556.76860749975  0.0  2.6485120507451203  25.0
55561.754952499745  0.0  2.6485120507451203  25.0
55566.74129749974  0.0  2.6485120507451203  25.0
55571.72764249974  0.0  2.6485120507451203  25.0
55576.71398749974  0.0  2.6485120507451203  25.0
55581.700332499735  0.0  2.6485120507451203  25.0
55586.68667749973  0.0  2.6485120507451203  25.0
55591.67302249973  0.0  2.6485120507451203  25.0
55596.65936749973  0.0  2.6485120507451203  25.0
55601.645712499725  0.0  2.6485120507451203  25.0
55606.63205749972  0.0  2.6485120507451203  25.0
55611.61840249972  0.0  2.6485120507451203  25.0
55616.60474749972  0.0  2.6485120507451203  25.0
55621.591092499715  0.0  2.6485120507451203  25.0
55626.57743749971  0.0  2.6485120507451203  25.0
55631.56378249971  0.0  2.6485120507451203  25.0
55636.55012749971  0.0  2.6485120507451203  25.0
55641.536472499705  0.0  2.6485120507451203  25.0
55646.5228174997  0.0  2.6485120507451203  25.0
55651.5091624997  0.0  2.6485120507451203  25.0
55656.4955074997  0.0  2.6485120507451203  25.0
55661.481852499695  0.0  2.6485120507451203  25.0
55666.46819749969  0.0  2.6485120507451203  25.0
55671.45454249969  0.0  2.6485120507451203  25.0
55676.44088749969  0.0  2.6485120507451203  25.0
55681.427232499685  0.0  2.6485120507451203  25.0
55686.41357749968  0.0  2.6485120507451203  25.0
55691.39992249968  0.0  2.6485120507451203  25.0
55696.38626749968  0.0  2.6485120507451203  25.0
55701.372612499676  0.0  2.6485120507451203  25.0
55706.35895749967  0.0  2.6485120507451203  25.0
55711.34530249967  0.0  2.6485120507451203  25.0
55716.33164749967  0.0  2.6485120507451203  25.0
55721.317992499666  0.0  2.6485120507451203  25.0
55726.30433749966  0.0  2.6485120507451203  25.0
55731.29068249966  0.0  2.6485120507451203  25.0
55736.27702749966  0.0  2.6485120507451203  25.0
55741.263372499656  0.0  2.6485120507451203  25.0
55746.24971749965  0.0  2.6485120507451203  25.0
55751.23606249965  0.0  2.6485120507451203  25.0
55756.22240749965  0.0  2.6485120507451203  25.0
55761.208752499646  0.0  2.6485120507451203  25.0
55766.19509749964  0.0  2.6485120507451203  25.0
55771.18144249964  0.0  2.6485120507451203  25.0
55776.16778749964  0.0  2.6485120507451203  25.0
55781.154132499636  0.0  2.6485120507451203  25.0
55786.14047749963  0.0  2.6485120507451203  25.0
55791.12682249963  0.0  2.6485120507451203  25.0
55796.11316749963  0.0  2.6485120507451203  25.0
55801.099512499626  0.0  2.6485120507451203  25.0
55806.085857499624  0.0  2.6485120507451203  25.0
55811.07220249962  0.0  2.6485120507451203  25.0
55816.05854749962  0.0  2.6485120507451203  25.0
55821.044892499616  0.0  2.6485120507451203  25.0
55826.031237499614  0.0  2.6485120507451203  25.0
55831.01758249961  0.0  2.6485120507451203  25.0
55836.00392749961  0.0  2.6485120507451203  25.0
55840.99027249961  0.0  2.6485120507451203  25.0
55845.976617499604  0.0  2.6485120507451203  25.0
55850.9629624996  0.0  2.6485120507451203  25.0
55855.9493074996  0.0  2.6485120507451203  25.0
55860.9356524996  0.0  2.6485120507451203  25.0
55865.921997499594  0.0  2.6485120507451203  25.0
55870.90834249959  0.0  2.6485120507451203  25.0
55875.89468749959  0.0  2.6485120507451203  25.0
55880.88103249959  0.0  2.6485120507451203  25.0
55885.867377499584  0.0  2.6485120507451203  25.0
55890.85372249958  0.0  2.6485120507451203  25.0
55895.84006749958  0.0  2.6485120507451203  25.0
55900.82641249958  0.0  2.6485120507451203  25.0
55905.812757499574  0.0  2.6485120507451203  25.0
55910.79910249957  0.0  2.6485120507451203  25.0
55915.78544749957  0.0  2.6485120507451203  25.0
55920.77179249957  0.0  2.6485120507451203  25.0
55925.758137499564  0.0  2.6485120507451203  25.0
55930.74448249956  0.0  2.6485120507451203  25.0
55935.73082749956  0.0  2.6485120507451203  25.0
55940.71717249956  0.0  2.6485120507451203  25.0
55945.703517499554  0.0  2.6485120507451203  25.0
55950.68986249955  0.0  2.6485120507451203  25.0
55955.67620749955  0.0  2.6485120507451203  25.0
55960.66255249955  0.0  2.6485120507451203  25.0
55965.648897499545  0.0  2.6485120507451203  25.0
55970.63524249954  0.0  2.6485120507451203  25.0
55975.62158749954  0.0  2.6485120507451203  25.0
55980.60793249954  0.0  2.6485120507451203  25.0
55985.594277499535  0.0  2.6485120507451203  25.0
55990.58062249953  0.0  2.6485120507451203  25.0
55995.56696749953  0.0  2.6485120507451203  25.0
56000.55331249953  0.0  2.6485120507451203  25.0
56005.539657499525  0.0  2.6485120507451203  25.0
56010.52600249952  0.0  2.6485120507451203  25.0
56015.51234749952  0.0  2.6485120507451203  25.0
56020.49869249952  0.0  2.6485120507451203  25.0
56025.485037499515  0.0  2.6485120507451203  25.0
56030.47138249951  0.0  2.6485120507451203  25.0
56035.45772749951  0.0  2.6485120507451203  25.0
56040.44407249951  0.0  2.6485120507451203  25.0
56045.430417499505  0.0  2.6485120507451203  25.0
56050.4167624995  0.0  2.6485120507451203  25.0
56055.4031074995  0.0  2.6485120507451203  25.0
56060.3894524995  0.0  2.6485120507451203  25.0
56065.375797499495  0.0  2.6485120507451203  25.0
56070.36214249949  0.0  2.6485120507451203  25.0
56075.34848749949  0.0  2.6485120507451203  25.0
56080.33483249949  0.0  2.6485120507451203  25.0
56085.321177499485  0.0  2.6485120507451203  25.0
56090.30752249948  0.0  2.6485120507451203  25.0
56095.29386749948  0.0  2.6485120507451203  25.0
56100.28021249948  0.0  2.6485120507451203  25.0
56105.266557499475  0.0  2.6485120507451203  25.0
56110.25290249947  0.0  2.6485120507451203  25.0
56115.23924749947  0.0  2.6485120507451203  25.0
56120.22559249947  0.0  2.6485120507451203  25.0
56125.211937499465  0.0  2.6485120507451203  25.0
56130.19828249946  0.0  2.6485120507451203  25.0
56135.18462749946  0.0  2.6485120507451203  25.0
56140.17097249946  0.0  2.6485120507451203  25.0
56145.157317499456  0.0  2.6485120507451203  25.0
56150.14366249945  0.0  2.6485120507451203  25.0
56155.13000749945  0.0  2.6485120507451203  25.0
56160.11635249945  0.0  2.6485120507451203  25.0
56165.102697499446  0.0  2.6485120507451203  25.0
56170.08904249944  0.0  2.6485120507451203  25.0
56175.07538749944  0.0  2.6485120507451203  25.0
56180.06173249944  0.0  2.6485120507451203  25.0
56185.048077499436  0.0  2.6485120507451203  25.0
56190.03442249943  0.0  2.6485120507451203  25.0
56195.02076749943  0.0  2.6485120507451203  25.0
56200.00711249943  0.0  2.6485120507451203  25.0
56204.993457499426  0.0  2.6485120507451203  25.0
56209.97980249942  0.0  2.6485120507451203  25.0
56214.96614749942  0.0  2.6485120507451203  25.0
56219.95249249942  0.0  2.6485120507451203  25.0
56224.938837499416  0.0  2.6485120507451203  25.0
56229.92518249941  0.0  2.6485120507451203  25.0
56234.91152749941  0.0  2.6485120507451203  25.0
56239.89787249941  0.0  2.6485120507451203  25.0
56244.884217499406  0.0  2.6485120507451203  25.0
56249.8705624994  0.0  2.6485120507451203  25.0
56254.8569074994  0.0  2.6485120507451203  25.0
56259.8432524994  0.0  2.6485120507451203  25.0
56264.829597499396  0.0  2.6485120507451203  25.0
56269.815942499394  0.0  2.6485120507451203  25.0
56274.80228749939  0.0  2.6485120507451203  25.0
56279.78863249939  0.0  2.6485120507451203  25.0
56284.774977499386  0.0  2.6485120507451203  25.0
56289.761322499384  0.0  2.6485120507451203  25.0
56294.74766749938  0.0  2.6485120507451203  25.0
56299.73401249938  0.0  2.6485120507451203  25.0
56304.72035749938  0.0  2.6485120507451203  25.0
56309.706702499374  0.0  2.6485120507451203  25.0
56314.69304749937  0.0  2.6485120507451203  25.0
56319.67939249937  0.0  2.6485120507451203  25.0
56324.66573749937  0.0  2.6485120507451203  25.0
56329.652082499364  0.0  2.6485120507451203  25.0
56334.63842749936  0.0  2.6485120507451203  25.0
56339.62477249936  0.0  2.6485120507451203  25.0
56344.61111749936  0.0  2.6485120507451203  25.0
56349.597462499354  0.0  2.6485120507451203  25.0
56354.58380749935  0.0  2.6485120507451203  25.0
56359.57015249935  0.0  2.6485120507451203  25.0
56364.55649749935  0.0  2.6485120507451203  25.0
56369.542842499344  0.0  2.6485120507451203  25.0
56374.52918749934  0.0  2.6485120507451203  25.0
56379.51553249934  0.0  2.6485120507451203  25.0
56384.50187749934  0.0  2.6485120507451203  25.0
56389.488222499334  0.0  2.6485120507451203  25.0
56394.47456749933  0.0  2.6485120507451203  25.0
56399.46091249933  0.0  2.6485120507451203  25.0
56404.44725749933  0.0  2.6485120507451203  25.0
56409.433602499324  0.0  2.6485120507451203  25.0
56414.41994749932  0.0  2.6485120507451203  25.0
55252.6015625  6.372233688824571  3.3718953362656707  25.0
55258.6015625  -2.4106563059005666  2.7877111094892286  25.0
55264.6015625  4.606035413182355  5.540573421782756  25.0
55276.6015625  3.7409987753165037  2.6626479243456753  25.0
55288.5  6.672816875425128  4.372106107456189  25.0
55291.6015625  6.8776886031411975  3.2909085155704583  25.0
55303.6015625  -0.09276663539683255  2.506760586571392  25.0
55327.5  -0.8483484524538335  2.808325827637791  25.0
55330.3984375  2.1797705264550986  3.1618206858619335  25.0
55348.3984375  3.1050809678028592  3.0360703434467613  25.0
55354.30078125  1.954676527904176  2.549855458262832  25.0
55360.30078125  2.2733225889326167  3.196571371229208  25.0
55363.30078125  -3.2263157320382962  2.6450761707688697  25.0
55366.30078125  -0.41759712942324656  2.538566419195336  25.0
55378.30078125  0.27663109818133846  2.540136957395428  25.0
55399.30078125  -4.247239333205804  4.063767592738343  25.0
55594.6015625  17.05629949438711  3.459066572405452  25.0
55597.6015625  3.425984911539325  2.5720409018478003  25.0
55615.6015625  0.7862094944320799  6.113959543106467  25.0
55630.6015625  -2.9750112708648064  2.728320686935793  25.0
55633.6015625  -0.09659510311402777  2.494293643853827  25.0
55636.6015625  3.337439360856306  2.8550527093441795  25.0
55645.6015625  1.2536748160072915  2.5934410763327227  25.0
55651.6015625  -7.08648779977538  2.5268845583415036  25.0
55654.6015625  3.050598945215496  3.07985237240982  25.0
55666.6015625  -1.092388519124799  2.5572177773574696  25.0
55672.5  7.818804223445131  2.8449417611630667  25.0
55675.3984375  4.109610906279944  2.598349289062481  25.0
55678.30078125  -3.63321282102816  2.497434907490325  25.0
55693.3984375  1.743914532992506  4.273547907656798  25.0
55702.3984375  3.376116391723811  3.3499063035738708  25.0
55705.30078125  2.0930902239300813  2.401723261369523  25.0
55708.3984375  16.432750143289972  3.678074267340233  25.0
55711.30078125  0.9506371485692272  2.3805194977777693  25.0
55714.30078125  0.5513970418228322  2.5946189799827915  25.0
55720.3984375  -0.21900778855293795  2.431271211285443  25.0
55723.30078125  4.305353740280744  2.5598682946155176  25.0
55732.3984375  4.426784728173034  3.5201258322237208  25.0
55735.30078125  -0.793375589869863  2.6164117890177367  25.0
55738.30078125  -2.1363813192783763  2.5614390200519233  25.0
55741.30078125  -0.7138613359735507  2.409183879528902  25.0
55747.30078125  3.0759256524369625  2.6863057943023083  25.0
55753.30078125  2.3828754923142212  2.6568561434511295  25.0
55968.6015625  -0.786307699878664  2.6134667490380936  25.0
55979.6015625  2.0313439940765075  2.691704940646831  25.0
55985.6015625  1.0585213083041551  2.501067104741587  25.0
55998.5  -5.113454061958039  4.4046972091801795  25.0
56001.6015625  -0.33572688099048226  2.744812648690957  25.0
56004.6015625  4.973960386874178  3.0940862642206457  25.0
56015.6015625  -1.585573276089657  2.4101655595221163  25.0
56019.6015625  -1.1553127462465989  2.544259901025141  25.0
56027.5  -6.506622178576563  2.797233199463464  25.0
56030.5  -1.7081821676320175  2.3747277168832235  25.0
56033.5  7.512428694241087  2.6456652162120613  25.0
56036.5  -18.042276935475744  4.717060555699311  25.0
56038.3984375  0.7199476395896921  2.3973057950182146  25.0
56041.5  -1.1502081226236718  2.3625551096509407  25.0
56048.3984375  -0.9985420275438418  2.5561379855358277  25.0
56057.3984375  0.44959913889496733  2.7061352433508246  25.0
56063.5  -2.0721807958236096  2.8073441476445766  25.0
56066.3984375  1.8272573482241705  2.500968805676846  25.0
56068.30078125  -0.3124615987747937  2.3857222332291235  25.0
56086.3984375  0.20163244586930087  2.8202039121484783  25.0
56089.30078125  -0.9904924575594284  2.504110256549658  25.0
56092.30078125  -4.044821524618301  2.473089880262073  25.0
56358.6015625  -0.07617662617572438  2.6754093897848357  25.0
56385.5  0.16030467540062607  2.474071373018974  25.0
56388.6015625  3.595811618402838  3.0697412369923938  25.0
56393.6015625  1.6057953596881964  2.6258357671635446  25.0
56396.5  3.956668795721618  3.021345518021172  25.0
56399.3984375  -5.265610903416319  2.794091748590652  25.0
56403.3984375  -1.4073042710735504  2.7102581869805373  25.0
56411.5  -2.9454633209488863  2.577832682742346  25.0
56414.5  -0.7011979823628175  2.4406951894312505  25.0
56420.3984375  0.2873311620192604  2.460033704865003  25.0
56422.5  2.730676681472245  2.538370008302168  25.0
56432.3984375  57.31328729751273  2.603355800856981  25.0
56444.3984375  89.11899110287344  2.7875146985960604  25.0
56447.30078125  93.29889052135111  3.038720860704809  25.0
56450.3984375  80.99106571691881  3.5700920893950348  25.0
56452.30078125  65.08673988997629  3.139929764998561  25.0
56455.30078125  54.29351606241793  2.55299672189933  25.0
56458.30078125  47.91431194010349  2.716540901489847  25.0
56462.30078125  47.17806879646088  2.729891412372199  25.0
56470.3984375  48.224516077451966  2.834045356645594  25.0
56473.30078125  41.09041707886015  2.823737810334999  25.0
56476.30078125  35.91404000681635  2.419785761324779  25.0
56479.30078125  29.04675425326947  2.6513588852781793  25.0
56481.30078125  28.405830870142896  2.5281607610563137  25.0
56487.30078125  22.27380863984486  2.5871583618234126  25.0
56491.30078125  13.606459927525353  2.4629787448446465  25.0
56508.30078125  11.49933240991393  2.4851641884296147  25.0
