56425.543128528196    13.003372990038159    2.8319505865796257    25    
56426.043128528196    15.329924935170082    2.8076363031406046    25    
56426.543128528196    17.819962286190155    2.83978641702659      25    
56427.043128528196    20.462165697273058    3.1249326439858223    25    
56427.543128528196    23.256885586309572    3.508038182319782     25    
56428.043128528196    26.189089436219977    3.6743145129585204    25    
56428.543128528196    29.261143467666415    3.6719791882818864    25    
56429.043128528196    32.45769672928083     3.66761114068708      25    
56429.543128528196    35.77973650753073     3.6833700996742182    25    
56430.043128528196    39.214988153725656    3.6972916605620725    25    
56430.543128528196    42.75966528317244     3.708903869367806     25    
56431.043128528196    46.40740416698819     3.71891853573047      25    
56431.543128528196    50.14793037186155     3.7273371646793834    25    
56432.043128528196    53.980837967574665    3.7349887185471413    25    
56432.543128528196    57.894322351535486    3.7496304837605647    25    
56433.043128528196    61.89081800180975     3.771174363903483     25    
56433.543128528196    65.93601862584717     3.7516835566514515    25    
56434.043128528196    70.06865626571037     3.6664954903091598    25    
56434.543128528196    74.09128101357335     3.612353041309743     25    
56435.043128528196    77.98849619105559     3.6499695287851357    25    
56435.543128528196    81.61024350377077     3.7117239170631864    25    
56436.043128528196    84.78480013702885     3.7495258557552806    25    
56436.543128528196    87.50697047820992     3.7780712267420014    25    
56437.043128528196    89.52440896279377     3.788082177849282     25    
56437.543128528196    90.8823416915539      3.7814791827504117    25    
56438.043128528196    91.74734352059473     3.7869263016604235    25    
56438.543128528196    92.06820967718612     3.8065332665338354    25    
56439.043128528196    92.16387789567327     3.8323485486369977    25    
56439.543128528196    92.07745723646177     3.8711331340218984    25    
56440.043128528196    91.97072222940666     3.8996151406641912    25    
56440.543128528196    92.06719627475516     3.892647604291176     25    
56441.043128528196    92.28129283153844     3.8639618715000594    25    
56441.543128528196    92.63154755687624     3.8188820658410556    25    
56442.043128528196    93.10294040503283     3.7589044430287637    25    
56442.543128528196    93.52220756356019     3.7404220832954325    25    
56443.043128528196    93.9109582743359      3.7718749028246497    25    
56443.543128528196    94.12523368054728     3.7937253633746364    25    
56444.043128528196    94.12590335934962     3.7871666685105496    25    
56444.543128528196    93.91426543231077     3.7723404722779685    25    
56445.043128528196    93.45724424021785     3.7525482136754595    25    
56445.543128528196    92.78214503766779     3.7340737059154545    25    
56446.043128528196    91.91732025360186     3.741402756575507     25    
56446.543128528196    90.86008978452976     3.7649087170457767    25    
56447.043128528196    89.6459946895113      3.7778192092876455    25    
56447.543128528196    88.27159885569101     3.797012451731908     25    
56448.043128528196    86.7533622971701      3.6666777140870295    25    
56448.543128528196    85.09391463554921     3.2339217039582175    25    
56449.043128528196    83.29693162042018     2.797066165489776     25    
56449.543128528196    81.3641875674441      2.7133386796900623    25    
56450.043128528196    79.300401771564       2.7734238932834168    25    
56450.543128528196    77.10361542265329     2.7597034966367597    25    
56451.043128528196    74.78658163432338     2.7309822976055154    25    
56451.543128528196    72.41900094284574     2.692707974403756     25    
56452.043128528196    69.98625283674596     2.6424339093322065    25    
56452.543128528196    67.61160949224384     2.611601986290373     25    
56453.043128528196    65.28978936283606     2.6131401797134366    25    
56453.543128528196    63.110731415345185    2.6155950265178616    25    
56454.043128528196    61.128519195994336    2.6115395486411526    25    
56454.543128528196    59.335821682093       2.5890980969421182    25    
56455.043128528196    57.77035024324632     2.503178367939512     25    
56455.543128528196    56.413474725622706    2.38202744876843      25    
56456.043128528196    55.23228065084089     2.3363904301139167    25    
56456.543128528196    54.23178365064861     2.3599306908963698    25    
56457.043128528196    53.376198463088485    2.3737663293176348    25    
56457.543128528196    52.66873875185905     2.3698182517289115    25    
56458.043128528196    52.07934194677757     2.356781068070206     25    
56458.543128528196    51.601146222256276    2.3258012015685026    25    
56459.043128528196    51.21699076742596     2.297227929204616     25    
56459.543128528196    50.90419207048444     2.3008894458428952    25    
56460.043128528196    50.660613748339884    2.320164919954946     25    
56460.543128528196    50.451311685560114    2.32857962765294      25    
56461.043128528196    50.28154216528702     2.330164565534775     25    
56461.543128528196    50.12916974581178     2.3252756767705836    25    
56462.043128528196    49.993870378368364    2.323879647384879     25    
56462.543128528196    49.87138501164586     2.2704246677661324    25    
56463.043128528196    49.76066470957549     2.0956797260924978    25    
56463.543128528196    49.658193550314905    1.9112135969177295    25    
56464.043128528196    49.56165047791239     1.8730782814661742    25    
56464.543128528196    49.46784226313723     1.904497406535568     25    
56465.043128528196    49.36673257358585     1.8969536718463016    25    
56465.543128528196    49.259219335817214    1.872233595993679     25    
56466.043128528196    49.12542545439        1.8742545035582465    25    
56466.543128528196    48.967995267759854    1.9093959395521036    25    
56467.043128528196    48.76887239253737     1.9360149260234645    25    
56467.543128528196    48.52340858407362     1.9438645341727014    25    
56468.043128528196    48.22985151851787     1.937344901583298     25    
56468.543128528196    47.88094105566259     1.8843012411451772    25    
56469.043128528196    47.48313116757188     1.8422498087917332    25    
56469.543128528196    47.04410330468451     1.9625457097721828    25    
56470.043128528196    46.56317916153199     2.174102483035315     25    
56470.543128528196    46.051326700698425    2.2783733043341017    25    
56471.043128528196    45.5077895153972      2.288105929274124     25    
56471.543128528196    44.93591185494087     2.2714511370225763    25    
56472.043128528196    44.33825594865051     2.2293225142477393    25    
56472.543128528196    43.70923606210202     2.1892847709137273    25    
56473.043128528196    43.04694120627701     2.1832155742553128    25    
56473.543128528196    42.34952467990205     2.191660067244068     25    
56474.043128528196    41.61096744967806     2.2057549954022417    25    
56474.543128528196    40.83301874496536     2.223285480482558     25    
56475.043128528196    40.01608548052067     2.222712305506135     25    
56475.543128528196    39.15891573798734     2.2157683390855247    25    
56476.043128528196    38.27620225444166     2.0650533728910143    25    
56476.543128528196    37.367131414609396    1.6032392489062626    25    
56477.043128528196    36.44321378906095     1.0643222032786581    25    
56477.543128528196    35.50915800318168     0.9378181851653169    25    
56478.043128528196    34.569766820677685    1.0219738203292683    25    
56478.543128528196    33.63536879498527     1.001300793948338     25    
56479.043128528196    32.70544812077752     0.9702693838660961    25    
56479.543128528196    31.792013440578057    0.9520335943890263    25    
56480.043128528196    30.89318530358745     0.9458544505597343    25    
56480.543128528196    30.02136222643253     0.9472159388334395    25    
56481.043128528196    29.1766564799708      0.9603228611312115    25    
56481.543128528196    28.364608939902954    0.9649150423988007    25    
56482.043128528196    27.589617045850535    0.9465668886611247    25    
56482.543128528196    26.848413780116577    0.9193882950092279    25    
56483.043128528196    26.139978362557173    0.8881624169075192    25    
56483.543128528196    25.46382674031055     0.85957141816447      25    
56484.043128528196    24.816908347722432    0.8791260669713891    25    
56484.543128528196    24.199680010927416    0.9384203137506855    25    
56485.043128528196    23.609043942295155    0.9697204176586413    25    
56485.543128528196    23.04524662723672     0.9667920105768615    25    
56486.043128528196    22.506042456592137    0.9570133357064478    25    
56486.543128528196    21.991023996617116    0.9473418177662718    25    
56487.043128528196    21.49885368153887     0.9362981847535029    25    
56487.543128528196    21.028051341351343    0.9264251192456879    25    
56488.043128528196    20.57834626331535     0.9177211014704791    25    
56488.543128528196    20.147408828283897    0.9134168059881203    25    
56489.043128528196    19.73555922075166     0.9129522850519466    25    
56489.543128528196    19.34016302786467     0.9144939863287731    25    
56490.043128528196    18.96155912429768     0.9166650170169305    25    
56490.543128528196    18.59738051054345     0.9276727394375925    25    
56491.043128528196    18.247412544403222    0.9535094879338466    25    
56491.543128528196    17.910107887057716    0.9813102996801959    25    
56492.043128528196    17.584186051518166    0.9936143547521793    25    
56492.543128528196    17.269201726027088    1.0103685241845957    25    
56493.043128528196    16.962946216092348    1.05550141384627      25    