#Date  :
#Flux  :
#Fluxerr  :
#ZP  :
#end  :
@INSTRUMENT  SDSS
@BAND  SDSS_g
@MAGSYS  AB
53774.864797999995  0.0  1.8943525323194461  25.0
53779.85114299999  0.0  1.8943525323194461  25.0
53784.83748799999  0.0  1.8943525323194461  25.0
53789.82383299999  0.0  1.8943525323194461  25.0
53794.810177999985  0.0  1.8943525323194461  25.0
53799.79652299998  0.0  1.8943525323194461  25.0
53804.78286799998  0.0  1.8943525323194461  25.0
53809.76921299998  0.0  1.8943525323194461  25.0
53814.755557999975  0.0  1.8943525323194461  25.0
53819.74190299997  0.0  1.8943525323194461  25.0
53824.72824799997  0.0  1.8943525323194461  25.0
53829.71459299997  0.0  1.8943525323194461  25.0
53834.700937999965  0.0  1.8943525323194461  25.0
53839.68728299996  0.0  1.8943525323194461  25.0
53844.67362799996  0.0  1.8943525323194461  25.0
53849.65997299996  0.0  1.8943525323194461  25.0
53854.646317999955  0.0  1.8943525323194461  25.0
53859.63266299995  0.0  1.8943525323194461  25.0
53864.61900799995  0.0  1.8943525323194461  25.0
53869.60535299995  0.0  1.8943525323194461  25.0
53874.591697999946  0.0  1.8943525323194461  25.0
53879.57804299994  0.0  1.8943525323194461  25.0
53884.56438799994  0.0  1.8943525323194461  25.0
53889.55073299994  0.0  1.8943525323194461  25.0
53894.537077999936  0.0  1.8943525323194461  25.0
53899.52342299993  0.0  1.8943525323194461  25.0
53904.50976799993  0.0  1.8943525323194461  25.0
53909.49611299993  0.0  1.8943525323194461  25.0
53914.482457999926  0.0  1.8943525323194461  25.0
53919.46880299992  0.0  1.8943525323194461  25.0
53924.45514799992  0.0  1.8943525323194461  25.0
53929.44149299992  0.0  1.8943525323194461  25.0
53934.427837999916  0.0  1.8943525323194461  25.0
53939.41418299991  0.0  1.8943525323194461  25.0
53944.40052799991  0.0  1.8943525323194461  25.0
53949.38687299991  0.0  1.8943525323194461  25.0
53954.373217999906  0.0  1.8943525323194461  25.0
53959.3595629999  0.0  1.8943525323194461  25.0
53964.3459079999  0.0  1.8943525323194461  25.0
53969.3322529999  0.0  1.8943525323194461  25.0
53974.318597999896  0.0  1.8943525323194461  25.0
53979.304942999894  0.0  1.8943525323194461  25.0
53984.29128799989  0.0  1.8943525323194461  25.0
53989.27763299989  0.0  1.8943525323194461  25.0
53994.263977999886  0.0  1.8943525323194461  25.0
53999.250322999884  0.0  1.8943525323194461  25.0
53974.318598  -1.2558129413116375  1.2870218400070885  25.0
53989.322703  -3.1623176111762152  3.745067843454103  25.0
53997.418304  -2.4428558315156  1.4560470258620966  25.0
54000.298241  -1.361867959887329  1.5380739542917328  25.0
54007.348141  -0.6990240937892577  1.3406017191833492  25.0
54009.272142  -0.7539848976865562  1.5783969561460323  25.0
54011.336242  -2.3517147999271155  2.374361965352133  25.0
54019.286627  16.40262383648519  2.258088103840763  25.0
54021.340222  21.650137776428256  1.971960501641762  25.0
54025.335305  37.78210036759006  1.8943525323194461  25.0
54029.265202  38.141140795059854  2.063653903118662  25.0
54031.252178  43.44389172384442  1.6662237684040266  25.0
54036.256709  33.55647072121486  2.028302230260098  25.0
54039.25445  27.12412337062149  2.3909330620045846  25.0
54048.248436  8.83791821464095  2.388171212562509  25.0
54052.252413  7.766320631115735  2.467712476494278  25.0
54054.270954  7.280235129310483  2.229917239531595  25.0
54055.248179  4.015729088777482  1.4176573186172499  25.0
54058.246714  4.0074435404512565  1.6328053901549155  25.0
54060.268215  2.1042530899171688  1.575082736815542  25.0
54063.236552  1.9404754180021038  1.4148954691751745  25.0
