54881.91481199213    293.8044345336641     50.08564468394146     25    
54882.41481199213    358.2602704609029     49.17827742294395     25    
54882.91481199213    429.6170805885037     50.72415697413465     25    
54883.41481199213    508.02543397538074    60.25886716724962     25    
54883.91481199213    593.5894420518938     69.20477046619591     25    
54884.41481199213    686.4815752960975     70.9631015393049      25    
54884.91481199213    786.7851056353205     70.26849474415727     25    
54885.41481199213    894.6922811345376     70.51760812857955     25    
54885.91481199213    1010.2676580502676    70.75881115148067     25    
54886.41481199213    1133.721138202185     70.9438190714949      25    
54886.91481199213    1265.1006860082218    71.08603762531149     25    
54887.41481199213    1404.6317332105293    71.18659744329194     25    
54887.91481199213    1552.3477762206687    71.26994967309184     25    
54888.41481199213    1708.6781621138198    71.3043495938581      25    
54888.91481199213    1873.3234292034533    71.44835266366532     25    
54889.41481199213    2046.66929075103      72.4550861089455      25    
54889.91481199213    2226.9850526453324    74.01076006512878     25    
54890.41481199213    2406.471792255388     75.13004775955692     25    
54890.91481199213    2584.528379710783     75.98286032639987     25    
54891.41481199213    2749.5893344769006    76.82748536365075     25    
54891.91481199213    2901.9451768811514    77.61862798801683     25    
54892.41481199213    3030.4304906345956    78.10882866300528     25    
54892.91481199213    3135.89869343975      78.32071088200479     25    
54893.41481199213    3220.5087486124444    78.68305182664253     25    
54893.91481199213    3284.1986132716493    79.17503012277635     25    
54894.41481199213    3334.916462761081     79.76056919477853     25    
54894.91481199213    3372.4707629058425    80.45589032794555     25    
54895.41481199213    3403.931298778051     81.02518543012641     25    
54895.91481199213    3429.7357859973545    81.80254186341217     25    
54896.41481199213    3449.7286074768904    77.62927608756813     25    
54896.91481199213    3464.3466323996677    65.54388614154573     25    
54897.41481199213    3470.2881571287367    57.29067061797113     25    
54897.91481199213    3467.435911274719     58.18504480500828     25    
54898.41481199213    3453.2598618564875    59.313883902090886    25    
54898.91481199213    3426.8578266468776    59.00137984303068     25    
54899.41481199213    3389.970031220844     58.548527478827715    25    
54899.91481199213    3342.2039836837935    57.940639966754446    25    
54900.41481199213    3287.080455335611     57.54367224686799     25    
54900.91481199213    3225.1462642184665    57.64307221227059     25    
54901.41481199213    3159.20282471492      57.58455115493446     25    
54901.91481199213    3090.4720080005086    56.64272508205446     25    
54902.41481199213    3019.5597110190297    56.72201606361396     25    
54902.91481199213    2947.196766512111     59.483889697188616    25    
54903.41481199213    2873.056139439611     61.925765123075074    25    
54903.91481199213    2797.1297159660116    62.34336245198068     25    
54904.41481199213    2719.40304128886      62.09864217388315     25    
54904.91481199213    2639.7674647561357    61.708562622742605    25    
54905.41481199213    2558.5015781207017    61.09170071545912     25    
54905.91481199213    2475.711304051691     60.242016632415556    25    
54906.41481199213    2391.7481261150974    59.46785669190825     25    
54906.91481199213    2306.9811700610767    59.34321930920931     25    
54907.41481199213    2221.6480448812517    59.38513000472536     25    
54907.91481199213    2136.136810586928     59.500713236531894    25    
54908.41481199213    2050.747662839565     58.83564839281396     25    
54908.91481199213    1966.082137764055     54.53696054719791     25    
54909.41481199213    1882.4114029989696    48.73857491803918     25    
54909.91481199213    1800.5779562216112    47.303729020312346    25    
54910.41481199213    1720.7351149599215    48.17432325020514     25    
54910.91481199213    1643.8717375838005    48.1216228143231      25    
54911.41481199213    1569.8796983302082    47.816253950825654    25    
54911.91481199213    1499.1822280005333    47.18378262704674     25    
54912.41481199213    1431.6393385126505    46.38882088101479     25    
54912.91481199213    1367.0110741107162    46.2469244520483      25    
54913.41481199213    1305.286520191773     46.53801588121144     25    
54913.91481199213    1246.2039340795782    46.61320189119794     25    
54914.41481199213    1189.774718354191     46.53067867798112     25    
54914.91481199213    1135.8187122003546    46.323501550477175    25    
54915.41481199213    1084.3464603272237    45.888006737488894    25    
54915.91481199213    1035.2741537574555    43.173871639823865    25    
54916.41481199213    988.6044886636743     37.91879288806347     25    
54916.91481199213    944.2531880756918     35.22233140879942     25    
54917.41481199213    902.2234154877427     35.66597490980757     25    
54917.91481199213    862.4084015894459     35.58557752453129     25    
54918.41481199213    824.8126786923078     34.82472793905372     25    
54918.91481199213    789.3040485644926     34.52987896172444     25    
54919.41481199213    755.8849233743613     34.82947642343371     25    
54919.91481199213    724.4282892525815     35.08189997454462     25    
54920.41481199213    694.9454366510806     35.26017065503968     25    
54920.91481199213    667.2236771079528     35.105263116987715    25    
54921.41481199213    641.2754684614258     34.65476231196549     25    
54921.91481199213    616.7845554941294     33.166297371110005    25    
54922.41481199213    593.7300785296667     29.74052988693158     25    
54922.91481199213    571.8165015482127     27.191237975692435    25    
54923.41481199213    550.9736446512125     27.296016297142263    25    
54923.91481199213    531.0730954728238     27.501988820727007    25    
54924.41481199213    512.0313240563955     26.835829480933654    25    
54924.91481199213    493.92219489605384    26.26945581773042     25    
54925.41481199213    476.7498755982887     26.14474520273136     25    
54925.91481199213    460.55865291338085    26.19227511636197     25    
54926.41481199213    445.3816458830276     26.424481374931705    25    
54926.91481199213    431.1988652605104     26.542350268065462    25    
54927.41481199213    418.035728110867      26.689142044788436    25    
54927.91481199213    405.79962274502935    25.777090630147132    25    
54928.41481199213    394.4414008361789     21.40148131060519     25    
54928.91481199213    383.89661342674765    15.937340482432848    25    
54929.41481199213    374.09688848488656    15.095188494943015    25    
54929.91481199213    364.9939904770206     16.049968448077728    25    
54930.41481199213    356.51087420183603    15.769792640850028    25    
54930.91481199213    348.6124335715356     15.385540424293639    25    
54931.41481199213    341.2194827516111     15.261135194675411    25    
54931.91481199213    334.3034653441558     15.283736749333071    25    
54932.41481199213    327.77382291420633    15.483432248120545    25    
54932.91481199213    321.61897858774535    15.7171222292171      25    
54933.41481199213    315.75589469722496    15.6061100955043      25    
54933.91481199213    310.1903232123178     15.314841979362859    25    
54934.41481199213    304.88516983067245    15.18755400612745     25    
54934.91481199213    299.8385702762077     15.025526673974753    25    
54935.41481199213    295.0164019388678     14.083947102089416    25    
54935.91481199213    290.41857402898313    12.608101899131187    25    
54936.41481199213    286.0150235556606     12.126892886777116    25    
54936.91481199213    281.8082567932718     12.398522568577691    25    
54937.41481199213    277.7863750771234     12.368010290038667    25    
54937.91481199213    273.94976140288964    12.154797994968227    25    
54938.41481199213    270.2883641101122     11.908973007011085    25    
54938.91481199213    266.8024182790498     11.625458559052952    25    
54939.41481199213    263.4815978539227     11.403345187831098    25    
54939.91481199213    260.3262229941005     11.242276003508128    25    
54940.41481199213    257.3259226552761     11.13691408401653     25    
54940.91481199213    254.48102189476327    11.085524277660564    25    
54941.41481199213    251.78118486089295    11.203972142875845    25    
54941.91481199213    249.2266613277588     11.502914509311536    25    
54942.41481199213    246.80723081749528    11.768977988638335    25    
54942.91481199213    244.52298763980795    11.913795859961127    25    
54943.41481199213    242.3639068718032     12.592942880611062    25    