#Date  :
#Flux  :
#Fluxerr  :
#ZP  :
#end  :
@INSTRUMENT  PS
@BAND  PS_z
@MAGSYS  AB
54964.1477625  0.0  1.3222653357791778  25.0
54969.134107499995  0.0  1.3222653357791778  25.0
54974.12045249999  0.0  1.3222653357791778  25.0
54979.10679749999  0.0  1.3222653357791778  25.0
54984.09314249999  0.0  1.3222653357791778  25.0
54989.079487499985  0.0  1.3222653357791778  25.0
54994.06583249998  0.0  1.3222653357791778  25.0
54999.05217749998  0.0  1.3222653357791778  25.0
55004.03852249998  0.0  1.3222653357791778  25.0
55009.024867499975  0.0  1.3222653357791778  25.0
55014.01121249997  0.0  1.3222653357791778  25.0
55018.99755749997  0.0  1.3222653357791778  25.0
55023.98390249997  0.0  1.3222653357791778  25.0
55028.970247499965  0.0  1.3222653357791778  25.0
55033.95659249996  0.0  1.3222653357791778  25.0
55038.94293749996  0.0  1.3222653357791778  25.0
55043.92928249996  0.0  1.3222653357791778  25.0
55048.915627499955  0.0  1.3222653357791778  25.0
55053.90197249995  0.0  1.3222653357791778  25.0
55058.88831749995  0.0  1.3222653357791778  25.0
55063.87466249995  0.0  1.3222653357791778  25.0
55068.861007499945  0.0  1.3222653357791778  25.0
55073.84735249994  0.0  1.3222653357791778  25.0
55078.83369749994  0.0  1.3222653357791778  25.0
55083.82004249994  0.0  1.3222653357791778  25.0
55088.806387499935  0.0  1.3222653357791778  25.0
55093.79273249993  0.0  1.3222653357791778  25.0
55098.77907749993  0.0  1.3222653357791778  25.0
55103.76542249993  0.0  1.3222653357791778  25.0
55108.751767499925  0.0  1.3222653357791778  25.0
55113.73811249992  0.0  1.3222653357791778  25.0
55118.72445749992  0.0  1.3222653357791778  25.0
55123.71080249992  0.0  1.3222653357791778  25.0
55128.697147499915  0.0  1.3222653357791778  25.0
55133.68349249991  0.0  1.3222653357791778  25.0
55138.66983749991  0.0  1.3222653357791778  25.0
55143.65618249991  0.0  1.3222653357791778  25.0
55148.642527499906  0.0  1.3222653357791778  25.0
55153.6288724999  0.0  1.3222653357791778  25.0
55158.6152174999  0.0  1.3222653357791778  25.0
55163.6015624999  0.0  1.3222653357791778  25.0
55168.587907499896  0.0  1.3222653357791778  25.0
55173.57425249989  0.0  1.3222653357791778  25.0
55178.56059749989  0.0  1.3222653357791778  25.0
55183.54694249989  0.0  1.3222653357791778  25.0
55188.533287499886  0.0  1.3222653357791778  25.0
55193.51963249988  0.0  1.3222653357791778  25.0
55198.50597749988  0.0  1.3222653357791778  25.0
55203.49232249988  0.0  1.3222653357791778  25.0
55208.478667499876  0.0  1.3222653357791778  25.0
55213.46501249987  0.0  1.3222653357791778  25.0
55218.45135749987  0.0  1.3222653357791778  25.0
55223.43770249987  0.0  1.3222653357791778  25.0
55228.424047499866  0.0  1.3222653357791778  25.0
55233.41039249986  0.0  1.3222653357791778  25.0
55238.39673749986  0.0  1.3222653357791778  25.0
55243.38308249986  0.0  1.3222653357791778  25.0
55163.6015625  -1.733988114525281  1.3167665116257774  25.0
55181.6015625  0.5340710894116044  0.713960424639759  25.0
55190.5  0.31932325634578657  0.5382933581736312  25.0
55193.6015625  0.08415129787571927  0.5665729182265156  25.0
55208.6015625  -0.4151595145782195  0.7476405762605427  25.0
55211.5  0.20129540020579897  0.7927111192420754  25.0
55214.5  -0.1558321024648146  0.5318126295633464  25.0
55218.6015625  -0.3268840985874499  0.645519984355806  25.0
55220.5  0.5849349670149846  1.006968000079451  25.0
55223.3984375  -0.17311404932740865  1.7634459037400096  25.0
55232.5  0.5282777079677429  2.2112053860746133  25.0
55235.5  1.51943662957543  1.5363257982675653  25.0
55238.5  -2.0760920365375304  1.3277641599325782  25.0
55241.3984375  0.011390373802493728  1.521596903660201  25.0
55250.5  -0.19648394662982885  1.4612082110243396  25.0
55259.30078125  -3.9513798123857597  2.0653890859872326  25.0
55274.30078125  31.70550060143883  14.383391594419328  25.0
55289.30078125  -0.5446759010204291  50.28104166725558  25.0
55298.30078125  23.387089596831373  1.7633477647985367  25.0
55301.3984375  24.805780141546855  3.4235930800574663  25.0
55304.30078125  19.217525566712784  1.3051797487380543  25.0
55571.5  0.7172989747083884  3.416522955934175  25.0
55577.6015625  2.2011897826907387  1.4091660106150867  25.0
55586.6015625  0.3469154458212406  0.9115245083119734  25.0
55589.6015625  1.2028627853063436  1.221813995497749  25.0
55592.6015625  0.9386257455589851  1.464448575329482  25.0
55595.5  0.1537700492600412  0.5922994611406809  25.0
55631.30078125  -0.3754895631645861  1.207772448056808  25.0
55634.30078125  -0.3899239238924964  0.7946750217998724  25.0
55646.30078125  -0.8492702393478442  1.0088336700517468  25.0
55649.3984375  -0.2812244176139879  1.8887401150642205  25.0
55652.3984375  0.926646239617314  3.1680950883026084  25.0
55673.30078125  -0.1926544326272537  1.357123810205834  25.0
55676.30078125  0.464550512085266  1.7840665060207648  25.0
55935.5  -0.21131107382269435  1.784851992128661  25.0
55946.6015625  1.9100478772233427  1.016198117355429  25.0
55949.6015625  4.725434231904877  2.1084956795889545  25.0
55954.6015625  0.42920106201916053  1.2282947241080338  25.0
55957.5  0.7428291460955796  0.5047113923163346  25.0
55959.5  3.456291327221366  1.9397021316090737  25.0
55961.30078125  0.9917481298326375  1.0241517728840617  25.0
55969.5  -0.7830882120901352  1.0597957802406281  25.0
55972.6015625  0.23320809102878093  0.9746624959694999  25.0
55983.30078125  -2.6752651098084863  1.9739715382768217  25.0
55997.3984375  -0.5078535708579899  0.965726982805997  25.0
55999.30078125  0.6325585271352364  2.376169455168429  25.0
56002.30078125  3.310474839845929  1.661128940308299  25.0
56005.30078125  -0.5710897911010175  1.1513115605365403  25.0
56010.30078125  0.5901392338779239  1.7005043812534852  25.0
56013.30078125  -0.0008837358858556518  1.8487754658940838  25.0
56016.30078125  -0.5244481822596642  1.4687691234990239  25.0
56028.30078125  -0.5602885611432048  1.0533150516303433  25.0
56031.30078125  -1.1954001054171604  0.8822629969801905  25.0
56037.30078125  -9.013811557449335  3.085711192697173  25.0
56039.30078125  -0.13256039092588143  1.1451253423947023  25.0
56042.30078125  -0.28701779905784947  1.1078120365928141  25.0
56045.30078125  -0.4170251845505153  1.0444776774083135  25.0
56056.30078125  -1.9341052153362144  9.24976903714381  25.0
56262.6015625  2.2321205924678433  4.934486658591258  25.0
56313.6015625  -0.3901203188304775  1.2395868828832817  25.0
56324.6015625  1.17409224961401  1.804981525125939  25.0
56333.5  -0.5211096321910348  1.5613649940153074  25.0
56335.5  -1.18764291505953  1.3676304828731858  25.0
56338.5  -1.2346773137768456  1.4869347539385047  25.0
56351.3984375  -0.2576581253735866  1.372834656092097  25.0
56353.30078125  0.32992806795461116  1.5880734882083711  25.0
56356.3984375  -1.647676601092308  0.8865835451497325  25.0
56359.3984375  -0.7755273464374649  1.205710406557538  25.0
56370.30078125  -0.1491549906220522  0.9550239386116713  25.0
56381.3984375  -1.6251904224832854  8.357981225131137  25.0
56383.30078125  0.23605568886896816  1.2648224501579977  25.0
56389.3984375  -1.4266443875321726  1.1905886752521972  25.0
56392.30078125  0.8429858822645334  0.972404082943256  25.0
56397.30078125  -2.7201391407970026  2.1478711205341408  25.0
56400.30078125  0.9127028311178459  2.1863627491419018  25.0
56415.30078125  -0.1032007172416186  0.7249580261245459  25.0
56423.30078125  -0.4251751647841078  1.3425912871254437  25.0
56624.6015625  -2.083751181597716  0.8586967281507962  25.0
56629.6015625  -0.656812189953068  1.146303665200575  25.0
56632.6015625  1.6753669529202422  0.6924561973096346  25.0
56637.6015625  -1.894729774391028  1.0280794843556273  25.0
56643.6015625  1.9017997112262632  1.2372303309155648  25.0
56657.6015625  2.3893273775600012  1.6028023828157354  25.0
56659.6015625  2.76619158823542  2.133338503809722  25.0
56662.6015625  -1.5073588910482578  1.0851294864568173  25.0
56667.69921875  -1.3378779959019538  1.9778010171628864  25.0
56681.5  1.1183187092601656  1.2963423745160245  25.0
56754.30078125  0.2800460948081154  5.0424990518134125  25.0
