55259.308576108706    0.8158238953129177    0.8158238953742054     25    
55259.808576108706    1.1701802143179272    0.9701306345585671     25    
55260.308576108706    1.5992881429116523    1.0291303518024675     25    
55260.808576108706    2.116101487574376     1.8516140463571853     25    
55261.308576108706    2.718918191806841     2.703933998855924      25    
55261.808576108706    3.4245772466350917    3.0586194698285936     25    
55262.308576108706    4.230245608569302     3.0535409977538044     25    
55262.808576108706    5.1511390580709016    3.0095048181766475     25    
55263.308576108706    6.188801959769836     3.016976209520456      25    
55263.808576108706    7.351796815167413     3.0208935348480765     25    
55264.308576108706    8.650118811979269     3.020163261696162      25    
55264.808576108706    10.084125740407998    3.0152048221840526     25    
55265.308576108706    11.669727731768402    3.0057059146517116     25    
55265.808576108706    13.403889615291268    2.991486407703651      25    
55266.308576108706    15.303606691730993    2.9748117320883862     25    
55266.808576108706    17.37269770952603     2.946502369822952      25    
55267.308576108706    19.60697896897172     2.9388998050831243     25    
55267.808576108706    22.036791320917434    2.9898146351674724     25    
55268.308576108706    24.602851889247876    3.060875824786847      25    
55268.808576108706    27.208772510862794    3.097038304464216      25    
55269.308576108706    29.86779364841462     3.111825462390028      25    
55269.808576108706    32.399622722891685    3.126013270789857      25    
55270.308576108706    34.825367323120005    3.1419809055972827     25    
55270.808576108706    37.0172115115806      3.149984394758974      25    
55271.308576108706    38.89907970504663     3.1402875316348227     25    
55271.808576108706    40.52302129233875     3.1294351379966487     25    
55272.308576108706    41.88814818146938     3.137675279966343      25    
55272.808576108706    43.01243521417757     3.1577397394757845     25    
55273.308576108706    44.00017890425674     3.1862826347702256     25    
55273.808576108706    44.83352643010812     3.226927045257936      25    
55274.308576108706    45.60285639363359     3.2487441518455187     25    
55274.808576108706    46.33470659180001     3.300354341337301      25    
55275.308576108706    47.009326882851745    3.2188564267042183     25    
55275.808576108706    47.63801543541617     2.695521896230863      25    
55276.308576108706    48.20049088077463     1.8025506732236154     25    
55276.808576108706    48.65033524177198     1.3172915061088524     25    
55277.308576108706    48.99594538424158     1.4661667659768431     25    
55277.808576108706    49.18886457202272     1.5636210042664218     25    
55278.308576108706    49.22159712810754     1.5531407068003402     25    
55278.808576108706    49.10953584406443     1.5345672376840267     25    
55279.308576108706    48.845965681373755    1.5059669173057035     25    
55279.808576108706    48.4528134765103      1.4821948823182414     25    
55280.308576108706    47.96125973649953     1.5015629601030975     25    
55280.808576108706    47.36734893202835     1.5473124649118708     25    
55281.308576108706    46.71222577025273     1.562044058496839      25    
55281.808576108706    45.99360113908329     1.5415460219374977     25    
55282.308576108706    45.21712839171795     1.5327460433464977     25    
55282.808576108706    44.38912733359877     1.5527939330212632     25    
55283.308576108706    43.49983695663006     1.5849027960164197     25    
55283.808576108706    42.54301370233704     1.6279900975259372     25    
55284.308576108706    41.519028359923276    1.6736540230289716     25    
55284.808576108706    40.41636618683778     1.6880710631716305     25    
55285.308576108706    39.23466620461228     1.6757446886860514     25    
55285.808576108706    38.008540579458696    1.6516697733939916     25    
55286.308576108706    36.727943735692705    1.6074700663612531     25    
55286.808576108706    35.44355604255194     1.576393274164371      25    
55287.308576108706    34.17871994801217     1.5968787592284124     25    
55287.808576108706    32.94662348508657     1.6329946167103166     25    
55288.308576108706    31.804340115661926    1.6326494470111788     25    
55288.808576108706    30.739601039369305    1.6106850039080698     25    
55289.308576108706    29.765181158587534    1.6244212930075705     25    
55289.808576108706    28.88695370845448     1.6823904567761003     25    
55290.308576108706    28.07485943665438     1.735763771919377      25    
55290.808576108706    27.324944587705815    1.769116413346629      25    
55291.308576108706    26.624078493109035    1.7912418397347298     25    
55291.808576108706    25.951283212667818    1.801009161755863      25    
55292.308576108706    25.30987498701412     1.798943973744489      25    
55292.808576108706    24.68137819600042     1.7806105775984762     25    
55293.308576108706    24.06818921839818     1.7418602595397104     25    
55293.808576108706    23.46331755966238     1.725110528110705      25    
55294.308576108706    22.86668668161561     1.750767427753055      25    
55294.808576108706    22.27365333815321     1.7811480327170084     25    
55295.308576108706    21.67865062445642     1.793767422818577      25    
55295.808576108706    21.084506381716242    1.7964521405240534     25    
55296.308576108706    20.491412947257103    1.786942022667338      25    
55296.808576108706    19.899412712314763    1.7653139547797365     25    
55297.308576108706    19.320409966421494    1.701397593247876      25    
55297.808576108706    18.753000740764133    1.5649824018082212     25    
55298.308576108706    18.20635645192687     1.4482520103636127     25    
55298.808576108706    17.68697075636139     1.4380794191780049     25    
55299.308576108706    17.190404539129037    1.4612892732909417     25    
55299.808576108706    16.717722578336257    1.4360081009324983     25    
55300.308576108706    16.266175899280597    1.3901305572847975     25    
55300.808576108706    15.816627205672999    1.3815659158002556     25    
55301.308576108706    15.37248594366086     1.414255084547226      25    
55301.808576108706    14.915477348305892    1.4445146054040028     25    
55302.308576108706    14.439885556271532    1.467554800802332      25    
55302.808576108706    13.94790782641881     1.4735484801065086     25    
55303.308576108706    13.433238957401969    1.4508426965602939     25    
55303.808576108706    12.903476372356552    1.3955237686325772     25    
55304.308576108706    12.376935945790754    1.2557702462174734     25    
55304.808576108706    11.850125465414093    0.9970391762637929     25    
55305.308576108706    11.34453367858401     0.7977325079522931     25    
55305.808576108706    10.861136708459656    0.7953276965743121     25    
55306.308576108706    10.40557741080507     0.8252434369127926     25    
55306.808576108706    9.985528019024931     0.7802935247014234     25    
55307.308576108706    9.594910672203348     0.7257497957912546     25    
55307.808576108706    9.228969322121493     0.7156487493172895     25    
55308.308576108706    8.888286170235727     0.7375176653007031     25    
55308.808576108706    8.565056206757466     0.7639344017991581     25    
55309.308576108706    8.259844537660175     0.7999538957636215     25    
55309.808576108706    7.969583322188676     0.8146782742184473     25    
55310.308576108706    7.692085834119977     0.7894449907794326     25    
55310.808576108706    7.429684018483446     0.7457295246440052     25    
55311.308576108706    7.1835119070672935    0.6947876919993922     25    
55311.808576108706    6.953710646321961     0.6369248537502619     25    
55312.308576108706    6.742891199522869     0.6159719956486105     25    
55312.808576108706    6.550729622430711     0.635669546275523      25    
55313.308576108706    6.377907992341754     0.6388021958762151     25    
55313.808576108706    6.225286198413532     0.6049454916878986     25    
55314.308576108706    6.090570351751208     0.5695654297256593     25    
55314.808576108706    5.972778381672347     0.558349258183918      25    
55315.308576108706    5.871337001284689     0.5607816010779935     25    
55315.808576108706    5.783830089646622     0.5771428944161087     25    
55316.308576108706    5.710667772824388     0.6055433977051936     25    
55316.808576108706    5.648638110760593     0.6120507209434969     25    
55317.308576108706    5.598323567480211     0.5908329943528584     25    
55317.808576108706    5.556370436714281     0.5636812904082849     25    
55318.308576108706    5.521986402533579     0.5364159004457223     25    
55318.808576108706    5.493624003613032     0.5121685578465304     25    
55319.308576108706    5.468304990858581     0.5061537476169912     25    
55319.808576108706    5.446439193410936     0.5131525106198944     25    
55320.308576108706    5.424765113081517     0.5209450126535837     25    
55320.808576108706    5.403594239924429     0.5313667810839998     25    
55321.308576108706    5.382065840397168     0.5348051336992213     25    
55321.808576108706    5.360063860614282     0.5268694189010437     25    
55322.308576108706    5.337159202474097     0.5132653078550047     25    
55322.808576108706    5.312916386962331     0.4959458570851891     25    
55323.308576108706    5.287265038817806     0.4754442100083113     25    
55323.808576108706    5.259441136401327     0.45837029118350825    25    
55324.308576108706    5.229587663823459     0.44394438280008264    25    
55324.808576108706    5.196864788375342     0.4349094764768533     25    
55325.308576108706    5.161353756935094     0.4372651412040386     25    
55325.808576108706    5.122413997240001     0.4302664151187338     25    
55326.308576108706    5.079789997596776     0.3884484868359613     25    
55326.808576108706    5.033244091348879     0.33542937962659497    25    
55327.308576108706    4.982123065252562     0.3193966894224384     25    
55327.808576108706    4.926515578022841     0.33363032948546767    25    
55328.308576108706    4.865579639346502     0.3682808408975741     25    