55259.308576108706    1.3985830681206035    1.398583068156354     25    
55259.808576108706    1.8574251583348038    1.4238114000549715    25    
55260.308576108706    2.396385217058545     1.4663971278697865    25    
55260.808576108706    3.0269589595676267    2.1994162611369013    25    
55261.308576108706    3.7476359142544537    3.039241169067416     25    
55261.808576108706    4.57335966134479      3.3972106955747274    25    
55262.308576108706    5.501616047074453     3.389926450641467     25    
55262.808576108706    6.545908151032431     3.3434325324331167    25    
55263.308576108706    7.707606502884649     3.3500684190143075    25    
55263.808576108706    8.994309801859599     3.3534668892042796    25    
55264.308576108706    10.414888169051176    3.3523946935738764    25    
55264.808576108706    11.969659121499939    3.347294386741157     25    
55265.308576108706    13.672741932940133    3.337662777506736     25    
55265.808576108706    15.521443073942436    3.323372844183708     25    
55266.308576108706    17.531003687089747    3.3072777937036153    25    
55266.808576108706    19.70649879916347     3.2841730945996828    25    
55267.308576108706    22.038555379234214    3.2734031020313292    25    
55267.808576108706    24.562556831374902    3.295663965293062     25    
55268.308576108706    27.203607473115547    3.3328403049986233    25    
55268.808576108706    29.836870027633278    3.3616550871299804    25    
55269.308576108706    32.47962744658734     3.3871729163072715    25    
55269.808576108706    34.901419645322555    3.4095977831629094    25    
55270.308576108706    37.12830593939019     3.4303708718272925    25    
55270.808576108706    39.00139030024158     3.4417679565925527    25    
55271.308576108706    40.41433022836372     3.4323012925700147    25    
55271.808576108706    41.458749237049766    3.422072304797467     25    
55272.308576108706    42.15702536691586     3.436494740780701     25    
55272.808576108706    42.53435579528089     3.4659861252305513    25    
55273.308576108706    42.77926557194656     3.504141581810283     25    
55273.808576108706    42.8590865188181      3.5554433795758973    25    
55274.308576108706    42.94005381261187     3.581874377855542     25    
55274.808576108706    43.06396219363995     3.6209688852942907    25    
55275.308576108706    43.215339763713715    3.539180183792744     25    
55275.808576108706    43.42412067250599     3.076634087672039     25    
55276.308576108706    43.66130184730955     2.3520133527661398    25    
55276.808576108706    43.877334163251064    2.0332442103702464    25    
55277.308576108706    44.0812124489381      2.1678850750311196    25    
55277.808576108706    44.216808039951545    2.2507482992431833    25    
55278.308576108706    44.28982865504571     2.2354995850290096    25    
55278.808576108706    44.25861457495545     2.2071747374086663    25    
55279.308576108706    44.10868756832196     2.1665755008361733    25    
55279.808576108706    43.82375774552318     2.1310399812810608    25    
55280.308576108706    43.36368764247485     2.149421676943527     25    
55280.808576108706    42.73439037846747     2.2010283357236924    25    
55281.308576108706    41.88567066138362     2.213596384195247     25    
55281.808576108706    40.80925634546823     2.180994667239245     25    
55282.308576108706    39.57172668404728     2.1656054956254738    25    
55282.808576108706    38.15751421214551     2.195590500086176     25    
55283.308576108706    36.651129204116536    2.2351685646305133    25    
55283.808576108706    35.127074818597016    2.262919526567274     25    
55284.308576108706    33.58934259724867     2.284224476465593     25    
55284.808576108706    32.16341839548231     2.287780606259468     25    
55285.308576108706    30.830350385646504    2.274781729757484     25    
55285.808576108706    29.63250869964363     2.2518364173516776    25    
55286.308576108706    28.581637955412994    2.210173034935425     25    
55286.808576108706    27.659126058883007    2.1819548654066843    25    
55287.308576108706    26.86137630264122     2.2029613064057094    25    
55287.808576108706    26.184786067193652    2.2390838309218934    25    
55288.308576108706    25.619990697826506    2.249505437728047     25    
55288.808576108706    25.167718380101032    2.2427602638126385    25    
55289.308576108706    24.803837908769573    2.1953536675362035    25    
55289.808576108706    24.533744914951093    2.0860668084793295    25    
55290.308576108706    24.327616596138036    2.0073315912025476    25    
55290.808576108706    24.180543218591264    2.0252647753243487    25    
55291.308576108706    24.077959014533665    2.069101504137156     25    
55291.808576108706    23.99670150812247     2.0807591646980352    25    
55292.308576108706    23.939862979871055    2.0790153392992177    25    
55292.808576108706    23.884261134972373    2.0597192128009754    25    
55293.308576108706    23.833304022946493    2.0185342359422607    25    
55293.808576108706    23.77400219670671     2.001233455761006     25    
55294.308576108706    23.706370052378197    2.0296274451257377    25    
55294.808576108706    23.621861047767275    2.0632157300442495    25    
55295.308576108706    23.511744669169534    2.076300863435676     25    
55295.808576108706    23.37870236270633     2.080075539199698     25    
55296.308576108706    23.218818229069893    2.067764625294758     25    
55296.808576108706    23.032882349005167    2.0407612772291195    25    
55297.308576108706    22.830176138003175    2.068605136620599     25    
55297.808576108706    22.609587841315694    2.1745088657940568    25    
55298.308576108706    22.378282421320463    2.2602540875035797    25    
55298.808576108706    22.1412331527908      2.2797229850753915    25    
55299.308576108706    21.895159561517804    2.2697927792560115    25    
55299.808576108706    21.641037129266827    2.241093001869502     25    
55300.308576108706    21.376766348618787    2.1964059695966647    25    
55300.808576108706    21.088089369011065    2.194997812327434     25    
55301.308576108706    20.777559655817527    2.2416207717336007    25    
55301.808576108706    20.43149751601332     2.280561427934672     25    
55302.308576108706    20.04659131169284     2.3006043189667875    25    
55302.808576108706    19.621821340657675    2.3026711136296854    25    
55303.308576108706    19.151592088545843    2.2663462767954754    25    
55303.808576108706    18.639804267896395    2.2115355925047893    25    
55304.308576108706    18.09278490718847     2.196086372296197     25    
55304.808576108706    17.50931557921903     2.213854684090895     25    
55305.308576108706    16.89709697339249     2.2310675356237204    25    
55305.808576108706    16.255094934249048    2.249916156162805     25    
55306.308576108706    15.590451375094245    2.250592997705685     25    
55306.808576108706    14.905653347631592    2.200621293282406     25    
55307.308576108706    14.204282354235888    2.1386184363083234    25    
55307.808576108706    13.495547120314184    2.131233502061248     25    
55308.308576108706    12.778119830530159    2.160984746080628     25    
55308.808576108706    12.063610268763414    2.1927646708690762    25    
55309.308576108706    11.349191178174472    2.233661023218256     25    
55309.808576108706    10.650508222996798    2.2440496064901088    25    
55310.308576108706    9.967198342897007     2.227855819767232     25    
55310.808576108706    9.313369204520152     2.1409993024498184    25    
55311.308576108706    8.704922931988843     1.8429566090960243    25    
55311.808576108706    8.141925931692459     1.342402293204881     25    
55312.308576108706    7.651348761718719     1.0447871144339038    25    
55312.808576108706    7.229886264959929     1.0953850452609133    25    
55313.308576108706    6.884015244699137     1.140894668176794     25    
55313.808576108706    6.6229315972345635    1.105307104214091     25    
55314.308576108706    6.421631186398319     1.0695927992706638    25    
55314.808576108706    6.269272782054749     1.0551725787358373    25    
55315.308576108706    6.159644649755654     1.0535748968367842    25    
55315.808576108706    6.064494693832226     1.0685233762722754    25    
55316.308576108706    5.98896428964859      1.0978795316567795    25    
55316.808576108706    5.910963551562646     1.1030535501904948    25    
55317.308576108706    5.828882726409144     1.077078023751649     25    
55317.808576108706    5.7453149678661495    1.044679318208985     25    
55318.308576108706    5.6593882324922475    1.0242467281774283    25    
55318.808576108706    5.572568801656225     0.9925992171695935    25    
55319.308576108706    5.486423851212452     0.9064187835149727    25    
55319.808576108706    5.400716788739606     0.7766692634803759    25    
55320.308576108706    5.317042243203484     0.7103711479025347    25    
55320.808576108706    5.235296459327142     0.7289178660194069    25    
55321.308576108706    5.155513133536962     0.7445811198057298    25    
55321.808576108706    5.077752858386408     0.7332221316415859    25    
55322.308576108706    5.0019666813063015    0.7160364884754363    25    
55322.808576108706    4.928147897317974     0.6970744688800381    25    
55323.308576108706    4.856295422868347     0.6767678787162427    25    
55323.808576108706    4.786397494477168     0.6637879640870774    25    
55324.308576108706    4.7184563136406705    0.657198159816115     25    
55324.808576108706    4.652458949631503     0.6552893144711552    25    
55325.308576108706    4.588406653390751     0.6512524047357888    25    
55325.808576108706    4.526289562162192     0.6709798660745976    25    
55326.308576108706    4.466103741886099     0.7415200117453246    25    
55326.808576108706    4.407845533259015     0.8178731934134242    25    
55327.308576108706    4.351504878894207     0.8459529004959289    25    
55327.808576108706    4.297083143851232     0.8500351821663606    25    
55328.308576108706    4.244567364182572     0.8919013277800972    25    