#Date  :
#Flux  :
#Fluxerr  :
#ZP  :
#end  :
@INSTRUMENT  PS
@BAND  PS_z
@MAGSYS  AB
54757.0462  0.0  1.6811603343641037  25.0
54762.032544999995  0.0  1.6811603343641037  25.0
54767.01888999999  0.0  1.6811603343641037  25.0
54772.00523499999  0.0  1.6811603343641037  25.0
54776.99157999999  0.0  1.6811603343641037  25.0
54781.977924999985  0.0  1.6811603343641037  25.0
54786.96426999998  0.0  1.6811603343641037  25.0
54791.95061499998  0.0  1.6811603343641037  25.0
54796.93695999998  0.0  1.6811603343641037  25.0
54801.923304999975  0.0  1.6811603343641037  25.0
54806.90964999997  0.0  1.6811603343641037  25.0
54811.89599499997  0.0  1.6811603343641037  25.0
54816.88233999997  0.0  1.6811603343641037  25.0
54821.868684999965  0.0  1.6811603343641037  25.0
54826.85502999996  0.0  1.6811603343641037  25.0
54831.84137499996  0.0  1.6811603343641037  25.0
54836.82771999996  0.0  1.6811603343641037  25.0
54841.814064999955  0.0  1.6811603343641037  25.0
54846.80040999995  0.0  1.6811603343641037  25.0
54851.78675499995  0.0  1.6811603343641037  25.0
54856.77309999995  0.0  1.6811603343641037  25.0
54861.759444999945  0.0  1.6811603343641037  25.0
54866.74578999994  0.0  1.6811603343641037  25.0
54871.73213499994  0.0  1.6811603343641037  25.0
54876.71847999994  0.0  1.6811603343641037  25.0
54881.704824999935  0.0  1.6811603343641037  25.0
54886.69116999993  0.0  1.6811603343641037  25.0
54891.67751499993  0.0  1.6811603343641037  25.0
54896.66385999993  0.0  1.6811603343641037  25.0
54901.650204999925  0.0  1.6811603343641037  25.0
54906.63654999992  0.0  1.6811603343641037  25.0
54911.62289499992  0.0  1.6811603343641037  25.0
54916.60923999992  0.0  1.6811603343641037  25.0
54921.595584999915  0.0  1.6811603343641037  25.0
54926.58192999991  0.0  1.6811603343641037  25.0
54931.56827499991  0.0  1.6811603343641037  25.0
54936.55461999991  0.0  1.6811603343641037  25.0
54941.540964999906  0.0  1.6811603343641037  25.0
54946.5273099999  0.0  1.6811603343641037  25.0
54951.5136549999  0.0  1.6811603343641037  25.0
54956.4999999999  0.0  1.6811603343641037  25.0
54961.486344999896  0.0  1.6811603343641037  25.0
54966.47268999989  0.0  1.6811603343641037  25.0
54971.45903499989  0.0  1.6811603343641037  25.0
54976.44537999989  0.0  1.6811603343641037  25.0
54981.431724999886  0.0  1.6811603343641037  25.0
54986.41806999988  0.0  1.6811603343641037  25.0
54991.40441499988  0.0  1.6811603343641037  25.0
54996.39075999988  0.0  1.6811603343641037  25.0
55001.377104999876  0.0  1.6811603343641037  25.0
55006.36344999987  0.0  1.6811603343641037  25.0
55011.34979499987  0.0  1.6811603343641037  25.0
55016.33613999987  0.0  1.6811603343641037  25.0
55021.322484999866  0.0  1.6811603343641037  25.0
55026.30882999986  0.0  1.6811603343641037  25.0
55031.29517499986  0.0  1.6811603343641037  25.0
55036.28151999986  0.0  1.6811603343641037  25.0
55041.267864999856  0.0  1.6811603343641037  25.0
55046.25420999985  0.0  1.6811603343641037  25.0
55051.24055499985  0.0  1.6811603343641037  25.0
55056.22689999985  0.0  1.6811603343641037  25.0
55061.213244999846  0.0  1.6811603343641037  25.0
55066.199589999844  0.0  1.6811603343641037  25.0
55071.18593499984  0.0  1.6811603343641037  25.0
55076.17227999984  0.0  1.6811603343641037  25.0
55081.158624999836  0.0  1.6811603343641037  25.0
55086.144969999834  0.0  1.6811603343641037  25.0
55091.13131499983  0.0  1.6811603343641037  25.0
55096.11765999983  0.0  1.6811603343641037  25.0
55101.10400499983  0.0  1.6811603343641037  25.0
55106.090349999824  0.0  1.6811603343641037  25.0
55111.07669499982  0.0  1.6811603343641037  25.0
55116.06303999982  0.0  1.6811603343641037  25.0
55121.04938499982  0.0  1.6811603343641037  25.0
55126.035729999814  0.0  1.6811603343641037  25.0
55131.02207499981  0.0  1.6811603343641037  25.0
55136.00841999981  0.0  1.6811603343641037  25.0
55140.99476499981  0.0  1.6811603343641037  25.0
55145.981109999804  0.0  1.6811603343641037  25.0
55150.9674549998  0.0  1.6811603343641037  25.0
55155.9537999998  0.0  1.6811603343641037  25.0
55160.9401449998  0.0  1.6811603343641037  25.0
55165.926489999794  0.0  1.6811603343641037  25.0
55170.91283499979  0.0  1.6811603343641037  25.0
55175.89917999979  0.0  1.6811603343641037  25.0
55180.88552499979  0.0  1.6811603343641037  25.0
55185.871869999784  0.0  1.6811603343641037  25.0
55190.85821499978  0.0  1.6811603343641037  25.0
55195.84455999978  0.0  1.6811603343641037  25.0
55200.83090499978  0.0  1.6811603343641037  25.0
55205.817249999775  0.0  1.6811603343641037  25.0
55210.80359499977  0.0  1.6811603343641037  25.0
55215.78993999977  0.0  1.6811603343641037  25.0
55220.77628499977  0.0  1.6811603343641037  25.0
55225.762629999765  0.0  1.6811603343641037  25.0
55230.74897499976  0.0  1.6811603343641037  25.0
55235.73531999976  0.0  1.6811603343641037  25.0
55240.72166499976  0.0  1.6811603343641037  25.0
55245.708009999755  0.0  1.6811603343641037  25.0
55250.69435499975  0.0  1.6811603343641037  25.0
55255.68069999975  0.0  1.6811603343641037  25.0
55260.66704499975  0.0  1.6811603343641037  25.0
55265.653389999745  0.0  1.6811603343641037  25.0
55270.63973499974  0.0  1.6811603343641037  25.0
55275.62607999974  0.0  1.6811603343641037  25.0
55280.61242499974  0.0  1.6811603343641037  25.0
55285.598769999735  0.0  1.6811603343641037  25.0
55290.58511499973  0.0  1.6811603343641037  25.0
55295.57145999973  0.0  1.6811603343641037  25.0
55300.55780499973  0.0  1.6811603343641037  25.0
55305.544149999725  0.0  1.6811603343641037  25.0
55310.53049499972  0.0  1.6811603343641037  25.0
55315.51683999972  0.0  1.6811603343641037  25.0
55320.50318499972  0.0  1.6811603343641037  25.0
55325.489529999715  0.0  1.6811603343641037  25.0
55330.47587499971  0.0  1.6811603343641037  25.0
55335.46221999971  0.0  1.6811603343641037  25.0
55340.44856499971  0.0  1.6811603343641037  25.0
55345.434909999705  0.0  1.6811603343641037  25.0
55350.4212549997  0.0  1.6811603343641037  25.0
55355.4075999997  0.0  1.6811603343641037  25.0
55360.3939449997  0.0  1.6811603343641037  25.0
55365.380289999695  0.0  1.6811603343641037  25.0
55370.36663499969  0.0  1.6811603343641037  25.0
55375.35297999969  0.0  1.6811603343641037  25.0
55380.33932499969  0.0  1.6811603343641037  25.0
55385.325669999685  0.0  1.6811603343641037  25.0
55390.31201499968  0.0  1.6811603343641037  25.0
55395.29835999968  0.0  1.6811603343641037  25.0
55400.28470499968  0.0  1.6811603343641037  25.0
55405.271049999676  0.0  1.6811603343641037  25.0
55410.25739499967  0.0  1.6811603343641037  25.0
55415.24373999967  0.0  1.6811603343641037  25.0
55420.23008499967  0.0  1.6811603343641037  25.0
55425.216429999666  0.0  1.6811603343641037  25.0
55430.20277499966  0.0  1.6811603343641037  25.0
55435.18911999966  0.0  1.6811603343641037  25.0
55440.17546499966  0.0  1.6811603343641037  25.0
55445.161809999656  0.0  1.6811603343641037  25.0
55450.14815499965  0.0  1.6811603343641037  25.0
55455.13449999965  0.0  1.6811603343641037  25.0
55460.12084499965  0.0  1.6811603343641037  25.0
55465.107189999646  0.0  1.6811603343641037  25.0
55470.09353499964  0.0  1.6811603343641037  25.0
55475.07987999964  0.0  1.6811603343641037  25.0
55480.06622499964  0.0  1.6811603343641037  25.0
55485.052569999636  0.0  1.6811603343641037  25.0
55490.03891499963  0.0  1.6811603343641037  25.0
55495.02525999963  0.0  1.6811603343641037  25.0
55500.01160499963  0.0  1.6811603343641037  25.0
55504.997949999626  0.0  1.6811603343641037  25.0
55509.984294999624  0.0  1.6811603343641037  25.0
55514.97063999962  0.0  1.6811603343641037  25.0
55519.95698499962  0.0  1.6811603343641037  25.0
55524.943329999616  0.0  1.6811603343641037  25.0
55529.929674999614  0.0  1.6811603343641037  25.0
55534.91601999961  0.0  1.6811603343641037  25.0
55539.90236499961  0.0  1.6811603343641037  25.0
55544.88870999961  0.0  1.6811603343641037  25.0
55549.875054999604  0.0  1.6811603343641037  25.0
55554.8613999996  0.0  1.6811603343641037  25.0
55559.8477449996  0.0  1.6811603343641037  25.0
55564.8340899996  0.0  1.6811603343641037  25.0
55569.820434999594  0.0  1.6811603343641037  25.0
55574.80677999959  0.0  1.6811603343641037  25.0
55579.79312499959  0.0  1.6811603343641037  25.0
55584.77946999959  0.0  1.6811603343641037  25.0
55589.765814999584  0.0  1.6811603343641037  25.0
55594.75215999958  0.0  1.6811603343641037  25.0
55599.73850499958  0.0  1.6811603343641037  25.0
55604.72484999958  0.0  1.6811603343641037  25.0
55609.711194999574  0.0  1.6811603343641037  25.0
55614.69753999957  0.0  1.6811603343641037  25.0
55619.68388499957  0.0  1.6811603343641037  25.0
55624.67022999957  0.0  1.6811603343641037  25.0
55629.656574999564  0.0  1.6811603343641037  25.0
55634.64291999956  0.0  1.6811603343641037  25.0
55639.62926499956  0.0  1.6811603343641037  25.0
55644.61560999956  0.0  1.6811603343641037  25.0
54956.5  -3.3235344360079715  1.9011123640598397  25.0
54957.6015625  -5.861623967492049  2.733886084125469  25.0
54995.3984375  1.6609326624253529  2.0050986259368724  25.0
54998.3984375  -2.6627945345833375  2.5906227075327792  25.0
55004.3984375  -10.720010993917153  6.562721073852711  25.0
55007.3984375  -2.9303701712213397  2.3585930329538987  25.0
55010.3984375  -0.10212059190473663  1.9080839746655458  25.0
55013.3984375  3.585709246968004  1.858300187282537  25.0
55016.30078125  -0.3333648271977347  2.3302153339595413  25.0
55034.3984375  0.9704402740294872  5.823721359821182  25.0
55094.19921875  -15.30758323677148  6.159050136398728  25.0
55103.19921875  -4.049965248584823  2.635104182755404  25.0
55295.6015625  2.3343394169580813  2.2741470958491936  25.0
55298.6015625  0.7019809186980878  1.4374455706679712  25.0
55304.6015625  -0.4143739348262951  1.576486725320648  25.0
55325.5  1.1140963936761248  2.0322980957693852  25.0
55328.6015625  -0.025530147976184157  2.0267993184379987  25.0
55331.5  -0.09131937950517915  1.794082109404639  25.0
55337.5  2.096221569534808  2.1263668932040165  25.0
55352.5  -0.9012143008156239  1.1299054721478887  25.0
55358.5  -2.2209265726340686  3.1331385217564933  25.0
55361.3984375  1.2808279001567358  1.9383274372762271  25.0
55364.3984375  1.3298262014318483  3.150322200917076  25.0
55367.30078125  0.8525106036529866  1.4427479764723834  25.0
55376.3984375  -1.7475387799708009  1.3106785260694407  25.0
55379.30078125  0.5488982166044699  1.3851087661462433  25.0
55406.3984375  -0.03662594400358563  1.6912742639775071  25.0
55409.30078125  2.801050015840062  2.1017203468661942  25.0
55412.3984375  0.5946561067524259  1.8393490707351599  25.0
55424.30078125  2.439209303884483  1.5462432627099667  25.0
55427.30078125  -0.20649962024672425  1.5479125611552884  25.0
55436.30078125  5.2115872039057685  2.290643427843353  25.0
55439.19921875  -0.38216668671285203  1.0637234917121938  25.0
55442.19921875  -0.1947164858320271  1.5052968495489878  25.0
55445.19921875  -2.5381878577136066  2.6292124750820127  25.0
55448.19921875  0.890118419923322  1.7452802733005288  25.0
55451.30078125  -3.1067245380318766  3.7642239815073397  25.0
55454.19921875  -0.2384123110697062  1.7602056330788953  25.0
55457.19921875  0.6771380944773199  2.267960971351384  25.0
55595.69921875  1.4692600991384732  1.1472856164794734  25.0
55673.6015625  20.77702376702746  1.169477190976021  25.0
55676.6015625  20.982934249282252  15.795699362177944  25.0
55694.5  9.934664977486957  9.515872402371661  25.0
55724.5  9.376045387034976  2.2568650904590823  25.0
55736.5  4.2387901906205085  1.0300432932693961  25.0
55739.5  4.415930230826998  2.999399679264201  25.0
55742.30078125  4.985939931707644  1.7100291026419385  25.0
55745.30078125  3.6586665601264587  1.494299294886215  25.0
55748.30078125  3.093468476698832  1.1953019664756874  25.0
55751.30078125  1.1109542619564836  2.0871879174298322  25.0
55754.30078125  3.397670165616327  1.3857961133126666  25.0
55760.30078125  2.4180978196083065  2.007455271548617  25.0
55763.30078125  1.1562211296429763  1.871458109674109  25.0
55766.30078125  1.9991087793220086  2.8134224521237376  25.0
55769.30078125  1.4477558718083487  1.0667674844903623  25.0
55775.30078125  1.819317676679355  0.9035708527833408  25.0
55778.30078125  1.221715856556276  2.219551878301222  25.0
55790.30078125  1.7496989604115436  1.009128274164222  25.0
55793.30078125  2.432532297391252  1.2070851008903845  25.0
55796.30078125  1.7931001581257406  1.3988558031187375  25.0
55799.19921875  -0.09122118788894036  1.4818287196610664  25.0
55802.19921875  -1.9071022106747035  1.7878959849068294  25.0
55805.19921875  -0.5215023752449829  1.5863060508215763  25.0
56046.6015625  0.26197860331010747  1.1756633154738307  25.0
56054.5  1.190294071139722  2.9936062978203393  25.0
56056.5  -1.2875050939380228  1.4093623821420609  25.0
56058.5  0.9037673179543431  3.021002232823854  25.0
56061.5  -0.2732707854963624  1.0767830878742366  25.0
56064.5  2.5134431724343114  2.9368508998316245  25.0
56067.5  0.06981514046955127  1.4431407195263317  25.0
56072.3984375  -1.3535888417882165  1.5807089472606608  25.0
56075.5  -1.6627000998121477  3.192839586293847  25.0
56085.3984375  -1.3205960841558702  1.4983251452992539  25.0
56090.30078125  -0.07001152370202884  1.3769587390906368  25.0
56093.30078125  1.416432318977296  1.6348132828132114  25.0
56137.30078125  -0.7978171535195137  1.4354817617542024  25.0
56141.30078125  2.148263863588089  2.320985029395507  25.0
56400.6015625  -1.617825881535575  2.545159468319312  25.0
56412.5  1.5427083879363772  2.453545455437899  25.0
56415.5  -1.9946900922109936  1.421440120669233  25.0
56421.5  -0.30537984784631844  1.0741319317940445  25.0
56429.3984375  -1.395909949282042  3.020413024598904  25.0
56437.5  -7.292097927554313  9.853066567989417  25.0
56442.5  -0.1840134533432049  1.3992485461726856  25.0
56453.5  -0.6622127815209674  1.0009782471086155  25.0
56459.30078125  -1.7759164789651583  1.0739355602670704  25.0
56461.5  2.4189816319457322  1.3534907028467436  25.0
56463.30078125  -0.6784146030466794  0.8980720754519544  25.0
56466.3984375  3.0654835207584226  4.652280640863476  25.0
56469.5  -2.2251487945740815  1.4957721281605347  25.0
56471.3984375  1.0584210859077816  3.2324113051219796  25.0
56474.3984375  0.2761183833365497  1.08689701748764  25.0
56477.30078125  1.28161347990866  0.8535906938733581  25.0
56480.3984375  -0.1491549906220522  1.0625451689063214  25.0
56482.30078125  4.338946973611476  1.5643107542079746  25.0
56485.30078125  2.9166230406048177  3.6491418387380055  25.0
56488.30078125  0.03328738515582855  0.8751931537889834  25.0
56490.30078125  -0.21219481592709874  1.2166098222788377  25.0
56492.3984375  -1.293298381737856  1.224563384163442  25.0
56498.3984375  -0.4290046904921865  1.6710464047507003  25.0
56506.30078125  -0.11842061089943925  1.4288045679729153  25.0
56511.30078125  -1.0015673616895377  1.4996998396321004  25.0
56517.30078125  1.213172992802693  1.247049562772465  25.0
56519.30078125  1.9436299367246674  1.3103840156009936  25.0
56525.30078125  -0.29467682706299975  1.0553770931296131  25.0
56541.30078125  -0.9379383983925619  2.5905245685913063  25.0
