53979.215392200575    12.316290608575649    1.9361907249948562    25    
53979.715392200575    14.35254808780881     1.9338014998985882    25    
53980.215392200575    16.512497780154735    1.942214518388871     25    
53980.715392200575    18.781416298459213    2.008962685944204     25    
53981.215392200575    21.162263794278648    2.116339982879842     25    
53981.715392200575    23.636585911535324    2.1796164374631712    25    
53982.215392200575    26.206985130363627    2.1878157324517256    25    
53982.715392200575    28.85943776202942     2.1846286556174617    25    
53983.215392200575    31.588058267825957    2.190036384435474     25    
53983.715392200575    34.388997626610895    2.1943080488333355    25    
53984.215392200575    37.24687968608187     2.1969416781641646    25    
53984.715392200575    40.164959691521304    2.198072100884358     25    
53985.215392200575    43.12484586454752     2.1984757804347885    25    
53985.715392200575    46.1287204361768      2.1975091338814563    25    
53986.215392200575    49.163290704943286    2.197758810253914     25    
53986.715392200575    52.22411924951766     2.180387926579708     25    
53987.215392200575    55.30396745206994     2.1813834095937166    25    
53987.715392200575    58.38668222091162     2.3001504050578707    25    
53988.215392200575    61.47812410741268     2.5079608829625424    25    
53988.715392200575    64.48065949111465     2.6432112942985437    25    
53989.215392200575    67.41035810963879     2.6819823970076277    25    
53989.715392200575    70.1787682394429      2.694959035927439     25    
53990.215392200575    72.72904966462946     2.7159907690371834    25    
53990.715392200575    75.05541182965203     2.7300309827297675    25    
53991.215392200575    77.04795002497313     2.732378193627783     25    
53991.715392200575    78.72129303974559     2.722231561700631     25    
53992.215392200575    80.13137815487244     2.7277289789354926    25    
53992.715392200575    81.2558429650854      2.757276584827184     25    
53993.215392200575    82.18365692687783     2.795928698411135     25    
53993.715392200575    82.97401036490035     2.8439984724953664    25    
53994.215392200575    83.63030441222615     2.891104587524801     25    
53994.715392200575    84.26219012684659     2.9059379001999264    25    
53995.215392200575    84.8557268324885      2.898235779367085     25    
53995.715392200575    85.3965602028394      2.8008962543566063    25    
53996.215392200575    85.90166226982734     2.5206145580471278    25    
53996.715392200575    86.3198023600049      2.2253656697654867    25    
53997.215392200575    86.61476730987292     2.166685885327061     25    
53997.715392200575    86.78706515587812     2.23719225461673      25    
53998.215392200575    86.77349938544378     2.2568868823155612    25    
53998.715392200575    86.57903260833578     2.2435902532045975    25    
53999.215392200575    86.22501598828248     2.228351264257448     25    
53999.715392200575    85.69869831463183     2.2091496915446514    25    
54000.215392200575    85.04282131142337     2.2002999351573167    25    
54000.715392200575    84.29280201126942     2.230217859315797     25    
54001.215392200575    83.44699496879296     2.278146314244487     25    
54001.715392200575    82.56467704335446     2.296372907343455     25    
54002.215392200575    81.63920934219973     2.295082680798867     25    
54002.715392200575    80.68083697222887     2.230591664432736     25    
54003.215392200575    79.69851678646914     2.0313411616214085    25    
54003.715392200575    78.67930763032693     1.8087741776085424    25    
54004.215392200575    77.61499534415817     1.7498871825891793    25    
54004.715392200575    76.50628370223876     1.7916803686681817    25    
54005.215392200575    75.33967521768099     1.8063879325280936    25    
54005.715392200575    74.11608600461261     1.8004550922007232    25    
54006.215392200575    72.83527964194813     1.787619040025143     25    
54006.715392200575    71.49464559078231     1.759145701775089     25    
54007.215392200575    70.09929246378043     1.7359398111098816    25    
54007.715392200575    68.65355970233948     1.7532214695133057    25    
54008.215392200575    67.15715722455771     1.793819553201648     25    
54008.715392200575    65.61698447414763     1.8131562261546976    25    
54009.215392200575    64.02785050315823     1.8165540632414465    25    
54009.715392200575    62.417800516669814    1.7868606419471016    25    
54010.215392200575    60.78579128597926     1.6883194750483346    25    
54010.715392200575    59.15455885835163     1.5737598006492899    25    
54011.215392200575    57.55707674842744     1.5334591304163963    25    
54011.715392200575    55.98817919923344     1.541981966109315     25    
54012.215392200575    54.4951312248581      1.5428397659516784    25    
54012.715392200575    53.07598900687158     1.537283915544166     25    
54013.215392200575    51.737171677847755    1.5225756401260115    25    
54013.715392200575    50.489793007101596    1.485581744909354     25    
54014.215392200575    49.31956223159345     1.4454919369932369    25    
54014.715392200575    48.21284104689234     1.4334648610279848    25    
54015.215392200575    47.1719698923516      1.4405569780651892    25    
54015.715392200575    46.177071089808486    1.4441426562445752    25    
54016.215392200575    45.229737231641984    1.4439044321266747    25    
54016.715392200575    44.32165089787554     1.4401705298591005    25    
54017.215392200575    43.44775917414947     1.4307664381167913    25    
54017.715392200575    42.60933444286619     1.4179274080392545    25    
54018.215392200575    41.80379291798408     1.4027755410905627    25    
54018.715392200575    41.03165037804697     1.3853410638073937    25    
54019.215392200575    40.2901148319697      1.3781504024335058    25    
54019.715392200575    39.58066456924184     1.3869968981467082    25    
54020.215392200575    38.896809583768075    1.3908332036189104    25    
54020.715392200575    38.23774348337787     1.369487702818733     25    
54021.215392200575    37.59903914593265     1.3446735778275472    25    
54021.715392200575    36.970228114224156    1.3528235186157453    25    
54022.215392200575    36.35348328889657     1.3853332855247829    25    
54022.715392200575    35.73558924672834     1.4060575310053394    25    
54023.215392200575    35.115554368457616    1.414033543651396     25    
54023.715392200575    34.49362616745405     1.4068496882523307    25    
54024.215392200575    33.86545603281014     1.3768891500099718    25    
54024.715392200575    33.23729030947199     1.3292643186069617    25    
54025.215392200575    32.61952325450101     1.2649135561897982    25    
54025.715392200575    32.009896507897075    1.1795370023269574    25    
54026.215392200575    31.421796008595763    1.129500286682059     25    
54026.715392200575    30.8570242259256      1.1438014001487415    25    
54027.215392200575    30.3140170197842      1.1599328520151937    25    
54027.715392200575    29.79753457853724     1.1287721489817741    25    
54028.215392200575    29.30007949399471     1.0832386425336984    25    
54028.715392200575    28.806358867072706    1.0682777271890667    25    
54029.215392200575    28.319806786923273    1.0782239833739695    25    
54029.715392200575    27.821549978477286    1.094423219763515     25    
54030.215392200575    27.30990340592449     1.12064494856752      25    
54030.715392200575    26.782273853311633    1.1380193985428622    25    
54031.215392200575    26.230884953202317    1.1294825203557717    25    
54031.715392200575    25.66234400171987     1.1025216478948885    25    
54032.215392200575    25.08760625029029     1.0524075144433769    25    
54032.715392200575    24.504113828209118    0.9723539462113777    25    
54033.215392200575    23.925679604878262    0.9162783081198085    25    
54033.715392200575    23.35310619237269     0.914998604333361     25    
54034.215392200575    22.79079037297781     0.9217731145670418    25    
54034.715392200575    22.245319138203627    0.896104837556186     25    
54035.215392200575    21.71387870197142     0.8601124841395522    25    
54035.715392200575    21.195729170417906    0.8481605807888142    25    
54036.215392200575    20.691129941490278    0.8582405637813841    25    
54036.715392200575    20.19816832788235     0.8772866649651037    25    
54037.215392200575    19.7164219549482      0.910975807288582     25    
54037.715392200575    19.246026374079168    0.9366588821798567    25    
54038.215392200575    18.786107263007008    0.9286229208163125    25    
54038.715392200575    18.33760880070752     0.9000954891392491    25    
54039.215392200575    17.903362573574178    0.8701471265998645    25    
54039.715392200575    17.48270837019166     0.8380788177242037    25    
54040.215392200575    17.078879507026468    0.788955789007155     25    
54040.715392200575    16.69241026729689     0.69838219249525      25    
54041.215392200575    16.323937909536888    0.602565463761422     25    
54041.715392200575    15.975305980707471    0.5710665747266546    25    
54042.215392200575    15.645556963005403    0.5824571909912849    25    
54042.715392200575    15.332950269910437    0.5811212401975354    25    
54043.215392200575    15.037921983607212    0.5698582237005786    25    
54043.715392200575    14.758295262740386    0.557494046700364     25    
54044.215392200575    14.493906686004587    0.5439644913936522    25    
54044.715392200575    14.243671029803897    0.5316128252304393    25    
54045.215392200575    14.006101838226204    0.5245555149860307    25    
54045.715392200575    13.781353766038858    0.5216676914148914    25    
54046.215392200575    13.56715488393014     0.5208713880582104    25    
54046.715392200575    13.363961631642015    0.5178183954184133    25    
54047.215392200575    13.16971326677452     0.539489880381768     25    
54047.715392200575    12.984142070271476    0.6060781380241901    25    
54048.215392200575    12.80628031625794     0.6735411262713076    25    
54048.715392200575    12.634542525585378    0.7003467570211104    25    
54049.215392200575    12.469150701802834    0.7093024715761107    25    
54049.715392200575    12.307810441241811    0.7468039468004426    25    