55185.83342038279    3.2026440142769466    0.5440052853840146     25    
55186.33342038279    3.743006362479077     0.543680632974463      25    
55186.83342038279    4.323424248452678     0.5455284241470106     25    
55187.33342038279    4.942806130184806     0.5604831505529111     25    
55187.83342038279    5.601478868294027     0.587867140658775      25    
55188.33342038279    6.298266783751493     0.6080331423747254     25    
55188.83342038279    7.033080822751799     0.613013619154343      25    
55189.33342038279    7.8054883051166914    0.6124395898382213     25    
55189.83342038279    8.614503060776821     0.6139367400845164     25    
55190.33342038279    9.460423637113822     0.6157209512383003     25    
55190.83342038279    10.342018531319889    0.6172153926633462     25    
55191.33342038279    11.259338650384471    0.6183821813309607     25    
55191.83342038279    12.211790118406782    0.6193284450183143     25    
55192.33342038279    13.198506293879463    0.6200819840612289     25    
55192.83342038279    14.219729097710385    0.6206650212752542     25    
55193.33342038279    15.274326189940345    0.6213720232019426     25    
55193.83342038279    16.364038279274986    0.620060002658934      25    
55194.33342038279    17.483824271562934    0.6227350574240056     25    
55194.83342038279    18.63690816652959     0.6378656669694589     25    
55195.33342038279    19.818047994407518    0.6604067835168259     25    
55195.83342038279    20.982654781022855    0.675897927345173      25    
55196.33342038279    22.143424035347252    0.6828893566107839     25    
55196.83342038279    23.25616590135217     0.6874605498289236     25    
55197.33342038279    24.291103380374665    0.6928222650996574     25    
55197.83342038279    25.252557088427075    0.6974129931369036     25    
55198.33342038279    26.08628682249301     0.7001659631441419     25    
55198.83342038279    26.790374250300385    0.7004123675352357     25    
55199.33342038279    27.385230787807444    0.7010737855547928     25    
55199.83342038279    27.868022717341454    0.7041006968765919     25    
55200.33342038279    28.25158187611685     0.708283527928704      25    
55200.83342038279    28.579217042804803    0.7132388859145324     25    
55201.33342038279    28.839615815684297    0.7196540781703257     25    
55201.83342038279    29.068779380346925    0.7236473310873832     25    
55202.33342038279    29.286079852296854    0.7283523738980247     25    
55202.83342038279    29.480854023326728    0.7261396624875393     25    
55203.33342038279    29.656904716771002    0.6940664165455632     25    
55203.83342038279    29.815743538483368    0.6261893670938813     25    
55204.33342038279    29.93742126081049     0.57192172550408       25    
55204.83342038279    30.02009398834218     0.5666671661085224     25    
55205.33342038279    30.05812506048111     0.5798409321329443     25    
55205.83342038279    30.03479866080553     0.5820434613395554     25    
55206.33342038279    29.953870839736283    0.5803541645419353     25    
55206.83342038279    29.822138461809793    0.578114689405028      25    
55207.33342038279    29.63519902145075     0.5748907951445587     25    
55207.83342038279    29.405444334048322    0.5722544744097097     25    
55208.33342038279    29.14641538346002     0.5733129743255431     25    
55208.83342038279    28.854338528013095    0.577007663700457      25    
55209.33342038279    28.54815854798575     0.578168893588855      25    
55209.83342038279    28.22941503320377     0.5745208392248559     25    
55210.33342038279    27.898106575887525    0.5712868456712795     25    
55210.83342038279    27.55863224773064     0.5737493173120324     25    
55211.33342038279    27.208863924925613    0.5794460934170158     25    
55211.83342038279    26.843556673667617    0.5831459564898597     25    
55212.33342038279    26.46364478775        0.5845872513034995     25    
55212.83342038279    26.065822553374158    0.5846477110025201     25    
55213.33342038279    25.646513453055768    0.5832996689725378     25    
55213.83342038279    25.20754541640726     0.5806405931100728     25    
55214.33342038279    24.75011751829042     0.5770168882837006     25    
55214.83342038279    24.27288282000958     0.571716875140437      25    
55215.33342038279    23.781338051854263    0.5676267816890783     25    
55215.83342038279    23.277472910882405    0.5675797221475309     25    
55216.33342038279    22.761860026120274    0.5692569337161605     25    
55216.83342038279    22.240309269158484    0.5703749931237275     25    
55217.33342038279    21.711130839645822    0.5739136694636929     25    
55217.83342038279    21.18014247974466     0.5638868233742886     25    
55218.33342038279    20.648512743756722    0.519949704273953      25    
55218.83342038279    20.117830998949223    0.4610150733904596     25    
55219.33342038279    19.59401489289689     0.43323058343711196    25    
55219.83342038279    19.075307781606266    0.4366582658006688     25    
55220.33342038279    18.567981334754908    0.4421072506474045     25    
55220.83342038279    18.073694873075087    0.4407662526959698     25    
55221.33342038279    17.592248411767812    0.4385216748262541     25    
55221.83342038279    17.126031980329948    0.43437856054028123    25    
55222.33342038279    16.674533891963534    0.4283519144112482     25    
55222.83342038279    16.235877780957683    0.4243909287962713     25    
55223.33342038279    15.810187011508686    0.42436111944770816    25    
55223.83342038279    15.396558772095222    0.4254192141470789     25    
55224.33342038279    14.993617109994792    0.42520792923462586    25    
55224.83342038279    14.601769242486588    0.4244396382260111     25    
55225.33342038279    14.220153791751649    0.4227105744361537     25    
55225.83342038279    13.848610627660085    0.42208271634844463    25    
55226.33342038279    13.487395554797404    0.4166095981678945     25    
55226.83342038279    13.136573300918009    0.39595947854840713    25    
55227.33342038279    12.796133089683082    0.3639870200712899     25    
55227.83342038279    12.466251871389042    0.3442514205480776     25    
55228.33342038279    12.147143055655613    0.34375604933311094    25    
55228.83342038279    11.838081591282517    0.34720947695509075    25    
55229.33342038279    11.5389526832034      0.3442535812733563     25    
55229.83342038279    11.249462399233934    0.3401200658380908     25    
55230.33342038279    10.967710082327873    0.3392582871114411     25    
55230.83342038279    10.694176399487779    0.3423338779304208     25    
55231.33342038279    10.427269663968955    0.3454104984003244     25    
55231.83342038279    10.166087928152338    0.34677543125050764    25    
55232.33342038279    9.910852017358351     0.34695246042799577    25    
55232.83342038279    9.660574627813158     0.3445819009030015     25    
55233.33342038279    9.415290577255615     0.3399441476015033     25    
55233.83342038279    9.175531766182566     0.3319001748985571     25    
55234.33342038279    8.941352821053774     0.3165310485916453     25    
55234.83342038279    8.712900707536413     0.2989295003308908     25    
55235.33342038279    8.49066620098681      0.29149943925093924    25    
55235.83342038279    8.27453791318914      0.2937862271205288     25    
55236.33342038279    8.064704570408361     0.29510117141288617    25    
55236.83342038279    7.861315750127583     0.2909163673082551     25    
55237.33342038279    7.664170497850157     0.2859206858760678     25    
55237.83342038279    7.473089758260363     0.2840327340234502     25    
55238.33342038279    7.288129310619513     0.28439526230907936    25    
55238.83342038279    7.109013159329656     0.2854056709408192     25    
55239.33342038279    6.935812584918836     0.2875025769596661     25    
55239.83342038279    6.768258341578072     0.28913920529821574    25    
55240.33342038279    6.606089233201899     0.2898235801130206     25    
55240.83342038279    6.449364649616121     0.28942138874039325    25    
55241.33342038279    6.297295938260633     0.27658404707358886    25    
55241.83342038279    6.150000234684508     0.2394436133992567     25    
55242.33342038279    6.0069864786789955    0.1968625993931783     25    
55242.83342038279    5.867686935773844     0.18249868517605128    25    
55243.33342038279    5.73229699645667      0.18801726427397356    25    
55243.83342038279    5.600575350580667     0.18967494502134807    25    
55244.33342038279    5.472282806746603     0.18577550911133764    25    
55244.83342038279    5.348244517134555     0.18231049865894902    25    
55245.33342038279    5.228839916054412     0.1817042755263988     25    
55245.83342038279    5.114087162689165     0.1827627889012164     25    
55246.33342038279    5.005039470655283     0.18470927504969867    25    
55246.83342038279    4.901597810831438     0.1882088126466748     25    
55247.33342038279    4.803899487535238     0.1903632693190569     25    
55247.83342038279    4.712439900619963     0.18892184481462615    25    
55248.33342038279    4.626623723051504     0.18554382559605417    25    
55248.83342038279    4.545269162884025     0.18260262294238744    25    
55249.33342038279    4.468746296721649     0.1806228048263383     25    
55249.83342038279    4.395707166066905     0.17447939380435537    25    
55250.33342038279    4.325788993748239     0.1573275172149412     25    
55250.83342038279    4.258822990281153     0.13511430495585172    25    
55251.33342038279    4.1937480623031345    0.12427597154197896    25    
55251.83342038279    4.130783930652394     0.12550134062258553    25    
55252.33342038279    4.06976180034844      0.12728666231195976    25    
55252.83342038279    4.010632011695423     0.12599626503854042    25    
55253.33342038279    3.953381817548697     0.12441833852576079    25    
55253.83342038279    3.897921022952293     0.1230010588645273     25    
55254.33342038279    3.8442766954370344    0.12161646715517162    25    
55254.83342038279    3.7923323486751173    0.12071078984684386    25    
55255.33342038279    3.7420953755470068    0.12046406392805777    25    
55255.83342038279    3.6935067482683577    0.1206324240552572     25    
55256.33342038279    3.646487799998356     0.12023176048568208    25    
55256.83342038279    3.601059676572529     0.11973724036246754    25    
55257.33342038279    3.5571039109108145    0.12442633638085401    25    
55257.83342038279    3.514637779093492     0.13658756007990625    25    
55258.33342038279    3.4735887444687923    0.1480209233856737     25    
55258.83342038279    3.4338909979509906    0.15198033399535305    25    
55259.33342038279    3.3955571044004693    0.1527169159183068     25    
55259.83342038279    3.358469275264762     0.15862621320266265    25    