55265.6007792232    0.9094478359350758    0.30442288487891084     25    
55266.1007792232    1.0695321561819022    0.2665163979919773      25    
55266.6007792232    1.2447182520785207    0.23862065725793496     25    
55267.1007792232    1.4364676355625972    0.3641176160189677      25    
55267.6007792232    1.6443531792833437    0.5899889622772313      25    
55268.1007792232    1.8692043198391075    0.7594982310842537      25    
55268.6007792232    2.1121509582568136    0.8223999647668488      25    
55269.1007792232    2.3726351015772305    0.8192284077718107      25    
55269.6007792232    2.651948662917895     0.8031605834570142      25    
55270.1007792232    2.950668858454488     0.8032342176962727      25    
55270.6007792232    3.268548977500331     0.8037645780216204      25    
55271.1007792232    3.6071039311781536    0.8041117147110126      25    
55271.6007792232    3.9661923905923935    0.8042626251864379      25    
55272.1007792232    4.346265861489411     0.8042390606582102      25    
55272.6007792232    4.748677242901343     0.8040408063525598      25    
55273.1007792232    5.1728926091072855    0.8036377764772825      25    
55273.6007792232    5.61995680798124      0.8031403966872354      25    
55274.1007792232    6.091280778326697     0.8044752117690562      25    
55274.6007792232    6.586467304460416     0.8079302218981909      25    
55275.1007792232    7.103982918071038     0.8023380381306398      25    
55275.6007792232    7.649193378722396     0.7753212092334887      25    
55276.1007792232    8.215531951954121     0.7367909078361244      25    
55276.6007792232    8.781492069105294     0.7126071921657473      25    
55277.1007792232    9.354968352964436     0.7111052156434373      25    
55277.6007792232    9.919747899547554     0.7179617810538995      25    
55278.1007792232    10.45115498087718     0.720848763682144       25    
55278.6007792232    10.959905020284912    0.7225025437696964      25    
55279.1007792232    11.424818443784078    0.7238103641438935      25    
55279.6007792232    11.82745735974973     0.724278493873134       25    
55280.1007792232    12.176819670454002    0.7241336556893662      25    
55280.6007792232    12.476856749623934    0.724311467626792       25    
55281.1007792232    12.723014533265918    0.725118337279962       25    
55281.6007792232    12.922819004387534    0.7262465133713164      25    
55282.1007792232    13.092640654673673    0.7276522368230922      25    
55282.6007792232    13.227198793775782    0.7296965587166634      25    
55283.1007792232    13.336284384476668    0.7314011166529919      25    
55283.6007792232    13.432802043513504    0.7360577959067723      25    
55284.1007792232    13.51243041472397     0.746429652716149       25    
55284.6007792232    13.575104078957365    0.7331796603046089      25    
55285.1007792232    13.623106843736538    0.6592682564846043      25    
55285.6007792232    13.654377473165528    0.53560525758213        25    
55286.1007792232    13.661796647160813    0.4376717681909601      25    
55286.6007792232    13.646340856717844    0.42316025907120985     25    
55287.1007792232    13.60570825121761     0.44503820557887286     25    
55287.6007792232    13.53386190831467     0.45118660244792075     25    
55288.1007792232    13.431011553292585    0.4502957030198158      25    
55288.6007792232    13.300714788656958    0.4489386813452668      25    
55289.1007792232    13.143670165813814    0.4473145785496444      25    
55289.6007792232    12.95921357086686     0.4452897988466102      25    
55290.1007792232    12.756227493419546    0.4440097499957808      25    
55290.6007792232    12.535454902953932    0.44442414153389737     25    
55291.1007792232    12.297859160829246    0.4455139846037706      25    
55291.6007792232    12.051964448404727    0.4459849966625419      25    
55292.1007792232    11.796323236613729    0.4488368900236152      25    
55292.6007792232    11.53320607664112     0.447081498518376       25    
55293.1007792232    11.266689577427774    0.4292708711457573      25    
55293.6007792232    10.99520101790407     0.39261544296406964     25    
55294.1007792232    10.720928344610593    0.35867712955807185     25    
55294.6007792232    10.44489926827796     0.34945067404411106     25    
55295.1007792232    10.166682481161455    0.35500602272554344     25    
55295.6007792232    9.888901605966787     0.35903632656933643     25    
55296.1007792232    9.611681504898314     0.3580423350211932      25    
55296.6007792232    9.335147972477714     0.35612162145255366     25    
55297.1007792232    9.060568560745631     0.35367088671685143     25    
55297.6007792232    8.787695263846551     0.3501302292697053      25    
55298.1007792232    8.516701740571412     0.3470195408369904      25    
55298.6007792232    8.24783781956627      0.3461819793575189      25    
55299.1007792232    7.980971130671824     0.3470899780371497      25    
55299.6007792232    7.716523017648842     0.3476528350911786      25    
55300.1007792232    7.4543442353792315    0.3506585915989865      25    
55300.6007792232    7.194715163837949     0.35229760604743054     25    
55301.1007792232    6.938846195468835     0.3384872411259159      25    
55301.6007792232    6.686214391622754     0.2955162618105428      25    
55302.1007792232    6.437898713501543     0.24047327123978893     25    
55302.6007792232    6.195414243639913     0.21140457703748933     25    
55303.1007792232    5.95804537788841      0.2139033213423457      25    
55303.6007792232    5.727346167347349     0.22311908579431347     25    
55304.1007792232    5.504346145157413     0.22366556202110344     25    
55304.6007792232    5.288542012069073     0.2232794551399613      25    
55305.1007792232    5.080923331451409     0.22200101867026506     25    
55305.6007792232    4.88172821216961      0.2188618690983612      25    
55306.1007792232    4.690770781142133     0.2152127173738751      25    
55306.6007792232    4.508209667814453     0.21376895830239745     25    
55307.1007792232    4.334009610379495     0.21503009473397905     25    
55307.6007792232    4.168219971756599     0.21687854356050146     25    
55308.1007792232    4.011053561104362     0.21771812674813046     25    
55308.6007792232    3.8625518329735224    0.21818822707662536     25    
55309.1007792232    3.721791560540724     0.21762407803801556     25    
55309.6007792232    3.5888117592047255    0.2175585297478067      25    
55310.1007792232    3.4633763677850267    0.21624862391750288     25    
55310.6007792232    3.343429353318362     0.20539985566751554     25    
55311.1007792232    3.2293659107087636    0.17455661030318262     25    
55311.6007792232    3.1203230187931905    0.13237606968185409     25    
55312.1007792232    3.0144622263204717    0.1061290419943196      25    
55312.6007792232    2.912269387249053     0.10659176412865208     25    
55313.1007792232    2.813325082500586     0.11349633342901556     25    
55313.6007792232    2.7169504730948595    0.11151279992318769     25    
55314.1007792232    2.6234230384312753    0.10732407091109673     25    
55314.6007792232    2.5336175931604483    0.10459298499503018     25    
55315.1007792232    2.447561294344827     0.10529258773128863     25    
55315.6007792232    2.365399068966003     0.10753574462742664     25    
55316.1007792232    2.288045953195649     0.10917651349156639     25    
55316.6007792232    2.215568669044726     0.1106531249235672      25    
55317.1007792232    2.1476509081443584    0.11130677535014794     25    
55317.6007792232    2.0843251711239827    0.10963357890603942     25    
55318.1007792232    2.0258486672381575    0.10552193855766605     25    
55318.6007792232    1.9706226150750523    0.10167743202529986     25    
55319.1007792232    1.9180749699730135    0.1001760345671341      25    
55319.6007792232    1.868418387476805     0.0999223002762371      25    
55320.1007792232    1.8198429957602946    0.09993605101319361     25    
55320.6007792232    1.7722183945317234    0.10057934846369836     25    
55321.1007792232    1.7255624626385526    0.10110321521830369     25    
55321.6007792232    1.6791349630086863    0.0997401300246218      25    
55322.1007792232    1.632798288414351     0.095966648406916       25    
55322.6007792232    1.587392344793348     0.09204715198310694     25    
55323.1007792232    1.543417670350206     0.09019917206440274     25    
55323.6007792232    1.5006028294989777    0.08971604800176573     25    
55324.1007792232    1.4599138512295637    0.08988094701357713     25    
55324.6007792232    1.4216743482376424    0.0908785357475628      25    
55325.1007792232    1.3857163711891118    0.09231134865018437     25    
55325.6007792232    1.352468507199016     0.09260373394131365     25    
55326.1007792232    1.3221458165481723    0.09205295659022192     25    
55326.6007792232    1.2942512023945776    0.0900942617079183      25    
55327.1007792232    1.268331223838716     0.08488257049221504     25    
55327.6007792232    1.2446244333292928    0.07498491212836177     25    
55328.1007792232    1.2225491605521246    0.06547188347576893     25    
55328.6007792232    1.201776612109424     0.06306217212413667     25    
55329.1007792232    1.1824641922925685    0.06543080042343724     25    
55329.6007792232    1.1640814314522032    0.06684870392755436     25    
55330.1007792232    1.1465585451795341    0.06544046833919469     25    
55330.6007792232    1.1299147116653865    0.06331378736900062     25    
55331.1007792232    1.113932363545513     0.061980264384927354    25    
55331.6007792232    1.0986824142645892    0.061413497261297745    25    
55332.1007792232    1.08403674097243      0.06131945890115483     25    
55332.6007792232    1.0698537281617913    0.06180465413841721     25    
55333.1007792232    1.056197737764872     0.06295246328148751     25    
55333.6007792232    1.042946866841137     0.06359416671754194     25    
55334.1007792232    1.0300311650768157    0.06287175357607165     25    
55334.6007792232    1.0174957202392223    0.06143418281463488     25    
55335.1007792232    1.0053441913573111    0.06032821178532351     25    
55335.6007792232    0.993570008535364     0.059404460300852134    25    
55336.1007792232    0.982186273121085     0.05904179025544621     25    
55336.6007792232    0.9712124945720101    0.06027616792841734     25    
55337.1007792232    0.9606449213307322    0.06326346604678909     25    
55337.6007792232    0.9504818951091053    0.0660693935355043      25    
55338.1007792232    0.9407334325319832    0.06743008890180958     25    
55338.6007792232    0.9313960235172167    0.06802145788170108     25    
55339.1007792232    0.9224200514601482    0.06809773060332172     25    
55339.6007792232    0.9138060619265411    0.0676110486476112      25    
55340.1007792232    0.9055429919825875    0.06666032148407085     25    
55340.6007792232    0.8975772387441124    0.06558752792732087     25    
55341.1007792232    0.8899262450644317    0.06427865421016699     25    
55341.6007792232    0.882556463494107     0.06292416689843172     25    
55342.1007792232    0.8754276913882372    0.06181964160086621     25    
55342.6007792232    0.8685602702334534    0.06088077546401357     25    
55343.1007792232    0.8619043537077273    0.0601414862720812      25    
55343.6007792232    0.8554414076381772    0.059902049579019186    25    
55344.1007792232    0.8491781356792614    0.05992376772108598     25    
55344.6007792232    0.8430578166083387    0.05907949515334868     25    
55345.1007792232    0.8370883857395873    0.05633987557245645     25    
55345.6007792232    0.8312498396475123    0.053198164618330525    25    
55346.1007792232    0.8254930447887685    0.051987259099139926    25    
55346.6007792232    0.8198386239381271    0.05231413527931634     25    
55347.1007792232    0.814245380383862     0.05456863818568107     25    
55347.6007792232    0.8086809546410119    0.05829640764239949     25    