#Date  :
#Mag  :
#Magerr  :
#end  :
@INSTRUMENT  SWOPE
@BAND  SWOPE_r
@MAGSYS AB
54742.856199999995  0.0  31.84442404712241  25.0
54747.84254499999  0.0  31.84442404712241  25.0
54752.82888999999  0.0  31.84442404712241  25.0
54757.81523499999  0.0  31.84442404712241  25.0
54762.801579999985  0.0  31.84442404712241  25.0
54767.78792499998  0.0  31.84442404712241  25.0
54772.77426999998  0.0  31.84442404712241  25.0
54777.76061499998  0.0  31.84442404712241  25.0
54782.746959999975  0.0  31.84442404712241  25.0
54787.73330499997  0.0  31.84442404712241  25.0
54792.71964999997  0.0  31.84442404712241  25.0
54797.70599499997  0.0  31.84442404712241  25.0
54802.692339999965  0.0  31.84442404712241  25.0
54807.67868499996  0.0  31.84442404712241  25.0
54812.66502999996  0.0  31.84442404712241  25.0
54817.65137499996  0.0  31.84442404712241  25.0
54822.637719999955  0.0  31.84442404712241  25.0
54827.62406499995  0.0  31.84442404712241  25.0
54832.61040999995  0.0  31.84442404712241  25.0
54837.59675499995  0.0  31.84442404712241  25.0
54842.583099999945  0.0  31.84442404712241  25.0
54847.56944499994  0.0  31.84442404712241  25.0
54852.55578999994  0.0  31.84442404712241  25.0
54857.54213499994  0.0  31.84442404712241  25.0
54862.528479999935  0.0  31.84442404712241  25.0
54867.51482499993  0.0  31.84442404712241  25.0
54872.50116999993  0.0  31.84442404712241  25.0
54877.48751499993  0.0  31.84442404712241  25.0
54882.473859999925  0.0  31.84442404712241  25.0
54887.46020499992  0.0  31.84442404712241  25.0
54892.44654999992  0.0  31.84442404712241  25.0
54897.43289499992  0.0  31.84442404712241  25.0
54902.419239999916  0.0  31.84442404712241  25.0
54907.40558499991  0.0  31.84442404712241  25.0
54912.39192999991  0.0  31.84442404712241  25.0
54917.37827499991  0.0  31.84442404712241  25.0
54922.364619999906  0.0  31.84442404712241  25.0
54942.31  7195.006444608842  33.13422916670483  25.0
54946.28  7831.251784001627  50.48994612851048  25.0
54947.27  7918.2860605753785  43.7580658683442  25.0
54956.28  7037.707086318785  25.927871081305913  25.0
54959.24  6634.851198443637  30.554618927539995  25.0
54963.25  6017.709064543845  33.255089246385126  25.0
54964.23  5979.036260772004  38.54827134066854  25.0
54966.22  5641.975387649788  25.982256845283413  25.0
54968.23  5437.8996291889625  30.050943896084046  25.0
54976.18  4444.584703606184  16.374455172916736  25.0
