#Date  :
#Flux  :
#Fluxerr  :
#ZP  :
#end  :
@INSTRUMENT  PS
@BAND  PS_g
@MAGSYS  AB
54962.0462  0.0  0.8934854059939229  25.0
54967.032544999995  0.0  0.8934854059939229  25.0
54972.01888999999  0.0  0.8934854059939229  25.0
54977.00523499999  0.0  0.8934854059939229  25.0
54981.99157999999  0.0  0.8934854059939229  25.0
54986.977924999985  0.0  0.8934854059939229  25.0
54991.96426999998  0.0  0.8934854059939229  25.0
54996.95061499998  0.0  0.8934854059939229  25.0
55001.93695999998  0.0  0.8934854059939229  25.0
55006.923304999975  0.0  0.8934854059939229  25.0
55011.90964999997  0.0  0.8934854059939229  25.0
55016.89599499997  0.0  0.8934854059939229  25.0
55021.88233999997  0.0  0.8934854059939229  25.0
55026.868684999965  0.0  0.8934854059939229  25.0
55031.85502999996  0.0  0.8934854059939229  25.0
55036.84137499996  0.0  0.8934854059939229  25.0
55041.82771999996  0.0  0.8934854059939229  25.0
55046.814064999955  0.0  0.8934854059939229  25.0
55051.80040999995  0.0  0.8934854059939229  25.0
55056.78675499995  0.0  0.8934854059939229  25.0
55061.77309999995  0.0  0.8934854059939229  25.0
55066.759444999945  0.0  0.8934854059939229  25.0
55071.74578999994  0.0  0.8934854059939229  25.0
55076.73213499994  0.0  0.8934854059939229  25.0
55081.71847999994  0.0  0.8934854059939229  25.0
55086.704824999935  0.0  0.8934854059939229  25.0
55091.69116999993  0.0  0.8934854059939229  25.0
55096.67751499993  0.0  0.8934854059939229  25.0
55101.66385999993  0.0  0.8934854059939229  25.0
55106.650204999925  0.0  0.8934854059939229  25.0
55111.63654999992  0.0  0.8934854059939229  25.0
55116.62289499992  0.0  0.8934854059939229  25.0
55121.60923999992  0.0  0.8934854059939229  25.0
55126.595584999915  0.0  0.8934854059939229  25.0
55131.58192999991  0.0  0.8934854059939229  25.0
55136.56827499991  0.0  0.8934854059939229  25.0
55141.55461999991  0.0  0.8934854059939229  25.0
55146.540964999906  0.0  0.8934854059939229  25.0
55151.5273099999  0.0  0.8934854059939229  25.0
55156.5136549999  0.0  0.8934854059939229  25.0
55161.4999999999  0.0  0.8934854059939229  25.0
55166.486344999896  0.0  0.8934854059939229  25.0
55171.47268999989  0.0  0.8934854059939229  25.0
55176.45903499989  0.0  0.8934854059939229  25.0
55181.44537999989  0.0  0.8934854059939229  25.0
55186.431724999886  0.0  0.8934854059939229  25.0
55191.41806999988  0.0  0.8934854059939229  25.0
55196.40441499988  0.0  0.8934854059939229  25.0
55201.39075999988  0.0  0.8934854059939229  25.0
55206.377104999876  0.0  0.8934854059939229  25.0
55211.36344999987  0.0  0.8934854059939229  25.0
55216.34979499987  0.0  0.8934854059939229  25.0
55221.33613999987  0.0  0.8934854059939229  25.0
55226.322484999866  0.0  0.8934854059939229  25.0
55231.30882999986  0.0  0.8934854059939229  25.0
55236.29517499986  0.0  0.8934854059939229  25.0
55241.28151999986  0.0  0.8934854059939229  25.0
55246.267864999856  0.0  0.8934854059939229  25.0
55251.25420999985  0.0  0.8934854059939229  25.0
55256.24055499985  0.0  0.8934854059939229  25.0
55261.22689999985  0.0  0.8934854059939229  25.0
55266.213244999846  0.0  0.8934854059939229  25.0
55271.199589999844  0.0  0.8934854059939229  25.0
55276.18593499984  0.0  0.8934854059939229  25.0
55281.17227999984  0.0  0.8934854059939229  25.0
55286.158624999836  0.0  0.8934854059939229  25.0
55291.144969999834  0.0  0.8934854059939229  25.0
55296.13131499983  0.0  0.8934854059939229  25.0
55301.11765999983  0.0  0.8934854059939229  25.0
55306.10400499983  0.0  0.8934854059939229  25.0
55311.090349999824  0.0  0.8934854059939229  25.0
55316.07669499982  0.0  0.8934854059939229  25.0
55321.06303999982  0.0  0.8934854059939229  25.0
55326.04938499982  0.0  0.8934854059939229  25.0
55331.035729999814  0.0  0.8934854059939229  25.0
55336.02207499981  0.0  0.8934854059939229  25.0
55341.00841999981  0.0  0.8934854059939229  25.0
55345.99476499981  0.0  0.8934854059939229  25.0
55350.981109999804  0.0  0.8934854059939229  25.0
55355.9674549998  0.0  0.8934854059939229  25.0
55360.9537999998  0.0  0.8934854059939229  25.0
55365.9401449998  0.0  0.8934854059939229  25.0
55370.926489999794  0.0  0.8934854059939229  25.0
55375.91283499979  0.0  0.8934854059939229  25.0
55380.89917999979  0.0  0.8934854059939229  25.0
55385.88552499979  0.0  0.8934854059939229  25.0
55390.871869999784  0.0  0.8934854059939229  25.0
55395.85821499978  0.0  0.8934854059939229  25.0
55400.84455999978  0.0  0.8934854059939229  25.0
55405.83090499978  0.0  0.8934854059939229  25.0
55410.817249999775  0.0  0.8934854059939229  25.0
55415.80359499977  0.0  0.8934854059939229  25.0
55420.78993999977  0.0  0.8934854059939229  25.0
55425.77628499977  0.0  0.8934854059939229  25.0
55430.762629999765  0.0  0.8934854059939229  25.0
55435.74897499976  0.0  0.8934854059939229  25.0
55440.73531999976  0.0  0.8934854059939229  25.0
55445.72166499976  0.0  0.8934854059939229  25.0
55450.708009999755  0.0  0.8934854059939229  25.0
55455.69435499975  0.0  0.8934854059939229  25.0
55460.68069999975  0.0  0.8934854059939229  25.0
55465.66704499975  0.0  0.8934854059939229  25.0
55470.653389999745  0.0  0.8934854059939229  25.0
55475.63973499974  0.0  0.8934854059939229  25.0
55480.62607999974  0.0  0.8934854059939229  25.0
55485.61242499974  0.0  0.8934854059939229  25.0
55490.598769999735  0.0  0.8934854059939229  25.0
55495.58511499973  0.0  0.8934854059939229  25.0
55500.57145999973  0.0  0.8934854059939229  25.0
55505.55780499973  0.0  0.8934854059939229  25.0
55510.544149999725  0.0  0.8934854059939229  25.0
55515.53049499972  0.0  0.8934854059939229  25.0
55520.51683999972  0.0  0.8934854059939229  25.0
55525.50318499972  0.0  0.8934854059939229  25.0
55530.489529999715  0.0  0.8934854059939229  25.0
55535.47587499971  0.0  0.8934854059939229  25.0
55540.46221999971  0.0  0.8934854059939229  25.0
55545.44856499971  0.0  0.8934854059939229  25.0
55550.434909999705  0.0  0.8934854059939229  25.0
55555.4212549997  0.0  0.8934854059939229  25.0
55560.4075999997  0.0  0.8934854059939229  25.0
55565.3939449997  0.0  0.8934854059939229  25.0
55570.380289999695  0.0  0.8934854059939229  25.0
55575.36663499969  0.0  0.8934854059939229  25.0
55580.35297999969  0.0  0.8934854059939229  25.0
55585.33932499969  0.0  0.8934854059939229  25.0
55590.325669999685  0.0  0.8934854059939229  25.0
55595.31201499968  0.0  0.8934854059939229  25.0
55600.29835999968  0.0  0.8934854059939229  25.0
55605.28470499968  0.0  0.8934854059939229  25.0
55610.271049999676  0.0  0.8934854059939229  25.0
55615.25739499967  0.0  0.8934854059939229  25.0
55620.24373999967  0.0  0.8934854059939229  25.0
55625.23008499967  0.0  0.8934854059939229  25.0
55630.216429999666  0.0  0.8934854059939229  25.0
55635.20277499966  0.0  0.8934854059939229  25.0
55640.18911999966  0.0  0.8934854059939229  25.0
55645.17546499966  0.0  0.8934854059939229  25.0
55650.161809999656  0.0  0.8934854059939229  25.0
55655.14815499965  0.0  0.8934854059939229  25.0
55660.13449999965  0.0  0.8934854059939229  25.0
55665.12084499965  0.0  0.8934854059939229  25.0
55670.107189999646  0.0  0.8934854059939229  25.0
55675.09353499964  0.0  0.8934854059939229  25.0
55680.07987999964  0.0  0.8934854059939229  25.0
55685.06622499964  0.0  0.8934854059939229  25.0
55690.052569999636  0.0  0.8934854059939229  25.0
55695.03891499963  0.0  0.8934854059939229  25.0
55700.02525999963  0.0  0.8934854059939229  25.0
55705.01160499963  0.0  0.8934854059939229  25.0
55709.997949999626  0.0  0.8934854059939229  25.0
55714.984294999624  0.0  0.8934854059939229  25.0
55719.97063999962  0.0  0.8934854059939229  25.0
55724.95698499962  0.0  0.8934854059939229  25.0
55729.943329999616  0.0  0.8934854059939229  25.0
55734.929674999614  0.0  0.8934854059939229  25.0
55739.91601999961  0.0  0.8934854059939229  25.0
55744.90236499961  0.0  0.8934854059939229  25.0
55749.88870999961  0.0  0.8934854059939229  25.0
55754.875054999604  0.0  0.8934854059939229  25.0
55759.8613999996  0.0  0.8934854059939229  25.0
55764.8477449996  0.0  0.8934854059939229  25.0
55769.8340899996  0.0  0.8934854059939229  25.0
55774.820434999594  0.0  0.8934854059939229  25.0
55779.80677999959  0.0  0.8934854059939229  25.0
55784.79312499959  0.0  0.8934854059939229  25.0
55789.77946999959  0.0  0.8934854059939229  25.0
55794.765814999584  0.0  0.8934854059939229  25.0
55799.75215999958  0.0  0.8934854059939229  25.0
55804.73850499958  0.0  0.8934854059939229  25.0
55809.72484999958  0.0  0.8934854059939229  25.0
55814.711194999574  0.0  0.8934854059939229  25.0
55819.69753999957  0.0  0.8934854059939229  25.0
55824.68388499957  0.0  0.8934854059939229  25.0
55829.67022999957  0.0  0.8934854059939229  25.0
55834.656574999564  0.0  0.8934854059939229  25.0
55839.64291999956  0.0  0.8934854059939229  25.0
55844.62926499956  0.0  0.8934854059939229  25.0
55849.61560999956  0.0  0.8934854059939229  25.0
55854.601954999554  0.0  0.8934854059939229  25.0
55859.58829999955  0.0  0.8934854059939229  25.0
55864.57464499955  0.0  0.8934854059939229  25.0
55869.56098999955  0.0  0.8934854059939229  25.0
55874.547334999545  0.0  0.8934854059939229  25.0
55879.53367999954  0.0  0.8934854059939229  25.0
55884.52002499954  0.0  0.8934854059939229  25.0
55889.50636999954  0.0  0.8934854059939229  25.0
55894.492714999535  0.0  0.8934854059939229  25.0
55899.47905999953  0.0  0.8934854059939229  25.0
55904.46540499953  0.0  0.8934854059939229  25.0
55909.45174999953  0.0  0.8934854059939229  25.0
55914.438094999525  0.0  0.8934854059939229  25.0
55919.42443999952  0.0  0.8934854059939229  25.0
55924.41078499952  0.0  0.8934854059939229  25.0
55929.39712999952  0.0  0.8934854059939229  25.0
55934.383474999515  0.0  0.8934854059939229  25.0
55939.36981999951  0.0  0.8934854059939229  25.0
55944.35616499951  0.0  0.8934854059939229  25.0
55949.34250999951  0.0  0.8934854059939229  25.0
55954.328854999505  0.0  0.8934854059939229  25.0
55959.3151999995  0.0  0.8934854059939229  25.0
55964.3015449995  0.0  0.8934854059939229  25.0
55969.2878899995  0.0  0.8934854059939229  25.0
55974.274234999495  0.0  0.8934854059939229  25.0
55979.26057999949  0.0  0.8934854059939229  25.0
55984.24692499949  0.0  0.8934854059939229  25.0
55989.23326999949  0.0  0.8934854059939229  25.0
55994.219614999485  0.0  0.8934854059939229  25.0
55999.20595999948  0.0  0.8934854059939229  25.0
56004.19230499948  0.0  0.8934854059939229  25.0
56009.17864999948  0.0  0.8934854059939229  25.0
56014.164994999475  0.0  0.8934854059939229  25.0
56019.15133999947  0.0  0.8934854059939229  25.0
56024.13768499947  0.0  0.8934854059939229  25.0
56029.12402999947  0.0  0.8934854059939229  25.0
56034.110374999465  0.0  0.8934854059939229  25.0
56039.09671999946  0.0  0.8934854059939229  25.0
56044.08306499946  0.0  0.8934854059939229  25.0
56049.06940999946  0.0  0.8934854059939229  25.0
56054.055754999456  0.0  0.8934854059939229  25.0
56059.04209999945  0.0  0.8934854059939229  25.0
56064.02844499945  0.0  0.8934854059939229  25.0
56069.01478999945  0.0  0.8934854059939229  25.0
56074.001134999446  0.0  0.8934854059939229  25.0
56078.98747999944  0.0  0.8934854059939229  25.0
56083.97382499944  0.0  0.8934854059939229  25.0
56088.96016999944  0.0  0.8934854059939229  25.0
56093.946514999436  0.0  0.8934854059939229  25.0
56098.93285999943  0.0  0.8934854059939229  25.0
56103.91920499943  0.0  0.8934854059939229  25.0
56108.90554999943  0.0  0.8934854059939229  25.0
56113.891894999426  0.0  0.8934854059939229  25.0
56118.87823999942  0.0  0.8934854059939229  25.0
56123.86458499942  0.0  0.8934854059939229  25.0
56128.85092999942  0.0  0.8934854059939229  25.0
56133.837274999416  0.0  0.8934854059939229  25.0
56138.82361999941  0.0  0.8934854059939229  25.0
56143.80996499941  0.0  0.8934854059939229  25.0
56148.79630999941  0.0  0.8934854059939229  25.0
56153.782654999406  0.0  0.8934854059939229  25.0
56158.7689999994  0.0  0.8934854059939229  25.0
56163.7553449994  0.0  0.8934854059939229  25.0
56168.7416899994  0.0  0.8934854059939229  25.0
56173.728034999396  0.0  0.8934854059939229  25.0
56178.714379999394  0.0  0.8934854059939229  25.0
56183.70072499939  0.0  0.8934854059939229  25.0
56188.68706999939  0.0  0.8934854059939229  25.0
56193.673414999386  0.0  0.8934854059939229  25.0
56198.659759999384  0.0  0.8934854059939229  25.0
56203.64610499938  0.0  0.8934854059939229  25.0
56208.63244999938  0.0  0.8934854059939229  25.0
56213.61879499938  0.0  0.8934854059939229  25.0
56218.605139999374  0.0  0.8934854059939229  25.0
56223.59148499937  0.0  0.8934854059939229  25.0
56228.57782999937  0.0  0.8934854059939229  25.0
56233.56417499937  0.0  0.8934854059939229  25.0
56238.550519999364  0.0  0.8934854059939229  25.0
56243.53686499936  0.0  0.8934854059939229  25.0
56248.52320999936  0.0  0.8934854059939229  25.0
56253.50955499936  0.0  0.8934854059939229  25.0
56258.495899999354  0.0  0.8934854059939229  25.0
56263.48224499935  0.0  0.8934854059939229  25.0
56268.46858999935  0.0  0.8934854059939229  25.0
56273.45493499935  0.0  0.8934854059939229  25.0
56278.441279999344  0.0  0.8934854059939229  25.0
56283.42762499934  0.0  0.8934854059939229  25.0
56288.41396999934  0.0  0.8934854059939229  25.0
56293.40031499934  0.0  0.8934854059939229  25.0
55161.5  -0.1060804564088721  1.5809087864819475  25.0
55173.5  -1.2937616163899845  0.881737587387547  25.0
55179.5  -0.4637145738952901  0.5759939038691674  25.0
55182.5  -0.24625463995350688  0.6672770503408076  25.0
55188.6015625  0.21126107229551122  0.592490860922773  25.0
55191.5  -0.36223325867580913  0.6594785278313211  25.0
55203.3984375  0.3876285989423857  0.529002534093798  25.0
55212.3984375  0.44331833174947466  0.4978083010310527  25.0
55215.3984375  0.19876338658727455  0.4290209530780388  25.0
55221.3984375  1.0486068133024955  1.4919251450519702  25.0
55230.5  -2.802783755201848  1.6000052669303597  25.0
55233.3984375  0.41172415367409254  0.5755939588565306  25.0
55236.30078125  -0.9527245137227308  0.9076327993262534  25.0
55239.3984375  0.19856341408095618  0.47541242917191945  25.0
55242.30078125  -0.08668402911971561  0.5141053094158065  25.0
55248.3984375  0.08078512027355457  0.8102507417053005  25.0
55275.3984375  -1.7876705846538945  0.8749388558972528  25.0
55479.6015625  -0.5140052874064476  1.5774094464023747  25.0
55482.6015625  1.1326913786210708  0.6651774462930639  25.0
55485.6015625  -0.33143894678823405  0.5612965801850948  25.0
55503.6015625  0.20376247278930246  0.5241034579823958  25.0
55509.6015625  -0.6976714887281454  0.6575788724524292  25.0
55515.6015625  -0.6182860985270534  0.6003894054416186  25.0
55518.6015625  -0.38402926069092025  0.6134869967500771  25.0
55530.6015625  -0.5029073734862398  1.4697292218616886  25.0
55545.5  -0.7806561933432363  0.7632593719299312  25.0
55548.6015625  -0.002899465766025887  0.6029889288364251  25.0
55560.3984375  1.109295668067812  0.8999342511511927  25.0
55563.6015625  -1.4808271834568294  1.4023416576154368  25.0
55566.6015625  -0.06568789925177813  0.9669218227098748  25.0
55584.5  -0.9483252616085254  1.1294919138698425  25.0
55587.6015625  0.802452171520881  1.2549688094866045  25.0
55590.5  0.3591338397714064  0.3654326757521043  25.0
55593.6015625  -0.6046885878715321  0.5985897243971526  25.0
55596.30078125  -0.08868366479240009  0.9918172913043216  25.0
55602.30078125  0.3582339992491734  1.0519062047132166  25.0
55632.30078125  0.7721577551429022  0.9858183544894351  25.0
55650.30078125  -0.989617665247219  0.6928723392762361  25.0
55653.30078125  0.6673770723501666  0.6622779998949795  25.0
55665.30078125  0.2197595104958454  1.9688372369152116  25.0
55892.5  0.587391788467586  1.5140210462328927  25.0
55895.6015625  1.2991607071983153  0.6439813617969079  25.0
55911.6015625  0.5814928736620583  1.4102401544593495  25.0
55947.3984375  -0.18866523984879277  0.6598784251690248  25.0
55952.6015625  0.037893020015446637  0.6095877116578674  25.0
55970.3984375  -0.0030994289608339224  1.1858815385303125  25.0
55978.30078125  0.8032520615461545  1.190580665972863  25.0
55984.30078125  -0.8371457923381324  0.8049516729063286  25.0
56000.3984375  0.11937800830491581  0.4785118242388557  25.0
56006.30078125  -0.8072513209727903  1.0943983957148875  25.0
56238.6015625  -3.186812968217835  1.2035782829468955  25.0
56243.6015625  -1.7329807620533304  1.6054041670389587  25.0
56268.6015625  1.1048964159536065  1.4558317882028895  25.0
56271.6015625  0.03579340702865289  0.7343646915837816  25.0
56273.6015625  -1.3643486453874645  1.121693343685423  25.0
56282.6015625  -0.3073433682190607  0.7572604827899776  25.0
56295.5  4.64604426519067  2.84177651077408  25.0
56303.5  -0.07658588834060046  1.1494882110030213  25.0
56309.6015625  4.399389418012396  0.6554792684046853  25.0
56325.5  17.935495904074163  1.5070223660737465  25.0
56328.3984375  19.187465578877855  1.0841003241450202  25.0
56331.5  16.323692616833014  0.887036560836653  25.0
56333.3984375  14.160991367410263  0.9815192197344544  25.0
56354.3984375  2.663309403916928  0.7317651681889751  25.0
56357.30078125  1.7015864372969343  0.8226484173229116  25.0
56360.30078125  2.009429772537991  0.8598416348754765  25.0
56384.30078125  -1.047806923277222  1.3098586761058864  25.0
56387.30078125  -0.558997027468499  0.9685216027604219  25.0
56395.30078125  0.9798195130244144  0.9049332539220879  25.0
56398.30078125  11.296019285451507  7.061698792535466  25.0
56421.30078125  -0.7914541842601662  1.218375533290461  25.0
56622.6015625  2.8244796636952003  1.5410161188750833  25.0
56630.6015625  1.0434077665128825  0.5010077181073479  25.0
56633.6015625  1.2482700046558033  1.3872444365936605  25.0
56663.5  -1.3236561831051925  0.8397453157329389  25.0
56666.6015625  0.42352198328514784  1.1186939229529127  25.0
56682.3984375  0.29494566876398326  0.9283289644753466  25.0
56709.30078125  -1.8876521656696537  1.587307620634538  25.0
