54367.485033386336    20.590868081506027    5.578732446015623     25    
54367.985033386336    24.53165459845789     5.383261486809775     25    
54368.485033386336    28.81349523004139     5.4817488698694765    25    
54368.985033386336    33.43491307543612     6.813390505171785     25    
54369.485033386336    38.39589544089701     8.404961138728472     25    
54369.985033386336    43.69447577138905     8.99688317381322      25    
54370.485033386336    49.33093706792344     8.920419052383787     25    
54370.985033386336    55.30321104016724     8.860582706892131     25    
54371.485033386336    61.61148846497128     8.876917890819346     25    
54371.985033386336    68.25398723562131     8.889764455167587     25    
54372.485033386336    75.23041798589095     8.898590815233261     25    
54372.985033386336    82.5396507861544      8.904200844236678     25    
54373.485033386336    90.18059398453305     8.906270481738455     25    
54373.985033386336    98.15292469262201     8.906393014413428     25    
54374.485033386336    106.46294478737921    8.936830610400813     25    
54374.985033386336    115.10423672638012    8.973545694183636     25    
54375.485033386336    124.04776062770893    8.774478797221176     25    
54375.985033386336    133.34281216954827    8.27896384774946      25    
54376.485033386336    142.55518172297167    7.954580890589431     25    
54376.985033386336    151.72540057791767    7.994108584227432     25    
54377.485033386336    160.4119640234724     8.104628836094188     25    
54377.985033386336    168.4153927171214     8.15204338937645      25    
54378.485033386336    175.58038380686148    8.190802850799384     25    
54378.985033386336    181.44896119926358    8.206227423646506     25    
54379.485033386336    186.18070985444913    8.208149821220436     25    
54379.985033386336    189.85882639651385    8.225871227087262     25    
54380.485033386336    192.46838115866825    8.255441100370831     25    
54380.985033386336    194.42537085437334    8.2917918163097       25    
54381.485033386336    195.69758627805783    8.341299258998047     25    
54381.985033386336    196.5960919823265     8.370715656388665     25    
54382.485033386336    197.25484350979897    8.461952677045248     25    
54382.985033386336    197.62424299608207    8.351861301881096     25    
54383.485033386336    197.76353048642878    7.562674006419993     25    
54383.985033386336    197.60237705243762    6.432845515725475     25    
54384.485033386336    197.0271837207166     6.025388226911921     25    
54384.985033386336    196.05034717841835    6.183462128417968     25    
54385.485033386336    194.54216363056733    6.241138186447404     25    
54385.985033386336    192.5000822779714     6.219039673374718     25    
54386.485033386336    190.0007076895445     6.191082915925732     25    
54386.985033386336    187.01619296618546    6.154323136350561     25    
54387.485033386336    183.6924839347374     6.130471922698304     25    
54387.985033386336    180.081601175312      6.147405765267515     25    
54388.485033386336    176.24346391000665    6.168671714097682     25    
54388.985033386336    172.30861844963488    6.203910921016795     25    
54389.485033386336    168.25277793562412    6.189686467081998     25    
54389.985033386336    164.14229419765       5.768353987305396     25    
54390.485033386336    159.96796485069746    4.88945002286477      25    
54390.985033386336    155.72325490761327    4.3168774629408775    25    
54391.485033386336    151.40834427744878    4.332513988800101     25    
54391.985033386336    147.02147123816613    4.408759440156751     25    
54392.485033386336    142.55697383836323    4.380061050929255     25    
54392.985033386336    138.0295629056807     4.339623672165809     25    
54393.485033386336    133.4444868630414     4.277339513608916     25    
54393.985033386336    128.81208463835756    4.211664494297275     25    
54394.485033386336    124.15921013573367    4.190057126933783     25    
54394.985033386336    119.48374584983611    4.198021254660411     25    
54395.485033386336    114.81815210934101    4.204617583554289     25    
54395.985033386336    110.15642975405409    4.229174230442468     25    
54396.485033386336    105.5444873504001     4.061432513623994     25    
54396.985033386336    100.97848022632186    3.5137882183502493    25    
54397.485033386336    96.50357937370065     2.971381118287057     25    
54397.985033386336    92.13592519788943     2.8674296496889426    25    
54398.485033386336    87.897173466847       2.931237767298983     25    
54398.985033386336    83.83190174742407     2.915994792908005     25    
54399.485033386336    79.9304119329321      2.8946425289156705    25    
54399.985033386336    76.21198530410406     2.851812263358099     25    
54400.485033386336    72.67363132395917     2.7894415931203835    25    
54400.985033386336    69.29283057581578     2.751373906315306     25    
54401.485033386336    66.07198690665868     2.745505170904848     25    
54401.985033386336    62.992004104256736    2.7426177193839627    25    
54402.485033386336    60.04793399142405     2.737358261733539     25    
54402.985033386336    57.235866582469335    2.7244747054886265    25    
54403.485033386336    54.54819415181316     2.724984638784853     25    
54403.985033386336    51.98829042005949     2.6812122082699066    25    
54404.485033386336    49.55696634602128     2.4045716247889097    25    
54404.985033386336    47.254204611198006    1.9041107517639646    25    
54405.485033386336    45.08206239852426     1.615953467068113     25    
54405.985033386336    43.041103281234406    1.6503829965903707    25    
54406.485033386336    41.12352100583394     1.6808758193744582    25    
54406.985033386336    39.33209326207873     1.645596345603704     25    
54407.485033386336    37.65122064241745     1.6207223363302392    25    
54407.985033386336    36.07647167659959     1.6318583676031475    25    
54408.485033386336    34.6000533162433      1.652005027650092     25    
54408.985033386336    33.20946682897917     1.6601046763193616    25    
54409.485033386336    31.904696894824628    1.6597432172690512    25    
54409.985033386336    30.67127103860748     1.6358163109206956    25    
54410.485033386336    29.511220185481562    1.5899574190026333    25    
54410.985033386336    28.413623237164078    1.5430461985948556    25    
54411.485033386336    27.379707818410566    1.4919482278597138    25    
54411.985033386336    26.39975753663827     1.4601835972707895    25    
54412.485033386336    25.472204005244393    1.4698511481371925    25    
54412.985033386336    24.592538774765277    1.4798179890481418    25    
54413.485033386336    23.756126064090104    1.4521909878733745    25    
54413.985033386336    22.963064256641474    1.4141575313342711    25    
54414.485033386336    22.209859220764027    1.3989641421655363    25    
54414.985033386336    21.49679687146568     1.3981745093113185    25    
54415.485033386336    20.819897617095194    1.4042878638131209    25    
54415.985033386336    20.17967645194809     1.4191895511143224    25    
54416.485033386336    19.572987534660538    1.4236166656344404    25    
54416.985033386336    18.999684228855987    1.4275154260563232    25    
54417.485033386336    18.45840955596264     1.37835172918972      25    
54417.985033386336    17.948658182549668    1.1882023438417388    25    
54418.485033386336    17.46963802863579     0.9502799234225598    25    
54418.985033386336    17.020278502590624    0.8825815895778671    25    
54419.485033386336    16.60026747487432     0.9176941133228567    25    
54419.985033386336    16.20754193995245     0.9106782750857936    25    
54420.485033386336    15.84233935103194     0.8848147517471399    25    
54420.985033386336    15.501189958243039    0.8766356303639907    25    
54421.485033386336    15.184521903617995    0.8895008874867983    25    
54421.985033386336    14.889118258333042    0.9086644316642475    25    
54422.485033386336    14.614798239383017    0.9369652910350558    25    
54422.985033386336    14.359177534944708    0.9556304678276434    25    
54423.485033386336    14.12075714513227     0.9443265246827623    25    
54423.985033386336    13.898435225909434    0.9190289850156618    25    
54424.485033386336    13.689015585970385    0.8968438839205196    25    
54424.985033386336    13.49266638694772     0.8742047940719772    25    
54425.485033386336    13.305243335375975    0.8564393930765365    25    
54425.985033386336    13.127266000147255    0.843338925336154     25    
54426.485033386336    12.955763789838219    0.8364287859894726    25    
54426.985033386336    12.790293005246665    0.8387078868662271    25    
54427.485033386336    12.630981569475354    0.8390217101317263    25    
54427.985033386336    12.477636981830798    0.830228317063042     25    
54428.485033386336    12.330354798776602    0.8187318808199076    25    
54428.985033386336    12.189136682582314    0.8083363656396707    25    
54429.485033386336    12.053982860874138    0.7987386233936489    25    
54429.985033386336    11.924895776831082    0.7937518052760663    25    
54430.485033386336    11.801875120553717    0.7927279745336274    25    
54430.985033386336    11.68492361835197     0.7926229157011991    25    
54431.485033386336    11.574040931590183    0.7922940179861305    25    
54431.985033386336    11.469229560919787    0.7992750070592414    25    
54432.485033386336    11.37048964775838     0.8165878729135572    25    
54432.985033386336    11.277822962488564    0.8389731799362865    25    
54433.485033386336    11.191230622833146    0.849333540958021     25    
54433.985033386336    11.110713341784074    0.8792603391209052    25    
54434.485033386336    11.036273210589322    0.9572396312374474    25    