#Date  :
#Flux  :
#Fluxerr  :
#ZP  :
#end  :
@INSTRUMENT  PS
@BAND  PS_i
@MAGSYS  AB
54888.1477625  0.0  1.673431669501057  25.0
54893.134107499995  0.0  1.673431669501057  25.0
54898.12045249999  0.0  1.673431669501057  25.0
54903.10679749999  0.0  1.673431669501057  25.0
54908.09314249999  0.0  1.673431669501057  25.0
54913.079487499985  0.0  1.673431669501057  25.0
54918.06583249998  0.0  1.673431669501057  25.0
54923.05217749998  0.0  1.673431669501057  25.0
54928.03852249998  0.0  1.673431669501057  25.0
54933.024867499975  0.0  1.673431669501057  25.0
54938.01121249997  0.0  1.673431669501057  25.0
54942.99755749997  0.0  1.673431669501057  25.0
54947.98390249997  0.0  1.673431669501057  25.0
54952.970247499965  0.0  1.673431669501057  25.0
54957.95659249996  0.0  1.673431669501057  25.0
54962.94293749996  0.0  1.673431669501057  25.0
54967.92928249996  0.0  1.673431669501057  25.0
54972.915627499955  0.0  1.673431669501057  25.0
54977.90197249995  0.0  1.673431669501057  25.0
54982.88831749995  0.0  1.673431669501057  25.0
54987.87466249995  0.0  1.673431669501057  25.0
54992.861007499945  0.0  1.673431669501057  25.0
54997.84735249994  0.0  1.673431669501057  25.0
55002.83369749994  0.0  1.673431669501057  25.0
55007.82004249994  0.0  1.673431669501057  25.0
55012.806387499935  0.0  1.673431669501057  25.0
55017.79273249993  0.0  1.673431669501057  25.0
55022.77907749993  0.0  1.673431669501057  25.0
55027.76542249993  0.0  1.673431669501057  25.0
55032.751767499925  0.0  1.673431669501057  25.0
55037.73811249992  0.0  1.673431669501057  25.0
55042.72445749992  0.0  1.673431669501057  25.0
55047.71080249992  0.0  1.673431669501057  25.0
55052.697147499915  0.0  1.673431669501057  25.0
55057.68349249991  0.0  1.673431669501057  25.0
55062.66983749991  0.0  1.673431669501057  25.0
55067.65618249991  0.0  1.673431669501057  25.0
55072.642527499906  0.0  1.673431669501057  25.0
55077.6288724999  0.0  1.673431669501057  25.0
55082.6152174999  0.0  1.673431669501057  25.0
55087.6015624999  0.0  1.673431669501057  25.0
55092.587907499896  0.0  1.673431669501057  25.0
55097.57425249989  0.0  1.673431669501057  25.0
55102.56059749989  0.0  1.673431669501057  25.0
55107.54694249989  0.0  1.673431669501057  25.0
55112.533287499886  0.0  1.673431669501057  25.0
55117.51963249988  0.0  1.673431669501057  25.0
55122.50597749988  0.0  1.673431669501057  25.0
55127.49232249988  0.0  1.673431669501057  25.0
55132.478667499876  0.0  1.673431669501057  25.0
55137.46501249987  0.0  1.673431669501057  25.0
55142.45135749987  0.0  1.673431669501057  25.0
55147.43770249987  0.0  1.673431669501057  25.0
55152.424047499866  0.0  1.673431669501057  25.0
55157.41039249986  0.0  1.673431669501057  25.0
55162.39673749986  0.0  1.673431669501057  25.0
55167.38308249986  0.0  1.673431669501057  25.0
55172.369427499856  0.0  1.673431669501057  25.0
55177.35577249985  0.0  1.673431669501057  25.0
55182.34211749985  0.0  1.673431669501057  25.0
55187.32846249985  0.0  1.673431669501057  25.0
55192.314807499846  0.0  1.673431669501057  25.0
55197.301152499844  0.0  1.673431669501057  25.0
55202.28749749984  0.0  1.673431669501057  25.0
55207.27384249984  0.0  1.673431669501057  25.0
55212.260187499836  0.0  1.673431669501057  25.0
55217.246532499834  0.0  1.673431669501057  25.0
55222.23287749983  0.0  1.673431669501057  25.0
55227.21922249983  0.0  1.673431669501057  25.0
55232.20556749983  0.0  1.673431669501057  25.0
55237.191912499824  0.0  1.673431669501057  25.0
55242.17825749982  0.0  1.673431669501057  25.0
55247.16460249982  0.0  1.673431669501057  25.0
55252.15094749982  0.0  1.673431669501057  25.0
55257.137292499814  0.0  1.673431669501057  25.0
55262.12363749981  0.0  1.673431669501057  25.0
55267.10998249981  0.0  1.673431669501057  25.0
55272.09632749981  0.0  1.673431669501057  25.0
55277.082672499804  0.0  1.673431669501057  25.0
55282.0690174998  0.0  1.673431669501057  25.0
55287.0553624998  0.0  1.673431669501057  25.0
55292.0417074998  0.0  1.673431669501057  25.0
55297.028052499794  0.0  1.673431669501057  25.0
55302.01439749979  0.0  1.673431669501057  25.0
55307.00074249979  0.0  1.673431669501057  25.0
55311.98708749979  0.0  1.673431669501057  25.0
55316.973432499784  0.0  1.673431669501057  25.0
55321.95977749978  0.0  1.673431669501057  25.0
55326.94612249978  0.0  1.673431669501057  25.0
55331.93246749978  0.0  1.673431669501057  25.0
55336.918812499775  0.0  1.673431669501057  25.0
55341.90515749977  0.0  1.673431669501057  25.0
55346.89150249977  0.0  1.673431669501057  25.0
55351.87784749977  0.0  1.673431669501057  25.0
55356.864192499765  0.0  1.673431669501057  25.0
55361.85053749976  0.0  1.673431669501057  25.0
55366.83688249976  0.0  1.673431669501057  25.0
55371.82322749976  0.0  1.673431669501057  25.0
55376.809572499755  0.0  1.673431669501057  25.0
55381.79591749975  0.0  1.673431669501057  25.0
55386.78226249975  0.0  1.673431669501057  25.0
55391.76860749975  0.0  1.673431669501057  25.0
55396.754952499745  0.0  1.673431669501057  25.0
55401.74129749974  0.0  1.673431669501057  25.0
55406.72764249974  0.0  1.673431669501057  25.0
55411.71398749974  0.0  1.673431669501057  25.0
55416.700332499735  0.0  1.673431669501057  25.0
55421.68667749973  0.0  1.673431669501057  25.0
55426.67302249973  0.0  1.673431669501057  25.0
55431.65936749973  0.0  1.673431669501057  25.0
55436.645712499725  0.0  1.673431669501057  25.0
55441.63205749972  0.0  1.673431669501057  25.0
55446.61840249972  0.0  1.673431669501057  25.0
55451.60474749972  0.0  1.673431669501057  25.0
55456.591092499715  0.0  1.673431669501057  25.0
55461.57743749971  0.0  1.673431669501057  25.0
55466.56378249971  0.0  1.673431669501057  25.0
55471.55012749971  0.0  1.673431669501057  25.0
55476.536472499705  0.0  1.673431669501057  25.0
55481.5228174997  0.0  1.673431669501057  25.0
55486.5091624997  0.0  1.673431669501057  25.0
55491.4955074997  0.0  1.673431669501057  25.0
55496.481852499695  0.0  1.673431669501057  25.0
55501.46819749969  0.0  1.673431669501057  25.0
55506.45454249969  0.0  1.673431669501057  25.0
55511.44088749969  0.0  1.673431669501057  25.0
55516.427232499685  0.0  1.673431669501057  25.0
55521.41357749968  0.0  1.673431669501057  25.0
55526.39992249968  0.0  1.673431669501057  25.0
55531.38626749968  0.0  1.673431669501057  25.0
55536.372612499676  0.0  1.673431669501057  25.0
55541.35895749967  0.0  1.673431669501057  25.0
55546.34530249967  0.0  1.673431669501057  25.0
55551.33164749967  0.0  1.673431669501057  25.0
55556.317992499666  0.0  1.673431669501057  25.0
55561.30433749966  0.0  1.673431669501057  25.0
55566.29068249966  0.0  1.673431669501057  25.0
55571.27702749966  0.0  1.673431669501057  25.0
55576.263372499656  0.0  1.673431669501057  25.0
55581.24971749965  0.0  1.673431669501057  25.0
55586.23606249965  0.0  1.673431669501057  25.0
55591.22240749965  0.0  1.673431669501057  25.0
55596.208752499646  0.0  1.673431669501057  25.0
55601.19509749964  0.0  1.673431669501057  25.0
55606.18144249964  0.0  1.673431669501057  25.0
55611.16778749964  0.0  1.673431669501057  25.0
55616.154132499636  0.0  1.673431669501057  25.0
55621.14047749963  0.0  1.673431669501057  25.0
55626.12682249963  0.0  1.673431669501057  25.0
55631.11316749963  0.0  1.673431669501057  25.0
55636.099512499626  0.0  1.673431669501057  25.0
55641.085857499624  0.0  1.673431669501057  25.0
55646.07220249962  0.0  1.673431669501057  25.0
55651.05854749962  0.0  1.673431669501057  25.0
55656.044892499616  0.0  1.673431669501057  25.0
55661.031237499614  0.0  1.673431669501057  25.0
55666.01758249961  0.0  1.673431669501057  25.0
55671.00392749961  0.0  1.673431669501057  25.0
55675.99027249961  0.0  1.673431669501057  25.0
55680.976617499604  0.0  1.673431669501057  25.0
55685.9629624996  0.0  1.673431669501057  25.0
55690.9493074996  0.0  1.673431669501057  25.0
55695.9356524996  0.0  1.673431669501057  25.0
55700.921997499594  0.0  1.673431669501057  25.0
55705.90834249959  0.0  1.673431669501057  25.0
55710.89468749959  0.0  1.673431669501057  25.0
55715.88103249959  0.0  1.673431669501057  25.0
55720.867377499584  0.0  1.673431669501057  25.0
55725.85372249958  0.0  1.673431669501057  25.0
55730.84006749958  0.0  1.673431669501057  25.0
55735.82641249958  0.0  1.673431669501057  25.0
55740.812757499574  0.0  1.673431669501057  25.0
55745.79910249957  0.0  1.673431669501057  25.0
55750.78544749957  0.0  1.673431669501057  25.0
55755.77179249957  0.0  1.673431669501057  25.0
55760.758137499564  0.0  1.673431669501057  25.0
55765.74448249956  0.0  1.673431669501057  25.0
55770.73082749956  0.0  1.673431669501057  25.0
55775.71717249956  0.0  1.673431669501057  25.0
55780.703517499554  0.0  1.673431669501057  25.0
55785.68986249955  0.0  1.673431669501057  25.0
55790.67620749955  0.0  1.673431669501057  25.0
55795.66255249955  0.0  1.673431669501057  25.0
55800.648897499545  0.0  1.673431669501057  25.0
55805.63524249954  0.0  1.673431669501057  25.0
55810.62158749954  0.0  1.673431669501057  25.0
55815.60793249954  0.0  1.673431669501057  25.0
55820.594277499535  0.0  1.673431669501057  25.0
55825.58062249953  0.0  1.673431669501057  25.0
55830.56696749953  0.0  1.673431669501057  25.0
55835.55331249953  0.0  1.673431669501057  25.0
55840.539657499525  0.0  1.673431669501057  25.0
55845.52600249952  0.0  1.673431669501057  25.0
55850.51234749952  0.0  1.673431669501057  25.0
55855.49869249952  0.0  1.673431669501057  25.0
55860.485037499515  0.0  1.673431669501057  25.0
55865.47138249951  0.0  1.673431669501057  25.0
55870.45772749951  0.0  1.673431669501057  25.0
55875.44407249951  0.0  1.673431669501057  25.0
55880.430417499505  0.0  1.673431669501057  25.0
55885.4167624995  0.0  1.673431669501057  25.0
55890.4031074995  0.0  1.673431669501057  25.0
55895.3894524995  0.0  1.673431669501057  25.0
55900.375797499495  0.0  1.673431669501057  25.0
55905.36214249949  0.0  1.673431669501057  25.0
55910.34848749949  0.0  1.673431669501057  25.0
55915.33483249949  0.0  1.673431669501057  25.0
55920.321177499485  0.0  1.673431669501057  25.0
55925.30752249948  0.0  1.673431669501057  25.0
55930.29386749948  0.0  1.673431669501057  25.0
55935.28021249948  0.0  1.673431669501057  25.0
55940.266557499475  0.0  1.673431669501057  25.0
55945.25290249947  0.0  1.673431669501057  25.0
55950.23924749947  0.0  1.673431669501057  25.0
55955.22559249947  0.0  1.673431669501057  25.0
55960.211937499465  0.0  1.673431669501057  25.0
55965.19828249946  0.0  1.673431669501057  25.0
55970.18462749946  0.0  1.673431669501057  25.0
55975.17097249946  0.0  1.673431669501057  25.0
55980.157317499456  0.0  1.673431669501057  25.0
55985.14366249945  0.0  1.673431669501057  25.0
55990.13000749945  0.0  1.673431669501057  25.0
55995.11635249945  0.0  1.673431669501057  25.0
56000.102697499446  0.0  1.673431669501057  25.0
56005.08904249944  0.0  1.673431669501057  25.0
56010.07538749944  0.0  1.673431669501057  25.0
56015.06173249944  0.0  1.673431669501057  25.0
56020.048077499436  0.0  1.673431669501057  25.0
56025.03442249943  0.0  1.673431669501057  25.0
56030.02076749943  0.0  1.673431669501057  25.0
56035.00711249943  0.0  1.673431669501057  25.0
56039.993457499426  0.0  1.673431669501057  25.0
56044.97980249942  0.0  1.673431669501057  25.0
56049.96614749942  0.0  1.673431669501057  25.0
56054.95249249942  0.0  1.673431669501057  25.0
56059.938837499416  0.0  1.673431669501057  25.0
56064.92518249941  0.0  1.673431669501057  25.0
56069.91152749941  0.0  1.673431669501057  25.0
56074.89787249941  0.0  1.673431669501057  25.0
56079.884217499406  0.0  1.673431669501057  25.0
56084.8705624994  0.0  1.673431669501057  25.0
56089.8569074994  0.0  1.673431669501057  25.0
56094.8432524994  0.0  1.673431669501057  25.0
56099.829597499396  0.0  1.673431669501057  25.0
56104.815942499394  0.0  1.673431669501057  25.0
56109.80228749939  0.0  1.673431669501057  25.0
56114.78863249939  0.0  1.673431669501057  25.0
56119.774977499386  0.0  1.673431669501057  25.0
56124.761322499384  0.0  1.673431669501057  25.0
56129.74766749938  0.0  1.673431669501057  25.0
56134.73401249938  0.0  1.673431669501057  25.0
56139.72035749938  0.0  1.673431669501057  25.0
56144.706702499374  0.0  1.673431669501057  25.0
56149.69304749937  0.0  1.673431669501057  25.0
56154.67939249937  0.0  1.673431669501057  25.0
56159.66573749937  0.0  1.673431669501057  25.0
56164.652082499364  0.0  1.673431669501057  25.0
56169.63842749936  0.0  1.673431669501057  25.0
56174.62477249936  0.0  1.673431669501057  25.0
56179.61111749936  0.0  1.673431669501057  25.0
56184.597462499354  0.0  1.673431669501057  25.0
55087.6015625  -1.0847315836904086  2.116159048443523  25.0
55090.6015625  1.1441218190075304  1.7653147074774285  25.0
55093.6015625  -5.528989859993664  2.9024667483221873  25.0
55096.6015625  2.178494323740288  1.5396316634833145  25.0
55102.6015625  -0.7947499044131006  1.699740056715738  25.0
55180.3984375  1.2774308914105088  1.6307294323596397  25.0
55204.30078125  0.7546001195103821  1.5207838008098555  25.0
55213.30078125  -5.820050956619987  1.9446635043151768  25.0
55219.30078125  -0.8160518734514386  2.094562650301746  25.0
55222.30078125  -1.700623437644211  2.0332090549981956  25.0
55441.6015625  -1.6330854268960917  1.5437546071130268  25.0
55447.6015625  -0.2280390385305659  1.5538657425304536  25.0
55453.6015625  -0.17493136559324896  1.6322020459676183  25.0
55456.6015625  -1.2594665969018373  1.4930028936053532  25.0
55465.6015625  -0.8027995680156709  2.300121722525748  25.0
55477.5  2.776029248635396  1.4798486999980127  25.0
55480.5  -5.110999768356845  1.9250304661598288  25.0
55483.5  0.3272846296469673  1.5354105144070178  25.0
55498.5  0.3539856982207496  1.8591611054402286  25.0
55507.5  0.9524040976624878  1.4009234447358134  25.0
55510.3984375  -0.22460325217247215  1.460215568224508  25.0
55516.3984375  0.6056827003261055  1.5129305481004536  25.0
55546.3984375  0.9148066713803112  1.6334780614461146  25.0
55555.3984375  2.319067790645791  1.8783035844534401  25.0
55576.30078125  -2.2630150426220217  2.052645869496689  25.0
55588.19921875  -2.5324801155791947  1.8274535718810252  25.0
55597.19921875  -0.3059826606086292  1.6697994722497949  25.0
55822.6015625  -0.7987747362143858  1.5001689890431362  25.0
55825.6015625  -0.4858222974429848  1.7169189885062066  25.0
55829.6015625  0.4655020083978612  1.6476140286648264  25.0
55831.6015625  -1.0610736201156186  1.4746459645466585  25.0
55834.6015625  -2.212950486385967  1.6940463876496195  25.0
55837.5  0.5543419881843188  1.496929519960054  25.0
55850.5  0.6129469544013945  1.699740056715738  25.0
55853.5  -0.2509116627916922  1.9252266898166834  25.0
55859.5  0.5304877073345172  1.5023286663045767  25.0
55879.3984375  -1.127040999045489  1.658510433182299  25.0
55890.3984375  0.9309058113491382  1.4553072618765923  25.0
55896.3984375  0.26455669639563983  1.459135776402866  25.0
55900.3984375  -1.6346561523324976  2.215502891815587  25.0
55915.30078125  -4.776941724631197  2.0667818367154007  25.0
55945.19921875  0.5038847973982407  1.6077587196746252  25.0
55956.19921875  0.33818101075990076  1.6385826850690417  25.0
56204.5  34.12310219703272  1.602850319708553  25.0
56207.6015625  56.03939133408847  1.9054953525965943  25.0
56210.5  65.64275085585267  1.673431669501057  25.0
56213.5  75.47532956663326  1.871922758115703  25.0
56215.5  69.82735964209486  1.9396571797569908  25.0
56218.5  75.02160654792702  1.5424784980163737  25.0
56221.5  71.74777510759233  1.8443381681862119  25.0
56233.5  37.23171631407685  1.6422148823203038  25.0
56236.3984375  39.04827404314934  1.6031448424301487  25.0
56239.5  35.63809562122039  1.8744749763090096  25.0
56242.3984375  34.781991278940325  1.9449580270367723  25.0
56284.30078125  8.444119587453956  1.7432273757208874  25.0
56293.30078125  9.332912394341184  2.0415532413223616  25.0
56299.30078125  3.774571369797395  1.5680015225128514  25.0
56302.30078125  4.8211163881442785  1.5582831152636047  25.0
56310.30078125  4.088014695374482  1.5348215625819832  25.0
56314.19921875  2.5074477438430103  2.549168300991213  25.0
56558.6015625  -2.1097784093420997  2.1844825155280025  25.0
56564.6015625  0.049770039365594154  2.084647925777488  25.0
56569.5  1.5769345670438952  1.533250930763734  25.0
56588.5  -2.755905276865284  1.5900888542693925  25.0
56597.5  -1.8211710446080291  1.9744078651242651  25.0
56599.5  2.620436620819022  1.916391757114067  25.0
56620.3984375  0.1351742386450928  1.6257231078014538  25.0
56623.3984375  0.5929211412687881  1.4458833773489415  25.0
56631.3984375  -1.0058063284282093  1.530796730780698  25.0
56638.3984375  1.4241887737605803  1.8945989480791217  25.0
56656.30078125  -1.9510443306529137  1.7638422811057635  25.0
56661.30078125  -0.4535257652496683  1.6977766967293089  25.0
56668.30078125  -0.886731241454213  2.02918422319691  25.0
56677.30078125  0.9571160867353917  1.6264102650730727  25.0
56683.19921875  -5.083906299278433  2.1321600765839226  25.0
