56199.10199640481    9.06941164878512      2.0442752643281743    25    
56199.60199640481    10.686615190672766    2.01949907502093      25    
56200.10199640481    12.423098685396722    2.038628561868498     25    
56200.60199640481    14.272967367213198    2.270168894040411     25    
56201.10199640481    16.236995774815604    2.6013070466171646    25    
56201.60199640481    18.307521148411208    2.7622205141119838    25    
56202.10199640481    20.48583269420674     2.7661556674280874    25    
56202.60199640481    22.765006311431794    2.7530391893064468    25    
56203.10199640481    25.144339220735       2.763054274415018     25    
56203.60199640481    27.619934965842504    2.771775805763758     25    
56204.10199640481    30.18724513156535     2.7787206169881973    25    
56204.60199640481    32.84610690171264     2.7842425475392845    25    
56205.10199640481    35.589280203862685    2.7885573580420724    25    
56205.60199640481    38.41814622436435     2.7915928765117366    25    
56206.10199640481    41.32562489926069     2.7962368324583773    25    
56206.60199640481    44.31691866403985     2.811039933249154     25    
56207.10199640481    47.370633329073       2.8085307202470617    25    
56207.60199640481    50.50777468931868     2.750825704053912     25    
56208.10199640481    53.66359026099195     2.6791097790559344    25    
56208.60199640481    56.72018628655596     2.672364675304191     25    
56209.10199640481    59.6943111699404      2.7123901217396056    25    
56209.60199640481    62.37853545023865     2.7446820300312176    25    
56210.10199640481    64.79553654228825     2.7677221338933955    25    
56210.60199640481    66.8060552762944      2.7831492893055456    25    
56211.10199640481    68.3064157963991      2.7843814779796268    25    
56211.60199640481    69.40087757830804     2.7825798207118613    25    
56212.10199640481    70.12995355419733     2.791311024823994     25    
56212.60199640481    70.51826524693635     2.805799965040169     25    
56213.10199640481    70.78376282088202     2.8247641370100545    25    
56213.60199640481    70.88889726239434     2.8502438360099656    25    
56214.10199640481    71.02389287289968     2.8630373131272404    25    
56214.60199640481    71.24257924259328     2.8609877185841426    25    
56215.10199640481    71.50942375291342     2.839561375708245     25    
56215.60199640481    71.85086082601543     2.7759806691465574    25    
56216.10199640481    72.22660271564482     2.6972172836719372    25    
56216.60199640481    72.54966641470418     2.678556965562393     25    
56217.10199640481    72.83582216886931     2.7088308269215187    25    
56217.60199640481    72.99083810283229     2.7252225042364273    25    
56218.10199640481    73.01154757696433     2.719848586381097     25    
56218.60199640481    72.88071296847112     2.7088615504735714    25    
56219.10199640481    72.57996188713652     2.692873898626941     25    
56219.60199640481    72.11888009001598     2.6778801536564214    25    
56220.10199640481    71.49805239107522     2.6805823844844228    25    
56220.60199640481    70.71772273078454     2.6941123292779388    25    
56221.10199640481    69.7799373998331      2.7013279856871315    25    
56221.60199640481    68.68074052456387     2.7170595522146637    25    
56222.10199640481    67.4459282750681      2.6435451090989037    25    
56222.60199640481    66.07308503724772     2.367686136787685     25    
56223.10199640481    64.58693987658566     2.0543894375084015    25    
56223.60199640481    63.010041034450126    1.9665803028255282    25    
56224.10199640481    61.344510937896544    2.005232847636124     25    
56224.60199640481    59.62737867763793     2.004536004080256     25    
56225.10199640481    57.85051641074088     1.985505692011629     25    
56225.60199640481    56.0729145868417      1.9612942460882181    25    
56226.10199640481    54.287210093354915    1.9273595732441302    25    
56226.60199640481    52.547044694307466    1.8995388969421099    25    
56227.10199640481    50.87906382111065     1.8942082495424464    25    
56227.60199640481    49.29788808760092     1.897342384035562     25    
56228.10199640481    47.868069931758384    1.8955010066466238    25    
56228.60199640481    46.575553840448435    1.89005150948532      25    
56229.10199640481    45.431719956154765    1.8472439607506324    25    
56229.60199640481    44.444096840008115    1.7481450985404186    25    
56230.10199640481    43.573845412482555    1.672086998919767     25    
56230.60199640481    42.81568777323626     1.6741340901672057    25    
56231.10199640481    42.15252060418857     1.699007426037541     25    
56231.60199640481    41.55653089844425     1.701526930311327     25    
56232.10199640481    41.03255546708075     1.6963232856675161    25    
56232.60199640481    40.558249980611066    1.6827000222353536    25    
56233.10199640481    40.13620248615619     1.658467146483337     25    
56233.60199640481    39.761232333449975    1.6461367563052487    25    
56234.10199640481    39.43335874887983     1.6562959229767042    25    
56234.60199640481    39.148464423136446    1.6695607400388037    25    
56235.10199640481    38.90521677518066     1.6739672469721378    25    
56235.60199640481    38.69979999909118     1.6738728311966258    25    
56236.10199640481    38.521453724215114    1.6717830999684007    25    
56236.60199640481    38.37204214312542     1.6670202050450134    25    
56237.10199640481    38.230382477837395    1.6187209286032884    25    
56237.60199640481    38.09904581441045     1.4981446393626852    25    
56238.10199640481    37.96124811346833     1.3932752232359915    25    
56238.60199640481    37.80958814642273     1.3802780678935798    25    
56239.10199640481    37.64231992469596     1.3980841821855075    25    
56239.60199640481    37.449102038837815    1.3843606327744098    25    
56240.10199640481    37.23273447832564     1.359603076298193     25    
56240.60199640481    36.99263642094082     1.3557389751462026    25    
56241.10199640481    36.72887009539317     1.3751504822594498    25    
56241.60199640481    36.44129813545656     1.3909745078363676    25    
56242.10199640481    36.12983349705451     1.3974249218153207    25    
56242.60199640481    35.7945617495688      1.3955080006720757    25    
56243.10199640481    35.43543102079109     1.3619000289313403    25    
56243.60199640481    35.052568395946984    1.3277478432973937    25    
56244.10199640481    34.646349629418864    1.4035029672617683    25    
56244.60199640481    34.216703119829646    1.5651730895677785    25    
56245.10199640481    33.76406109737713     1.6608869849075787    25    
56245.60199640481    33.28840925790462     1.673817694831671     25    
56246.10199640481    32.78998707845615     1.6604400436907745    25    
56246.60199640481    32.26894279127134     1.6352465505275424    25    
56247.10199640481    31.725295290823883    1.6020152988797414    25    
56247.60199640481    31.15920709227832     1.588774979963105     25    
56248.10199640481    30.570659053811344    1.5886283636950644    25    
56248.60199640481    29.959634349559856    1.5923300436047185    25    
56249.10199640481    29.32523820744844     1.603028610605328     25    
56249.60199640481    28.672462497853363    1.6033633319130964    25    
56250.10199640481    27.99965822377668     1.6116208439079087    25    
56250.60199640481    27.31478830971661     1.5679389895284364    25    
56251.10199640481    26.625804117407533    1.3316168438973373    25    
56251.60199640481    25.932844548809726    0.901724455411096     25    
56252.10199640481    25.24941785549018     0.6125778556643326    25    
56252.60199640481    24.573387231910033    0.6454023634190776    25    
56253.10199640481    23.913535983430194    0.6851941712952816    25    
56253.60199640481    23.27178279142104     0.6652232147444087    25    
56254.10199640481    22.647207374433115    0.6461785557731642    25    
56254.60199640481    22.040455833571123    0.6346972094813964    25    
56255.10199640481    21.451281426694504    0.6283360213344155    25    
56255.60199640481    20.879692798966072    0.6288172898831784    25    
56256.10199640481    20.32569812509145     0.6355244483448308    25    
56256.60199640481    19.78976097020764     0.634017219112869     25    
56257.10199640481    19.271634261733904    0.6214352606108534    25    
56257.60199640481    18.772546821475153    0.607228553164204     25    
56258.10199640481    18.292746662291567    0.587812167689464     25    
56258.60199640481    17.832806807409842    0.5782505806075884    25    
56259.10199640481    17.393952327441443    0.6121093081858214    25    
56259.60199640481    16.975862304239275    0.6678629183867746    25    
56260.10199640481    16.57899360505633     0.692929584669106     25    
56260.60199640481    16.203655771461865    0.6907639442449194    25    
56261.10199640481    15.847152581517905    0.6844923333485272    25    
56261.60199640481    15.509528310652968    0.6786325080186475    25    
56262.10199640481    15.18896042080837     0.6717437272912025    25    
56262.60199640481    14.88391195928006     0.6654895756767264    25    
56263.10199640481    14.594134547973052    0.6597850185859591    25    
56263.60199640481    14.316931696159164    0.6567610061612391    25    
56264.10199640481    14.05280804311645     0.6561353568212591    25    
56264.60199640481    13.798799535215423    0.6571668881173889    25    
56265.10199640481    13.555192920163613    0.6600209646471393    25    
56265.60199640481    13.319727401828379    0.6637734428879506    25    
56266.10199640481    13.091501193039655    0.6667194800551018    25    
56266.60199640481    12.86967548779656     0.6713861278882626    25    
56267.10199640481    12.651944875669681    0.6785018630227665    25    
56267.60199640481    12.438622263245373    0.6894400175411048    25    
56268.10199640481    12.226735981978768    0.7203610852595275    25    