56199.10199640481    9.010387522675822     1.900794849205885      25    
56199.60199640481    10.671681153036122    1.8933096731821177     25    
56200.10199640481    12.469947687814484    1.9080614934080413     25    
56200.60199640481    14.403636130242798    2.031452379612557      25    
56201.10199640481    16.47295027247541     2.213735547429465      25    
56201.60199640481    18.675873933345862    2.3068531845595093     25    
56202.10199640481    21.012746321356627    2.3124371232623946     25    
56202.60199640481    23.481745607043386    2.3076546270833282     25    
56203.10199640481    26.08268687915608     2.314846427564383      25    
56203.60199640481    28.814544924590354    2.320287379817571      25    
56204.10199640481    31.67612299057181     2.323458546296297      25    
56204.60199640481    34.66737823784326     2.324698289852398      25    
56205.10199640481    37.78640570030174     2.324224231755063      25    
56205.60199640481    41.03356878773419     2.3219277298170833     25    
56206.10199640481    44.40733594679815     2.3194256157331345     25    
56206.60199640481    47.91259280666392     2.310785602501349      25    
56207.10199640481    51.531904482106924    2.317198588985346      25    
56207.60199640481    55.2884384865048      2.363742173282106      25    
56208.10199640481    59.118675443565884    2.4236669429723263     25    
56208.60199640481    62.909629379738476    2.4582382721831677     25    
56209.10199640481    66.67724707422812     2.4771084642065064     25    
56209.60199640481    70.2204742971907      2.4944417997874986     25    
56210.10199640481    73.56243668533813     2.5116250260392627     25    
56210.60199640481    76.5625764507333      2.522820393363598      25    
56211.10199640481    79.13165995898886     2.522151763078367      25    
56211.60199640481    81.33967318817079     2.51963200446466       25    
56212.10199640481    83.19675952520974     2.527370356204159      25    
56212.60199640481    84.72403636084721     2.541070833097123      25    
56213.10199640481    86.06423221553001     2.5594928557333714     25    
56213.60199640481    87.19294769139883     2.584589360211106      25    
56214.10199640481    88.23345042900718     2.598863149339898      25    
56214.60199640481    89.22356988865911     2.622233528607566      25    
56215.10199640481    90.13151822795768     2.5851913108860316     25    
56215.60199640481    90.9705786350883      2.3625091150307473     25    
56216.10199640481    91.71115708009182     2.0383144113168874     25    
56216.60199640481    92.28170651252815     1.9063369958434795     25    
56217.10199640481    92.69516954976908     1.9526914831420985     25    
56217.60199640481    92.87727815406663     1.9832873734450813     25    
56218.10199640481    92.81522400583205     1.978682366425026      25    
56218.60199640481    92.53805519990699     1.9702849310365669     25    
56219.10199640481    92.03609396546084     1.9583631857507622     25    
56219.60199640481    91.346770726974       1.948237008457577      25    
56220.10199640481    90.52479162097899     1.9546379207651807     25    
56220.60199640481    89.56320380404524     1.9712369862483665     25    
56221.10199640481    88.53411428733735     1.9725067341555305     25    
56221.60199640481    87.43360162361428     1.9528407772567389     25    
56222.10199640481    86.27097362944262     1.956361268303568      25    
56222.60199640481    85.05737030307795     2.010929074161839      25    
56223.10199640481    83.77509201926333     2.0685096740740523     25    
56223.60199640481    82.41313680502518     2.089608473634168      25    
56224.10199640481    80.97138106884852     2.092593728926811      25    
56224.60199640481    79.43017997397395     2.0900101293938564     25    
56225.10199640481    77.7908673108627      2.080122573247076      25    
56225.60199640481    76.07674359482198     2.065500053530604      25    
56226.10199640481    74.27899822140164     2.042821644990538      25    
56226.60199640481    72.43861909482685     2.0250800139998235     25    
56227.10199640481    70.57382908631045     2.026255913107978      25    
56227.60199640481    68.69564434027599     2.0337496753348314     25    
56228.10199640481    66.84761765303864     2.041500100166424      25    
56228.60199640481    65.02148182080614     2.0470187058949847     25    
56229.10199640481    63.245768600029024    1.9685086183415106     25    
56229.60199640481    61.51953913719121     1.7594821039776336     25    
56230.10199640481    59.849481845569606    1.5814635209808003     25    
56230.60199640481    58.23743145199867     1.5646423341576223     25    
56231.10199640481    56.68734682855806     1.6011244951948655     25    
56231.60199640481    55.20725576519765     1.6023128294936868     25    
56232.10199640481    53.79452206036167     1.596566760026545      25    
56232.60199640481    52.44953329989168     1.5830974694086652     25    
56233.10199640481    51.17320266355705     1.5600366400649037     25    
56233.60199640481    49.95554522037454     1.5475297124262688     25    
56234.10199640481    48.796799316416845    1.5551140621408832     25    
56234.60199640481    47.690616616023846    1.565286389960943      25    
56235.10199640481    46.63233753973709     1.5674603466157009     25    
56235.60199640481    45.620962424404574    1.565024989424109      25    
56236.10199640481    44.64855450912253     1.559077183458768      25    
56236.60199640481    43.71653859878497     1.5491661211825098     25    
56237.10199640481    42.81686840147214     1.4959734307109687     25    
56237.60199640481    41.95053803694734     1.3695005716446016     25    
56238.10199640481    41.11104097803459     1.2585666397163127     25    
56238.60199640481    40.29674685533805     1.2430821091182498     25    
56239.10199640481    39.50424446980523     1.2611643890602262     25    
56239.60199640481    38.72719641307189     1.2501147371195074     25    
56240.10199640481    37.96607129916803     1.2299179815004215     25    
56240.60199640481    37.21078004682714     1.2260061936673783     25    
56241.10199640481    36.46308761076621     1.2401572489989137     25    
56241.60199640481    35.71366004704218     1.2521508130515429     25    
56242.10199640481    34.9591610149913      1.2588455841546997     25    
56242.60199640481    34.201827097248504    1.2575453047013703     25    
56243.10199640481    33.438786231940476    1.242786629329499      25    
56243.60199640481    32.67468152102744     1.2150381690827463     25    
56244.10199640481    31.92198942704423     1.1632774828240005     25    
56244.60199640481    31.178337218985252    1.0833830006644383     25    
56245.10199640481    30.458257848995753    1.032655847751926      25    
56245.60199640481    29.76329088438293     1.0358288079219333     25    
56246.10199640481    29.093997395071668    1.0441707309908024     25    
56246.60199640481    28.455731266184365    1.0267402587060643     25    
56247.10199640481    27.840722635890927    1.0048014763901132     25    
56247.60199640481    27.238799910894432    0.997205947419759      25    
56248.10199640481    26.65134749187508     0.9992771990350411     25    
56248.60199640481    26.063488479888658    1.0040573584462316     25    
56249.10199640481    25.47580136547662     1.013570719220094      25    
56249.60199640481    24.8852209537038      1.0164210426280411     25    
56250.10199640481    24.28664344442314     1.0185900362155742     25    
56250.60199640481    23.688989572195627    0.9958457916863835     25    
56251.10199640481    23.098883900831076    0.889145455512368      25    
56251.60199640481    22.516674269787664    0.7150370318312115     25    
56252.10199640481    21.9549159240978      0.6219697136685902     25    
56252.60199640481    21.41178520622219     0.6367060920403852     25    
56253.10199640481    20.89359478949708     0.6489749149756445     25    
56253.60199640481    20.403018976904463    0.6341155202886647     25    
56254.10199640481    19.935346853182427    0.6199922542310891     25    
56254.60199640481    19.48915889399794     0.6160053747994538     25    
56255.10199640481    19.06327364760999     0.6177001900102385     25    
56255.60199640481    18.65300991622866     0.624624689613502      25    
56256.10199640481    18.259222380516952    0.6364051698775807     25    
56256.60199640481    17.878387846025543    0.6388681607205589     25    
56257.10199640481    17.51016568915566     0.62953794377972       25    
56257.60199640481    17.155352747796492    0.6171247136804738     25    
56258.10199640481    16.813878777807997    0.6097873153356791     25    
56258.60199640481    16.486157433726063    0.5952075407629382     25    
56259.10199640481    16.172860211208697    0.5488015893012538     25    
56259.60199640481    15.873800911724821    0.47736875102961185    25    
56260.10199640481    15.589170172829109    0.43864901260344347    25    
56260.60199640481    15.319167238305939    0.44272711977868984    25    
56261.10199640481    15.062108111985303    0.4480402092866934     25    
56261.60199640481    14.818016828525924    0.4433742613961054     25    
56262.10199640481    14.585759319061808    0.4375413761884761     25    
56262.60199640481    14.364377173039529    0.43161253936716537    25    
56263.10199640481    14.153715507236686    0.4257306142639449     25    
56263.60199640481    13.952092848199827    0.42207005837220174    25    
56264.10199640481    13.759823878097421    0.42035414283283107    25    
56264.60199640481    13.575060277022207    0.41979030425221703    25    
56265.10199640481    13.39798085465931     0.41718542170985434    25    
56265.60199640481    13.227175827306906    0.4246566081904283     25    
56266.10199640481    13.062082859937718    0.45486474347593087    25    
56266.60199640481    12.902178891223063    0.4891125911186596     25    
56267.10199640481    12.746026316947987    0.5035156859567779     25    
56267.60199640481    12.59382025891019     0.508047495710603      25    
56268.10199640481    12.443707648705443    0.5287674502204387     25    