54763.77995696134    185.61967538238187    49.2663033278623      25    
54764.27995696134    224.33235637783355    46.942294224941065    25    
54764.77995696134    266.7467563163098     49.27108839744889     25    
54765.27995696134    312.87474348930107    66.1542548933181      25    
54765.77995696134    362.7229983925697     81.30231486840819     25    
54766.27995696134    416.3057552014987     84.28272007413007     25    
54766.77995696134    473.62751093913596    82.80450198730125     25    
54767.27995696134    534.7045008424013     82.86624586148467     25    
54767.77995696134    599.5394032839823     83.00924879284726     25    
54768.27995696134    668.1500897399818     83.11266747315521     25    
54768.77995696134    740.5377847550815     83.18227327867866     25    
54769.27995696134    816.7216312222141     83.21905619896633     25    
54769.77995696134    896.7017646804088     83.2303702311358      25    
54770.27995696134    980.5704452195366     83.49466514720154     25    
54770.77995696134    1068.2743338087869    83.8341068720865      25    
54771.27995696134    1159.6320567996781    81.60782728753003     25    
54771.77995696134    1254.6224551883715    76.76579208394769     25    
54772.27995696134    1348.58464717806      74.55869000263839     25    
54772.77995696134    1441.8185320400512    75.42051260236086     25    
54773.27995696134    1528.058321870009     76.17267315021562     25    
54773.77995696134    1607.3735027755945    76.60916709958333     25    
54774.27995696134    1674.4747859956603    76.89130676137783     25    
54774.77995696134    1728.2126040609846    76.95452833082172     25    
54775.27995696134    1770.4423826334644    77.06826682056229     25    
54775.77995696134    1800.585207184657     77.29786616434225     25    
54776.27995696134    1822.6672502909034    77.58172546884315     25    
54776.77995696134    1837.3116595208692    77.98350695546912     25    
54777.27995696134    1847.3825896055623    78.24147750573732     25    
54777.77995696134    1854.5760354211877    79.23651931275404     25    
54778.27995696134    1858.42506562299      77.4826572721568      25    
54778.77995696134    1859.5213606337152    67.66781254021708     25    
54779.27995696134    1856.6430819338248    56.797933629361935    25    
54779.77995696134    1849.1132135727887    55.33914853451439     25    
54780.27995696134    1836.430092861586     57.09177099960811     25    
54780.77995696134    1817.415264632821     56.969833436069536    25    
54781.27995696134    1792.8326090056048    56.70113874215693     25    
54781.77995696134    1762.9477882789913    56.36392470943741     25    
54782.27995696134    1728.4829678904161    56.03802698104123     25    
54782.77995696134    1690.9799179567046    56.03391276925946     25    
54783.27995696134    1650.6546387034045    56.15199707488567     25    
54783.77995696134    1609.3020310457684    56.44174904221758     25    
54784.27995696134    1566.7173321372707    56.25415634493486     25    
54784.77995696134    1523.6290796848775    51.53661757584144     25    
54785.27995696134    1479.904928621385     42.781307660597925    25    
54785.77995696134    1435.4435126790038    38.80213291777727     25    
54786.27995696134    1390.2470925224159    39.64747906325631     25    
54786.77995696134    1344.226257875804     39.76181724116835     25    
54787.27995696134    1297.3863912185238    39.39916712089664     25    
54787.77995696134    1249.9240831574573    38.89695577222606     25    
54788.27995696134    1201.8189224317248    38.228162833898736    25    
54788.77995696134    1153.4691895777773    37.826194676239496    25    
54789.27995696134    1104.8629554012723    37.77633417391961     25    
54789.77995696134    1056.3768067382227    37.74003398524529     25    
54790.27995696134    1007.9871226175269    37.992126884335725    25    
54790.77995696134    960.22025183764       36.32053931507711     25    
54791.27995696134    913.0824349187797     30.73022519957287     25    
54791.77995696134    867.181577462242      25.86931748292702     25    
54792.27995696134    822.6140409690817     25.474114730659736    25    
54792.77995696134    779.8943947923243     25.899487391569775    25    
54793.27995696134    739.3036113522421     25.704263096470207    25    
54793.77995696134    700.835331500763      25.434866812711018    25    
54794.27995696134    664.6670399717722     24.931433039767136    25    
54794.77995696134    630.4978727882659     24.470870211389997    25    
54795.27995696134    598.1810216785555     24.342603163884068    25    
54795.77995696134    567.5638721377076     24.319651628979933    25    
54796.27995696134    538.4046653409572     24.254097053674545    25    
54796.77995696134    510.7029132953426     24.136118328158048    25    
54797.27995696134    484.3083343508812     24.148433478705375    25    
54797.77995696134    459.2801560732428     23.685112872496106    25    
54798.27995696134    435.6494970928141     20.58370869502258     25    
54798.77995696134    413.4232860390745     15.542953525032052    25    
54799.27995696134    392.65997817839843    13.660348349256722    25    
54799.77995696134    373.33071418405865    14.334998563131695    25    
54800.27995696134    355.3849144034417     14.251414103039464    25    
54800.77995696134    338.7981645705715     13.945802535088736    25    
54801.27995696134    323.3599075193423     13.89642822725733     25    
54801.77995696134    309.07585662020443    14.05271591265034     25    
54802.27995696134    295.7241997538984     14.132410244847064    25    
54802.77995696134    283.3153291719865     14.147959903242427    25    
54803.27995696134    271.66974420986236    13.981460851885547    25    
54803.77995696134    260.7920415224629     13.611703996227854    25    
54804.27995696134    250.56392392634365    13.252859382120391    25    
54804.77995696134    240.98810302784364    12.906167340282957    25    
54805.27995696134    231.9477016269706     12.740674752710847    25    
54805.77995696134    223.43650279808097    12.852719893337605    25    
54806.27995696134    215.37246186187807    12.836337446451669    25    
54806.77995696134    207.74052615601167    12.532480282860304    25    
54807.27995696134    200.5043270667011     12.286593300870491    25    
54807.77995696134    193.65602124973714    12.228499899767268    25    
54808.27995696134    187.15960653465706    12.244662784620258    25    
54808.77995696134    180.99875300754013    12.348514998524095    25    
54809.27995696134    175.16084948561158    12.402116686262836    25    
54809.77995696134    169.62780623878993    12.46493426179451     25    
54810.27995696134    164.41433776063153    12.091491098303278    25    
54810.77995696134    159.52459837663514    10.306333164576898    25    
54811.27995696134    154.96549325658776    8.065065769277764     25    
54811.77995696134    150.75222244478053    7.622782328974795     25    
54812.27995696134    146.87186464703456    7.9644170092083       25    
54812.77995696134    143.32529640041062    7.825741416041009     25    
54813.27995696134    140.08272001224606    7.644170513329629     25    
54813.77995696134    137.0875170451592     7.649843899139819     25    
54814.27995696134    134.32860409794068    7.765997059159507     25    
54814.77995696134    131.73407326483223    7.938302651196203     25    
54815.27995696134    129.305317656111      8.12750249233786      25    
54815.77995696134    126.98318156463594    8.101018720913254     25    
54816.27995696134    124.77521481768872    7.916906966097678     25    
54816.77995696134    122.67085592571247    7.75163111245697      25    
54817.27995696134    120.67096932454994    7.591248898957433     25    
54817.77995696134    118.76944399659934    7.4736019488237915    25    
54818.27995696134    116.96658244763805    7.398544153952983     25    
54818.77995696134    115.25504273620437    7.369814990059794     25    
54819.27995696134    113.63528359572959    7.393402592403535     25    
54819.77995696134    112.09782989037748    7.369635271431411     25    
54820.27995696134    110.64295358920356    7.283469258034606     25    
54820.77995696134    109.26132090807138    7.196585569090339     25    
54821.27995696134    107.9528169262103     7.113129199669077     25    
54821.77995696134    106.70858730024106    7.05717160117974      25    
54822.27995696134    105.52798952584345    7.041275404619113     25    
54822.77995696134    104.40278180601561    7.0416859534694645    25    
54823.27995696134    103.33162412723175    7.043163238772591     25    
54823.77995696134    102.30705716452405    7.082056685576257     25    
54824.27995696134    101.3268734695047     7.170562855210044     25    
54824.77995696134    100.38456611489556    7.310867973478118     25    
54825.27995696134    99.47689029179111     7.3867595305228315    25    
54825.77995696134    98.59846078696663     7.754979475746111     25    
54826.27995696134    97.74482733322029     8.448258828435954     25    