#Date  :
#Flux  :
#Fluxerr  :
#ZP  :
#end  :
@INSTRUMENT  PS
@BAND  PS_i
@MAGSYS  AB
54813.0462  0.0  1.0837008477829806  25.0
54818.032544999995  0.0  1.0837008477829806  25.0
54823.01888999999  0.0  1.0837008477829806  25.0
54828.00523499999  0.0  1.0837008477829806  25.0
54832.99157999999  0.0  1.0837008477829806  25.0
54837.977924999985  0.0  1.0837008477829806  25.0
54842.96426999998  0.0  1.0837008477829806  25.0
54847.95061499998  0.0  1.0837008477829806  25.0
54852.93695999998  0.0  1.0837008477829806  25.0
54857.923304999975  0.0  1.0837008477829806  25.0
54862.90964999997  0.0  1.0837008477829806  25.0
54867.89599499997  0.0  1.0837008477829806  25.0
54872.88233999997  0.0  1.0837008477829806  25.0
54877.868684999965  0.0  1.0837008477829806  25.0
54882.85502999996  0.0  1.0837008477829806  25.0
54887.84137499996  0.0  1.0837008477829806  25.0
54892.82771999996  0.0  1.0837008477829806  25.0
54897.814064999955  0.0  1.0837008477829806  25.0
54902.80040999995  0.0  1.0837008477829806  25.0
54907.78675499995  0.0  1.0837008477829806  25.0
54912.77309999995  0.0  1.0837008477829806  25.0
54917.759444999945  0.0  1.0837008477829806  25.0
54922.74578999994  0.0  1.0837008477829806  25.0
54927.73213499994  0.0  1.0837008477829806  25.0
54932.71847999994  0.0  1.0837008477829806  25.0
54937.704824999935  0.0  1.0837008477829806  25.0
54942.69116999993  0.0  1.0837008477829806  25.0
54947.67751499993  0.0  1.0837008477829806  25.0
54952.66385999993  0.0  1.0837008477829806  25.0
54957.650204999925  0.0  1.0837008477829806  25.0
54962.63654999992  0.0  1.0837008477829806  25.0
54967.62289499992  0.0  1.0837008477829806  25.0
54972.60923999992  0.0  1.0837008477829806  25.0
54977.595584999915  0.0  1.0837008477829806  25.0
54982.58192999991  0.0  1.0837008477829806  25.0
54987.56827499991  0.0  1.0837008477829806  25.0
54992.55461999991  0.0  1.0837008477829806  25.0
54997.540964999906  0.0  1.0837008477829806  25.0
55002.5273099999  0.0  1.0837008477829806  25.0
55007.5136549999  0.0  1.0837008477829806  25.0
55012.4999999999  0.0  1.0837008477829806  25.0
55017.486344999896  0.0  1.0837008477829806  25.0
55022.47268999989  0.0  1.0837008477829806  25.0
55027.45903499989  0.0  1.0837008477829806  25.0
55032.44537999989  0.0  1.0837008477829806  25.0
55037.431724999886  0.0  1.0837008477829806  25.0
55042.41806999988  0.0  1.0837008477829806  25.0
55047.40441499988  0.0  1.0837008477829806  25.0
55052.39075999988  0.0  1.0837008477829806  25.0
55057.377104999876  0.0  1.0837008477829806  25.0
55062.36344999987  0.0  1.0837008477829806  25.0
55067.34979499987  0.0  1.0837008477829806  25.0
55072.33613999987  0.0  1.0837008477829806  25.0
55077.322484999866  0.0  1.0837008477829806  25.0
55082.30882999986  0.0  1.0837008477829806  25.0
55087.29517499986  0.0  1.0837008477829806  25.0
55092.28151999986  0.0  1.0837008477829806  25.0
55097.267864999856  0.0  1.0837008477829806  25.0
55102.25420999985  0.0  1.0837008477829806  25.0
55107.24055499985  0.0  1.0837008477829806  25.0
55112.22689999985  0.0  1.0837008477829806  25.0
55117.213244999846  0.0  1.0837008477829806  25.0
55122.199589999844  0.0  1.0837008477829806  25.0
55127.18593499984  0.0  1.0837008477829806  25.0
55132.17227999984  0.0  1.0837008477829806  25.0
55137.158624999836  0.0  1.0837008477829806  25.0
55142.144969999834  0.0  1.0837008477829806  25.0
55147.13131499983  0.0  1.0837008477829806  25.0
55152.11765999983  0.0  1.0837008477829806  25.0
55157.10400499983  0.0  1.0837008477829806  25.0
55162.090349999824  0.0  1.0837008477829806  25.0
55167.07669499982  0.0  1.0837008477829806  25.0
55172.06303999982  0.0  1.0837008477829806  25.0
55177.04938499982  0.0  1.0837008477829806  25.0
55182.035729999814  0.0  1.0837008477829806  25.0
55187.02207499981  0.0  1.0837008477829806  25.0
55192.00841999981  0.0  1.0837008477829806  25.0
55196.99476499981  0.0  1.0837008477829806  25.0
55201.981109999804  0.0  1.0837008477829806  25.0
55206.9674549998  0.0  1.0837008477829806  25.0
55211.9537999998  0.0  1.0837008477829806  25.0
55216.9401449998  0.0  1.0837008477829806  25.0
55221.926489999794  0.0  1.0837008477829806  25.0
55226.91283499979  0.0  1.0837008477829806  25.0
55231.89917999979  0.0  1.0837008477829806  25.0
55236.88552499979  0.0  1.0837008477829806  25.0
55241.871869999784  0.0  1.0837008477829806  25.0
55246.85821499978  0.0  1.0837008477829806  25.0
55251.84455999978  0.0  1.0837008477829806  25.0
55256.83090499978  0.0  1.0837008477829806  25.0
55261.817249999775  0.0  1.0837008477829806  25.0
55266.80359499977  0.0  1.0837008477829806  25.0
55271.78993999977  0.0  1.0837008477829806  25.0
55276.77628499977  0.0  1.0837008477829806  25.0
55281.762629999765  0.0  1.0837008477829806  25.0
55286.74897499976  0.0  1.0837008477829806  25.0
55291.73531999976  0.0  1.0837008477829806  25.0
55296.72166499976  0.0  1.0837008477829806  25.0
55301.708009999755  0.0  1.0837008477829806  25.0
55306.69435499975  0.0  1.0837008477829806  25.0
55311.68069999975  0.0  1.0837008477829806  25.0
55316.66704499975  0.0  1.0837008477829806  25.0
55321.653389999745  0.0  1.0837008477829806  25.0
55326.63973499974  0.0  1.0837008477829806  25.0
55331.62607999974  0.0  1.0837008477829806  25.0
55336.61242499974  0.0  1.0837008477829806  25.0
55341.598769999735  0.0  1.0837008477829806  25.0
55346.58511499973  0.0  1.0837008477829806  25.0
55351.57145999973  0.0  1.0837008477829806  25.0
55356.55780499973  0.0  1.0837008477829806  25.0
55361.544149999725  0.0  1.0837008477829806  25.0
55366.53049499972  0.0  1.0837008477829806  25.0
55371.51683999972  0.0  1.0837008477829806  25.0
55376.50318499972  0.0  1.0837008477829806  25.0
55381.489529999715  0.0  1.0837008477829806  25.0
55386.47587499971  0.0  1.0837008477829806  25.0
55391.46221999971  0.0  1.0837008477829806  25.0
55396.44856499971  0.0  1.0837008477829806  25.0
55401.434909999705  0.0  1.0837008477829806  25.0
55406.4212549997  0.0  1.0837008477829806  25.0
55411.4075999997  0.0  1.0837008477829806  25.0
55416.3939449997  0.0  1.0837008477829806  25.0
55421.380289999695  0.0  1.0837008477829806  25.0
55426.36663499969  0.0  1.0837008477829806  25.0
55431.35297999969  0.0  1.0837008477829806  25.0
55436.33932499969  0.0  1.0837008477829806  25.0
55441.325669999685  0.0  1.0837008477829806  25.0
55446.31201499968  0.0  1.0837008477829806  25.0
55451.29835999968  0.0  1.0837008477829806  25.0
55456.28470499968  0.0  1.0837008477829806  25.0
55461.271049999676  0.0  1.0837008477829806  25.0
55466.25739499967  0.0  1.0837008477829806  25.0
55471.24373999967  0.0  1.0837008477829806  25.0
55476.23008499967  0.0  1.0837008477829806  25.0
55481.216429999666  0.0  1.0837008477829806  25.0
55486.20277499966  0.0  1.0837008477829806  25.0
55491.18911999966  0.0  1.0837008477829806  25.0
55496.17546499966  0.0  1.0837008477829806  25.0
55501.161809999656  0.0  1.0837008477829806  25.0
55506.14815499965  0.0  1.0837008477829806  25.0
55511.13449999965  0.0  1.0837008477829806  25.0
55516.12084499965  0.0  1.0837008477829806  25.0
55521.107189999646  0.0  1.0837008477829806  25.0
55526.09353499964  0.0  1.0837008477829806  25.0
55531.07987999964  0.0  1.0837008477829806  25.0
55536.06622499964  0.0  1.0837008477829806  25.0
55541.052569999636  0.0  1.0837008477829806  25.0
55546.03891499963  0.0  1.0837008477829806  25.0
55551.02525999963  0.0  1.0837008477829806  25.0
55556.01160499963  0.0  1.0837008477829806  25.0
55560.997949999626  0.0  1.0837008477829806  25.0
55565.984294999624  0.0  1.0837008477829806  25.0
55570.97063999962  0.0  1.0837008477829806  25.0
55575.95698499962  0.0  1.0837008477829806  25.0
55580.943329999616  0.0  1.0837008477829806  25.0
55585.929674999614  0.0  1.0837008477829806  25.0
55590.91601999961  0.0  1.0837008477829806  25.0
55595.90236499961  0.0  1.0837008477829806  25.0
55600.88870999961  0.0  1.0837008477829806  25.0
55605.875054999604  0.0  1.0837008477829806  25.0
55610.8613999996  0.0  1.0837008477829806  25.0
55615.8477449996  0.0  1.0837008477829806  25.0
55620.8340899996  0.0  1.0837008477829806  25.0
55625.820434999594  0.0  1.0837008477829806  25.0
55630.80677999959  0.0  1.0837008477829806  25.0
55635.79312499959  0.0  1.0837008477829806  25.0
55640.77946999959  0.0  1.0837008477829806  25.0
55645.765814999584  0.0  1.0837008477829806  25.0
55650.75215999958  0.0  1.0837008477829806  25.0
55655.73850499958  0.0  1.0837008477829806  25.0
55660.72484999958  0.0  1.0837008477829806  25.0
55665.711194999574  0.0  1.0837008477829806  25.0
55670.69753999957  0.0  1.0837008477829806  25.0
55675.68388499957  0.0  1.0837008477829806  25.0
55680.67022999957  0.0  1.0837008477829806  25.0
55685.656574999564  0.0  1.0837008477829806  25.0
55690.64291999956  0.0  1.0837008477829806  25.0
55695.62926499956  0.0  1.0837008477829806  25.0
55700.61560999956  0.0  1.0837008477829806  25.0
55705.601954999554  0.0  1.0837008477829806  25.0
55710.58829999955  0.0  1.0837008477829806  25.0
55715.57464499955  0.0  1.0837008477829806  25.0
55720.56098999955  0.0  1.0837008477829806  25.0
55725.547334999545  0.0  1.0837008477829806  25.0
55730.53367999954  0.0  1.0837008477829806  25.0
55735.52002499954  0.0  1.0837008477829806  25.0
55740.50636999954  0.0  1.0837008477829806  25.0
55745.492714999535  0.0  1.0837008477829806  25.0
55750.47905999953  0.0  1.0837008477829806  25.0
55755.46540499953  0.0  1.0837008477829806  25.0
55760.45174999953  0.0  1.0837008477829806  25.0
55765.438094999525  0.0  1.0837008477829806  25.0
55770.42443999952  0.0  1.0837008477829806  25.0
55775.41078499952  0.0  1.0837008477829806  25.0
55780.39712999952  0.0  1.0837008477829806  25.0
55785.383474999515  0.0  1.0837008477829806  25.0
55790.36981999951  0.0  1.0837008477829806  25.0
55795.35616499951  0.0  1.0837008477829806  25.0
55800.34250999951  0.0  1.0837008477829806  25.0
55805.328854999505  0.0  1.0837008477829806  25.0
55810.3151999995  0.0  1.0837008477829806  25.0
55815.3015449995  0.0  1.0837008477829806  25.0
55820.2878899995  0.0  1.0837008477829806  25.0
55825.274234999495  0.0  1.0837008477829806  25.0
55830.26057999949  0.0  1.0837008477829806  25.0
55835.24692499949  0.0  1.0837008477829806  25.0
55840.23326999949  0.0  1.0837008477829806  25.0
55845.219614999485  0.0  1.0837008477829806  25.0
55850.20595999948  0.0  1.0837008477829806  25.0
55855.19230499948  0.0  1.0837008477829806  25.0
55860.17864999948  0.0  1.0837008477829806  25.0
55865.164994999475  0.0  1.0837008477829806  25.0
55870.15133999947  0.0  1.0837008477829806  25.0
55875.13768499947  0.0  1.0837008477829806  25.0
55880.12402999947  0.0  1.0837008477829806  25.0
55885.110374999465  0.0  1.0837008477829806  25.0
55890.09671999946  0.0  1.0837008477829806  25.0
55895.08306499946  0.0  1.0837008477829806  25.0
55900.06940999946  0.0  1.0837008477829806  25.0
55905.055754999456  0.0  1.0837008477829806  25.0
55910.04209999945  0.0  1.0837008477829806  25.0
55915.02844499945  0.0  1.0837008477829806  25.0
55920.01478999945  0.0  1.0837008477829806  25.0
55925.001134999446  0.0  1.0837008477829806  25.0
55929.98747999944  0.0  1.0837008477829806  25.0
55934.97382499944  0.0  1.0837008477829806  25.0
55939.96016999944  0.0  1.0837008477829806  25.0
55944.946514999436  0.0  1.0837008477829806  25.0
55949.93285999943  0.0  1.0837008477829806  25.0
55954.91920499943  0.0  1.0837008477829806  25.0
55959.90554999943  0.0  1.0837008477829806  25.0
55964.891894999426  0.0  1.0837008477829806  25.0
55969.87823999942  0.0  1.0837008477829806  25.0
55974.86458499942  0.0  1.0837008477829806  25.0
55979.85092999942  0.0  1.0837008477829806  25.0
55984.837274999416  0.0  1.0837008477829806  25.0
55989.82361999941  0.0  1.0837008477829806  25.0
55994.80996499941  0.0  1.0837008477829806  25.0
55999.79630999941  0.0  1.0837008477829806  25.0
56004.782654999406  0.0  1.0837008477829806  25.0
56009.7689999994  0.0  1.0837008477829806  25.0
56014.7553449994  0.0  1.0837008477829806  25.0
56019.7416899994  0.0  1.0837008477829806  25.0
56024.728034999396  0.0  1.0837008477829806  25.0
56029.714379999394  0.0  1.0837008477829806  25.0
56034.70072499939  0.0  1.0837008477829806  25.0
56039.68706999939  0.0  1.0837008477829806  25.0
56044.673414999386  0.0  1.0837008477829806  25.0
56049.659759999384  0.0  1.0837008477829806  25.0
56054.64610499938  0.0  1.0837008477829806  25.0
56059.63244999938  0.0  1.0837008477829806  25.0
56064.61879499938  0.0  1.0837008477829806  25.0
56069.605139999374  0.0  1.0837008477829806  25.0
56074.59148499937  0.0  1.0837008477829806  25.0
56079.57782999937  0.0  1.0837008477829806  25.0
56084.56417499937  0.0  1.0837008477829806  25.0
56089.550519999364  0.0  1.0837008477829806  25.0
56094.53686499936  0.0  1.0837008477829806  25.0
56099.52320999936  0.0  1.0837008477829806  25.0
56104.50955499936  0.0  1.0837008477829806  25.0
56109.495899999354  0.0  1.0837008477829806  25.0
56114.48224499935  0.0  1.0837008477829806  25.0
56119.46858999935  0.0  1.0837008477829806  25.0
56124.45493499935  0.0  1.0837008477829806  25.0
56129.441279999344  0.0  1.0837008477829806  25.0
56134.42762499934  0.0  1.0837008477829806  25.0
56139.41396999934  0.0  1.0837008477829806  25.0
56144.40031499934  0.0  1.0837008477829806  25.0
56149.386659999334  0.0  1.0837008477829806  25.0
56154.37300499933  0.0  1.0837008477829806  25.0
56159.35934999933  0.0  1.0837008477829806  25.0
56164.34569499933  0.0  1.0837008477829806  25.0
56169.332039999324  0.0  1.0837008477829806  25.0
56174.31838499932  0.0  1.0837008477829806  25.0
56179.30472999932  0.0  1.0837008477829806  25.0
56184.29107499932  0.0  1.0837008477829806  25.0
56189.277419999315  0.0  1.0837008477829806  25.0
56194.26376499931  0.0  1.0837008477829806  25.0
56199.25010999931  0.0  1.0837008477829806  25.0
56204.23645499931  0.0  1.0837008477829806  25.0
56209.222799999305  0.0  1.0837008477829806  25.0
56214.2091449993  0.0  1.0837008477829806  25.0
56219.1954899993  0.0  1.0837008477829806  25.0
56224.1818349993  0.0  1.0837008477829806  25.0
56229.168179999295  0.0  1.0837008477829806  25.0
56234.15452499929  0.0  1.0837008477829806  25.0
56239.14086999929  0.0  1.0837008477829806  25.0
56244.12721499929  0.0  1.0837008477829806  25.0
56249.113559999285  0.0  1.0837008477829806  25.0
56254.09990499928  0.0  1.0837008477829806  25.0
56259.08624999928  0.0  1.0837008477829806  25.0
56264.07259499928  0.0  1.0837008477829806  25.0
56269.058939999275  0.0  1.0837008477829806  25.0
56274.04528499927  0.0  1.0837008477829806  25.0
56279.03162999927  0.0  1.0837008477829806  25.0
56284.01797499927  0.0  1.0837008477829806  25.0
56289.004319999265  0.0  1.0837008477829806  25.0
56293.99066499926  0.0  1.0837008477829806  25.0
56298.97700999926  0.0  1.0837008477829806  25.0
56303.96335499926  0.0  1.0837008477829806  25.0
56308.949699999255  0.0  1.0837008477829806  25.0
56313.93604499925  0.0  1.0837008477829806  25.0
56318.92238999925  0.0  1.0837008477829806  25.0
56323.90873499925  0.0  1.0837008477829806  25.0
56328.895079999245  0.0  1.0837008477829806  25.0
56333.88142499924  0.0  1.0837008477829806  25.0
56338.86776999924  0.0  1.0837008477829806  25.0
56343.85411499924  0.0  1.0837008477829806  25.0
56348.840459999235  0.0  1.0837008477829806  25.0
56353.82680499923  0.0  1.0837008477829806  25.0
56358.81314999923  0.0  1.0837008477829806  25.0
56363.79949499923  0.0  1.0837008477829806  25.0
56368.785839999226  0.0  1.0837008477829806  25.0
56373.77218499922  0.0  1.0837008477829806  25.0
56378.75852999922  0.0  1.0837008477829806  25.0
56383.74487499922  0.0  1.0837008477829806  25.0
56388.731219999216  0.0  1.0837008477829806  25.0
56393.71756499921  0.0  1.0837008477829806  25.0
56398.70390999921  0.0  1.0837008477829806  25.0
56403.69025499921  0.0  1.0837008477829806  25.0
56408.676599999206  0.0  1.0837008477829806  25.0
56413.6629449992  0.0  1.0837008477829806  25.0
56418.6492899992  0.0  1.0837008477829806  25.0
56423.6356349992  0.0  1.0837008477829806  25.0
56428.621979999196  0.0  1.0837008477829806  25.0
56433.60832499919  0.0  1.0837008477829806  25.0
56438.59466999919  0.0  1.0837008477829806  25.0
56443.58101499919  0.0  1.0837008477829806  25.0
56448.567359999186  0.0  1.0837008477829806  25.0
56453.55370499918  0.0  1.0837008477829806  25.0
56458.54004999918  0.0  1.0837008477829806  25.0
56463.52639499918  0.0  1.0837008477829806  25.0
56468.512739999176  0.0  1.0837008477829806  25.0
56473.499084999174  0.0  1.0837008477829806  25.0
56478.48542999917  0.0  1.0837008477829806  25.0
56483.47177499917  0.0  1.0837008477829806  25.0
56488.458119999166  0.0  1.0837008477829806  25.0
56493.444464999164  0.0  1.0837008477829806  25.0
56498.43080999916  0.0  1.0837008477829806  25.0
56503.41715499916  0.0  1.0837008477829806  25.0
56508.403499999156  0.0  1.0837008477829806  25.0
56513.389844999154  0.0  1.0837008477829806  25.0
56518.37618999915  0.0  1.0837008477829806  25.0
55012.5  -0.45843407159758376  1.2816520404868055  25.0
55072.5  -0.430162324396474  1.58046865246673  25.0
55087.5  -0.1957425063372494  1.682462825860528  25.0
55090.3984375  0.049377375559897095  1.25347849873228  25.0
55093.5  -2.609442104473122  1.5036048690193868  25.0
55096.3984375  -0.35899216320617083  0.746845025438486  25.0
55102.3984375  -6.137617225826785  3.7687794016665355  25.0
55408.5  -2.305618980698698  1.700525325815784  25.0
55411.5  -1.7695357629355681  1.446865057342156  25.0
55414.5  -0.6838226396791804  0.8713192587570049  25.0
55417.5  -0.8833935669245466  0.8625824378828157  25.0
55426.5  -0.36144629297558933  0.8783871487482038  25.0
55429.5  -1.3646021275502902  1.3885546138466758  25.0
55438.5  1.5401225034799217  1.0546928873960384  25.0
55441.5  0.7706011476507817  1.0599938282939767  25.0
55444.3984375  -0.13046228467899768  1.0945481027680826  25.0
55447.3984375  -0.0068716027032533575  0.8384337279295754  25.0
55450.3984375  -2.066094679443782  1.2926466504508625  25.0
55453.3984375  -0.8736751596753  0.8878110332758548  25.0
55456.3984375  -1.2529876587356727  1.2035121479428093  25.0
55465.5  -0.4491082988983601  1.815182852820315  25.0
55468.30078125  0.24207675349361502  0.8730862078502654  25.0
55477.19921875  0.7363413022801147  0.5813375794796968  25.0
55480.19921875  -2.4808448339067337  1.220789285179862  25.0
55483.19921875  0.07578396237002731  0.6995291450979843  25.0
55486.30078125  3.162016909518788  1.5044883435660172  25.0
55498.19921875  -0.5444272636600606  0.7300586813889618  25.0
55501.3984375  1.036826704715794  1.0389862883590775  25.0
55507.30078125  -1.7307604330033226  1.8131213810054587  25.0
55510.19921875  0.9472994740395608  0.8421640370092648  25.0
55738.6015625  -0.3785271363421699  1.3632278130070525  25.0
55741.6015625  -0.8858477669075827  0.9858786739331087  25.0
55747.6015625  -0.5991056035224354  0.9716445948859695  25.0
55765.6015625  -0.021498299478402903  1.2875420268279354  25.0
55768.6015625  0.12565216037312724  0.7230889500352686  25.0
55774.6015625  -0.12948062809032243  0.8140886070831665  25.0
55777.3984375  -0.45823775432257224  0.7920012753266256  25.0
55792.6015625  -1.0069843256964353  1.693849976756451  25.0
55801.30078125  1.0079659120714928  1.0773691709776139  25.0
55804.5  0.2010434706397271  1.2504353469242093  25.0
55807.30078125  3.24879569834486  2.6950426151764972  25.0
55810.30078125  0.3692995690895305  0.8385318397580027  25.0
55819.30078125  -0.08864367421371565  1.0542020473994311  25.0
55822.5  0.7785526058067679  1.090032524588347  25.0
55825.30078125  0.32080566807626365  1.1837808107227201  25.0
55834.30078125  1.0948426254896784  1.299616428613634  25.0
55850.30078125  -0.9842098366682754  0.8191932307060935  25.0
55853.3984375  -1.1991927934199282  1.3704921138914201  25.0
55861.30078125  -0.336414038262101  0.9029285868696242  25.0
55882.19921875  -0.488080133341931  5.182366387249396  25.0
56136.6015625  -1.3071751586014404  0.7670672026551822  25.0
56148.5  0.4347761080227937  0.7932774780414358  25.0
56151.6015625  -0.786307699878664  0.7724663021906264  25.0
56166.3984375  0.3478994180091474  1.1556072689681944  25.0
56174.30078125  0.1442054886227207  0.944256415849647  25.0
56207.3984375  -0.19908015746237662  0.8381392052079797  25.0
56210.30078125  0.3449544482431217  0.7386972968165667  25.0
56213.30078125  -1.1129051254449343  1.360970023917185  25.0
56215.19921875  0.3173698817181699  0.9967750784505813  25.0
56218.19921875  -0.8405933115728589  0.8490356097254523  25.0
56221.30078125  0.24639603780287825  1.3394717376038352  25.0
56239.19921875  -3.923783358512346  2.832180108487593  25.0
56242.19921875  -2.8387571584821845  1.7902487801488718  25.0
56284.19921875  -0.9596683985468552  1.2637858578065613  25.0
56473.5  -0.20398844040575284  0.7828718667114919  25.0
56476.6015625  -0.004515624623118037  0.8489374042788681  25.0
56481.6015625  -0.6992346691854671  0.7934737953164472  25.0
56484.5  -1.2473921951161386  1.4336126582882314  25.0
56505.3984375  0.1723790654840551  1.0305440838246411  25.0
56508.6015625  0.6520169474824712  0.9348324377038392  25.0
56513.6015625  0.3691032284099797  0.8528640306335691  25.0
56516.5  1.2080277261225447  0.9677179685312686  25.0
56520.5  0.9843080421148597  1.0227889429436665  25.0
56532.3984375  1.1198749036077058  1.588321905176132  25.0
56538.3984375  1.0306421956530685  0.8845715641927726  25.0
56540.3984375  2.5518188182492607  0.8862404014576057  25.0
56558.3984375  14.952608137606406  1.914526696192379  25.0
56564.3984375  16.49891496291274  3.8209056169537607  25.0
56569.30078125  6.599880092805114  1.6699956959066495  25.0
56575.30078125  8.0546965146851  1.1721972489336288  25.0
56588.3984375  4.636957490405199  1.451576952796903  25.0
56597.19921875  0.2073260681263408  1.1399007635493907  25.0
56599.30078125  1.163264204402585  1.2134268724670674  25.0
56626.19921875  1.7872056283408009  2.4967477502187063  25.0
