#Date  :
#Flux  :
#Fluxerr  :
#ZP  :
#end  :
@INSTRUMENT  PS
@BAND  PS_g
@MAGSYS  AB
54815.1477625  0.0  0.9955165800527466  25.0
54820.134107499995  0.0  0.9955165800527466  25.0
54825.12045249999  0.0  0.9955165800527466  25.0
54830.10679749999  0.0  0.9955165800527466  25.0
54835.09314249999  0.0  0.9955165800527466  25.0
54840.079487499985  0.0  0.9955165800527466  25.0
54845.06583249998  0.0  0.9955165800527466  25.0
54850.05217749998  0.0  0.9955165800527466  25.0
54855.03852249998  0.0  0.9955165800527466  25.0
54860.024867499975  0.0  0.9955165800527466  25.0
54865.01121249997  0.0  0.9955165800527466  25.0
54869.99755749997  0.0  0.9955165800527466  25.0
54874.98390249997  0.0  0.9955165800527466  25.0
54879.970247499965  0.0  0.9955165800527466  25.0
54884.95659249996  0.0  0.9955165800527466  25.0
54889.94293749996  0.0  0.9955165800527466  25.0
54894.92928249996  0.0  0.9955165800527466  25.0
54899.915627499955  0.0  0.9955165800527466  25.0
54904.90197249995  0.0  0.9955165800527466  25.0
54909.88831749995  0.0  0.9955165800527466  25.0
54914.87466249995  0.0  0.9955165800527466  25.0
54919.861007499945  0.0  0.9955165800527466  25.0
54924.84735249994  0.0  0.9955165800527466  25.0
54929.83369749994  0.0  0.9955165800527466  25.0
54934.82004249994  0.0  0.9955165800527466  25.0
54939.806387499935  0.0  0.9955165800527466  25.0
54944.79273249993  0.0  0.9955165800527466  25.0
54949.77907749993  0.0  0.9955165800527466  25.0
54954.76542249993  0.0  0.9955165800527466  25.0
54959.751767499925  0.0  0.9955165800527466  25.0
54964.73811249992  0.0  0.9955165800527466  25.0
54969.72445749992  0.0  0.9955165800527466  25.0
54974.71080249992  0.0  0.9955165800527466  25.0
54979.697147499915  0.0  0.9955165800527466  25.0
54984.68349249991  0.0  0.9955165800527466  25.0
54989.66983749991  0.0  0.9955165800527466  25.0
54994.65618249991  0.0  0.9955165800527466  25.0
54999.642527499906  0.0  0.9955165800527466  25.0
55004.6288724999  0.0  0.9955165800527466  25.0
55009.6152174999  0.0  0.9955165800527466  25.0
55014.6015624999  0.0  0.9955165800527466  25.0
55019.587907499896  0.0  0.9955165800527466  25.0
55024.57425249989  0.0  0.9955165800527466  25.0
55029.56059749989  0.0  0.9955165800527466  25.0
55034.54694249989  0.0  0.9955165800527466  25.0
55039.533287499886  0.0  0.9955165800527466  25.0
55044.51963249988  0.0  0.9955165800527466  25.0
55049.50597749988  0.0  0.9955165800527466  25.0
55054.49232249988  0.0  0.9955165800527466  25.0
55059.478667499876  0.0  0.9955165800527466  25.0
55064.46501249987  0.0  0.9955165800527466  25.0
55069.45135749987  0.0  0.9955165800527466  25.0
55074.43770249987  0.0  0.9955165800527466  25.0
55079.424047499866  0.0  0.9955165800527466  25.0
55084.41039249986  0.0  0.9955165800527466  25.0
55089.39673749986  0.0  0.9955165800527466  25.0
55094.38308249986  0.0  0.9955165800527466  25.0
55099.369427499856  0.0  0.9955165800527466  25.0
55104.35577249985  0.0  0.9955165800527466  25.0
55109.34211749985  0.0  0.9955165800527466  25.0
55114.32846249985  0.0  0.9955165800527466  25.0
55119.314807499846  0.0  0.9955165800527466  25.0
55124.301152499844  0.0  0.9955165800527466  25.0
55129.28749749984  0.0  0.9955165800527466  25.0
55134.27384249984  0.0  0.9955165800527466  25.0
55139.260187499836  0.0  0.9955165800527466  25.0
55144.246532499834  0.0  0.9955165800527466  25.0
55149.23287749983  0.0  0.9955165800527466  25.0
55154.21922249983  0.0  0.9955165800527466  25.0
55159.20556749983  0.0  0.9955165800527466  25.0
55164.191912499824  0.0  0.9955165800527466  25.0
55169.17825749982  0.0  0.9955165800527466  25.0
55174.16460249982  0.0  0.9955165800527466  25.0
55179.15094749982  0.0  0.9955165800527466  25.0
55184.137292499814  0.0  0.9955165800527466  25.0
55189.12363749981  0.0  0.9955165800527466  25.0
55194.10998249981  0.0  0.9955165800527466  25.0
55199.09632749981  0.0  0.9955165800527466  25.0
55204.082672499804  0.0  0.9955165800527466  25.0
55209.0690174998  0.0  0.9955165800527466  25.0
55214.0553624998  0.0  0.9955165800527466  25.0
55219.0417074998  0.0  0.9955165800527466  25.0
55224.028052499794  0.0  0.9955165800527466  25.0
55229.01439749979  0.0  0.9955165800527466  25.0
55234.00074249979  0.0  0.9955165800527466  25.0
55238.98708749979  0.0  0.9955165800527466  25.0
55243.973432499784  0.0  0.9955165800527466  25.0
55248.95977749978  0.0  0.9955165800527466  25.0
55253.94612249978  0.0  0.9955165800527466  25.0
55258.93246749978  0.0  0.9955165800527466  25.0
55263.918812499775  0.0  0.9955165800527466  25.0
55268.90515749977  0.0  0.9955165800527466  25.0
55273.89150249977  0.0  0.9955165800527466  25.0
55278.87784749977  0.0  0.9955165800527466  25.0
55283.864192499765  0.0  0.9955165800527466  25.0
55288.85053749976  0.0  0.9955165800527466  25.0
55293.83688249976  0.0  0.9955165800527466  25.0
55298.82322749976  0.0  0.9955165800527466  25.0
55303.809572499755  0.0  0.9955165800527466  25.0
55308.79591749975  0.0  0.9955165800527466  25.0
55313.78226249975  0.0  0.9955165800527466  25.0
55318.76860749975  0.0  0.9955165800527466  25.0
55323.754952499745  0.0  0.9955165800527466  25.0
55328.74129749974  0.0  0.9955165800527466  25.0
55333.72764249974  0.0  0.9955165800527466  25.0
55338.71398749974  0.0  0.9955165800527466  25.0
55343.700332499735  0.0  0.9955165800527466  25.0
55348.68667749973  0.0  0.9955165800527466  25.0
55353.67302249973  0.0  0.9955165800527466  25.0
55358.65936749973  0.0  0.9955165800527466  25.0
55363.645712499725  0.0  0.9955165800527466  25.0
55368.63205749972  0.0  0.9955165800527466  25.0
55373.61840249972  0.0  0.9955165800527466  25.0
55378.60474749972  0.0  0.9955165800527466  25.0
55383.591092499715  0.0  0.9955165800527466  25.0
55388.57743749971  0.0  0.9955165800527466  25.0
55393.56378249971  0.0  0.9955165800527466  25.0
55398.55012749971  0.0  0.9955165800527466  25.0
55403.536472499705  0.0  0.9955165800527466  25.0
55408.5228174997  0.0  0.9955165800527466  25.0
55413.5091624997  0.0  0.9955165800527466  25.0
55418.4955074997  0.0  0.9955165800527466  25.0
55423.481852499695  0.0  0.9955165800527466  25.0
55428.46819749969  0.0  0.9955165800527466  25.0
55433.45454249969  0.0  0.9955165800527466  25.0
55438.44088749969  0.0  0.9955165800527466  25.0
55443.427232499685  0.0  0.9955165800527466  25.0
55448.41357749968  0.0  0.9955165800527466  25.0
55453.39992249968  0.0  0.9955165800527466  25.0
55458.38626749968  0.0  0.9955165800527466  25.0
55463.372612499676  0.0  0.9955165800527466  25.0
55468.35895749967  0.0  0.9955165800527466  25.0
55473.34530249967  0.0  0.9955165800527466  25.0
55478.33164749967  0.0  0.9955165800527466  25.0
55483.317992499666  0.0  0.9955165800527466  25.0
55488.30433749966  0.0  0.9955165800527466  25.0
55493.29068249966  0.0  0.9955165800527466  25.0
55498.27702749966  0.0  0.9955165800527466  25.0
55503.263372499656  0.0  0.9955165800527466  25.0
55508.24971749965  0.0  0.9955165800527466  25.0
55513.23606249965  0.0  0.9955165800527466  25.0
55518.22240749965  0.0  0.9955165800527466  25.0
55523.208752499646  0.0  0.9955165800527466  25.0
55528.19509749964  0.0  0.9955165800527466  25.0
55533.18144249964  0.0  0.9955165800527466  25.0
55538.16778749964  0.0  0.9955165800527466  25.0
55543.154132499636  0.0  0.9955165800527466  25.0
55548.14047749963  0.0  0.9955165800527466  25.0
55553.12682249963  0.0  0.9955165800527466  25.0
55558.11316749963  0.0  0.9955165800527466  25.0
55563.099512499626  0.0  0.9955165800527466  25.0
55568.085857499624  0.0  0.9955165800527466  25.0
55573.07220249962  0.0  0.9955165800527466  25.0
55578.05854749962  0.0  0.9955165800527466  25.0
55583.044892499616  0.0  0.9955165800527466  25.0
55588.031237499614  0.0  0.9955165800527466  25.0
55593.01758249961  0.0  0.9955165800527466  25.0
55598.00392749961  0.0  0.9955165800527466  25.0
55602.99027249961  0.0  0.9955165800527466  25.0
55607.976617499604  0.0  0.9955165800527466  25.0
55612.9629624996  0.0  0.9955165800527466  25.0
55617.9493074996  0.0  0.9955165800527466  25.0
55622.9356524996  0.0  0.9955165800527466  25.0
55627.921997499594  0.0  0.9955165800527466  25.0
55632.90834249959  0.0  0.9955165800527466  25.0
55637.89468749959  0.0  0.9955165800527466  25.0
55642.88103249959  0.0  0.9955165800527466  25.0
55647.867377499584  0.0  0.9955165800527466  25.0
55652.85372249958  0.0  0.9955165800527466  25.0
55657.84006749958  0.0  0.9955165800527466  25.0
55662.82641249958  0.0  0.9955165800527466  25.0
55667.812757499574  0.0  0.9955165800527466  25.0
55672.79910249957  0.0  0.9955165800527466  25.0
55677.78544749957  0.0  0.9955165800527466  25.0
55682.77179249957  0.0  0.9955165800527466  25.0
55687.758137499564  0.0  0.9955165800527466  25.0
55692.74448249956  0.0  0.9955165800527466  25.0
55697.73082749956  0.0  0.9955165800527466  25.0
55702.71717249956  0.0  0.9955165800527466  25.0
55707.703517499554  0.0  0.9955165800527466  25.0
55712.68986249955  0.0  0.9955165800527466  25.0
55717.67620749955  0.0  0.9955165800527466  25.0
55722.66255249955  0.0  0.9955165800527466  25.0
55727.648897499545  0.0  0.9955165800527466  25.0
55732.63524249954  0.0  0.9955165800527466  25.0
55737.62158749954  0.0  0.9955165800527466  25.0
55742.60793249954  0.0  0.9955165800527466  25.0
55747.594277499535  0.0  0.9955165800527466  25.0
55752.58062249953  0.0  0.9955165800527466  25.0
55757.56696749953  0.0  0.9955165800527466  25.0
55762.55331249953  0.0  0.9955165800527466  25.0
55767.539657499525  0.0  0.9955165800527466  25.0
55772.52600249952  0.0  0.9955165800527466  25.0
55777.51234749952  0.0  0.9955165800527466  25.0
55782.49869249952  0.0  0.9955165800527466  25.0
55787.485037499515  0.0  0.9955165800527466  25.0
55792.47138249951  0.0  0.9955165800527466  25.0
55797.45772749951  0.0  0.9955165800527466  25.0
55802.44407249951  0.0  0.9955165800527466  25.0
55807.430417499505  0.0  0.9955165800527466  25.0
55812.4167624995  0.0  0.9955165800527466  25.0
55817.4031074995  0.0  0.9955165800527466  25.0
55822.3894524995  0.0  0.9955165800527466  25.0
55827.375797499495  0.0  0.9955165800527466  25.0
55832.36214249949  0.0  0.9955165800527466  25.0
55837.34848749949  0.0  0.9955165800527466  25.0
55842.33483249949  0.0  0.9955165800527466  25.0
55847.321177499485  0.0  0.9955165800527466  25.0
55852.30752249948  0.0  0.9955165800527466  25.0
55857.29386749948  0.0  0.9955165800527466  25.0
55862.28021249948  0.0  0.9955165800527466  25.0
55867.266557499475  0.0  0.9955165800527466  25.0
55872.25290249947  0.0  0.9955165800527466  25.0
55877.23924749947  0.0  0.9955165800527466  25.0
55882.22559249947  0.0  0.9955165800527466  25.0
55887.211937499465  0.0  0.9955165800527466  25.0
55892.19828249946  0.0  0.9955165800527466  25.0
55897.18462749946  0.0  0.9955165800527466  25.0
55902.17097249946  0.0  0.9955165800527466  25.0
55907.157317499456  0.0  0.9955165800527466  25.0
55912.14366249945  0.0  0.9955165800527466  25.0
55917.13000749945  0.0  0.9955165800527466  25.0
55922.11635249945  0.0  0.9955165800527466  25.0
55927.102697499446  0.0  0.9955165800527466  25.0
55932.08904249944  0.0  0.9955165800527466  25.0
55937.07538749944  0.0  0.9955165800527466  25.0
55942.06173249944  0.0  0.9955165800527466  25.0
55947.048077499436  0.0  0.9955165800527466  25.0
55952.03442249943  0.0  0.9955165800527466  25.0
55957.02076749943  0.0  0.9955165800527466  25.0
55962.00711249943  0.0  0.9955165800527466  25.0
55966.993457499426  0.0  0.9955165800527466  25.0
55971.97980249942  0.0  0.9955165800527466  25.0
55976.96614749942  0.0  0.9955165800527466  25.0
55981.95249249942  0.0  0.9955165800527466  25.0
55986.938837499416  0.0  0.9955165800527466  25.0
55991.92518249941  0.0  0.9955165800527466  25.0
55996.91152749941  0.0  0.9955165800527466  25.0
56001.89787249941  0.0  0.9955165800527466  25.0
56006.884217499406  0.0  0.9955165800527466  25.0
56011.8705624994  0.0  0.9955165800527466  25.0
56016.8569074994  0.0  0.9955165800527466  25.0
56021.8432524994  0.0  0.9955165800527466  25.0
56026.829597499396  0.0  0.9955165800527466  25.0
56031.815942499394  0.0  0.9955165800527466  25.0
56036.80228749939  0.0  0.9955165800527466  25.0
56041.78863249939  0.0  0.9955165800527466  25.0
56046.774977499386  0.0  0.9955165800527466  25.0
56051.761322499384  0.0  0.9955165800527466  25.0
56056.74766749938  0.0  0.9955165800527466  25.0
56061.73401249938  0.0  0.9955165800527466  25.0
56066.72035749938  0.0  0.9955165800527466  25.0
56071.706702499374  0.0  0.9955165800527466  25.0
56076.69304749937  0.0  0.9955165800527466  25.0
56081.67939249937  0.0  0.9955165800527466  25.0
56086.66573749937  0.0  0.9955165800527466  25.0
56091.652082499364  0.0  0.9955165800527466  25.0
56096.63842749936  0.0  0.9955165800527466  25.0
56101.62477249936  0.0  0.9955165800527466  25.0
56106.61111749936  0.0  0.9955165800527466  25.0
56111.597462499354  0.0  0.9955165800527466  25.0
56116.58380749935  0.0  0.9955165800527466  25.0
56121.57015249935  0.0  0.9955165800527466  25.0
56126.55649749935  0.0  0.9955165800527466  25.0
56131.542842499344  0.0  0.9955165800527466  25.0
56136.52918749934  0.0  0.9955165800527466  25.0
56141.51553249934  0.0  0.9955165800527466  25.0
56146.50187749934  0.0  0.9955165800527466  25.0
56151.488222499334  0.0  0.9955165800527466  25.0
56156.47456749933  0.0  0.9955165800527466  25.0
56161.46091249933  0.0  0.9955165800527466  25.0
56166.44725749933  0.0  0.9955165800527466  25.0
56171.433602499324  0.0  0.9955165800527466  25.0
56176.41994749932  0.0  0.9955165800527466  25.0
56181.40629249932  0.0  0.9955165800527466  25.0
56186.39263749932  0.0  0.9955165800527466  25.0
56191.378982499315  0.0  0.9955165800527466  25.0
56196.36532749931  0.0  0.9955165800527466  25.0
56201.35167249931  0.0  0.9955165800527466  25.0
56206.33801749931  0.0  0.9955165800527466  25.0
56211.324362499305  0.0  0.9955165800527466  25.0
56216.3107074993  0.0  0.9955165800527466  25.0
56221.2970524993  0.0  0.9955165800527466  25.0
56226.2833974993  0.0  0.9955165800527466  25.0
56231.269742499295  0.0  0.9955165800527466  25.0
56236.25608749929  0.0  0.9955165800527466  25.0
56241.24243249929  0.0  0.9955165800527466  25.0
56246.22877749929  0.0  0.9955165800527466  25.0
56251.215122499285  0.0  0.9955165800527466  25.0
56256.20146749928  0.0  0.9955165800527466  25.0
56261.18781249928  0.0  0.9955165800527466  25.0
56266.17415749928  0.0  0.9955165800527466  25.0
56271.160502499275  0.0  0.9955165800527466  25.0
56276.14684749927  0.0  0.9955165800527466  25.0
56281.13319249927  0.0  0.9955165800527466  25.0
56286.11953749927  0.0  0.9955165800527466  25.0
56291.105882499265  0.0  0.9955165800527466  25.0
56296.09222749926  0.0  0.9955165800527466  25.0
56301.07857249926  0.0  0.9955165800527466  25.0
56306.06491749926  0.0  0.9955165800527466  25.0
56311.051262499255  0.0  0.9955165800527466  25.0
56316.03760749925  0.0  0.9955165800527466  25.0
56321.02395249925  0.0  0.9955165800527466  25.0
56326.01029749925  0.0  0.9955165800527466  25.0
56330.996642499245  0.0  0.9955165800527466  25.0
56335.98298749924  0.0  0.9955165800527466  25.0
56340.96933249924  0.0  0.9955165800527466  25.0
56345.95567749924  0.0  0.9955165800527466  25.0
56350.942022499235  0.0  0.9955165800527466  25.0
56355.92836749923  0.0  0.9955165800527466  25.0
56360.91471249923  0.0  0.9955165800527466  25.0
56365.90105749923  0.0  0.9955165800527466  25.0
56370.887402499226  0.0  0.9955165800527466  25.0
56375.87374749922  0.0  0.9955165800527466  25.0
56380.86009249922  0.0  0.9955165800527466  25.0
56385.84643749922  0.0  0.9955165800527466  25.0
56390.832782499216  0.0  0.9955165800527466  25.0
56395.81912749921  0.0  0.9955165800527466  25.0
56400.80547249921  0.0  0.9955165800527466  25.0
56405.79181749921  0.0  0.9955165800527466  25.0
56410.778162499206  0.0  0.9955165800527466  25.0
56415.7645074992  0.0  0.9955165800527466  25.0
56420.7508524992  0.0  0.9955165800527466  25.0
56425.7371974992  0.0  0.9955165800527466  25.0
56430.723542499196  0.0  0.9955165800527466  25.0
56435.70988749919  0.0  0.9955165800527466  25.0
56440.69623249919  0.0  0.9955165800527466  25.0
56445.68257749919  0.0  0.9955165800527466  25.0
56450.668922499186  0.0  0.9955165800527466  25.0
56455.65526749918  0.0  0.9955165800527466  25.0
56460.64161249918  0.0  0.9955165800527466  25.0
56465.62795749918  0.0  0.9955165800527466  25.0
56470.614302499176  0.0  0.9955165800527466  25.0
56475.600647499174  0.0  0.9955165800527466  25.0
56480.58699249917  0.0  0.9955165800527466  25.0
56485.57333749917  0.0  0.9955165800527466  25.0
56490.559682499166  0.0  0.9955165800527466  25.0
56495.546027499164  0.0  0.9955165800527466  25.0
56500.53237249916  0.0  0.9955165800527466  25.0
56505.51871749916  0.0  0.9955165800527466  25.0
56510.505062499156  0.0  0.9955165800527466  25.0
56515.491407499154  0.0  0.9955165800527466  25.0
56520.47775249915  0.0  0.9955165800527466  25.0
55014.6015625  -0.7501617806214727  1.2053779163164287  25.0
55029.6015625  1.1773831003299784  0.8587417741719922  25.0
55038.6015625  0.3120425194990776  7.618696094940781  25.0
55086.3984375  -0.6681769147005071  0.6976714887281454  25.0
55089.3984375  1.25766835489077  0.5521982483032719  25.0
55092.3984375  -0.5191043598616347  1.0561054128087042  25.0
55095.3984375  -0.5849922137416314  0.7097692413424785  25.0
55098.30078125  -0.3621332843413832  0.6417817834147381  25.0
55389.5  -0.5618964738665834  0.5347015002304738  25.0
55398.5  -0.3943273560982539  3.5512458767882134  25.0
55410.5  -0.19826347915894507  1.9038492473949145  25.0
55413.5  0.99631647007802  0.8249480653893733  25.0
55416.5  -0.2550530249945854  0.8783381739674669  25.0
55422.5  0.9085326160110199  1.0291104355163794  25.0
55425.3984375  0.23995580397280894  0.8208487839533786  25.0
55428.5  -0.42952087242510145  1.0448075025447117  25.0
55437.5  1.1155944802110433  2.6521113249625623  25.0
55440.5  -0.015897070821325267  0.7381640023415654  25.0
55443.5  -0.2132607020088291  0.8418449197806827  25.0
55446.5  0.5194043305398455  1.0534059627544048  25.0
55449.3984375  -1.1678848234355188  0.9906175039413443  25.0
55452.3984375  -1.6576946056133002  0.9690215221074845  25.0
55455.3984375  -1.8262636335881544  1.1684847647919405  25.0
55458.30078125  -0.798852809431949  3.2861946078771727  25.0
55467.30078125  -0.8905359009162261  1.4295366789264794  25.0
55473.30078125  0.4390191016446281  1.1678848234355188  25.0
55479.19921875  0.3225405874127296  0.8232483586793332  25.0
55482.19921875  -0.49790827536547866  0.9334280846054667  25.0
55500.19921875  -1.1292919652009907  1.0047148862689954  25.0
55503.30078125  1.1424895308438752  0.9571236704870704  25.0
55512.30078125  0.15337174918751928  2.336969529583881  25.0
55530.19921875  -1.68778912099736  1.9052489834267436  25.0
55536.30078125  1.5707106415715735  1.075801834613538  25.0
55743.6015625  0.8154497884949137  1.0209119679942562  25.0
55764.6015625  -1.360049415282618  1.2168757752492732  25.0
55770.5  0.44361825475275246  0.6988712284161898  25.0
55773.6015625  0.018696556293558587  1.0004156561641488  25.0
55776.6015625  0.9621227686078314  0.83054700951669  25.0
55779.6015625  -0.9043334079155322  0.6114873670367593  25.0
55782.3984375  -1.6282999582451547  2.50113930544453  25.0
55791.6015625  4.205425288145629  3.3281866888320493  25.0
55794.5  -1.1574867298562928  0.894035336345665  25.0
55797.5  1.317357275612095  0.5880916564835006  25.0
55800.30078125  0.380929817949051  2.6237167069882745  25.0
55803.5  -0.7983529377598193  0.9111321394058264  25.0
55806.3984375  0.8783381739674669  1.3152576715643514  25.0
55809.30078125  0.007498618874150279  1.0975977651162496  25.0
55812.3984375  -0.7344647135931406  1.6191017473787719  25.0
55821.30078125  0.8706396257924063  0.8673402343816852  25.0
55824.30078125  0.31614175326013927  1.0459073632481959  25.0
55828.30078125  0.10188123639465123  0.5828926096938875  25.0
55830.30078125  0.36253320551655344  1.333054437990293  25.0
55833.30078125  1.34205279553769  0.9831189044351356  25.0
55836.19921875  -0.5512984316185054  1.151787859069483  25.0
55852.30078125  1.1801825723936368  0.7276659344279134  25.0
55855.19921875  0.2633514906886012  0.8213487033004413  25.0
55858.19921875  0.21156101913625555  0.5533980356662492  25.0
55860.19921875  -0.09538242790763492  0.8278474641125246  25.0
55863.30078125  -0.4631146802138014  1.2407714051495944  25.0
56147.5  0.4111242599926039  0.9310285098795121  25.0
56150.5  -1.1872812745621417  0.6897729442092999  25.0
56153.6015625  1.4505328147537835  2.0732180700451766  25.0
56155.5  -0.8239482266952478  0.5487988825581248  25.0
56161.30078125  -0.42812113639327226  1.6601941069987478  25.0
56164.3984375  2.8311783731761357  1.7513773744858279  25.0
56176.3984375  -0.2243586636039698  1.223874550758285  25.0
56206.19921875  -0.09878179961214861  0.8071512989634313  25.0
56209.19921875  -0.1680690371153922  0.6172862598329281  25.0
56214.19921875  1.9837345092681362  2.946757094560734  25.0
56217.30078125  -0.018996500154619605  0.6417817834147381  25.0
56220.30078125  1.865756213157583  1.5451154003110779  25.0
56475.5  -0.6401820510391241  0.9319283265642786  25.0
56480.5  2.6038202411647227  1.3907437766732336  25.0
56486.6015625  -0.304243949314658  0.7082695309762234  25.0
56489.5  -0.17886705186978857  0.6732759871556943  25.0
56501.3984375  -0.1038808661079691  1.1195937396376792  25.0
56507.6015625  -1.6202015127323903  0.9387270580545728  25.0
56512.5  0.3346383400270628  0.9226299983386709  25.0
56518.5  -0.9507248363344799  0.7233667519979998  25.0
56531.5  -2.1224090658776484  2.0976135239426945  25.0
56534.5  0.8524429620287607  0.6337832645614666  25.0
56539.3984375  0.19866340033411536  1.123393050395463  25.0
56545.30078125  3.8927829941523955  1.1574867298562928  25.0
56548.30078125  11.791227586338424  2.4304522544376908  25.0
56563.30078125  3.862188654771139  1.7825716552235062  25.0
56571.19921875  3.4608625946762728  0.8064514309475167  25.0
56590.30078125  0.4827110800092763  0.6935722072921507  25.0
56593.30078125  0.5709948057484062  0.67727524658233  25.0
56596.19921875  -1.1579866492033555  2.2404872886476945  25.0
56628.30078125  -1.5673112281514934  6.522598278565452  25.0
