53689.99356291582    294.09684021573275    84.03961385175998     25    
53690.49356291582    371.81431722896616    77.85958955169836     25    
53690.99356291582    461.33898747441145    86.28194337059941     25    
53691.49356291582    563.5226704350124     132.8091084078936     25    
53691.99356291582    678.9849086195875     169.3617914377633     25    
53692.49356291582    808.6879200399674     175.56114601578423    25    
53692.99356291582    953.1454406426228     172.30304040228557    25    
53693.49356291582    1113.420903035192     172.76727610732758    25    
53693.99356291582    1289.9314205348817    173.13764437398544    25    
53694.49356291582    1483.832456412052     173.25069978956998    25    
53694.99356291582    1695.4536852877213    173.1351012704073     25    
53695.49356291582    1926.0334171619058    172.76751276176       25    
53695.99356291582    2175.8230718925083    172.22261550424253    25    
53696.49356291582    2446.5616687857923    171.37912875262523    25    
53696.99356291582    2737.6287514734477    170.7831735624278     25    
53697.49356291582    3050.9995685705403    172.62594568148754    25    
53697.99356291582    3382.069002224406     175.86959246255734    25    
53698.49356291582    3716.1947900762502    177.9066536599968     25    
53698.99356291582    4051.091177360406     179.29922004354543    25    
53699.49356291582    4364.174045506616     180.75826018701628    25    
53699.99356291582    4655.50612787797      182.11120896028518    25    
53700.49356291582    4902.5770862649       182.62377247844893    25    
53700.99356291582    5108.271286692747     182.49067017385562    25    
53701.49356291582    5275.0022869292125    183.09903606529636    25    
53701.99356291582    5403.552922132656     184.3070331657703     25    
53702.49356291582    5507.8081730224385    185.9460939883434     25    
53702.99356291582    5587.404763022589     187.96275340590515    25    
53703.49356291582    5655.197406746023     189.7269784222807     25    
53703.99356291582    5711.003288252069     191.4380016688847     25    
53704.49356291582    5754.70925218333      174.8913870952778     25    
53704.99356291582    5786.629444346845     130.66116328025117    25    
53705.49356291582    5800.503751752436     100.97023148061795    25    
53705.99356291582    5796.363763501342     106.4661736260617     25    
53706.49356291582    5768.984468396739     110.36505439965507    25    
53706.99356291582    5717.419832442394     109.3989855995736     25    
53707.49356291582    5645.033043249607     108.05340092550318    25    
53707.99356291582    5551.162146421672     106.23128952485544    25    
53708.49356291582    5443.2854577443195    105.60827698678538    25    
53708.99356291582    5321.77225478303      106.98333297866037    25    
53709.49356291582    5193.0729519133165    107.36712886625419    25    
53709.99356291582    5058.533596771719     105.12256035887604    25    
53710.49356291582    4920.231729093733     105.84340154827645    25    
53710.99356291582    4779.112864361715     112.2581690257395     25    
53711.49356291582    4635.051167939983     117.44890994242226    25    
53711.99356291582    4488.115651490769     119.39669191523572    25    
53712.49356291582    4338.624418572767     119.87479264977877    25    
53712.99356291582    4186.519686720492     118.99939466596688    25    
53713.49356291582    4032.6381941596737    117.32608230730582    25    
53713.99356291582    3877.1265652675484    114.68058372798141    25    
53714.49356291582    3721.032575280893     112.77568018400963    25    
53714.99356291582    3564.8068285489912    113.55191640661386    25    
53715.49356291582    3409.3297222899364    114.44323420772433    25    
53715.99356291582    3255.119604424148     113.98161696500989    25    
53716.49356291582    3103.0708748132806    112.41880419215543    25    
53716.99356291582    2953.8824404617435    108.47015374261528    25    
53717.49356291582    2808.386574968855     104.78444863085824    25    
53717.99356291582    2667.5147090361315    105.1728412496608     25    
53718.49356291582    2531.9026352216506    106.67614441278724    25    
53718.99356291582    2402.86066707062      106.77746122502812    25    
53719.49356291582    2280.1349916029862    106.20661346474581    25    
53719.99356291582    2164.2021947300213    104.36257172274263    25    
53720.49356291582    2054.472287601657     102.42722442455423    25    
53720.99356291582    1950.2324424088144    103.0136529722489     25    
53721.49356291582    1851.2657543545456    104.57587851227667    25    
53721.99356291582    1756.6658136583574    105.1568310301633     25    
53722.49356291582    1666.5308095830958    105.09034214689257    25    
53722.99356291582    1580.4521577947       104.39943000016557    25    
53723.49356291582    1498.622211223292     102.3447832879569     25    
53723.99356291582    1421.3361950629262    94.76265214673832     25    
53724.49356291582    1348.6239983463045    83.50150350139884     25    
53724.99356291582    1280.8822956953134    79.77086166440705     25    
53725.49356291582    1217.9953100835426    81.32656005623525     25    
53725.99356291582    1159.8231450112992    80.10346613022435     25    
53726.49356291582    1106.2411120587979    77.54159798778068     25    
53726.99356291582    1056.3540780239791    77.22915294792226     25    
53727.49356291582    1010.1586233497013    78.63470750892678     25    
53727.99356291582    966.7011909509581     79.70749842451949     25    
53728.49356291582    926.021848716957      80.52301133272482     25    
53728.99356291582    887.4961462522488     79.9717793965573      25    
53729.49356291582    851.1529793588198     78.02991554062179     25    
53729.99356291582    816.8519557688344     71.28126989514563     25    
53730.49356291582    784.5975715392368     57.98669842000473     25    
53730.99356291582    754.2504163491225     50.34022666072159     25    
53731.49356291582    725.8146062604031     51.723058875858676    25    
53731.99356291582    699.138842872842      51.4073337199667      25    
53732.49356291582    674.2269508453372     48.50640268447886     25    
53732.99356291582    650.9142464468695     46.819143373941515    25    
53733.49356291582    629.201238777308      46.89782406744058     25    
53733.99356291582    608.9244991964835     47.55258488442331     25    
53734.49356291582    590.0725577199777     48.87017273282288     25    
53734.99356291582    572.5450353668208     49.187167096695454    25    
53735.49356291582    556.3201991158115     48.34738820899175     25    
53735.99356291582    541.3957708031338     45.16821327453092     25    
53736.49356291582    527.7688229832318     37.33254175910005     25    
53736.99356291582    515.4346705943993     31.18455220600801     25    
53737.49356291582    504.4223711817905     32.13440599875976     25    
53737.99356291582    494.59092290857075    33.148256870125174    25    
53738.49356291582    485.978753017299      31.617546942121546    25    
53738.99356291582    478.22295632181397    30.190751643943287    25    
53739.49356291582    471.24890824362126    29.7283115849665      25    
53739.99356291582    464.7365123582923     29.841531885873486    25    
53740.49356291582    458.536943025551      30.83792353709779     25    
53740.99356291582    452.49329076989665    31.46386511783268     25    
53741.49356291582    446.4343681310546     30.687252211921997    25    
53741.99356291582    440.4557322486545     29.650861576963838    25    
53742.49356291582    434.56164573539627    29.004506503616803    25    
53742.99356291582    428.8044663767006     28.620022182120817    25    
53743.49356291582    423.22656521771074    28.655470353307344    25    
53743.99356291582    417.8463598468521     28.942739916201088    25    
53744.49356291582    412.7068043408668     29.512689399432357    25    
53744.99356291582    407.7884973377899     29.92347037854575     25    
53745.49356291582    403.0881521718657     29.491425925614198    25    
53745.99356291582    398.59749295271723    28.604859662412252    25    
53746.49356291582    394.30454527826726    27.488248931131732    25    
53746.99356291582    390.20449840732215    26.22790366804047     25    
53747.49356291582    386.2843503624514     25.196181858677207    25    
53747.99356291582    382.5402892544378     24.355000143914182    25    
53748.49356291582    378.95836625484515    24.076880792563085    25    
53748.99356291582    375.5356643244926     23.834732186537114    25    
53749.49356291582    372.2573917858765     21.758362906571534    25    
53749.99356291582    369.12142244791306    18.713804822706848    25    
53750.49356291582    366.11222578597324    17.909027291162907    25    
53750.99356291582    363.22836245512775    19.120434136405553    25    
53751.49356291582    360.45366708556384    21.61427724258459     25    