#Date  :
#Flux  :
#Fluxerr  :
#ZP  :
#end  :
@INSTRUMENT  PS
@BAND  PS_r
@MAGSYS  AB
54875.1477625  0.0  0.9393879633845678  25.0
54880.134107499995  0.0  0.9393879633845678  25.0
54885.12045249999  0.0  0.9393879633845678  25.0
54890.10679749999  0.0  0.9393879633845678  25.0
54895.09314249999  0.0  0.9393879633845678  25.0
54900.079487499985  0.0  0.9393879633845678  25.0
54905.06583249998  0.0  0.9393879633845678  25.0
54910.05217749998  0.0  0.9393879633845678  25.0
54915.03852249998  0.0  0.9393879633845678  25.0
54920.024867499975  0.0  0.9393879633845678  25.0
54925.01121249997  0.0  0.9393879633845678  25.0
54929.99755749997  0.0  0.9393879633845678  25.0
54934.98390249997  0.0  0.9393879633845678  25.0
54939.970247499965  0.0  0.9393879633845678  25.0
54944.95659249996  0.0  0.9393879633845678  25.0
54949.94293749996  0.0  0.9393879633845678  25.0
54954.92928249996  0.0  0.9393879633845678  25.0
54959.915627499955  0.0  0.9393879633845678  25.0
54964.90197249995  0.0  0.9393879633845678  25.0
54969.88831749995  0.0  0.9393879633845678  25.0
54974.87466249995  0.0  0.9393879633845678  25.0
54979.861007499945  0.0  0.9393879633845678  25.0
54984.84735249994  0.0  0.9393879633845678  25.0
54989.83369749994  0.0  0.9393879633845678  25.0
54994.82004249994  0.0  0.9393879633845678  25.0
54999.806387499935  0.0  0.9393879633845678  25.0
55004.79273249993  0.0  0.9393879633845678  25.0
55009.77907749993  0.0  0.9393879633845678  25.0
55014.76542249993  0.0  0.9393879633845678  25.0
55019.751767499925  0.0  0.9393879633845678  25.0
55024.73811249992  0.0  0.9393879633845678  25.0
55029.72445749992  0.0  0.9393879633845678  25.0
55034.71080249992  0.0  0.9393879633845678  25.0
55039.697147499915  0.0  0.9393879633845678  25.0
55044.68349249991  0.0  0.9393879633845678  25.0
55049.66983749991  0.0  0.9393879633845678  25.0
55054.65618249991  0.0  0.9393879633845678  25.0
55059.642527499906  0.0  0.9393879633845678  25.0
55064.6288724999  0.0  0.9393879633845678  25.0
55069.6152174999  0.0  0.9393879633845678  25.0
55074.6015624999  0.0  0.9393879633845678  25.0
55079.587907499896  0.0  0.9393879633845678  25.0
55084.57425249989  0.0  0.9393879633845678  25.0
55089.56059749989  0.0  0.9393879633845678  25.0
55094.54694249989  0.0  0.9393879633845678  25.0
55099.533287499886  0.0  0.9393879633845678  25.0
55104.51963249988  0.0  0.9393879633845678  25.0
55109.50597749988  0.0  0.9393879633845678  25.0
55114.49232249988  0.0  0.9393879633845678  25.0
55119.478667499876  0.0  0.9393879633845678  25.0
55124.46501249987  0.0  0.9393879633845678  25.0
55129.45135749987  0.0  0.9393879633845678  25.0
55134.43770249987  0.0  0.9393879633845678  25.0
55139.424047499866  0.0  0.9393879633845678  25.0
55144.41039249986  0.0  0.9393879633845678  25.0
55149.39673749986  0.0  0.9393879633845678  25.0
55154.38308249986  0.0  0.9393879633845678  25.0
55159.369427499856  0.0  0.9393879633845678  25.0
55164.35577249985  0.0  0.9393879633845678  25.0
55169.34211749985  0.0  0.9393879633845678  25.0
55174.32846249985  0.0  0.9393879633845678  25.0
55179.314807499846  0.0  0.9393879633845678  25.0
55184.301152499844  0.0  0.9393879633845678  25.0
55189.28749749984  0.0  0.9393879633845678  25.0
55194.27384249984  0.0  0.9393879633845678  25.0
55199.260187499836  0.0  0.9393879633845678  25.0
55204.246532499834  0.0  0.9393879633845678  25.0
55209.23287749983  0.0  0.9393879633845678  25.0
55214.21922249983  0.0  0.9393879633845678  25.0
55219.20556749983  0.0  0.9393879633845678  25.0
55224.191912499824  0.0  0.9393879633845678  25.0
55229.17825749982  0.0  0.9393879633845678  25.0
55234.16460249982  0.0  0.9393879633845678  25.0
55239.15094749982  0.0  0.9393879633845678  25.0
55244.137292499814  0.0  0.9393879633845678  25.0
55249.12363749981  0.0  0.9393879633845678  25.0
55254.10998249981  0.0  0.9393879633845678  25.0
55259.09632749981  0.0  0.9393879633845678  25.0
55264.082672499804  0.0  0.9393879633845678  25.0
55269.0690174998  0.0  0.9393879633845678  25.0
55274.0553624998  0.0  0.9393879633845678  25.0
55279.0417074998  0.0  0.9393879633845678  25.0
55284.028052499794  0.0  0.9393879633845678  25.0
55289.01439749979  0.0  0.9393879633845678  25.0
55294.00074249979  0.0  0.9393879633845678  25.0
55298.98708749979  0.0  0.9393879633845678  25.0
55303.973432499784  0.0  0.9393879633845678  25.0
55308.95977749978  0.0  0.9393879633845678  25.0
55313.94612249978  0.0  0.9393879633845678  25.0
55318.93246749978  0.0  0.9393879633845678  25.0
55323.918812499775  0.0  0.9393879633845678  25.0
55328.90515749977  0.0  0.9393879633845678  25.0
55333.89150249977  0.0  0.9393879633845678  25.0
55338.87784749977  0.0  0.9393879633845678  25.0
55343.864192499765  0.0  0.9393879633845678  25.0
55348.85053749976  0.0  0.9393879633845678  25.0
55353.83688249976  0.0  0.9393879633845678  25.0
55358.82322749976  0.0  0.9393879633845678  25.0
55363.809572499755  0.0  0.9393879633845678  25.0
55368.79591749975  0.0  0.9393879633845678  25.0
55373.78226249975  0.0  0.9393879633845678  25.0
55378.76860749975  0.0  0.9393879633845678  25.0
55383.754952499745  0.0  0.9393879633845678  25.0
55388.74129749974  0.0  0.9393879633845678  25.0
55393.72764249974  0.0  0.9393879633845678  25.0
55398.71398749974  0.0  0.9393879633845678  25.0
55403.700332499735  0.0  0.9393879633845678  25.0
55408.68667749973  0.0  0.9393879633845678  25.0
55413.67302249973  0.0  0.9393879633845678  25.0
55418.65936749973  0.0  0.9393879633845678  25.0
55423.645712499725  0.0  0.9393879633845678  25.0
55428.63205749972  0.0  0.9393879633845678  25.0
55433.61840249972  0.0  0.9393879633845678  25.0
55438.60474749972  0.0  0.9393879633845678  25.0
55443.591092499715  0.0  0.9393879633845678  25.0
55448.57743749971  0.0  0.9393879633845678  25.0
55453.56378249971  0.0  0.9393879633845678  25.0
55458.55012749971  0.0  0.9393879633845678  25.0
55463.536472499705  0.0  0.9393879633845678  25.0
55468.5228174997  0.0  0.9393879633845678  25.0
55473.5091624997  0.0  0.9393879633845678  25.0
55478.4955074997  0.0  0.9393879633845678  25.0
55483.481852499695  0.0  0.9393879633845678  25.0
55488.46819749969  0.0  0.9393879633845678  25.0
55493.45454249969  0.0  0.9393879633845678  25.0
55498.44088749969  0.0  0.9393879633845678  25.0
55503.427232499685  0.0  0.9393879633845678  25.0
55508.41357749968  0.0  0.9393879633845678  25.0
55513.39992249968  0.0  0.9393879633845678  25.0
55518.38626749968  0.0  0.9393879633845678  25.0
55523.372612499676  0.0  0.9393879633845678  25.0
55528.35895749967  0.0  0.9393879633845678  25.0
55533.34530249967  0.0  0.9393879633845678  25.0
55538.33164749967  0.0  0.9393879633845678  25.0
55543.317992499666  0.0  0.9393879633845678  25.0
55548.30433749966  0.0  0.9393879633845678  25.0
55553.29068249966  0.0  0.9393879633845678  25.0
55558.27702749966  0.0  0.9393879633845678  25.0
55563.263372499656  0.0  0.9393879633845678  25.0
55568.24971749965  0.0  0.9393879633845678  25.0
55573.23606249965  0.0  0.9393879633845678  25.0
55578.22240749965  0.0  0.9393879633845678  25.0
55583.208752499646  0.0  0.9393879633845678  25.0
55588.19509749964  0.0  0.9393879633845678  25.0
55593.18144249964  0.0  0.9393879633845678  25.0
55598.16778749964  0.0  0.9393879633845678  25.0
55603.154132499636  0.0  0.9393879633845678  25.0
55608.14047749963  0.0  0.9393879633845678  25.0
55613.12682249963  0.0  0.9393879633845678  25.0
55618.11316749963  0.0  0.9393879633845678  25.0
55623.099512499626  0.0  0.9393879633845678  25.0
55628.085857499624  0.0  0.9393879633845678  25.0
55633.07220249962  0.0  0.9393879633845678  25.0
55638.05854749962  0.0  0.9393879633845678  25.0
55643.044892499616  0.0  0.9393879633845678  25.0
55648.031237499614  0.0  0.9393879633845678  25.0
55653.01758249961  0.0  0.9393879633845678  25.0
55658.00392749961  0.0  0.9393879633845678  25.0
55662.99027249961  0.0  0.9393879633845678  25.0
55667.976617499604  0.0  0.9393879633845678  25.0
55672.9629624996  0.0  0.9393879633845678  25.0
55677.9493074996  0.0  0.9393879633845678  25.0
55682.9356524996  0.0  0.9393879633845678  25.0
55687.921997499594  0.0  0.9393879633845678  25.0
55692.90834249959  0.0  0.9393879633845678  25.0
55697.89468749959  0.0  0.9393879633845678  25.0
55702.88103249959  0.0  0.9393879633845678  25.0
55707.867377499584  0.0  0.9393879633845678  25.0
55712.85372249958  0.0  0.9393879633845678  25.0
55717.84006749958  0.0  0.9393879633845678  25.0
55722.82641249958  0.0  0.9393879633845678  25.0
55727.812757499574  0.0  0.9393879633845678  25.0
55732.79910249957  0.0  0.9393879633845678  25.0
55737.78544749957  0.0  0.9393879633845678  25.0
55742.77179249957  0.0  0.9393879633845678  25.0
55747.758137499564  0.0  0.9393879633845678  25.0
55752.74448249956  0.0  0.9393879633845678  25.0
55757.73082749956  0.0  0.9393879633845678  25.0
55762.71717249956  0.0  0.9393879633845678  25.0
55767.703517499554  0.0  0.9393879633845678  25.0
55772.68986249955  0.0  0.9393879633845678  25.0
55777.67620749955  0.0  0.9393879633845678  25.0
55782.66255249955  0.0  0.9393879633845678  25.0
55787.648897499545  0.0  0.9393879633845678  25.0
55792.63524249954  0.0  0.9393879633845678  25.0
55797.62158749954  0.0  0.9393879633845678  25.0
55802.60793249954  0.0  0.9393879633845678  25.0
55807.594277499535  0.0  0.9393879633845678  25.0
55812.58062249953  0.0  0.9393879633845678  25.0
55817.56696749953  0.0  0.9393879633845678  25.0
55822.55331249953  0.0  0.9393879633845678  25.0
55827.539657499525  0.0  0.9393879633845678  25.0
55832.52600249952  0.0  0.9393879633845678  25.0
55837.51234749952  0.0  0.9393879633845678  25.0
55842.49869249952  0.0  0.9393879633845678  25.0
55847.485037499515  0.0  0.9393879633845678  25.0
55852.47138249951  0.0  0.9393879633845678  25.0
55857.45772749951  0.0  0.9393879633845678  25.0
55862.44407249951  0.0  0.9393879633845678  25.0
55867.430417499505  0.0  0.9393879633845678  25.0
55872.4167624995  0.0  0.9393879633845678  25.0
55877.4031074995  0.0  0.9393879633845678  25.0
55882.3894524995  0.0  0.9393879633845678  25.0
55887.375797499495  0.0  0.9393879633845678  25.0
55892.36214249949  0.0  0.9393879633845678  25.0
55897.34848749949  0.0  0.9393879633845678  25.0
55902.33483249949  0.0  0.9393879633845678  25.0
55907.321177499485  0.0  0.9393879633845678  25.0
55912.30752249948  0.0  0.9393879633845678  25.0
55917.29386749948  0.0  0.9393879633845678  25.0
55922.28021249948  0.0  0.9393879633845678  25.0
55927.266557499475  0.0  0.9393879633845678  25.0
55932.25290249947  0.0  0.9393879633845678  25.0
55937.23924749947  0.0  0.9393879633845678  25.0
55942.22559249947  0.0  0.9393879633845678  25.0
55947.211937499465  0.0  0.9393879633845678  25.0
55952.19828249946  0.0  0.9393879633845678  25.0
55957.18462749946  0.0  0.9393879633845678  25.0
55962.17097249946  0.0  0.9393879633845678  25.0
55967.157317499456  0.0  0.9393879633845678  25.0
55972.14366249945  0.0  0.9393879633845678  25.0
55977.13000749945  0.0  0.9393879633845678  25.0
55982.11635249945  0.0  0.9393879633845678  25.0
55987.102697499446  0.0  0.9393879633845678  25.0
55992.08904249944  0.0  0.9393879633845678  25.0
55997.07538749944  0.0  0.9393879633845678  25.0
56002.06173249944  0.0  0.9393879633845678  25.0
56007.048077499436  0.0  0.9393879633845678  25.0
56012.03442249943  0.0  0.9393879633845678  25.0
56017.02076749943  0.0  0.9393879633845678  25.0
56022.00711249943  0.0  0.9393879633845678  25.0
56026.993457499426  0.0  0.9393879633845678  25.0
56031.97980249942  0.0  0.9393879633845678  25.0
56036.96614749942  0.0  0.9393879633845678  25.0
56041.95249249942  0.0  0.9393879633845678  25.0
56046.938837499416  0.0  0.9393879633845678  25.0
56051.92518249941  0.0  0.9393879633845678  25.0
56056.91152749941  0.0  0.9393879633845678  25.0
56061.89787249941  0.0  0.9393879633845678  25.0
56066.884217499406  0.0  0.9393879633845678  25.0
56071.8705624994  0.0  0.9393879633845678  25.0
56076.8569074994  0.0  0.9393879633845678  25.0
56081.8432524994  0.0  0.9393879633845678  25.0
56086.829597499396  0.0  0.9393879633845678  25.0
56091.815942499394  0.0  0.9393879633845678  25.0
56096.80228749939  0.0  0.9393879633845678  25.0
56101.78863249939  0.0  0.9393879633845678  25.0
56106.774977499386  0.0  0.9393879633845678  25.0
56111.761322499384  0.0  0.9393879633845678  25.0
56116.74766749938  0.0  0.9393879633845678  25.0
56121.73401249938  0.0  0.9393879633845678  25.0
56126.72035749938  0.0  0.9393879633845678  25.0
56131.706702499374  0.0  0.9393879633845678  25.0
56136.69304749937  0.0  0.9393879633845678  25.0
56141.67939249937  0.0  0.9393879633845678  25.0
56146.66573749937  0.0  0.9393879633845678  25.0
56151.652082499364  0.0  0.9393879633845678  25.0
56156.63842749936  0.0  0.9393879633845678  25.0
56161.62477249936  0.0  0.9393879633845678  25.0
56166.61111749936  0.0  0.9393879633845678  25.0
56171.597462499354  0.0  0.9393879633845678  25.0
56176.58380749935  0.0  0.9393879633845678  25.0
56181.57015249935  0.0  0.9393879633845678  25.0
56186.55649749935  0.0  0.9393879633845678  25.0
56191.542842499344  0.0  0.9393879633845678  25.0
56196.52918749934  0.0  0.9393879633845678  25.0
56201.51553249934  0.0  0.9393879633845678  25.0
56206.50187749934  0.0  0.9393879633845678  25.0
56211.488222499334  0.0  0.9393879633845678  25.0
56216.47456749933  0.0  0.9393879633845678  25.0
56221.46091249933  0.0  0.9393879633845678  25.0
56226.44725749933  0.0  0.9393879633845678  25.0
56231.433602499324  0.0  0.9393879633845678  25.0
56236.41994749932  0.0  0.9393879633845678  25.0
56241.40629249932  0.0  0.9393879633845678  25.0
56246.39263749932  0.0  0.9393879633845678  25.0
56251.378982499315  0.0  0.9393879633845678  25.0
56256.36532749931  0.0  0.9393879633845678  25.0
56261.35167249931  0.0  0.9393879633845678  25.0
56266.33801749931  0.0  0.9393879633845678  25.0
56271.324362499305  0.0  0.9393879633845678  25.0
56276.3107074993  0.0  0.9393879633845678  25.0
56281.2970524993  0.0  0.9393879633845678  25.0
56286.2833974993  0.0  0.9393879633845678  25.0
56291.269742499295  0.0  0.9393879633845678  25.0
56296.25608749929  0.0  0.9393879633845678  25.0
56301.24243249929  0.0  0.9393879633845678  25.0
56306.22877749929  0.0  0.9393879633845678  25.0
56311.215122499285  0.0  0.9393879633845678  25.0
56316.20146749928  0.0  0.9393879633845678  25.0
56321.18781249928  0.0  0.9393879633845678  25.0
56326.17415749928  0.0  0.9393879633845678  25.0
56331.160502499275  0.0  0.9393879633845678  25.0
56336.14684749927  0.0  0.9393879633845678  25.0
56341.13319249927  0.0  0.9393879633845678  25.0
56346.11953749927  0.0  0.9393879633845678  25.0
56351.105882499265  0.0  0.9393879633845678  25.0
56356.09222749926  0.0  0.9393879633845678  25.0
56361.07857249926  0.0  0.9393879633845678  25.0
56366.06491749926  0.0  0.9393879633845678  25.0
56371.051262499255  0.0  0.9393879633845678  25.0
56376.03760749925  0.0  0.9393879633845678  25.0
56381.02395249925  0.0  0.9393879633845678  25.0
56386.01029749925  0.0  0.9393879633845678  25.0
56390.996642499245  0.0  0.9393879633845678  25.0
56395.98298749924  0.0  0.9393879633845678  25.0
56400.96933249924  0.0  0.9393879633845678  25.0
56405.95567749924  0.0  0.9393879633845678  25.0
56410.942022499235  0.0  0.9393879633845678  25.0
56415.92836749923  0.0  0.9393879633845678  25.0
56420.91471249923  0.0  0.9393879633845678  25.0
56425.90105749923  0.0  0.9393879633845678  25.0
56430.887402499226  0.0  0.9393879633845678  25.0
56435.87374749922  0.0  0.9393879633845678  25.0
56440.86009249922  0.0  0.9393879633845678  25.0
56445.84643749922  0.0  0.9393879633845678  25.0
56450.832782499216  0.0  0.9393879633845678  25.0
56455.81912749921  0.0  0.9393879633845678  25.0
56460.80547249921  0.0  0.9393879633845678  25.0
56465.79181749921  0.0  0.9393879633845678  25.0
56470.778162499206  0.0  0.9393879633845678  25.0
56475.7645074992  0.0  0.9393879633845678  25.0
56480.7508524992  0.0  0.9393879633845678  25.0
56485.7371974992  0.0  0.9393879633845678  25.0
56490.723542499196  0.0  0.9393879633845678  25.0
56495.70988749919  0.0  0.9393879633845678  25.0
56500.69623249919  0.0  0.9393879633845678  25.0
56505.68257749919  0.0  0.9393879633845678  25.0
56510.668922499186  0.0  0.9393879633845678  25.0
56515.65526749918  0.0  0.9393879633845678  25.0
56520.64161249918  0.0  0.9393879633845678  25.0
56525.62795749918  0.0  0.9393879633845678  25.0
56530.614302499176  0.0  0.9393879633845678  25.0
56535.600647499174  0.0  0.9393879633845678  25.0
56540.58699249917  0.0  0.9393879633845678  25.0
56545.57333749917  0.0  0.9393879633845678  25.0
56550.559682499166  0.0  0.9393879633845678  25.0
56555.546027499164  0.0  0.9393879633845678  25.0
56560.53237249916  0.0  0.9393879633845678  25.0
55074.6015625  -1.147531604713804  1.237994882379911  25.0
55083.6015625  -1.854789388677434  2.0167225631688357  25.0
55086.6015625  0.708138901899541  1.7452349734174266  25.0
55089.6015625  -0.7792171648176429  0.9027718503517912  25.0
55095.6015625  -0.04483998741927873  0.9094292999845406  25.0
55098.6015625  0.27305398532752534  1.1071952263258966  25.0
55101.6015625  0.9183386095704849  0.8509807520601687  25.0
55104.6015625  0.2677671610015141  1.1100344671135531  25.0
55161.3984375  -0.19277278076152107  1.0808590715279116  25.0
55170.3984375  -1.8029982903858115  1.3100520666712308  25.0
55173.3984375  0.7714827569532771  0.8019308576978041  25.0
55176.3984375  1.533175086384699  0.902576056740304  25.0
55179.3984375  -0.37007674579431044  0.49744971019987894  25.0
55188.30078125  0.8209242385386161  1.2879258013097497  25.0
55191.30078125  -1.1577136194586337  0.8269942139684672  25.0
55203.30078125  0.44144867578753416  0.5519821991576328  25.0
55206.30078125  0.12942896072094864  0.5736189804903957  25.0
55215.19921875  -0.25543127647766983  0.5838009485510071  25.0
55413.6015625  1.0285783491549159  0.7895949264897415  25.0
55416.6015625  -0.5111562900567889  0.9672905604428874  25.0
55422.6015625  0.6909078502989874  1.089670437623894  25.0
55428.6015625  1.3598852288479808  0.6642779583995532  25.0
55446.6015625  -2.4739336050496776  1.0033191992727657  25.0
55449.6015625  -0.4652393268993118  0.8319873712193566  25.0
55452.6015625  0.44037176424013597  0.5704860492855083  25.0
55458.6015625  -0.6013257839372281  1.5112446146347052  25.0
55476.6015625  -0.08498058386675357  0.7450487053495484  25.0
55479.6015625  3.3119909516988852  2.307594934247158  25.0
55482.6015625  0.198842814546645  0.9360591918839748  25.0
55485.6015625  -0.26698393987134683  1.7015697301604895  25.0
55500.3984375  -0.23712324330339069  0.454567828125764  25.0
55503.3984375  -0.798700029687173  1.3087793615123453  25.0
55509.5  -0.7157754129581632  0.9481013859905882  25.0
55530.5  -8.63669093095221  4.748731008582898  25.0
55587.30078125  0.01566462392903719  0.8667432115219129  25.0
55590.30078125  0.4026787396599612  0.704614383471679  25.0
55593.30078125  -0.2412352125920418  0.7799024891420666  25.0
55596.30078125  -0.7651189977377586  0.8683097471506841  25.0
55809.6015625  0.702558410498408  1.0707750002730438  25.0
55812.5  -1.0548166538313757  0.5862485554314709  25.0
55824.6015625  0.4678827273912628  1.0110535604529132  25.0
55828.5  -0.19747216589779767  0.4529034423754675  25.0
55829.5  -1.2013787693471343  0.6188505726392308  25.0
55833.6015625  -0.0912464346054739  1.0347463614431656  25.0
55836.6015625  -1.7469972092892485  1.621484447587573  25.0
55839.5  -0.054728282569241074  1.327283211640221  25.0
55852.6015625  0.6541938871446854  1.046592668569855  25.0
55855.5  1.6961851724234986  0.9958784818256307  25.0
55858.3984375  -0.21186404673702208  0.46553306400076094  25.0
55863.5  0.434987019766272  1.0178089535756245  25.0
55887.3984375  0.42441341779846786  0.9385068454486568  25.0
55895.30078125  -0.3389432973832506  0.6328508429133716  25.0
55911.30078125  -0.5370029141418374  0.748083693064474  25.0
55941.30078125  0.7985042360756858  3.467854244128872  25.0
56161.6015625  -0.02153885826714659  0.4784563760432852  25.0
56206.6015625  -0.13628222730729445  1.49626532961891  25.0
56209.6015625  -0.24260586124088915  0.7837207446713778  25.0
56213.3984375  0.6844461942777252  1.958763359220527  25.0
56217.5  0.7173419019027161  1.0334735629158436  25.0
56220.5  -1.0025359314583802  1.6683804254867045  25.0
56235.5  0.03035020977431069  0.6292283809955478  25.0
56238.3984375  1.704506914438108  1.4278304671927589  25.0
56241.3984375  -2.9272287747007746  2.358015383889933  25.0
56242.3984375  -0.7733429363150608  1.0114452410443244  25.0
56268.30078125  0.1089670460966003  0.7112718331044284  25.0
56271.30078125  -0.3581324718355498  0.6270745112165331  25.0
56302.30078125  -0.26277407377695206  0.9393879633845678  25.0
56507.6015625  1.9935191995230832  0.7901824006926399  25.0
56512.6015625  -0.30604758975825974  0.5368070738461319  25.0
56518.6015625  0.3830000578368347  0.4509453662079401  25.0
56534.6015625  0.7827416832455049  0.8024203884107405  25.0
56537.6015625  -0.34550287355236553  0.5729336561659721  25.0
56538.6015625  0.6258017593734294  0.5601082409291914  25.0
56545.6015625  1.707346061857328  0.9072754768897443  25.0
56567.6015625  -0.42314066595536415  1.0462010813468805  25.0
56574.6015625  0.8034972999581387  0.8732048675431751  25.0
56590.5  13.443967310528203  1.1578115629485957  25.0
56593.5  13.785065364690615  1.094076120671885  25.0
56619.3984375  5.8320375469386185  1.4867686391985038  25.0
56622.3984375  2.423904742629877  0.8783938184055519  25.0
56625.30078125  2.9426974970610695  0.6434244448811758  25.0
56626.30078125  1.1278529929170051  2.122165032482301  25.0
56630.30078125  1.8415723395334607  0.7709932262403406  25.0
56633.30078125  2.072625607407  0.9949973638897198  25.0
56636.30078125  0.5747937888435376  1.4678732018476537  25.0
56649.3984375  2.407554808965234  2.1662216762253395  25.0
56655.3984375  1.365074086341921  1.1967772926876559  25.0
56656.3984375  0.4067907322907215  0.9481013859905882  25.0
56663.30078125  1.9498541430030192  1.675723106075441  25.0
