56574.66157948537    1.6461772809796347    0.28658458555458804    25    
56575.16157948537    1.882046194179617     0.28482784460665617    25    
56575.66157948537    2.131202769988695     0.2840439592904564     25    
56576.16157948537    2.3921087682401163    0.29400049226047414    25    
56576.66157948537    2.6652065836231555    0.3193041508594218     25    
56577.16157948537    2.9496487970397665    0.34433303781863284    25    
56577.66157948537    3.2442240677313126    0.3554310378577437     25    
56578.16157948537    3.549529348168562     0.3560410748058256     25    
56578.66157948537    3.8642357620638617    0.35444946792593146    25    
56579.16157948537    4.187676801005436     0.35541429558017895    25    
56579.66157948537    4.520168109368061     0.35647858621535267    25    
56580.16157948537    4.860126501398675     0.35749113428247425    25    
56580.66157948537    5.207620589614704     0.35843591979305184    25    
56581.16157948537    5.562276488773854     0.3593446428025864     25    
56581.66157948537    5.922628548652096     0.36024615419981926    25    
56582.16157948537    6.2892090551113355    0.361098261062707      25    
56582.66157948537    6.661008107938167     0.36202296878597023    25    
56583.16157948537    7.037134647641665     0.3633915150760548     25    
56583.66157948537    7.418261781682039     0.36530872419040006    25    
56584.16157948537    7.8016933574245035    0.36610881668843287    25    
56584.66157948537    8.188829928402455     0.3638511337913156     25    
56585.16157948537    8.577851047706275     0.36000868361204896    25    
56585.66157948537    8.956812244066558     0.3587431137295031     25    
56586.16157948537    9.328817472683891     0.36173949788923104    25    
56586.66157948537    9.687266365978711     0.36626823166167405    25    
56587.16157948537    10.018420518083078    0.36963286351054225    25    
56587.66157948537    10.327431018149607    0.3722571339451139     25    
56588.16157948537    10.6051008447207      0.37431245569505106    25    
56588.66157948537    10.840403659314733    0.3753776681699462     25    
56589.16157948537    11.037282796274598    0.3755025843970787     25    
56589.66157948537    11.203237355256709    0.3761890001616753     25    
56590.16157948537    11.336679415790124    0.3782368649062591     25    
56590.66157948537    11.441074168107376    0.3809769875122987     25    
56591.16157948537    11.532757827963403    0.38393787089972886    25    
56591.66157948537    11.608195445625935    0.3877332939948611     25    
56592.16157948537    11.674263816912491    0.39105416052357583    25    
56592.66157948537    11.74435180944693     0.3919496876676565     25    
56593.16157948537    11.815749492707315    0.39051554412278194    25    
56593.66157948537    11.886264804697184    0.3884434532971737     25    
56594.16157948537    11.95718100596613     0.3865836948698668     25    
56594.66157948537    12.02796919167951     0.38450935969669836    25    
56595.16157948537    12.08934278425804     0.38360966035831995    25    
56595.66157948537    12.140964702852314    0.3850602712660125     25    
56596.16157948537    12.181529730556905    0.3874349129690316     25    
56596.66157948537    12.20264122344503     0.38850760415498387    25    
56597.16157948537    12.20464632866925     0.3880894042740105     25    
56597.66157948537    12.188388650163255    0.3871303306685028     25    
56598.16157948537    12.15273385479696     0.38613702270490946    25    
56598.66157948537    12.097411411319582    0.3847877124032675     25    
56599.16157948537    12.026136046553267    0.384076460988046      25    
56599.66157948537    11.940307894189694    0.3851948342440967     25    
56600.16157948537    11.839338216499291    0.3873434014153464     25    
56600.66157948537    11.726976616780986    0.38828365910618334    25    
56601.16157948537    11.603718879501473    0.3907633046221021     25    
56601.66157948537    11.46919427449957     0.3898932180341189     25    
56602.16157948537    11.324394335470513    0.37465147768535356    25    
56602.66157948537    11.169449407318305    0.3374397668212006     25    
56603.16157948537    11.003522920758188    0.29666691136161005    25    
56603.66157948537    10.826015260277034    0.2791715806401286     25    
56604.16157948537    10.637190305231885    0.28097644081753503    25    
56604.66157948537    10.436673136661158    0.2850204074074861     25    
56605.16157948537    10.222568853281043    0.2833863788942337     25    
56605.66157948537    9.996852451992252     0.28130167700004616    25    
56606.16157948537    9.765672367513037     0.2788174621319007     25    
56606.66157948537    9.526065632872585     0.27538238574559076    25    
56607.16157948537    9.284003642307747     0.2720530156769863     25    
56607.66157948537    9.048866015311718     0.2705572119080287     25    
56608.16157948537    8.816480957167153     0.2710385275180876     25    
56608.66157948537    8.595217678702365     0.27166032721325223    25    
56609.16157948537    8.392417855846878     0.27126438808209086    25    
56609.66157948537    8.204723738651968     0.2703917633551854     25    
56610.16157948537    8.033817791410597     0.2681195366574987     25    
56610.66157948537    7.882124104860325     0.2628760773034978     25    
56611.16157948537    7.746815698432405     0.2563708658391557     25    
56611.66157948537    7.622583543509681     0.252593168994982      25    
56612.16157948537    7.511025071650753     0.2526007297468856     25    
56612.66157948537    7.409087038528824     0.2537381323349131     25    
56613.16157948537    7.312153013351785     0.25369741546193075    25    
56613.66157948537    7.221747164461677     0.2531102604544792     25    
56614.16157948537    7.136633249131053     0.2520123105618059     25    
56614.66157948537    7.05529093695072      0.24990575342339086    25    
56615.16157948537    6.97856677803458      0.24706958050113983    25    
56615.66157948537    6.9082322637406515    0.24522600797564714    25    
56616.16157948537    6.844182480388476     0.24527562054524515    25    
56616.66157948537    6.786858580320782     0.2461114429876388     25    
56617.16157948537    6.738018863100786     0.24649042094934384    25    
56617.66157948537    6.697965204747575     0.24655680956601594    25    
56618.16157948537    6.6652816112613325    0.24631583040271726    25    
56618.66157948537    6.639483339994687     0.2461949622775514     25    
56619.16157948537    6.621332470306226     0.24658516092700544    25    
56619.66157948537    6.6062636282761575    0.24332393065416458    25    
56620.16157948537    6.592952662148438     0.2311206542836309     25    
56620.66157948537    6.58177575643764      0.21297109222545627    25    
56621.16157948537    6.567793077322203     0.2003367006174461     25    
56621.66157948537    6.550863650714741     0.19874384851522314    25    
56622.16157948537    6.5308997652736185    0.2014633987164402     25    
56622.66157948537    6.505944801183216     0.20173419865614944    25    
56623.16157948537    6.475917161819293     0.20011508081307333    25    
56623.66157948537    6.4423263364464916    0.1989458278991035     25    
56624.16157948537    6.405986697777827     0.19991324304842237    25    
56624.66157948537    6.366454557881817     0.20243814680788663    25    
56625.16157948537    6.325321381336071     0.20441048797344555    25    
56625.66157948537    6.283173463321257     0.20501724217202616    25    
56626.16157948537    6.2396514220885555    0.20485507397797245    25    
56626.66157948537    6.195217721481468     0.2036542838950251     25    
56627.16157948537    6.1502867906293694    0.1993479809131052     25    
56627.66157948537    6.103938960623976     0.19630762503088098    25    
56628.16157948537    6.055234685140759     0.20130083615878405    25    
56628.66157948537    6.004647099373004     0.21416533786068528    25    
56629.16157948537    5.951107747087648     0.2255377399942604     25    
56629.66157948537    5.893824525827785     0.22972127887279603    25    
56630.16157948537    5.833187421471429     0.23006758105968486    25    
56630.66157948537    5.7688718729305215    0.2290078390938292     25    
56631.16157948537    5.700425927208942     0.22638001298520818    25    
56631.66157948537    5.628450161464328     0.22277035580305937    25    
56632.16157948537    5.553953173430314     0.22087469453268094    25    
56632.66157948537    5.47655736466509      0.22097088019220826    25    
56633.16157948537    5.396999734968984     0.22184470380548896    25    
56633.66157948537    5.316184717323687     0.2228900072085108     25    
56634.16157948537    5.233736390188179     0.22455778949135466    25    
56634.66157948537    5.15022403023281      0.22517545311247175    25    
56635.16157948537    5.0660800698348325    0.2255655863005727     25    
56635.66157948537    4.9810458446595565    0.22478085925743235    25    
56636.16157948537    4.894953521905675     0.21451504752118353    25    
56636.66157948537    4.807847577603198     0.1836388874702245     25    
56637.16157948537    4.719633152909669     0.13958693272482994    25    
56637.66157948537    4.630059581850186     0.1092666434267708     25    
56638.16157948537    4.5390446138573495    0.10660562323118855    25    
56638.66157948537    4.446965253498158     0.11289670195149203    25    
56639.16157948537    4.3538791863127075    0.11160003682498419    25    
56639.66157948537    4.259614586804953     0.10882999235026816    25    
56640.16157948537    4.165764602089625     0.10671326576246834    25    
56640.66157948537    4.072624718385075     0.10604176754236519    25    
56641.16157948537    3.980215917898522     0.1062764200428478     25    
56641.66157948537    3.89031417117959      0.1069167727851196     25    
56642.16157948537    3.802747049830602     0.10845876143693048    25    
56642.66157948537    3.7178707823372275    0.10986588234095664    25    
56643.16157948537    3.6367200884848048    0.10952022799557261    25    
56643.66157948537    3.55916811936693      0.10747552161131473    25    
56644.16157948537    3.4848188794021673    0.10482431397110872    25    
56644.66157948537    3.413546152901877     0.10210649553806349    25    
56645.16157948537    3.345422439354012     0.09900268580606045    25    
56645.66157948537    3.279953791177241     0.09670597354261733    25    
56646.16157948537    3.217093115493445     0.09609647149171571    25    
56646.66157948537    3.1568008220970523    0.09635083316247128    25    
56647.16157948537    3.0986494686956276    0.09630472124071092    25    
56647.66157948537    3.042724824027324     0.09595451178378168    25    
56648.16157948537    2.988885409400082     0.09547174168049276    25    
56648.66157948537    2.936907518193455     0.0947857278308108     25    
56649.16157948537    2.8868990897471       0.09386687869120436    25    
56649.66157948537    2.838625580736541     0.09294557932907983    25    
56650.16157948537    2.791979024480462     0.09213557133618584    25    
56650.66157948537    2.747008050838341     0.09138368106488298    25    
56651.16157948537    2.703435755344021     0.09087997838797328    25    
56651.66157948537    2.661282366488472     0.0907100494638199     25    
56652.16157948537    2.620473560613419     0.090772292034039      25    
56652.66157948537    2.580757448560209     0.0908471802440472     25    
56653.16157948537    2.5422296710109005    0.09034546446830768    25    
56653.66157948537    2.504707745865748     0.09102425810964193    25    
56654.16157948537    2.4680105181214023    0.09511949347897018    25    
56654.66157948537    2.432233064841167     0.1019320143228752     25    
56655.16157948537    2.3971227333887364    0.10752820636532022    25    
56655.66157948537    2.3626070908210166    0.10933766639280705    25    
56656.16157948537    2.3287046747726845    0.1096850287454926     25    
56656.66157948537    2.2951387446785794    0.11238788260856387    25    