#Date  :
#Flux  :
#Fluxerr  :
#ZP  :
#end  :
@INSTRUMENT  SDSS
@BAND  SDSS_r
@MAGSYS  AB
53774.865173  0.0  3.095582554754156  25.0
53779.851517999996  0.0  3.095582554754156  25.0
53784.83786299999  0.0  3.095582554754156  25.0
53789.82420799999  0.0  3.095582554754156  25.0
53794.81055299999  0.0  3.095582554754156  25.0
53799.796897999986  0.0  3.095582554754156  25.0
53804.78324299998  0.0  3.095582554754156  25.0
53809.76958799998  0.0  3.095582554754156  25.0
53814.75593299998  0.0  3.095582554754156  25.0
53819.742277999976  0.0  3.095582554754156  25.0
53824.72862299997  0.0  3.095582554754156  25.0
53829.71496799997  0.0  3.095582554754156  25.0
53834.70131299997  0.0  3.095582554754156  25.0
53839.687657999966  0.0  3.095582554754156  25.0
53844.674002999964  0.0  3.095582554754156  25.0
53849.66034799996  0.0  3.095582554754156  25.0
53854.64669299996  0.0  3.095582554754156  25.0
53859.633037999956  0.0  3.095582554754156  25.0
53864.619382999954  0.0  3.095582554754156  25.0
53869.60572799995  0.0  3.095582554754156  25.0
53874.59207299995  0.0  3.095582554754156  25.0
53879.57841799995  0.0  3.095582554754156  25.0
53884.564762999944  0.0  3.095582554754156  25.0
53889.55110799994  0.0  3.095582554754156  25.0
53894.53745299994  0.0  3.095582554754156  25.0
53899.52379799994  0.0  3.095582554754156  25.0
53904.510142999934  0.0  3.095582554754156  25.0
53909.49648799993  0.0  3.095582554754156  25.0
53914.48283299993  0.0  3.095582554754156  25.0
53919.46917799993  0.0  3.095582554754156  25.0
53924.455522999924  0.0  3.095582554754156  25.0
53929.44186799992  0.0  3.095582554754156  25.0
53934.42821299992  0.0  3.095582554754156  25.0
53939.41455799992  0.0  3.095582554754156  25.0
53944.400902999914  0.0  3.095582554754156  25.0
53949.38724799991  0.0  3.095582554754156  25.0
53954.37359299991  0.0  3.095582554754156  25.0
53959.35993799991  0.0  3.095582554754156  25.0
53964.346282999904  0.0  3.095582554754156  25.0
53969.3326279999  0.0  3.095582554754156  25.0
53974.3189729999  0.0  3.095582554754156  25.0
53974.318973  0.24910367254553645  1.9598941414602464  25.0
53975.312212  -0.40880384182232943  2.3241611827612463  25.0
53989.322685  22.650537005878764  3.769132933008834  25.0
53990.325726  23.703474944129955  2.941628182581658  25.0
53994.335794  75.60259347756596  2.2353625002403232  25.0
53996.319624  115.30082801633151  4.36845531039463  25.0
53997.418706  126.07763406840637  3.3265141130129026  25.0
53998.288546  141.61053054652447  2.6218979418019877  25.0
54000.298234  162.58681375502732  3.035100479972103  25.0
54005.318537  197.99631935470185  5.817275919946531  25.0
54007.348554  181.7486347200686  2.8728985521475066  25.0
54008.279096  178.58707172009764  2.9801167756247824  25.0
54009.272144  170.69691014625712  3.1560646295362083  25.0
54010.273886  167.89274122454376  3.2522861121440196  25.0
54011.336662  155.52140774639662  3.843360933877717  25.0
54012.266594  147.43880320734047  4.563647460827618  25.0
54019.286639  102.73705157296872  2.9141363304079975  25.0
54021.340655  90.25575068612693  2.8591526260606765  25.0
54024.354031  88.44128844266535  3.6949049321399516  25.0
54025.335323  74.14552531236197  3.0103578130158084  25.0
54029.265644  66.17288818200046  3.461224188663838  25.0
54030.265577  64.74331186897012  2.1812035514582124  25.0
54031.252623  51.629698382134144  2.440726635977566  25.0
54035.341065  43.6845531039463  4.110031899962223  25.0
54036.25716  40.57797380832268  3.1670613704056723  25.0
54037.246515  39.3133486083343  2.46794356962949  25.0
54039.254904  39.75321824311287  2.82891158866965  25.0
54040.260688  32.522861121440194  3.667413079966291  25.0
54047.29093  29.031395895385334  6.999425563413925  25.0
54048.248899  24.278054654559455  2.8014197364959896  25.0
54049.286793  24.50348784238347  4.247491160830524  25.0
54052.252879  26.1200087501947  4.198005826917935  25.0
54053.25088  25.429963260635827  2.30849082702226  25.0
54054.271422  21.26494765632628  3.755387006922004  25.0
54055.248648  22.733012562399747  2.2400361151098456  25.0
54056.252254  26.312451715410322  3.5464489304021853  25.0
54058.247186  22.35912337283796  2.65571291997559  25.0
54059.246269  23.81069316760723  3.3072698164913406  25.0
54060.268689  17.713000355489363  2.4618953621512842  25.0
54062.250878  22.02922114675404  3.197302407796699  25.0
54063.237027  19.167319335475998  2.3634745313695804  25.0
54068.23099  11.82149643467395  4.494917830393468  25.0
