55057.32346539624    3.0187795041915186    0.7152556550922755     25    
55057.82346539624    3.4976682138391535    0.7079829782760798     25    
55058.32346539624    4.008492954310243     0.7075483125401928     25    
55058.82346539624    4.549344144714061     0.75853748988626       25    
55059.32346539624    5.120849222445468     0.8626309041201524     25    
55059.82346539624    5.721363177642701     0.9455977165617625     25    
55060.32346539624    6.35006559052619      0.9690788037470778     25    
55060.82346539624    7.007086380452377     0.9642584909181112     25    
55061.32346539624    7.690359340481384     0.9627515575343996     25    
55061.82346539624    8.400367981368335     0.9660688156275054     25    
55062.32346539624    9.135803827600277     0.9690604004191865     25    
55062.82346539624    9.895425262319572     0.9715974655404205     25    
55063.32346539624    10.679675456980908    0.9737611666732329     25    
55063.82346539624    11.486475505235065    0.9756513282443794     25    
55064.32346539624    12.316021064557624    0.9771469055350366     25    
55064.82346539624    13.167412157104343    0.9785860215823449     25    
55065.32346539624    14.03974541583203     0.9815488429058582     25    
55065.82346539624    14.93402654512584     0.9865611187503514     25    
55066.32346539624    15.84285610185492     0.9848257512986719     25    
55066.82346539624    16.77628114680339     0.9668125752308543     25    
55067.32346539624    17.715064551070764    0.9440502676150027     25    
55067.82346539624    18.620374981482552    0.9377245525968253     25    
55068.32346539624    19.508817478068767    0.9481486726312489     25    
55068.82346539624    20.329716506242228    0.9609910451715282     25    
55069.32346539624    21.05921823854122     0.9689764963477543     25    
55069.82346539624    21.702006393913614    0.975650030657724      25    
55070.32346539624    22.20585924776491     0.9794642180399311     25    
55070.82346539624    22.56089572444099     0.9792350632005108     25    
55071.32346539624    22.801862810380797    0.9785126782396157     25    
55071.82346539624    22.940002801960215    0.9804296276250937     25    
55072.32346539624    22.973100025901992    0.9836999309507551     25    
55072.82346539624    22.974061395917072    0.9879186404297958     25    
55073.32346539624    22.93616717335452     0.994474476252879      25    
55073.82346539624    22.888363128813257    1.0001875304761214     25    
55074.32346539624    22.88699805383922     1.0014116364813048     25    
55074.82346539624    22.916693995729393    0.9994355397693537     25    
55075.32346539624    22.97452717623574     0.991250209187476      25    
55075.82346539624    23.070750615113067    0.9701252662790971     25    
55076.32346539624    23.188228650367424    0.9455274274503502     25    
55076.82346539624    23.29783033911643     0.9364494423014597     25    
55077.32346539624    23.40952756879444     0.9431556273778735     25    
55077.82346539624    23.49699815882164     0.9506996940215865     25    
55078.32346539624    23.545481712012894    0.9508670945092662     25    
55078.82346539624    23.560840952396603    0.9485152485173148     25    
55079.32346539624    23.53065887103019     0.9454848668530731     25    
55079.82346539624    23.455197019458353    0.9408846503849343     25    
55080.32346539624    23.335676860392848    0.9372592383738643     25    
55080.82346539624    23.171567479341373    0.9381419299660044     25    
55081.32346539624    22.963090390342074    0.9417934723325935     25    
55081.82346539624    22.710135092375086    0.9430884017382203     25    
55082.32346539624    22.410520593243522    0.9494001563045937     25    
55082.82346539624    22.069306172637784    0.9428822293446959     25    
55083.32346539624    21.690869589843075    0.8904935107271087     25    
55083.82346539624    21.273146731612094    0.7894964562542766     25    
55084.32346539624    20.82791001825582     0.7061670196023597     25    
55084.82346539624    20.355434471402955    0.6898892060167481     25    
55085.32346539624    19.85934090283412     0.7022275178374775     25    
55085.82346539624    19.34975548834425     0.7019929498327211     25    
55086.32346539624    18.822265961943017    0.6959965077760268     25    
55086.82346539624    18.291246997472474    0.6887412507297196     25    
55087.32346539624    17.760360883787286    0.6792869894736787     25    
55087.82346539624    17.231383869077163    0.6690202374666724     25    
55088.32346539624    16.722847602718698    0.6630373756651523     25    
55088.82346539624    16.229586501789694    0.6624335099328877     25    
55089.32346539624    15.764820741574372    0.6625458754380755     25    
55089.82346539624    15.34042519437639     0.6616549408060236     25    
55090.32346539624    14.951588642206207    0.6599079535579616     25    
55090.82346539624    14.60366396498106     0.6488225412663942     25    
55091.32346539624    14.299070451912957    0.6204399616016522     25    
55091.82346539624    14.032486882983276    0.5907322547956071     25    
55092.32346539624    13.799995063081601    0.5812527181091824     25    
55092.82346539624    13.603115136601959    0.5869584782969766     25    
55093.32346539624    13.435710782381031    0.591929625295167      25    
55093.82346539624    13.298182685474437    0.5918544341583671     25    
55094.32346539624    13.187789185716875    0.5902738941122898     25    
55094.82346539624    13.09844865009143     0.5866516140425064     25    
55095.32346539624    13.03261051660783     0.5802710097640706     25    
55095.82346539624    12.982593161728055    0.5760650613160762     25    
55096.32346539624    12.94638799125139     0.5779434952234691     25    
55096.82346539624    12.923303899957185    0.5825318878034202     25    
55097.32346539624    12.90507777346378     0.5851121858719842     25    
55097.82346539624    12.893235723847035    0.5860966360273021     25    
55098.32346539624    12.884921783569926    0.5856361038796479     25    
55098.82346539624    12.877166338438698    0.5854645997468096     25    
55099.32346539624    12.871303929541359    0.5838398343827098     25    
55099.82346539624    12.867043009447197    0.5697372666932583     25    
55100.32346539624    12.86441570018545     0.5332257672102318     25    
55100.82346539624    12.863317928564284    0.4941766127428292     25    
55101.32346539624    12.864007343297608    0.48032426819780194    25    
55101.82346539624    12.86646468268631     0.485129566348805      25    
55102.32346539624    12.867947417596282    0.48852097805870215    25    
55102.82346539624    12.869477652436274    0.48376413299342635    25    
55103.32346539624    12.868284119747225    0.4787271057853964     25    
55103.82346539624    12.859830788376835    0.4796316892400147     25    
55104.32346539624    12.845844699291103    0.48592693925727426    25    
55104.82346539624    12.821151553969258    0.49133350424450933    25    
55105.32346539624    12.783686242428429    0.4934808596229975     25    
55105.82346539624    12.734215093425938    0.49368292146962284    25    
55106.32346539624    12.670424307289178    0.48937164137710903    25    
55106.82346539624    12.591919652998298    0.47520967316193685    25    
55107.32346539624    12.501299854231029    0.47303639600431124    25    
55107.82346539624    12.399591073640066    0.5067465270181208     25    
55108.32346539624    12.286643438367305    0.5559720928849256     25    
55108.82346539624    12.16540702047885     0.5839895187212792     25    
55109.32346539624    12.03569148428537     0.5886682039642829     25    
55109.82346539624    11.898038062165103    0.5847174569928121     25    
55110.32346539624    11.753674544088588    0.5793307663435532     25    
55110.82346539624    11.602164722262325    0.5697717247667596     25    
55111.32346539624    11.442441980313864    0.5630436074097195     25    
55111.82346539624    11.274630204574848    0.5617618007237032     25    
55112.32346539624    11.098220882148679    0.5627529750457807     25    
55112.82346539624    10.912075902922673    0.5643903758127667     25    
55113.32346539624    10.716371613803492    0.5676233382607253     25    
55113.82346539624    10.511968302187515    0.5677060525322689     25    
55114.32346539624    10.298039854256045    0.5698065082390316     25    
55114.82346539624    10.076198779223247    0.5638359178281143     25    
55115.32346539624    9.850098793400429     0.5181294134505827     25    
55115.82346539624    9.618454506358354     0.40653172419490546    25    
55116.32346539624    9.384767385525821     0.27447177369357834    25    
55116.82346539624    9.150852260978107     0.22407197506101467    25    
55117.32346539624    8.916308061974622     0.24212737921749367    25    
55117.82346539624    8.684799094677981     0.24921141565663518    25    
55118.32346539624    8.455811178076496     0.2428266427381269     25    
55118.82346539624    8.230644253069036     0.23669926782689749    25    
55119.32346539624    8.010711123885407     0.23247660500208486    25    
55119.82346539624    7.7955115692171155    0.22963098606065827    25    
55120.32346539624    7.587272415998512     0.22803582285288823    25    
55120.82346539624    7.386066688843867     0.2286473859112623     25    
55121.32346539624    7.192232121659386     0.2294277357411818     25    
55121.82346539624    7.006973500895734     0.22735800507756795    25    
55122.32346539624    6.830062916621064     0.2229401631388762     25    
55122.82346539624    6.660579225759597     0.2184110955791016     25    
55123.32346539624    6.498517726151051     0.21247205648930498    25    
55123.82346539624    6.343567274888205     0.20805249878598991    25    
55124.32346539624    6.194731760254484     0.21362899003209934    25    
55124.82346539624    6.052323894493885     0.2299755355100993     25    
55125.32346539624    5.915571906355788     0.2433776619660466     25    
55125.82346539624    5.784062190034603     0.24625405123241526    25    
55126.32346539624    5.657915326815232     0.24419814061563466    25    
55126.82346539624    5.536541488549259     0.24218623876968598    25    
55127.32346539624    5.420079747436425     0.24007299074398208    25    
55127.82346539624    5.308171063143899     0.23770805072557502    25    
55128.32346539624    5.200512810029369     0.2355527666936806     25    
55128.82346539624    5.097205710071006     0.2334403204740882     25    
55129.32346539624    4.997699587123499     0.23191417513464943    25    
55129.82346539624    4.9020672239639795    0.2311285891974069     25    
55130.32346539624    4.8100445589177685    0.23086462080826545    25    
55130.82346539624    4.721232523631015     0.2310233587130978     25    
55131.32346539624    4.635785357424705     0.23165360471762053    25    
55131.82346539624    4.553178527880306     0.23245698986038174    25    
55132.32346539624    4.473380012978588     0.2330834175445469     25    
55132.82346539624    4.396247837483179     0.2340253506096273     25    
55133.32346539624    4.321305444387602     0.23561981171953733    25    
55133.82346539624    4.248722682237846     0.23698952063221354    25    
55134.32346539624    4.178035291210997     0.24231477172623336    25    
55134.82346539624    4.109078374120518     0.25099531913821177    25    