#Date  :
#Flux  :
#Fluxerr  :
#ZP  :
#end  :
@INSTRUMENT  PS
@BAND  PS_i
@MAGSYS  AB
54873.1477625  0.0  0.7928847498732559  25.0
54878.134107499995  0.0  0.7928847498732559  25.0
54883.12045249999  0.0  0.7928847498732559  25.0
54888.10679749999  0.0  0.7928847498732559  25.0
54893.09314249999  0.0  0.7928847498732559  25.0
54898.079487499985  0.0  0.7928847498732559  25.0
54903.06583249998  0.0  0.7928847498732559  25.0
54908.05217749998  0.0  0.7928847498732559  25.0
54913.03852249998  0.0  0.7928847498732559  25.0
54918.024867499975  0.0  0.7928847498732559  25.0
54923.01121249997  0.0  0.7928847498732559  25.0
54927.99755749997  0.0  0.7928847498732559  25.0
54932.98390249997  0.0  0.7928847498732559  25.0
54937.970247499965  0.0  0.7928847498732559  25.0
54942.95659249996  0.0  0.7928847498732559  25.0
54947.94293749996  0.0  0.7928847498732559  25.0
54952.92928249996  0.0  0.7928847498732559  25.0
54957.915627499955  0.0  0.7928847498732559  25.0
54962.90197249995  0.0  0.7928847498732559  25.0
54967.88831749995  0.0  0.7928847498732559  25.0
54972.87466249995  0.0  0.7928847498732559  25.0
54977.861007499945  0.0  0.7928847498732559  25.0
54982.84735249994  0.0  0.7928847498732559  25.0
54987.83369749994  0.0  0.7928847498732559  25.0
54992.82004249994  0.0  0.7928847498732559  25.0
54997.806387499935  0.0  0.7928847498732559  25.0
55002.79273249993  0.0  0.7928847498732559  25.0
55007.77907749993  0.0  0.7928847498732559  25.0
55012.76542249993  0.0  0.7928847498732559  25.0
55017.751767499925  0.0  0.7928847498732559  25.0
55022.73811249992  0.0  0.7928847498732559  25.0
55027.72445749992  0.0  0.7928847498732559  25.0
55032.71080249992  0.0  0.7928847498732559  25.0
55037.697147499915  0.0  0.7928847498732559  25.0
55042.68349249991  0.0  0.7928847498732559  25.0
55047.66983749991  0.0  0.7928847498732559  25.0
55052.65618249991  0.0  0.7928847498732559  25.0
55057.642527499906  0.0  0.7928847498732559  25.0
55062.6288724999  0.0  0.7928847498732559  25.0
55067.6152174999  0.0  0.7928847498732559  25.0
55072.6015624999  0.0  0.7928847498732559  25.0
55077.587907499896  0.0  0.7928847498732559  25.0
55082.57425249989  0.0  0.7928847498732559  25.0
55087.56059749989  0.0  0.7928847498732559  25.0
55092.54694249989  0.0  0.7928847498732559  25.0
55097.533287499886  0.0  0.7928847498732559  25.0
55102.51963249988  0.0  0.7928847498732559  25.0
55107.50597749988  0.0  0.7928847498732559  25.0
55112.49232249988  0.0  0.7928847498732559  25.0
55117.478667499876  0.0  0.7928847498732559  25.0
55122.46501249987  0.0  0.7928847498732559  25.0
55127.45135749987  0.0  0.7928847498732559  25.0
55132.43770249987  0.0  0.7928847498732559  25.0
55137.424047499866  0.0  0.7928847498732559  25.0
55142.41039249986  0.0  0.7928847498732559  25.0
55147.39673749986  0.0  0.7928847498732559  25.0
55152.38308249986  0.0  0.7928847498732559  25.0
55157.369427499856  0.0  0.7928847498732559  25.0
55162.35577249985  0.0  0.7928847498732559  25.0
55167.34211749985  0.0  0.7928847498732559  25.0
55172.32846249985  0.0  0.7928847498732559  25.0
55177.314807499846  0.0  0.7928847498732559  25.0
55182.301152499844  0.0  0.7928847498732559  25.0
55187.28749749984  0.0  0.7928847498732559  25.0
55192.27384249984  0.0  0.7928847498732559  25.0
55197.260187499836  0.0  0.7928847498732559  25.0
55202.246532499834  0.0  0.7928847498732559  25.0
55207.23287749983  0.0  0.7928847498732559  25.0
55212.21922249983  0.0  0.7928847498732559  25.0
55217.20556749983  0.0  0.7928847498732559  25.0
55222.191912499824  0.0  0.7928847498732559  25.0
55227.17825749982  0.0  0.7928847498732559  25.0
55232.16460249982  0.0  0.7928847498732559  25.0
55237.15094749982  0.0  0.7928847498732559  25.0
55242.137292499814  0.0  0.7928847498732559  25.0
55247.12363749981  0.0  0.7928847498732559  25.0
55252.10998249981  0.0  0.7928847498732559  25.0
55257.09632749981  0.0  0.7928847498732559  25.0
55262.082672499804  0.0  0.7928847498732559  25.0
55267.0690174998  0.0  0.7928847498732559  25.0
55272.0553624998  0.0  0.7928847498732559  25.0
55277.0417074998  0.0  0.7928847498732559  25.0
55282.028052499794  0.0  0.7928847498732559  25.0
55287.01439749979  0.0  0.7928847498732559  25.0
55292.00074249979  0.0  0.7928847498732559  25.0
55296.98708749979  0.0  0.7928847498732559  25.0
55301.973432499784  0.0  0.7928847498732559  25.0
55306.95977749978  0.0  0.7928847498732559  25.0
55311.94612249978  0.0  0.7928847498732559  25.0
55316.93246749978  0.0  0.7928847498732559  25.0
55321.918812499775  0.0  0.7928847498732559  25.0
55326.90515749977  0.0  0.7928847498732559  25.0
55331.89150249977  0.0  0.7928847498732559  25.0
55336.87784749977  0.0  0.7928847498732559  25.0
55341.864192499765  0.0  0.7928847498732559  25.0
55346.85053749976  0.0  0.7928847498732559  25.0
55351.83688249976  0.0  0.7928847498732559  25.0
55356.82322749976  0.0  0.7928847498732559  25.0
55361.809572499755  0.0  0.7928847498732559  25.0
55366.79591749975  0.0  0.7928847498732559  25.0
55371.78226249975  0.0  0.7928847498732559  25.0
55376.76860749975  0.0  0.7928847498732559  25.0
55381.754952499745  0.0  0.7928847498732559  25.0
55386.74129749974  0.0  0.7928847498732559  25.0
55391.72764249974  0.0  0.7928847498732559  25.0
55396.71398749974  0.0  0.7928847498732559  25.0
55401.700332499735  0.0  0.7928847498732559  25.0
55406.68667749973  0.0  0.7928847498732559  25.0
55411.67302249973  0.0  0.7928847498732559  25.0
55416.65936749973  0.0  0.7928847498732559  25.0
55421.645712499725  0.0  0.7928847498732559  25.0
55426.63205749972  0.0  0.7928847498732559  25.0
55431.61840249972  0.0  0.7928847498732559  25.0
55436.60474749972  0.0  0.7928847498732559  25.0
55441.591092499715  0.0  0.7928847498732559  25.0
55446.57743749971  0.0  0.7928847498732559  25.0
55451.56378249971  0.0  0.7928847498732559  25.0
55456.55012749971  0.0  0.7928847498732559  25.0
55461.536472499705  0.0  0.7928847498732559  25.0
55466.5228174997  0.0  0.7928847498732559  25.0
55471.5091624997  0.0  0.7928847498732559  25.0
55476.4955074997  0.0  0.7928847498732559  25.0
55481.481852499695  0.0  0.7928847498732559  25.0
55486.46819749969  0.0  0.7928847498732559  25.0
55491.45454249969  0.0  0.7928847498732559  25.0
55496.44088749969  0.0  0.7928847498732559  25.0
55501.427232499685  0.0  0.7928847498732559  25.0
55506.41357749968  0.0  0.7928847498732559  25.0
55511.39992249968  0.0  0.7928847498732559  25.0
55516.38626749968  0.0  0.7928847498732559  25.0
55521.372612499676  0.0  0.7928847498732559  25.0
55526.35895749967  0.0  0.7928847498732559  25.0
55531.34530249967  0.0  0.7928847498732559  25.0
55536.33164749967  0.0  0.7928847498732559  25.0
55541.317992499666  0.0  0.7928847498732559  25.0
55546.30433749966  0.0  0.7928847498732559  25.0
55551.29068249966  0.0  0.7928847498732559  25.0
55556.27702749966  0.0  0.7928847498732559  25.0
55561.263372499656  0.0  0.7928847498732559  25.0
55566.24971749965  0.0  0.7928847498732559  25.0
55571.23606249965  0.0  0.7928847498732559  25.0
55576.22240749965  0.0  0.7928847498732559  25.0
55581.208752499646  0.0  0.7928847498732559  25.0
55586.19509749964  0.0  0.7928847498732559  25.0
55591.18144249964  0.0  0.7928847498732559  25.0
55596.16778749964  0.0  0.7928847498732559  25.0
55601.154132499636  0.0  0.7928847498732559  25.0
55606.14047749963  0.0  0.7928847498732559  25.0
55611.12682249963  0.0  0.7928847498732559  25.0
55616.11316749963  0.0  0.7928847498732559  25.0
55621.099512499626  0.0  0.7928847498732559  25.0
55626.085857499624  0.0  0.7928847498732559  25.0
55631.07220249962  0.0  0.7928847498732559  25.0
55636.05854749962  0.0  0.7928847498732559  25.0
55641.044892499616  0.0  0.7928847498732559  25.0
55646.031237499614  0.0  0.7928847498732559  25.0
55651.01758249961  0.0  0.7928847498732559  25.0
55656.00392749961  0.0  0.7928847498732559  25.0
55660.99027249961  0.0  0.7928847498732559  25.0
55665.976617499604  0.0  0.7928847498732559  25.0
55670.9629624996  0.0  0.7928847498732559  25.0
55675.9493074996  0.0  0.7928847498732559  25.0
55680.9356524996  0.0  0.7928847498732559  25.0
55685.921997499594  0.0  0.7928847498732559  25.0
55690.90834249959  0.0  0.7928847498732559  25.0
55695.89468749959  0.0  0.7928847498732559  25.0
55700.88103249959  0.0  0.7928847498732559  25.0
55705.867377499584  0.0  0.7928847498732559  25.0
55710.85372249958  0.0  0.7928847498732559  25.0
55715.84006749958  0.0  0.7928847498732559  25.0
55720.82641249958  0.0  0.7928847498732559  25.0
55725.812757499574  0.0  0.7928847498732559  25.0
55730.79910249957  0.0  0.7928847498732559  25.0
55735.78544749957  0.0  0.7928847498732559  25.0
55740.77179249957  0.0  0.7928847498732559  25.0
55745.758137499564  0.0  0.7928847498732559  25.0
55750.74448249956  0.0  0.7928847498732559  25.0
55755.73082749956  0.0  0.7928847498732559  25.0
55760.71717249956  0.0  0.7928847498732559  25.0
55765.703517499554  0.0  0.7928847498732559  25.0
55770.68986249955  0.0  0.7928847498732559  25.0
55775.67620749955  0.0  0.7928847498732559  25.0
55780.66255249955  0.0  0.7928847498732559  25.0
55785.648897499545  0.0  0.7928847498732559  25.0
55790.63524249954  0.0  0.7928847498732559  25.0
55795.62158749954  0.0  0.7928847498732559  25.0
55800.60793249954  0.0  0.7928847498732559  25.0
55805.594277499535  0.0  0.7928847498732559  25.0
55810.58062249953  0.0  0.7928847498732559  25.0
55815.56696749953  0.0  0.7928847498732559  25.0
55820.55331249953  0.0  0.7928847498732559  25.0
55825.539657499525  0.0  0.7928847498732559  25.0
55830.52600249952  0.0  0.7928847498732559  25.0
55835.51234749952  0.0  0.7928847498732559  25.0
55840.49869249952  0.0  0.7928847498732559  25.0
55845.485037499515  0.0  0.7928847498732559  25.0
55850.47138249951  0.0  0.7928847498732559  25.0
55855.45772749951  0.0  0.7928847498732559  25.0
55860.44407249951  0.0  0.7928847498732559  25.0
55865.430417499505  0.0  0.7928847498732559  25.0
55870.4167624995  0.0  0.7928847498732559  25.0
55875.4031074995  0.0  0.7928847498732559  25.0
55880.3894524995  0.0  0.7928847498732559  25.0
55885.375797499495  0.0  0.7928847498732559  25.0
55890.36214249949  0.0  0.7928847498732559  25.0
55895.34848749949  0.0  0.7928847498732559  25.0
55900.33483249949  0.0  0.7928847498732559  25.0
55905.321177499485  0.0  0.7928847498732559  25.0
55910.30752249948  0.0  0.7928847498732559  25.0
55915.29386749948  0.0  0.7928847498732559  25.0
55920.28021249948  0.0  0.7928847498732559  25.0
55925.266557499475  0.0  0.7928847498732559  25.0
55930.25290249947  0.0  0.7928847498732559  25.0
55935.23924749947  0.0  0.7928847498732559  25.0
55940.22559249947  0.0  0.7928847498732559  25.0
55945.211937499465  0.0  0.7928847498732559  25.0
55950.19828249946  0.0  0.7928847498732559  25.0
55955.18462749946  0.0  0.7928847498732559  25.0
55960.17097249946  0.0  0.7928847498732559  25.0
55965.157317499456  0.0  0.7928847498732559  25.0
55970.14366249945  0.0  0.7928847498732559  25.0
55975.13000749945  0.0  0.7928847498732559  25.0
55980.11635249945  0.0  0.7928847498732559  25.0
55985.102697499446  0.0  0.7928847498732559  25.0
55990.08904249944  0.0  0.7928847498732559  25.0
55995.07538749944  0.0  0.7928847498732559  25.0
56000.06173249944  0.0  0.7928847498732559  25.0
56005.048077499436  0.0  0.7928847498732559  25.0
56010.03442249943  0.0  0.7928847498732559  25.0
56015.02076749943  0.0  0.7928847498732559  25.0
56020.00711249943  0.0  0.7928847498732559  25.0
56024.993457499426  0.0  0.7928847498732559  25.0
56029.97980249942  0.0  0.7928847498732559  25.0
56034.96614749942  0.0  0.7928847498732559  25.0
56039.95249249942  0.0  0.7928847498732559  25.0
56044.938837499416  0.0  0.7928847498732559  25.0
56049.92518249941  0.0  0.7928847498732559  25.0
56054.91152749941  0.0  0.7928847498732559  25.0
56059.89787249941  0.0  0.7928847498732559  25.0
56064.884217499406  0.0  0.7928847498732559  25.0
56069.8705624994  0.0  0.7928847498732559  25.0
56074.8569074994  0.0  0.7928847498732559  25.0
56079.8432524994  0.0  0.7928847498732559  25.0
56084.829597499396  0.0  0.7928847498732559  25.0
56089.815942499394  0.0  0.7928847498732559  25.0
56094.80228749939  0.0  0.7928847498732559  25.0
56099.78863249939  0.0  0.7928847498732559  25.0
56104.774977499386  0.0  0.7928847498732559  25.0
56109.761322499384  0.0  0.7928847498732559  25.0
56114.74766749938  0.0  0.7928847498732559  25.0
56119.73401249938  0.0  0.7928847498732559  25.0
56124.72035749938  0.0  0.7928847498732559  25.0
56129.706702499374  0.0  0.7928847498732559  25.0
56134.69304749937  0.0  0.7928847498732559  25.0
56139.67939249937  0.0  0.7928847498732559  25.0
56144.66573749937  0.0  0.7928847498732559  25.0
56149.652082499364  0.0  0.7928847498732559  25.0
56154.63842749936  0.0  0.7928847498732559  25.0
56159.62477249936  0.0  0.7928847498732559  25.0
56164.61111749936  0.0  0.7928847498732559  25.0
56169.597462499354  0.0  0.7928847498732559  25.0
56174.58380749935  0.0  0.7928847498732559  25.0
56179.57015249935  0.0  0.7928847498732559  25.0
56184.55649749935  0.0  0.7928847498732559  25.0
56189.542842499344  0.0  0.7928847498732559  25.0
56194.52918749934  0.0  0.7928847498732559  25.0
56199.51553249934  0.0  0.7928847498732559  25.0
56204.50187749934  0.0  0.7928847498732559  25.0
56209.488222499334  0.0  0.7928847498732559  25.0
56214.47456749933  0.0  0.7928847498732559  25.0
56219.46091249933  0.0  0.7928847498732559  25.0
56224.44725749933  0.0  0.7928847498732559  25.0
56229.433602499324  0.0  0.7928847498732559  25.0
56234.41994749932  0.0  0.7928847498732559  25.0
55072.6015625  0.21832063128131923  0.8202730225277353  25.0
55075.6015625  0.023068951775623733  1.1874129143558254  25.0
55087.5  -1.5385518716616726  1.455994419148211  25.0
55090.6015625  0.04201494236813056  0.9326728540605556  25.0
55093.5  1.094744513661251  0.9468087276611105  25.0
55096.5  0.6620298306442352  0.6392553884251537  25.0
55102.5  0.11347961165219245  0.9375810667903142  25.0
55183.30078125  -0.45048266025067607  0.6713556033434588  25.0
55186.3984375  -2.497631318383493  2.5614390200519233  25.0
55189.30078125  -0.007755094803288038  0.7993636880394203  25.0
55204.30078125  0.6607536747385033  0.4563725997827275  25.0
55213.19921875  0.9105855223040146  0.613339635760496  25.0
55222.19921875  0.22097110173028844  0.9784180557737298  25.0
55414.6015625  0.5019214842208901  0.5765274785783655  25.0
55417.6015625  0.8512933988153201  0.7309422027446705  25.0
55423.6015625  1.8205819991648378  0.8692576933239917  25.0
55426.6015625  -0.7860131771570683  0.7761966112703159  25.0
55435.5  -1.0526313219630252  1.0840444264187898  25.0
55441.6015625  0.21243069174926776  0.638568231153535  25.0
55444.6015625  -0.32227816466154613  0.8096711407318584  25.0
55447.6015625  -0.33710119553371976  0.5392244813996279  25.0
55453.6015625  -0.8156592389014156  0.5769201131283885  25.0
55456.6015625  -0.8258684861472695  0.9235433986363435  25.0
55468.6015625  0.022381791578437584  0.9345380086004004  25.0
55477.5  -0.2899816324682296  0.40709335945579694  25.0
55480.6015625  -0.7373229822733293  1.6837390285753382  25.0
55483.6015625  0.2999945390345328  1.7038630003454502  25.0
55498.5  0.3888345422255296  0.6189350525709517  25.0
55501.3984375  -0.8007380025826577  2.4194912386031833  25.0
55507.3984375  0.09954007873118831  0.40355941446019744  25.0
55510.3984375  -0.29498809745365084  0.3895216994971483  25.0
55516.3984375  -0.4259412221292557  0.7928847498732559  25.0
55534.3984375  -0.08991983011944739  1.291664970457648  25.0
55555.3984375  0.5066334264847157  1.901863342581646  25.0
55561.30078125  0.2362849725990693  0.6122597971297757  25.0
55570.30078125  -2.7331307878371245  2.056670701297974  25.0
55588.30078125  -1.7428347411708642  0.7448817122611354  25.0
55594.30078125  -0.6865712687656554  0.649759111583525  25.0
55597.30078125  0.09394462681392374  0.7704048303757702  25.0
55777.6015625  -0.429573325762361  0.8013270480258492  25.0
55810.6015625  0.3198240114875884  0.4174989239766624  25.0
55813.5  -0.4942645487864997  0.7780617658101606  25.0
55822.6015625  -0.2939082588229306  0.4433165180038144  25.0
55825.6015625  -1.1701357771187724  0.9515206231158575  25.0
55829.6015625  0.5986147635258281  0.5371630095847716  25.0
55831.6015625  0.1425366747624267  0.46442216976714096  25.0
55834.5  1.2662400577895974  0.7737424580963582  25.0
55837.6015625  0.501430644224283  0.5313712286902259  25.0
55850.6015625  -0.4899452878817757  0.7778654017260707  25.0
55853.5  -0.3266956310128543  0.49632606741043445  25.0
55859.5  -0.5571888227173779  0.5783926331182102  25.0
55871.5  0.24786853438816073  1.6631241231904619  25.0
55879.3984375  -0.5076151064779301  0.7252485804876305  25.0
55885.30078125  1.0405570137954834  1.1467723362655782  25.0
55888.5  2.9188604110126097  1.7464669384221265  25.0
55890.3984375  -0.13468341035075515  0.40081078537372244  25.0
55893.30078125  -2.298649296154083  1.6399569996122791  25.0
55896.30078125  -0.5585631372606155  0.7218127941295368  25.0
55912.30078125  -0.2713301338788608  1.1052481900105438  25.0
55915.30078125  -1.2402260996783554  2.4745623066337377  25.0
55918.19921875  0.6914795751135708  0.7026704555435608  25.0
56156.6015625  0.509382102380269  0.6849024783099006  25.0
56166.6015625  0.9543674576489167  0.6678216115387808  25.0
56207.6015625  -1.490646992687058  0.8349978479533248  25.0
56210.5  -0.33847551007695725  0.46255701522729625  25.0
56213.3984375  1.5699648824992805  1.175142195295115  25.0
56215.5  0.1980003188316564  0.7325128345629195  25.0
56218.5  0.3176643810352264  0.5677907045132549  25.0
56221.5  0.11367594062947357  0.6797978546869737  25.0
56225.5  -4.209249459609918  2.3743350823332  25.0
56233.5  -1.821563679158052  0.98479878849331  25.0
56236.3984375  0.14214400510559486  0.5564035068082535  25.0
56239.5  0.7428202404462791  1.1423548699142698  25.0
56242.3984375  2.133141756577137  1.1553127462465989  25.0
56272.3984375  47.44380356033836  4.135919480730939  25.0
56293.30078125  28.621206555062727  2.7173261705898932  25.0
56299.30078125  25.495315768872334  1.5041938208444214  25.0
56302.30078125  21.86445763172643  0.5935101399029011  25.0
56314.30078125  10.840149741466304  1.6953225903644296  25.0
56499.6015625  -3.396829596173428  2.077579942168132  25.0
56513.6015625  -0.18406078591065225  0.4481266657142241  25.0
56516.6015625  0.2748641022789995  0.768932357195027  25.0
56520.6015625  -0.35614535207765086  0.6199167325641661  25.0
56532.6015625  -0.1067061741689715  0.6161864234844767  25.0
56538.6015625  0.27722007341091226  0.5853623644719035  25.0
56543.6015625  0.9245250786295579  0.6261993534553191  25.0
56550.6015625  1.0166045274990978  1.2497481896525906  25.0
56564.6015625  1.722220023022302  1.360577295749005  25.0
56567.5  -0.01403770326077951  1.6531112868377764  25.0
56569.6015625  0.01335054306359336  0.8798596687380256  25.0
56588.5  -0.4679561615718189  0.9980511875472347  25.0
56594.5  0.23000235170791639  2.2416148681370998  25.0
56597.5  -0.4276100125850105  0.8381392052079797  25.0
56623.30078125  0.10474286099162101  0.6544710538473504  25.0
56626.30078125  2.0142629868781525  1.1626751589593936  25.0
56631.30078125  -0.44783214299262836  0.675576705610677  25.0
56656.30078125  -0.4062098849091667  0.546390576837411  25.0
56661.30078125  -0.12594665969018373  0.8635641178760302  25.0
56677.30078125  -0.886731241454213  1.3339743858127284  25.0
