56247.087357241755    8.87049015902014      1.3064433029192393     25    
56247.587357241755    10.296759079585224    1.3054511894530456     25    
56248.087357241755    11.808641886624951    1.3101990382244304     25    
56248.587357241755    13.395804767862543    1.3492379478614416     25    
56249.087357241755    15.061067528083107    1.4176429891841391     25    
56249.587357241755    16.792532182534977    1.4643431717530961     25    
56250.087357241755    18.590572599633333    1.4738361475409576     25    
56250.587357241755    20.44900089939957     1.4716292464304273     25    
56251.087357241755    22.359962617514267    1.4751240140731723     25    
56251.587357241755    24.32505732478594     1.4785465517152117     25    
56252.087357241755    26.332043097964608    1.481034017703981      25    
56252.587357241755    28.38320191643857     1.48246770479782       25    
56253.087357241755    30.46952261377375     1.4833653357513923     25    
56253.587357241755    32.58624019059621     1.4835823606905925     25    
56254.087357241755    34.73251374976134     1.483706645452075      25    
56254.587357241755    36.8976397812932      1.4810943051235086     25    
56255.087357241755    39.085553179395575    1.468626264862442      25    
56255.587357241755    41.27773888445573     1.4994619993670952     25    
56256.087357241755    43.48691725473279     1.616904766386548      25    
56256.587357241755    45.67582726767965     1.7438689843468462     25    
56257.087357241755    47.794187564202474    1.8022067713375785     25    
56257.587357241755    49.855263417036525    1.81818552880424       25    
56258.087357241755    51.76707329925155     1.8302119758700612     25    
56258.587357241755    53.53577671893449     1.8437840493012543     25    
56259.087357241755    55.116901382634445    1.8523122771117186     25    
56259.587357241755    56.4463320704858      1.8515859022696204     25    
56260.087357241755    57.554265744628836    1.8458298665946276     25    
56260.587357241755    58.47177706655518     1.8534131052393352     25    
56261.087357241755    59.181045117418385    1.8752938949140077     25    
56261.587357241755    59.75861026984329     1.9017142353033496     25    
56262.087357241755    60.22903100781387     1.9351125692691844     25    
56262.587357241755    60.60451476515309     1.965855170983836      25    
56263.087357241755    60.960339637863065    1.9747220990704928     25    
56263.587357241755    61.28312163557054     1.9685763117412811     25    
56264.087357241755    61.570579220365715    1.9084204302215921     25    
56264.587357241755    61.83433808160174     1.733642255642538      25    
56265.087357241755    62.04843585913508     1.5347662894394778     25    
56265.587357241755    62.18784334170457     1.476280556224321      25    
56266.087357241755    62.25840011773587     1.5178161212384909     25    
56266.587357241755    62.22571815136893     1.5399205961335176     25    
56267.087357241755    62.0850553191943      1.5326479557052803     25    
56267.587357241755    61.848943633355375    1.5213215192666094     25    
56268.087357241755    61.51518326847032     1.5089366408288676     25    
56268.587357241755    61.09228727472164     1.4976356276911809     25    
56269.087357241755    60.611558671735594    1.5061098907672446     25    
56269.587357241755    60.065282346163315    1.5372284209096843     25    
56270.087357241755    59.48145373211094     1.5577563222853026     25    
56270.587357241755    58.87068726584873     1.5631059823407945     25    
56271.087357241755    58.2303237044604      1.545356683825625      25    
56271.587357241755    57.56981269246227     1.4627842402852598     25    
56272.087357241755    56.88704304213156     1.3114090433152594     25    
56272.587357241755    56.17591173140463     1.206184087100691      25    
56273.087357241755    55.43687373400192     1.205618176040971      25    
56273.587357241755    54.66687597307698     1.233216135707216      25    
56274.087357241755    53.86190058075749     1.2335545180833838     25    
56274.587357241755    53.023429552246505    1.227530330442102      25    
56275.087357241755    52.151191959596986    1.2161199683713872     25    
56275.587357241755    51.24439560881572     1.1947652239836797     25    
56276.087357241755    50.30651606536042     1.1824431372370479     25    
56276.587357241755    49.33848171609689     1.1981063261802483     25    
56277.087357241755    48.34116735987068     1.2235690572310076     25    
56277.587357241755    47.317348274031104    1.2341556777056022     25    
56278.087357241755    46.2650344345099      1.2355232618877725     25    
56278.587357241755    45.19957794531225     1.2142812507759602     25    
56279.087357241755    44.11864652262123     1.14804210650194       25    
56279.587357241755    43.035103657267555    1.0723905820223354     25    
56280.087357241755    41.96613862576726     1.044534102990106      25    
56280.587357241755    40.90764836756865     1.049958515114615      25    
56281.087357241755    39.88422608391695     1.0519889581023147     25    
56281.587357241755    38.89643952302528     1.0488911409748651     25    
56282.087357241755    37.94662473146654     1.0405870327513116     25    
56282.587357241755    37.041733624770686    1.0181029218362039     25    
56283.087357241755    36.177087748289225    0.9885157249964118     25    
56283.587357241755    35.344867097759646    0.9731510483512777     25    
56284.087357241755    34.54707473035895     0.9730794280019978     25    
56284.587357241755    33.77615395213625     0.9748643238485707     25    
56285.087357241755    33.029742002933205    0.9739980711373707     25    
56285.587357241755    32.30715414311109     0.9721135525245264     25    
56286.087357241755    31.603555516198668    0.9666474044229579     25    
56286.587357241755    30.920092214829825    0.9580616626386371     25    
56287.087357241755    30.25490537404149     0.9473537973785031     25    
56287.587357241755    29.608087594689678    0.932120367764831      25    
56288.087357241755    28.978607784039394    0.9187205682244327     25    
56288.587357241755    28.365326220022226    0.9168875854671604     25    
56289.087357241755    27.76842347573723     0.9218105226190075     25    
56289.587357241755    27.185895679980533    0.9183667576520017     25    
56290.087357241755    26.618178531622632    0.9018052486833036     25    
56290.587357241755    26.063615789968647    0.8914959052929814     25    
56291.087357241755    25.521486129023646    0.9041818908053516     25    
56291.587357241755    24.9915490581863      0.9256138196802323     25    
56292.087357241755    24.471819590232773    0.9366668720087885     25    
56292.587357241755    23.962731139573332    0.9409548834123789     25    
56293.087357241755    23.463067901264793    0.9343755990032724     25    
56293.587357241755    22.972461113786746    0.9133650774110009     25    
56294.087357241755    22.490996469982456    0.8813148447157        25    
56294.587357241755    22.01839397004194     0.8361381850349976     25    
56295.087357241755    21.554725161303196    0.7765994387307794     25    
56295.587357241755    21.099690449116864    0.740621927700574      25    
56296.087357241755    20.653362168729995    0.7469512785704215     25    
56296.587357241755    20.21544828946871     0.7576323436107291     25    
56297.087357241755    19.78578012250172     0.7405520739947331     25    
56297.587357241755    19.36431999562069     0.7126003563669523     25    
56298.087357241755    18.950503942394214    0.7003322147699247     25    
56298.587357241755    18.54447177852539     0.7047769422951015     25    
56299.087357241755    18.145703940853345    0.7144075088038846     25    
56299.587357241755    17.754266737665045    0.7289752921271085     25    
56300.087357241755    17.369657874413022    0.7430617238886071     25    
56300.587357241755    16.9909357508449      0.7431297721266356     25    
56301.087357241755    16.618437325225493    0.7320548949785236     25    
56301.587357241755    16.249682984944496    0.7089203366468457     25    
56302.087357241755    15.88479915740759     0.6627926382284166     25    
56302.587357241755    15.522446193599235    0.6146713100905018     25    
56303.087357241755    15.160457568958474    0.599580904021119      25    
56303.587357241755    14.79961758281102     0.6058939970992245     25    
56304.087357241755    14.4402778106871      0.6011257695510746     25    
56304.587357241755    14.080953397066338    0.5791331690279983     25    
56305.087357241755    13.7272597887052      0.5605942483801775     25    
56305.587357241755    13.381420710969714    0.5597566964445186     25    
56306.087357241755    13.044193302248814    0.5687212245783699     25    
56306.587357241755    12.722317766125554    0.5826076802059369     25    
56307.087357241755    12.414513355144658    0.6040273293959212     25    
56307.587357241755    12.123809743490561    0.6147062639928569     25    
56308.087357241755    11.852616697050378    0.6050774635916134     25    
56308.587357241755    11.59788222960797     0.585906029478749      25    
56309.087357241755    11.357093112807314    0.5681476064240518     25    
56309.587357241755    11.130894948193       0.5487076308029153     25    
56310.087357241755    10.914790767686245    0.5168111095645822     25    
56310.587357241755    10.709007711142768    0.4581923769949729     25    
56311.087357241755    10.511658738669318    0.3986613408003434     25    
56311.587357241755    10.320441232253144    0.3798981405914658     25    
56312.087357241755    10.136154901605037    0.3874481423233359     25    
56312.587357241755    9.958109221906824     0.38725061087930407    25    
56313.087357241755    9.786391471816055     0.3797605820888464     25    
56313.587357241755    9.620774747829582     0.3714768603971822     25    
56314.087357241755    9.461177221953841     0.3631217726034622     25    
56314.587357241755    9.30753179083719      0.35524669811084725    25    
56315.087357241755    9.159554937821214     0.35086624038526454    25    
56315.587357241755    9.017323995166203     0.349626039972653      25    
56316.087357241755    8.880519389116927     0.35042514446495193    25    
56316.587357241755    8.749146130515367     0.3482269111588914     25    
56317.087357241755    8.623043245006315     0.3547274011137962     25    
56317.587357241755    8.501992966583488     0.3873464566973303     25    
56318.087357241755    8.3860420739496       0.4335017828922016     25    
56318.587357241755    8.274859273069351     0.4621939554164335     25    
56319.087357241755    8.168503568902421     0.4668009839159231     25    
56319.587357241755    8.066736471586324     0.4810163436004534     25    
56320.087357241755    7.969422499563586     0.5128211019885274     25    