55989.01499150266    9.934539383577693     1.648542746409415     25    
55989.51499150266    11.55887154047152     1.6359541019970965    25    
55990.01499150266    13.279684203000414    1.6430976796567849    25    
55990.51499150266    15.084684101222706    1.757711868449233     25    
55991.01499150266    16.976511660016       1.9423214163515667    25    
55991.51499150266    18.93992595539019     2.048349663740586     25    
55992.01499150266    20.97689971158223     2.0589669620741606    25    
55992.51499150266    23.076413402890626    2.0494179968649635    25    
55993.01499150266    25.23272631465689     2.0566397994250694    25    
55993.51499150266    27.443672336778793    2.063593219636938     25    
55994.01499150266    29.695869426197728    2.069740619670348     25    
55994.51499150266    31.99237908026747     2.0751790634510394    25    
55995.01499150266    34.31820700316253     2.080352517575406     25    
55995.51499150266    36.67441159031441     2.0848097208869882    25    
55996.01499150266    39.051370374344444    2.0901573104605338    25    
55996.51499150266    41.44356061447349     2.0966734102538647    25    
55997.01499150266    43.847483759535855    2.105489678633025     25    
55997.51499150266    46.24651080308875     2.1221377701196693    25    
55998.01499150266    48.65114997476929     2.1461119193713136    25    
55998.51499150266    50.97862974433158     2.173814753505584     25    
55999.01499150266    53.23535549206758     2.2070179145925812    25    
55999.51499150266    55.359757447187306    2.2388485048485958    25    
56000.01499150266    57.285454151403314    2.2619978674828825    25    
56000.51499150266    59.02112520154023     2.278949191009003     25    
56001.01499150266    60.47080857755898     2.2867573286567886    25    
56001.51499150266    61.630881477042415    2.282273865073018     25    
56002.01499150266    62.56877212721198     2.2871938982206435    25    
56002.51499150266    63.2704361445201      2.312233527834834     25    
56003.01499150266    63.805312959725526    2.345844292659464     25    
56003.51499150266    64.26183439243857     2.385323142527866     25    
56004.01499150266    64.62461032118159     2.428045628132648     25    
56004.51499150266    65.01227367446359     2.441457224395455     25    
56005.01499150266    65.42779893586416     2.4228974684495705    25    
56005.51499150266    65.84816983002851     2.3895374746001523    25    
56006.01499150266    66.28952251383933     2.3357327052965404    25    
56006.51499150266    66.71276538222331     2.2815723702942394    25    
56007.01499150266    67.06095246804304     2.275425909398244     25    
56007.51499150266    67.3458976863259      2.30435006183594      25    
56008.01499150266    67.49812895680336     2.318954560836895     25    
56008.51499150266    67.51216208824238     2.3132082005251142    25    
56009.01499150266    67.39704084079963     2.3036958516637727    25    
56009.51499150266    67.14222958119932     2.292891448372366     25    
56010.01499150266    66.76576644092067     2.284862510655539     25    
56010.51499150266    66.29993451320927     2.298980943283903     25    
56011.01499150266    65.73755195429463     2.3320239212299754    25    
56011.51499150266    65.1141242519704      2.3481789784187175    25    
56012.01499150266    64.4365558696865      2.3584910263287693    25    
56012.51499150266    63.69536845673699     2.3165018455284185    25    
56013.01499150266    62.89495606558581     2.1319056824411344    25    
56013.51499150266    62.025363664178805    1.8644252027452743    25    
56014.01499150266    61.05892848573662     1.7357384100037916    25    
56014.51499150266    60.00159179568388     1.7530176071221648    25    
56015.01499150266    58.82797601041157     1.7717829794535565    25    
56015.51499150266    57.51983241972676     1.7610542924750505    25    
56016.01499150266    56.114470156850174    1.7456729889513636    25    
56016.51499150266    54.62400015966027     1.7209998517338263    25    
56017.01499150266    53.06212339980288     1.6929547315134184    25    
56017.51499150266    51.517388382958934    1.687935657547303     25    
56018.01499150266    49.97076274845374     1.7078590111232252    25    
56018.51499150266    48.50470726367736     1.7212193018352415    25    
56019.01499150266    47.143395399759946    1.717412552091854     25    
56019.51499150266    45.88303925281227     1.70514713658983      25    
56020.01499150266    44.749183742623224    1.6834968887739659    25    
56020.51499150266    43.72945096812919     1.654859702176291     25    
56021.01499150266    42.791542204862345    1.6418025660758029    25    
56021.51499150266    41.94176756550846     1.6474521238375663    25    
56022.01499150266    41.15224662595388     1.6519549543172063    25    
56022.51499150266    40.411181553134185    1.6484827887884168    25    
56023.01499150266    39.72136097432922     1.6393471742288475    25    
56023.51499150266    39.07282528929654     1.6178230050185403    25    
56024.01499150266    38.4691271689229      1.5866521968950447    25    
56024.51499150266    37.92453320424673     1.5710634865465585    25    
56025.01499150266    37.43684038600351     1.576406525545035     25    
56025.51499150266    37.016533564669274    1.583921641234087     25    
56026.01499150266    36.67434244099324     1.5853897272686446    25    
56026.51499150266    36.39991772593363     1.583956165224354     25    
56027.01499150266    36.18632856417947     1.5798925190377942    25    
56027.51499150266    36.03510681577253     1.5731229729629668    25    
56028.01499150266    35.90374454183954     1.5393457863513307    25    
56028.51499150266    35.797311352413985    1.4579664686261256    25    
56029.01499150266    35.68628454174834     1.38331833954571      25    
56029.51499150266    35.54751273195724     1.370581977374356     25    
56030.01499150266    35.38712142248706     1.385380548705055     25    
56030.51499150266    35.18884023994797     1.3816693555476764    25    
56031.01499150266    34.95422919056746     1.3654422377222701    25    
56031.51499150266    34.7035127364216      1.3648523106834627    25    
56032.01499150266    34.4352076026751      1.392661765322233     25    
56032.51499150266    34.161820870800035    1.4210573696389754    25    
56033.01499150266    33.89642927501093     1.4306818359627134    25    
56033.51499150266    33.635216205933595    1.4294318963608226    25    
56034.01499150266    33.38547548023704     1.4123121407117953    25    
56034.51499150266    33.14782657501785     1.3742914162428121    25    
56035.01499150266    32.90901965087801     1.3613845858385927    25    
56035.51499150266    32.66912986134753     1.4005358566714217    25    
56036.01499150266    32.421003326494166    1.4481283746410638    25    
56036.51499150266    32.15541822013354     1.4715177493703244    25    
56037.01499150266    31.874302545035004    1.4819847568897566    25    
56037.51499150266    31.56933545276696     1.471128671189519     25    
56038.01499150266    31.240874377957603    1.4326708754268696    25    
56038.51499150266    30.889892494786196    1.405227801261491     25    
56039.01499150266    30.516206923158734    1.4100614664459763    25    
56039.51499150266    30.12027154302011     1.4273118236660174    25    
56040.01499150266    29.7025706617567      1.4473239789065806    25    
56040.51499150266    29.263040636370416    1.470328533380115     25    
56041.01499150266    28.802545743805414    1.4710896954821417    25    
56041.51499150266    28.320875956122553    1.4576874200582859    25    
56042.01499150266    27.81899329689563     1.3916361498120504    25    
56042.51499150266    27.29713668714367     1.1933462415578666    25    
56043.01499150266    26.75566343241679     0.9207236081632225    25    
56043.51499150266    26.194887574701276    0.792341651191137     25    
56044.01499150266    25.614869330157585    0.8107896978155782    25    
56044.51499150266    25.020892487481955    0.8156055728541096    25    
56045.01499150266    24.410276226853977    0.7879731824410591    25    
56045.51499150266    23.79417930360092     0.7667276261967172    25    
56046.01499150266    23.17701715368593     0.7661702134570646    25    
56046.51499150266    22.561418745256155    0.7772973242960882    25    
56047.01499150266    21.960108356480003    0.7946576629108846    25    
56047.51499150266    21.37037185359727     0.8196005434895139    25    
56048.01499150266    20.801968530105295    0.8263082633319129    25    
56048.51499150266    20.25647104869576     0.806568053462994     25    
56049.01499150266    19.732831436513475    0.7767853279669712    25    
56049.51499150266    19.231741412360872    0.747333112228053     25    
56050.01499150266    18.752851869018404    0.7133723935113687    25    
56050.51499150266    18.296015615467393    0.6726442835263114    25    
56051.01499150266    17.861333886341157    0.6218796620669815    25    
56051.51499150266    17.447905009206945    0.585289845983733     25    
56052.01499150266    17.056203533130276    0.5793120918275113    25    
56052.51499150266    16.68448744922374     0.582146430353133     25    
56053.01499150266    16.331376118336795    0.5748766137925169    25    
56053.51499150266    15.99686006869971     0.5649475747083654    25    
56054.01499150266    15.67827274425562     0.5560409998283703    25    
56054.51499150266    15.37619473808799     0.5475231220272433    25    
56055.01499150266    15.088095668224863    0.5422017473004924    25    
56055.51499150266    14.813768221788177    0.5417012002097008    25    
56056.01499150266    14.55196741186081     0.5443658447129744    25    
56056.51499150266    14.300860665145182    0.5429316818386989    25    
56057.01499150266    14.060701363921469    0.5436350439461738    25    
56057.51499150266    13.828752213503991    0.5850356418333313    25    
56058.01499150266    13.605546937245403    0.6693541812911613    25    
56058.51499150266    13.388723012209523    0.7338616153629188    25    
56059.01499150266    13.17778427717757     0.7480310193286566    25    
56059.51499150266    12.971800480924399    0.7578132009266225    25    
56060.01499150266    12.768693529062869    0.7983289195652555    25    