#Date  :
#Flux  :
#Fluxerr  :
#ZP  :
#end  :
@INSTRUMENT  SDSS
@BAND  SDSS_g
@MAGSYS  AB
54146.886979999996  0.0  2.095415171702528  25.0
54151.87332499999  0.0  2.095415171702528  25.0
54156.85966999999  0.0  2.095415171702528  25.0
54161.84601499999  0.0  2.095415171702528  25.0
54166.832359999986  0.0  2.095415171702528  25.0
54171.81870499998  0.0  2.095415171702528  25.0
54176.80504999998  0.0  2.095415171702528  25.0
54181.79139499998  0.0  2.095415171702528  25.0
54186.777739999976  0.0  2.095415171702528  25.0
54191.76408499997  0.0  2.095415171702528  25.0
54196.75042999997  0.0  2.095415171702528  25.0
54201.73677499997  0.0  2.095415171702528  25.0
54206.723119999966  0.0  2.095415171702528  25.0
54211.70946499996  0.0  2.095415171702528  25.0
54216.69580999996  0.0  2.095415171702528  25.0
54221.68215499996  0.0  2.095415171702528  25.0
54226.668499999956  0.0  2.095415171702528  25.0
54231.654844999954  0.0  2.095415171702528  25.0
54236.64118999995  0.0  2.095415171702528  25.0
54241.62753499995  0.0  2.095415171702528  25.0
54246.613879999946  0.0  2.095415171702528  25.0
54251.600224999944  0.0  2.095415171702528  25.0
54256.58656999994  0.0  2.095415171702528  25.0
54261.57291499994  0.0  2.095415171702528  25.0
54266.559259999936  0.0  2.095415171702528  25.0
54271.545604999934  0.0  2.095415171702528  25.0
54276.53194999993  0.0  2.095415171702528  25.0
54281.51829499993  0.0  2.095415171702528  25.0
54286.50463999993  0.0  2.095415171702528  25.0
54291.490984999924  0.0  2.095415171702528  25.0
54296.47732999992  0.0  2.095415171702528  25.0
54301.46367499992  0.0  2.095415171702528  25.0
54306.45001999992  0.0  2.095415171702528  25.0
54311.436364999914  0.0  2.095415171702528  25.0
54316.42270999991  0.0  2.095415171702528  25.0
54321.40905499991  0.0  2.095415171702528  25.0
54326.39539999991  0.0  2.095415171702528  25.0
54331.381744999904  0.0  2.095415171702528  25.0
54336.3680899999  0.0  2.095415171702528  25.0
54341.3544349999  0.0  2.095415171702528  25.0
54346.3407799999  0.0  2.095415171702528  25.0
54351.327124999894  0.0  2.095415171702528  25.0
54356.31346999989  0.0  2.095415171702528  25.0
54361.29981499989  0.0  2.095415171702528  25.0
54346.34078  2.1973274161151064  5.299989079342495  25.0
54348.3712  -0.4965805296851384  2.0117311336076464  25.0
54357.329829  -0.5507127787498142  1.2798410314576927  25.0
54358.327459  0.8942868493439811  1.7720026020355104  25.0
54359.321437  3.38878926542639  3.0352725368407514  25.0
54359.361602  -0.20854725137110566  1.8926954226542012  25.0
54362.379726  -0.26284521140230604  1.2939264636122767  25.0
54376.37509  10.260270677309729  1.8106684942245646  25.0
54381.380389  46.979059009700805  1.8065257200614517  25.0
54382.360303  61.31305761407159  4.267057388006334  25.0
54384.387218  76.66894051201025  2.0501208408524927  25.0
54385.378263  82.55167982363064  1.7744882665333783  25.0
54386.372867  87.57824580820767  3.502025092551477  25.0
54387.378655  87.02587591979261  3.8665892189054154  25.0
54388.376937  92.88099673699224  2.168051812029108  25.0
54391.379549  92.63243028720547  3.526881737530154  25.0
54393.380644  96.08474208979958  2.888894516410761  25.0
54394.36115  88.71060407945853  2.6889366168045092  25.0
54396.243863  83.54594562277774  5.603792517970778  25.0
54402.371626  59.628329454405666  4.9105683080098785  25.0
54406.284253  43.58198419594819  1.677823536060743  25.0
54408.285425  30.325106873986762  1.5118363845920175  25.0
54411.243311  24.29046584305224  1.4485900323684933  25.0
54413.284155  19.33294609452708  1.6234151020518595  25.0
54417.285615  13.245829924193126  1.3370113149086513  25.0
54418.283958  13.86448419921799  1.4773132665660764  25.0
54422.288148  11.182728390962879  2.095415171702528  25.0
54423.264429  6.747198186989951  3.413645910405067  25.0
54424.224021  6.658819004843541  2.806039033148502  25.0
54432.279252  7.142142657206718  5.02104228569289  25.0
54433.286567  4.951996049641007  4.385816914015572  25.0
