53649.19901679211    4.005302089298535     2.1809158158925888    25    
53649.69901679211    4.965125322510441     1.8936223811550337    25    
53650.19901679211    6.057382564392779     2.2783197564197963    25    
53650.69901679211    7.2959906966997075    4.484243713486665     25    
53651.19901679211    8.680411079133428     6.515550007091509     25    
53651.69901679211    10.229110599396552    7.277936565212064     25    
53652.19901679211    11.939142815304738    7.260353861952654     25    
53652.69901679211    13.82924021238522     7.224497799450097     25    
53653.19901679211    15.89833295469094     7.276669009076509     25    
53653.69901679211    18.16113471744993     7.3163626433731075    25    
53654.19901679211    20.622736679076304    7.341561745187326     25    
53654.69901679211    23.290371265446993    7.356001383341896     25    
53655.19901679211    26.17710917024501     7.3600808930343815    25    
53655.69901679211    29.28300880828482     7.358317562709977     25    
53656.19901679211    32.631140543081536    7.396422037418518     25    
53656.69901679211    36.22010968557541     7.482458208407532     25    
53657.19901679211    40.03144237130251     7.293396004346016     25    
53657.69901679211    44.13797022961131     6.613881900173788     25    
53658.19901679211    48.215071325373444    6.0851422394363395    25    
53658.69901679211    52.2260542178312      6.240485659726568     25    
53659.19901679211    55.93523427652782     6.603702130361049     25    
53659.69901679211    59.0274432138868      6.823981913715217     25    
53660.19901679211    61.507879803792754    7.000552362283305     25    
53660.69901679211    62.941429939871284    7.072522390104496     25    
53661.19901679211    63.38495348717615     7.047531418464188     25    
53661.69901679211    63.054279948351876    7.026590826390608     25    
53662.19901679211    61.873047832183985    7.019009055052219     25    
53662.69901679211    60.27241683664534     7.017595763609133     25    
53663.19901679211    58.34020174772508     7.054542392743088     25    
53663.69901679211    56.272500206813575    7.054367950630371     25    
53664.19901679211    54.39885829597944     6.9670826864124304    25    
53664.69901679211    52.61877483401233     6.7583387837261695    25    
53665.19901679211    50.996000944685804    6.137444503267326     25    
53665.69901679211    49.51764421104531     5.018241349919071     25    
53666.19901679211    48.01780843190004     4.2412436794103       25    
53666.69901679211    46.51188798189831     4.195589596466525     25    
53667.19901679211    44.8798398656574      4.231867389595692     25    
53667.69901679211    43.057335183442916    4.110075093725676     25    
53668.19901679211    41.09986513894397     3.9826796218002807    25    
53668.69901679211    39.00207719617        3.861506401818473     25    
53669.19901679211    36.808154617990084    3.7667386470439546    25    
53669.69901679211    34.63718131453722     3.801295215540851     25    
53670.19901679211    32.47259742504803     3.936013544279827     25    
53670.69901679211    30.447091629901486    3.949952271938656     25    
53671.19901679211    28.562696199541275    3.8261311615563436    25    
53671.69901679211    26.819084474669925    3.6417581002191426    25    
53672.19901679211    25.23812186025887     3.3631521301809224    25    
53672.69901679211    23.76852230462788     3.09823553329087      25    
53673.19901679211    22.380370723950065    3.0269704270382993    25    
53673.69901679211    21.06478572760388     3.048039523170853     25    
53674.19901679211    19.76537060160638     3.0178905028952365    25    
53674.69901679211    18.493232513659365    2.9652795930599103    25    
53675.19901679211    17.238995234254176    2.8861535194342154    25    
53675.69901679211    15.99859855124551     2.7594204204577406    25    
53676.19901679211    14.802195624127517    2.7220352948089652    25    
53676.69901679211    13.650950821256089    2.856853887109503     25    
53677.19901679211    12.562394512180028    3.0051214576515575    25    
53677.69901679211    11.553123465716668    3.0805696897468273    25    
53678.19901679211    10.619931787737476    3.111838363101087     25    
53678.69901679211    9.772693313777182     3.0416963814217532    25    
53679.19901679211    9.008429401457747     2.898967494084691     25    
53679.69901679211    8.320220713336672     2.934869067434383     25    
53680.19901679211    7.709143188175588     3.1665294538662616    25    
53680.69901679211    7.168310002112143     3.2941740695511905    25    
53681.19901679211    6.699852813228233     3.267994285793539     25    
53681.69901679211    6.2915987624617316    3.1273021813159882    25    
53682.19901679211    5.939576751727194     2.7915542067238577    25    
53682.69901679211    5.635540027580909     2.3327750380050962    25    
53683.19901679211    5.361429942980583     2.0072649178357844    25    
53683.69901679211    5.118635229645135     1.7851833510712023    25    
53684.19901679211    4.883311683006511     1.617134898947688     25    
53684.69901679211    4.657718902984508     1.535517438476359     25    
53685.19901679211    4.433987375918786     1.4493704927428828    25    
53685.69901679211    4.2086261274758785    1.3034164755861877    25    
53686.19901679211    3.9883065448838178    1.2154770516023108    25    
53686.69901679211    3.7746751271731402    1.3029066104178149    25    
53687.19901679211    3.569816423005582     1.4450947048382912    25    
53687.69901679211    3.3789806860226266    1.5543059897513807    25    
53688.19901679211    3.200991766054707     1.637420807967411     25    
53688.69901679211    3.0378070143861673    1.5576855807301246    25    
53689.19901679211    2.8895204484039443    1.2817872365373315    25    
53689.69901679211    2.752059781765763     1.0429017393142743    25    
53690.19901679211    2.6256864301173763    0.9436867712525253    25    
53690.69901679211    2.507331963946737     0.9534418143452402    25    
53691.19901679211    2.3953389594662915    1.0744659806894579    25    
53691.69901679211    2.289606102588532     1.2519745211451396    25    
53692.19901679211    2.188371699580303     1.4294683342907109    25    
53692.69901679211    2.092399781789424     1.620193496632431     25    
53693.19901679211    2.0028180117892846    1.8555167505307044    25    
53693.69901679211    1.9194470584665222    1.9194470584925714    25    
53694.19901679211    1.8436568507643765    1.8436568507914965    25    
53694.69901679211    1.7756042474634983    1.7756042474916578    25    
53695.19901679211    1.7152463622374403    1.7152463622665908    25    
53695.69901679211    1.6630972856719894    1.6630972857020538    25    
53696.19901679211    1.618071053101964     1.618071053132865     25    
53696.69901679211    1.5792046448968535    1.49172040871255      25    
53697.19901679211    1.5464005615672827    1.5001940220854466    25    
53697.69901679211    1.518085387380594     1.5180853874135303    25    
53698.19901679211    1.4945025207729619    1.4945025208064178    25    
53698.69901679211    1.4740027663850135    1.4740027664189348    25    
53699.19901679211    1.456739942515539     1.4567399425498622    25    
53699.69901679211    1.4413779476253334    1.4413779476600224    25    
53700.19901679211    1.4276436717721606    1.4276436718071834    25    
53700.69901679211    1.4147741910980933    1.4147741911334346    25    
53701.19901679211    1.4016616977459742    1.401661697781646     25    
53701.69901679211    1.3884641040640218    1.3884641041000327    25    
53702.19901679211    1.3742755665161093    1.3742755665524922    25    
53702.69901679211    1.3592498650693445    1.3592498651061296    25    
53703.19901679211    1.3441458281384897    1.3441458281756882    25    
53703.69901679211    1.328853214861888     1.3288532148995145    25    
53704.19901679211    1.314126860136767     1.314126860174815     25    
53704.69901679211    1.3001815592060553    1.3001815592445114    25    
53705.19901679211    1.2871611177481919    1.287161117787037     25    
53705.69901679211    1.2754925428395307    1.2754925428787312    25    
53706.19901679211    1.264891431246827     1.264891431286356     25    
53706.69901679211    1.2550054325742546    1.2550054326140951    25    
53707.19901679211    1.2458770675050173    1.2458770675451496    25    
53707.69901679211    1.2369707800049423    1.2369707800453638    25    
53708.19901679211    1.228327981183193     1.2283279812238987    25    
53708.69901679211    1.2196414218302194    1.219641421871215     25    
53709.19901679211    1.2107756564585754    1.2107756564998713    25    
53709.69901679211    1.2018264688763785    1.2018264689179818    25    
53710.19901679211    1.1927922324701958    1.1927922325121143    25    
53710.69901679211    1.1837014272570658    1.1837014272993063    25    
53711.19901679211    1.1746217909871164    1.1746217910296832    25    
53711.69901679211    1.1655450593701724    1.1655450594130707    25    
53712.19901679211    1.1565507779074207    1.1565507779506525    25    
53712.69901679211    1.1476275781300576    1.1476275781736258    25    
53713.19901679211    1.1388491781875627    1.1388491782314667    25    
53713.69901679211    1.1302189684931732    1.1302189685374124    25    
53714.19901679211    1.1217872885769278    1.1217872886214995    25    
53714.69901679211    1.1135892154159728    1.1135892154608726    25    
53715.19901679211    1.1056412962062052    1.105641296251428     25    
53715.69901679211    1.09800830385491      1.0980083039004471    25    
53716.19901679211    1.090683603595014     1.090683603640857     25    
53716.69901679211    1.0837462187664386    1.0837462188125748    25    