55254.452118122805    18.471154340081195    5.226339938380554     25    
55254.952118122805    21.898004315065965    5.102184501996301     25    
55255.452118122805    25.593582409135152    5.164041533183074     25    
55255.952118122805    29.54887194052931     6.035201883591512     25    
55256.452118122805    33.76376553046883     7.129525594959955     25    
55256.952118122805    38.226255753083585    7.544759416361032     25    
55257.452118122805    42.93805484780114     7.489043802669904     25    
55257.952118122805    47.886506896447735    7.446372265805103     25    
55258.452118122805    53.07280150485106     7.457094697473293     25    
55258.952118122805    58.485976514340734    7.465353401680636     25    
55259.452118122805    64.12435664533744     7.470744922462997     25    
55259.952118122805    69.9808991336945      7.473905951532475     25    
55260.452118122805    76.04907141297933     7.474621671916873     25    
55260.952118122805    82.32675093525019     7.47407232622887      25    
55261.452118122805    88.8090028565555      7.503190090131524     25    
55261.952118122805    95.49182374075865     7.536706553413591     25    
55262.452118122805    102.34482013689195    7.339907645604562     25    
55262.952118122805    109.4015096061855     6.856423964352434     25    
55263.452118122805    116.34889268232682    6.5367906734406676    25    
55263.952118122805    123.21788081243618    6.5650104414449       25    
55264.452118122805    129.68723617612565    6.657733262502513     25    
55264.952118122805    135.62310938508134    6.689133023486113     25    
55265.452118122805    140.90669795403852    6.713019433868912     25    
55265.952118122805    145.21467312623355    6.7189183121271805    25    
55266.452118122805    148.6679551618704     6.7154203944395565    25    
55266.952118122805    151.33610990846532    6.728349343505487     25    
55267.452118122805    153.21072506165996    6.753938328016335     25    
55267.952118122805    154.6098605101121     6.785860227739477     25    
55268.452118122805    155.50588014054225    6.829513250457065     25    
55268.952118122805    156.14295408799325    6.85449040389025      25    
55269.452118122805    156.61559379796242    6.919379204185696     25    
55269.952118122805    156.89094201931485    6.8240622784325815    25    
55270.452118122805    157.01547729417152    6.214779198002181     25    
55270.952118122805    156.93361264688565    5.3749076048648075    25    
55271.452118122805    156.56511413307598    5.09063615457111      25    
55271.952118122805    155.91757439912828    5.212508170265964     25    
55272.452118122805    154.8959729433362     5.253058603538388     25    
55272.952118122805    153.50223959633482    5.236841686731009     25    
55273.452118122805    151.78105121153115    5.216703090604846     25    
55273.952118122805    149.71358997234262    5.1898959108946165    25    
55274.452118122805    147.3969251223584     5.1753242600222675    25    
55274.952118122805    144.85933904583334    5.195674123624157     25    
55275.452118122805    142.1444881894534     5.218607559586822     25    
55275.952118122805    139.3313748948976     5.25569431158788      25    
55276.452118122805    136.40712691736576    5.244746682808718     25    
55276.952118122805    133.4184738539912     4.881157172643454     25    
55277.452118122805    130.35809944351715    4.1447651258954785    25    
55277.952118122805    127.23109346415443    3.689723658654946     25    
55278.452118122805    124.03661477865417    3.7188408425520305    25    
55278.952118122805    120.78109091039218    3.786339643004588     25    
55279.452118122805    117.46305028692176    3.7711574951838425    25    
55279.952118122805    114.09310867593487    3.7466300523411316    25    
55280.452118122805    110.67614782301507    3.704021440122403     25    
55280.952118122805    107.21850873468591    3.6600666970392246    25    
55281.452118122805    103.73557177072875    3.6520698809268684    25    
55281.952118122805    100.22669102112994    3.666033672044292     25    
55282.452118122805    96.71087974362077     3.680501402794005     25    
55282.952118122805    93.18442294300927     3.708114131063904     25    
55283.452118122805    89.68090264228272     3.5554151192664816    25    
55283.952118122805    86.19594564875514     3.0693328084989226    25    
55284.452118122805    82.76686100555605     2.6083166526292265    25    
55284.952118122805    79.40318634134347     2.531091522169074     25    
55285.452118122805    76.12485198173049     2.5882281737061694    25    
55285.952118122805    72.963377729444       2.577642563567588     25    
55286.452118122805    69.91309555476295     2.563997216620023     25    
55286.952118122805    66.99209431120705     2.5335904311626836    25    
55287.452118122805    64.19674747192681     2.4898968431490722    25    
55287.952118122805    61.517648923946474    2.464842718789994     25    
55288.452118122805    58.955975121519295    2.4620628271015854    25    
55288.952118122805    56.50318351816098     2.460491925269251     25    
55289.452118122805    54.15889750808414     2.4570877820706745    25    
55289.952118122805    51.917107199560945    2.4480569162766317    25    
55290.452118122805    49.77429894857183     2.4585127640140327    25    
55290.952118122805    47.727947085665576    2.4239763125595886    25    
55291.452118122805    45.77134365269307     2.168782088430217     25    
55291.952118122805    43.90468798689622     1.7248811498821601    25    
55292.452118122805    42.119134920674696    1.4915778040342509    25    
55292.952118122805    40.415778970052514    1.5312851828541914    25    
55293.452118122805    38.78963764322279     1.5561792141179613    25    
55293.952118122805    37.240169864561516    1.5288900734652768    25    
55294.452118122805    35.767353956250155    1.5108412928696358    25    
55294.952118122805    34.37102733415835     1.5199794452805528    25    
55295.452118122805    33.050817357815866    1.5345213442542986    25    
55295.952118122805    31.807957743968114    1.5400725695860686    25    
55296.452118122805    30.639322485520584    1.5388103665289574    25    
55296.952118122805    29.539137280498377    1.5214849872386778    25    
55297.452118122805    28.507188396193225    1.4893611935183755    25    
55297.952118122805    27.524854210375523    1.4385345978497426    25    
55298.452118122805    26.594640445799335    1.3602698168232599    25    
55298.952118122805    25.698618975668705    1.309147441828474     25    
55299.452118122805    24.833783663697336    1.3162990469712017    25    
55299.952118122805    23.99652085516735     1.3267793350910522    25    
55300.452118122805    23.17990489557327     1.3029952978738237    25    
55300.952118122805    22.3907643993799      1.2733861637633834    25    
55301.452118122805    21.634560065042702    1.2639458671615988    25    
55301.952118122805    20.9116426957672      1.2662168130784552    25    
55302.452118122805    20.231549610995728    1.2737399665308293    25    
55302.952118122805    19.593133829442486    1.2874899414330268    25    
55303.452118122805    18.998006297756074    1.2919467165278802    25    
55303.952118122805    18.44856672475246     1.296555503673708     25    
55304.452118122805    17.933464830750648    1.2458870434212448    25    
55304.952118122805    17.451505919093012    1.0593867392689367    25    
55305.452118122805    16.99573730361676     0.8388255860023818    25    
55305.952118122805    16.558510468051143    0.7840743969022869    25    
55306.452118122805    16.14033291111765     0.816563208912222     25    
55306.952118122805    15.734079412781758    0.8077807699841923    25    
55307.452118122805    15.34166708075071     0.7865524094883075    25    
55307.952118122805    14.967487725631972    0.7824493313167465    25    
55308.452118122805    14.610851193769717    0.796183150790169     25    
55308.952118122805    14.276974858503484    0.8146271258366401    25    
55309.452118122805    13.96673289244137     0.8406386097005458    25    
55309.952118122805    13.6805451347601      0.8558089330392171    25    
55310.452118122805    13.420986793988106    0.8443164713828202    25    
55310.952118122805    13.183603663117328    0.8213527226505752    25    
55311.452118122805    12.964201529245612    0.8005394399157826    25    
55311.952118122805    12.762284521557625    0.7780880634695073    25    
55312.452118122805    12.570637071178997    0.7548885826764551    25    
55312.952118122805    12.390252689243075    0.7306555672673637    25    
55313.452118122805    12.215544240075275    0.7173577936437715    25    
55313.952118122805    12.0461960887748      0.7191489947584108    25    
55314.452118122805    11.882264270595952    0.7196283597389324    25    
55314.952118122805    11.723483669571936    0.7121192214925588    25    
55315.452118122805    11.570018907350155    0.702924474982907     25    
55315.952118122805    11.42188011613205     0.6942607269067855    25    
55316.452118122805    11.279071493424514    0.6864095071332063    25    
55316.952118122805    11.141610255416396    0.6825676096880211    25    
55317.452118122805    11.00949505911813     0.6819048773562251    25    
55317.952118122805    10.882746712635551    0.6816412569208301    25    
55318.452118122805    10.761362229641573    0.6806697213753471    25    
55318.952118122805    10.645362113000068    0.6944826610856168    25    
55319.452118122805    10.534745630205393    0.729937942317212     25    
55319.952118122805    10.429529081720501    0.7632454959504104    25    
55320.452118122805    10.32971788602013     0.7720046504695379    25    
55320.952118122805    10.235320869826486    0.7923561007432273    25    
55321.452118122805    10.146351622296367    0.8444153151060056    25    