#Date  :
#Flux  :
#Fluxerr  :
#ZP  :
#end  :
@INSTRUMENT  SDSS
@BAND  SDSS_u
@MAGSYS  AB
53775.951042999994  0.0  5.2961950939279605  25.0
53780.93738799999  0.0  5.2961950939279605  25.0
53785.92373299999  0.0  5.2961950939279605  25.0
53790.910077999986  0.0  5.2961950939279605  25.0
53795.896422999984  0.0  5.2961950939279605  25.0
53800.88276799998  0.0  5.2961950939279605  25.0
53805.86911299998  0.0  5.2961950939279605  25.0
53810.855457999976  0.0  5.2961950939279605  25.0
53815.841802999974  0.0  5.2961950939279605  25.0
53820.82814799997  0.0  5.2961950939279605  25.0
53825.81449299997  0.0  5.2961950939279605  25.0
53830.80083799997  0.0  5.2961950939279605  25.0
53835.787182999964  0.0  5.2961950939279605  25.0
53840.77352799996  0.0  5.2961950939279605  25.0
53845.75987299996  0.0  5.2961950939279605  25.0
53850.74621799996  0.0  5.2961950939279605  25.0
53855.732562999954  0.0  5.2961950939279605  25.0
53860.71890799995  0.0  5.2961950939279605  25.0
53865.70525299995  0.0  5.2961950939279605  25.0
53870.69159799995  0.0  5.2961950939279605  25.0
53875.677942999944  0.0  5.2961950939279605  25.0
53880.66428799994  0.0  5.2961950939279605  25.0
53885.65063299994  0.0  5.2961950939279605  25.0
53890.63697799994  0.0  5.2961950939279605  25.0
53895.623322999934  0.0  5.2961950939279605  25.0
53900.60966799993  0.0  5.2961950939279605  25.0
53905.59601299993  0.0  5.2961950939279605  25.0
53910.58235799993  0.0  5.2961950939279605  25.0
53915.568702999924  0.0  5.2961950939279605  25.0
53920.55504799992  0.0  5.2961950939279605  25.0
53925.54139299992  0.0  5.2961950939279605  25.0
53930.52773799992  0.0  5.2961950939279605  25.0
53935.514082999915  0.0  5.2961950939279605  25.0
53940.50042799991  0.0  5.2961950939279605  25.0
53945.48677299991  0.0  5.2961950939279605  25.0
53950.47311799991  0.0  5.2961950939279605  25.0
53955.459462999905  0.0  5.2961950939279605  25.0
53960.4458079999  0.0  5.2961950939279605  25.0
53965.4321529999  0.0  5.2961950939279605  25.0
53970.4184979999  0.0  5.2961950939279605  25.0
53975.404842999895  0.0  5.2961950939279605  25.0
53980.39118799989  0.0  5.2961950939279605  25.0
53985.37753299989  0.0  5.2961950939279605  25.0
53990.36387799989  0.0  5.2961950939279605  25.0
53995.350222999885  0.0  5.2961950939279605  25.0
54000.33656799988  0.0  5.2961950939279605  25.0
54005.32291299988  0.0  5.2961950939279605  25.0
54010.30925799988  0.0  5.2961950939279605  25.0
53975.404843  8.66014583204588  4.521619570687177  25.0
53994.429236  -0.5802325670486018  4.359434082066363  25.0
54005.426502  3.0955057914351913  4.035063104824735  25.0
54008.373241  5.293398792400016  4.971824116686333  25.0
54009.440487  -0.7499680697948675  4.004303788017339  25.0
54010.367724  6.576901193726802  3.7358588413346125  25.0
54012.36054  14.688971926295448  6.750271888459397  25.0
54024.448623  -9.331258198752696  5.508714010051786  25.0
54028.436829  -1.4034637368756302  7.004735327502398  25.0
54030.392293  2.986450031845334  4.26435983011623  25.0
54035.436248  15.824270346641146  7.046679850421574  25.0
54037.341798  19.079165325169207  3.9343962498187124  25.0
54040.356545  14.957416872978175  5.2961950939279605  25.0
54049.382684  0.04686601360835936  9.071202156653804  25.0
54053.362047  2.913746192118762  5.310176601567687  25.0
54056.348473  -1.4719731243102843  5.382880441294258  25.0
54059.342622  -4.1692855781660985  5.45558428102083  25.0
54061.353544  14.146489429874105  8.170793064655493  25.0
54062.347359  7.804477564494688  4.804046025009629  25.0
54064.343783  -0.8604219801486978  5.0668983686364655  25.0
54068.327712  -9.294906278889409  9.6975736989135  25.0
